         1.000905036926270E+00         3.353194699684536E-07        -1.393560405960059E-10
         1.001542806625366E+00         1.143030559092040E-09         3.491332006486103E-12
         1.001564621925354E+00         1.614099431890281E-07        -8.924815053656943E-11
         1.001465439796448E+00         4.057877447394276E-07        -1.981597802513946E-10
         1.001436233520508E+00         1.872389743251546E-10        -2.438673221694110E-11
         1.001548290252686E+00        -3.557834418188577E-07         1.286705603176230E-10
         1.001299500465393E+00        -1.369156308328456E-07         2.185446094926657E-11
         1.000914692878723E+00        -2.185847591817947E-07         1.231672402957074E-10
         1.001023530960083E+00        -5.942056304775178E-07         2.485664174489699E-10
         1.000278592109680E+00         4.052269275689468E-07        -1.410407485247234E-10
         1.000115394592285E+00         4.708899723482318E-07        -1.349590439403414E-10
         9.999424219131470E-01         8.121789960569004E-07        -2.454454695044461E-10
         9.999992251396179E-01         4.770830628331169E-07        -1.482986511369688E-10
         1.000024557113647E+00         5.179478890227074E-08         3.518062230423169E-11
         1.000038862228394E+00        -5.475589404113634E-08         8.576926668890650E-11
         9.994874000549316E-01         9.644420515542151E-07        -2.950973077009422E-10
         9.993105530738831E-01         1.399249185851659E-06        -4.425417254871888E-10
         9.993148446083069E-01         1.191085061691410E-06        -3.743109711074055E-10
         9.993068575859070E-01         1.139901200986060E-06        -3.525956471239766E-10
         9.997408390045166E-01         5.623390393338923E-07        -1.762701790086751E-10
         9.997314214706421E-01         6.598549475711479E-07        -2.274618687847507E-10
         1.000067472457886E+00         4.332930245709576E-07        -1.518284803436742E-10
         1.000565767288208E+00         3.624899846954577E-08        -1.811579879162917E-11
         1.000897645950317E+00        -1.882861795365898E-07         3.080459498594479E-11
         1.000895023345947E+00        -4.344807393863448E-07         1.506309660337379E-10
         1.000865340232849E+00        -3.828739068012510E-07         1.238612684639762E-10
         1.000566840171814E+00         2.500531763871550E-07        -1.045594097415226E-10
         1.000589370727539E+00        -2.310273288230746E-07         7.298332077576575E-11
         1.000640273094177E+00        -2.534954148813995E-07         9.008119944420301E-11
         1.000726461410522E+00        -6.359249482557061E-07         2.601764081955338E-10
         1.000362038612366E+00         9.635694908638470E-09        -3.808788701098464E-11
         1.000693559646606E+00        -4.885009730060119E-07         1.279797101627622E-10
         1.000641584396362E+00        -7.781809472362511E-07         2.315564406885073E-10
         1.000273108482361E+00        -4.155530461957824E-07         1.341895899953371E-10
         1.000336766242981E+00        -4.770558348354825E-07         1.263439353138551E-10
         1.000090360641479E+00         1.941774030456145E-07        -1.608088245896866E-10
         1.000418066978455E+00        -2.925098954165151E-07         3.071782758712338E-11
         1.000215768814087E+00        -3.051220573979663E-07         3.377875756882531E-11
         1.000276923179626E+00        -5.401847715802433E-07         1.577725033952149E-10
         9.999962449073792E-01        -1.031866929679381E-07         3.362661191164129E-11
         9.997603893280029E-01         4.166105327385594E-07        -1.461601673025115E-10
         9.998553991317749E-01         4.894773297792199E-08        -9.966734902666641E-12
         1.000224471092224E+00        -3.653906617273606E-07         9.888585783546233E-11
         9.997248649597168E-01        -7.916617761338784E-08         6.264349455831209E-11
         9.993000626564026E-01         2.995600709709834E-07        -5.308677802906558E-11
         9.990468025207520E-01         3.703708273405937E-07        -8.022126019024967E-11
         9.986813664436340E-01         1.188069177260331E-06        -3.756751854044893E-10
         9.989044666290283E-01         7.169043101384887E-07        -1.768361290732656E-10
         9.995285272598267E-01        -9.221654551083702E-08         8.447440663639227E-11
         9.992956519126892E-01         5.659412636305206E-07        -1.440766117521974E-10
         9.992564916610718E-01         8.540713452021009E-07        -2.801761878057363E-10
         9.991022348403931E-01         8.146440677592182E-07        -2.643892049736252E-10
         9.989675879478455E-01         8.708661312084587E-07        -3.187654862291112E-10
         9.989810585975647E-01         5.734613637287111E-07        -1.903322777163652E-10
         9.991032481193542E-01         3.347736026171333E-07        -9.178095783379803E-11
         9.988204836845398E-01         6.657416520283732E-07        -1.571297675306838E-10
         9.986630678176880E-01         1.035436753227259E-06        -2.719891811775454E-10
         9.986997842788696E-01         1.033917101267434E-06        -3.005324877847215E-10
         9.988471865653992E-01         1.222068476636196E-06        -4.128997421748437E-10
         9.989737272262573E-01         8.665784889672068E-07        -2.904921581059483E-10
         9.989176988601685E-01         9.579649713487015E-07        -3.553970451264377E-10
         9.986085891723633E-01         1.253859295502480E-06        -4.489946747732176E-10
         9.989522695541382E-01         4.595703728682565E-07        -1.080311326506767E-10
         9.987416863441467E-01         6.685511380055686E-07        -1.800642274174535E-10
         9.989663958549500E-01         3.670488979423681E-07        -7.740574847758808E-11
         9.989076256752014E-01         3.380864370683412E-07        -6.687185527542994E-12
         9.989198446273804E-01         4.371690636162384E-07        -4.593951608011793E-11
         9.990608692169189E-01         1.896410140034277E-07         4.813098183897857E-11
         9.991686940193176E-01         1.828737339337749E-07         2.407954217964470E-11
         9.994223117828369E-01         1.000351588231752E-07         3.502211715078474E-11
         9.997618198394775E-01        -1.009371146665217E-07         7.305847593563897E-11
         9.999996423721313E-01        -2.527280003050691E-07         9.392246008710359E-11
         9.998446702957153E-01        -1.818364694372576E-07         9.141097601084169E-11
         9.996576309204102E-01         1.594402192495181E-07        -3.325578701307563E-11
         9.997059106826782E-01         5.583229434336090E-09         4.412577248036342E-11
         1.000086545944214E+00        -5.145341219758848E-07         2.409621668864048E-10
         9.997196793556213E-01         2.452393061957991E-07        -4.691790705946275E-11
         9.999756813049316E-01        -1.675942797874086E-07         1.115536829576769E-10
         1.000207781791687E+00        -6.647698569395288E-07         3.195944897615988E-10
         1.000221729278564E+00        -7.245382107612386E-07         3.329440612098722E-10
         1.000144004821777E+00        -1.073269686457934E-07         3.648279595092063E-11
         9.998847246170044E-01         3.842032754164393E-07        -1.829061763158890E-10
         9.995528459548950E-01         8.220213771892304E-07        -3.133392434406801E-10
         9.997407197952271E-01         4.972540068592934E-07        -1.977562974486702E-10
         1.000091791152954E+00        -3.352297426317818E-07         1.001170396586204E-10
         1.000368952751160E+00        -3.923694293916924E-07         8.144382390717908E-11
         1.000561714172363E+00        -3.435947064645006E-07         4.879542256364111E-11
         1.000691294670105E+00        -1.464011489815675E-07        -3.823259070445673E-11
         1.000863552093506E+00        -4.528133104031440E-07         6.325572010634772E-11
         1.000916123390198E+00        -3.298477224689123E-07         4.451962756779615E-11
         1.000445485115051E+00         2.679856550003024E-07        -1.124017545706124E-10
         1.000201225280762E+00         3.354312241299340E-07        -1.520779613350953E-10
         1.000042557716370E+00         1.588401090657499E-07        -8.063692769066932E-11
         9.991992115974426E-01         1.136261516876402E-06        -4.434237421691023E-10
         9.990115761756897E-01         1.358361146230891E-06        -5.279678916281227E-10
         9.992930293083191E-01         6.700761332467664E-07        -2.555613221044695E-10
         9.994556903839111E-01         3.806373172210442E-07        -1.576933861269225E-10
         9.999485611915588E-01        -7.992855444172164E-08         1.192275791983555E-11
         1.000105977058411E+00        -5.783666097158857E-07         2.455406156176565E-10
         1.000212907791138E+00        -4.669564361847733E-07         1.815979588926098E-10
         1.000241637229919E+00        -2.929509435034561E-07         8.146738145198285E-11
         1.000084042549133E+00        -1.660135353631631E-07         6.848166478334861E-11
         1.000218868255615E+00        -2.485454615452909E-07         6.660075269060428E-11
         1.000352144241333E+00        -3.760558513477008E-07         9.656005856006900E-11
         1.000316023826599E+00        -3.474251855095645E-07         1.183840803165026E-10
         1.000477910041809E+00        -7.269273964993772E-07         2.669332255234025E-10
         1.000411510467529E+00        -7.983527439137106E-07         2.946343724552491E-10
         1.000465989112854E+00        -7.777709356560081E-07         3.080797283949721E-10
         1.000404000282288E+00        -4.688786816586799E-07         2.057269216093616E-10
         1.000455379486084E+00        -6.137535137895611E-07         2.241861002394430E-10
         1.000641703605652E+00        -1.094105300580850E-06         3.966485473405612E-10
         1.000094056129456E+00         6.024530563308872E-08        -6.649286676818633E-11
         9.999044537544250E-01         1.974083261302439E-07        -6.880788994134690E-11
         9.998384118080139E-01         4.276674019365601E-07        -1.647590258668785E-10
         1.000230908393860E+00        -3.393617475921928E-07         1.139847799480620E-10
         1.000223159790039E+00        -5.797621156489186E-07         2.422625711151483E-10
         1.000407695770264E+00        -5.318476041793474E-07         1.986632663930621E-10
         1.000501632690430E+00        -6.097040454733360E-07         2.286384831462485E-10
         1.000486850738525E+00        -5.184983251638187E-07         1.770331797823488E-10
         1.000139236450195E+00        -1.826669375759593E-07         1.230462676193866E-10
         9.999535083770752E-01         2.053945564739479E-07        -9.195847555654169E-11
         9.998900890350342E-01         2.103466556491185E-07        -5.771471495163993E-11
         9.998295307159424E-01         2.345537239989426E-07        -4.591965349631799E-11
         9.996860027313232E-01         5.596282335318392E-07        -2.255712977516922E-10
         9.997598528862000E-01         4.060392200244678E-07        -2.023581024968024E-10
         1.000112175941467E+00         3.503669177007396E-08        -9.078673923745839E-11
         1.000184893608093E+00        -9.443046167234570E-08        -5.063136368499421E-11
         1.000184416770935E+00        -1.575244255036523E-07        -3.343427618096584E-11
         1.000278949737549E+00        -2.292834722084081E-07         4.303066236666098E-11
         1.000206708908081E+00        -2.277825075225337E-07         6.538135310929505E-11
         1.000155329704285E+00        -1.688787847342610E-07         6.492627269150120E-11
         1.000024914741516E+00         3.564806831946044E-07        -1.494976642479884E-10
         1.000189542770386E+00         3.379501265499130E-07        -1.381018771562381E-10
         1.000140666961670E+00         4.927312033942144E-07        -1.970090479641584E-10
         1.000133156776428E+00         5.653352559420455E-07        -2.290850981134795E-10
         1.000178337097168E+00         4.993798370378499E-07        -1.996131038239923E-10
         1.000137805938721E+00         5.114107466397400E-07        -2.049310027230078E-10
         1.000261306762695E+00         6.875883862278442E-09        -4.785039552090975E-12
         1.000338077545166E+00        -7.586704242612541E-08         1.404132018989479E-12
         1.000262379646301E+00        -5.582973727769058E-08        -2.195859813425294E-11
         1.000062227249146E+00        -2.444392350753333E-07         7.574445237690242E-11
         9.999116659164429E-01        -2.368738449831653E-08        -6.213601248111766E-12
         9.996674656867981E-01         1.608709112588258E-07        -5.129105126733258E-11
         9.995484352111816E-01        -7.746597674440636E-08         4.442948092764354E-11
         9.994187355041504E-01         2.165036079304627E-07        -8.502230863793869E-11
         9.992668032646179E-01         6.201951237017056E-07        -2.000877380448074E-10
         9.995646476745605E-01         1.654342725032620E-07        -1.633357338270969E-11
         9.996653795242310E-01        -1.671196372399208E-07         1.206635485972996E-10
         1.000037312507629E+00        -6.927979256943217E-07         3.055359298897997E-10
         1.000071048736572E+00        -5.495588766279980E-07         2.408596933012319E-10
         1.000175237655640E+00        -8.147928838297958E-07         3.659078873230470E-10
         9.997054934501648E-01        -2.126563600768350E-07         1.210452293953779E-10
         1.000080347061157E+00        -5.151963478056132E-07         2.065665138939465E-10
         9.999995827674866E-01        -1.819353059318018E-07         8.543248747328036E-11
         9.997540712356567E-01         1.799289179871266E-07        -6.929667256683203E-11
         9.995619058609009E-01         4.473763794976549E-07        -1.669606258802858E-10
         9.998583793640137E-01         4.999378333536697E-08        -1.516140858692783E-11
         9.997690916061401E-01         1.712001846954081E-07        -6.992330325861218E-11
         9.999791383743286E-01        -2.881506020457891E-07         1.069184463187156E-10
         9.998600482940674E-01         2.237128882143224E-07        -1.026207799292855E-10
         1.000417947769165E+00        -2.569121022588661E-07         7.631287268772269E-11
         1.000385046005249E+00        -6.722218159893600E-08         2.068877838143357E-13
         1.000425696372986E+00        -2.279037829566732E-07         7.036316668207476E-11
         1.000300168991089E+00        -1.155805264829723E-07         2.693507743234402E-11
         1.000331044197083E+00         8.321668332200716E-08        -5.703151839675513E-11
         1.000517845153809E+00        -2.726217189774616E-07         1.074974623205271E-10
         1.000511407852173E+00        -1.248626659844376E-07         3.789531535791646E-11
         1.000494241714478E+00        -4.500440127230831E-07         2.046225272556157E-10
         1.000383853912354E+00        -3.427597619065637E-07         1.378780006833225E-10
         1.000446915626526E+00        -4.631615126982069E-07         1.811426564302110E-10
         1.000609993934631E+00        -7.650129987268883E-07         2.621074746134155E-10
         1.000486612319946E+00        -5.614296583189571E-07         1.650384690021767E-10
         1.000520229339600E+00        -9.376959155815712E-07         3.437353734980775E-10
         1.000468134880066E+00        -9.425247071703780E-07         3.298887829572550E-10
         1.000249385833740E+00        -8.496430154991685E-07         2.940873378154407E-10
         1.000127673149109E+00        -9.041864927894494E-07         3.499092682268667E-10
         1.000399231910706E+00        -1.386489088872622E-06         5.218935839046424E-10
         1.000384807586670E+00        -1.508616492174042E-06         5.704775540849027E-10
         1.000070691108704E+00        -9.889554348774254E-07         3.674311688239840E-10
         9.999085068702698E-01        -1.064494767888391E-06         4.040285328521520E-10
         9.997257590293884E-01        -9.688689033282571E-07         3.377592372455496E-10
         9.998239278793335E-01        -1.185854102914163E-06         4.125103314489564E-10
         0.000000000000000E+00         0.000000000000000E+00         0.000000000000000E+00
         0.000000000000000E+00         0.000000000000000E+00         0.000000000000000E+00
         0.000000000000000E+00         0.000000000000000E+00         0.000000000000000E+00
         0.000000000000000E+00         0.000000000000000E+00         0.000000000000000E+00
         0.000000000000000E+00         0.000000000000000E+00         0.000000000000000E+00
         0.000000000000000E+00         0.000000000000000E+00         0.000000000000000E+00
         0.000000000000000E+00         0.000000000000000E+00         0.000000000000000E+00
         1.000129938125610E+00         3.847896579145527E-08         4.830990468773777E-11
         9.999964237213135E-01         5.147385877535271E-07        -1.402997024113617E-10
         1.000090122222900E+00         2.793005648982216E-07        -7.288664116700261E-11
         9.999552369117737E-01         6.173994506752933E-07        -2.210543276204291E-10
         9.998841285705566E-01         5.387297505876631E-07        -2.093601680908108E-10
         1.000065922737122E+00         2.441460082991398E-07        -1.051648143568507E-10
         1.000158786773682E+00         2.535849148443958E-07        -1.224537693467198E-10
         1.000290989875793E+00         1.207905775402196E-08        -3.651998842224558E-11
         1.000119805335999E+00        -1.064656132143682E-07         3.002922563388744E-11
         9.997418522834778E-01         5.285520501274732E-07        -2.026954160072592E-10
         1.000047922134399E+00         1.890134058157855E-07        -9.135515954827866E-11
         1.000119566917419E+00         2.339581470778285E-07        -1.108682798345306E-10
         1.000205993652344E+00         2.391078623986687E-07        -1.154976322914614E-10
         1.000110983848572E+00         3.980620704169269E-07        -1.576390545876549E-10
         1.000000953674316E+00         9.852812610233741E-08        -4.889936112278948E-12
         1.000015497207642E+00         3.598586317821173E-07        -1.177417607856057E-10
         1.000155448913574E+00         3.979016867106111E-07        -1.372029573287747E-10
         1.000185132026672E+00         2.838711168351438E-07        -1.313724407037142E-10
         9.999777674674988E-01         4.309530652335525E-07        -1.841320845796801E-10
         9.999957084655762E-01         5.076332953990459E-08        -3.743408708012375E-11
         1.000059843063354E+00         2.802123049150396E-07        -1.516227282616356E-10
         1.000589609146118E+00        -2.768073272818583E-07         4.294301719776072E-11
         1.000446557998657E+00         1.548643950854967E-07        -1.359023449332142E-10
         1.000528573989868E+00        -9.008753920625168E-08        -3.380560414933953E-11
         1.000467300415039E+00        -9.111070653489151E-08        -3.298762651926523E-11
         1.000393033027649E+00        -6.055998369447479E-09        -6.453480111412446E-11
         1.000603675842285E+00        -4.318824835536361E-07         1.273817579194869E-10
         1.000032424926758E+00         3.251981013363547E-07        -1.391993742494435E-10
         9.998211264610291E-01         5.301462806528434E-07        -2.026244588781978E-10
         9.997651576995850E-01         3.835019413145346E-07        -1.273742639140707E-10
         9.995860457420349E-01         5.321761591403629E-07        -2.021438572086254E-10
         9.997990727424622E-01         1.721134879062447E-07        -5.579057354987427E-11
         9.999462366104126E-01         2.249291242151230E-07        -1.011068381795432E-10
         9.997368454933167E-01         3.899980072219478E-07        -1.587583120521430E-10
         9.996778368949890E-01         2.746124891928048E-07        -8.344331475784728E-11
         9.997773766517639E-01         3.191370581134834E-07        -1.313469055741479E-10
         9.998590946197510E-01         5.461147338792216E-07        -2.412131883122726E-10
         1.000035166740417E+00         5.304695491759048E-07        -2.065742576995433E-10
         9.999758601188660E-01         6.096984748182877E-07        -2.357820882981088E-10
         9.998291134834290E-01         7.341009791161923E-07        -2.822847511296800E-10
         9.997130632400513E-01         8.854544830683153E-07        -3.427285677481962E-10
         9.996849298477173E-01         1.000406200546422E-06        -3.911308776860523E-10
         9.997777342796326E-01         6.750258876309090E-07        -2.782560015734958E-10
         9.997105002403259E-01         7.531145342909440E-07        -3.158039385553479E-10
         9.999996423721313E-01         2.746249947449542E-07        -1.307648433979125E-10
         9.996675252914429E-01         5.797551239083987E-07        -2.106541607815871E-10
         9.995660185813904E-01         5.829340352647705E-07        -2.053284209324602E-10
         9.992470145225525E-01         6.251649438127060E-07        -2.193268899830514E-10
         9.992518424987793E-01         3.257785579080519E-07        -1.142249489438640E-10
         9.993034601211548E-01         1.633897426245312E-07        -7.020364151122394E-11
         9.996193647384644E-01        -1.082514984318550E-07         8.648456083226730E-12
         9.997152686119080E-01        -9.534815603728930E-09        -3.885292781946603E-11
         9.997901320457458E-01        -1.910812557071040E-07         3.657239441845483E-11
         9.994384646415710E-01         4.174688115199388E-07        -1.890231166035150E-10
         9.995660185813904E-01         7.619731512420458E-09         4.632604629767334E-12
         9.994069933891296E-01         3.226105604881013E-07        -1.137017771601911E-10
         9.995468854904175E-01         2.236501188690454E-07        -6.790340512097259E-11
         9.999206066131592E-01        -1.711578079266474E-07         7.342337848825764E-11
         9.997869729995728E-01        -5.947530468120021E-09         1.116168182185850E-11
         9.998037219047546E-01        -2.037329807080823E-07         9.032443543111057E-11
         9.999967813491821E-01        -6.924779540895543E-07         2.833619450193225E-10
         9.998429417610168E-01        -1.367069586422076E-07         4.211928375519314E-11
         9.998742938041687E-01        -2.901268203459040E-07         1.024009557704098E-10
         9.999086856842041E-01        -1.006921266366589E-07         4.030959593892547E-11
         9.997898340225220E-01         3.893409257216263E-07        -1.468508092905552E-10
         9.997810125350952E-01         7.604653795567629E-09         2.042136772184566E-11
         9.996362924575806E-01         1.579440578325375E-07        -4.556643604103350E-11
         9.997617006301880E-01        -1.728852438986905E-08         1.943921412728145E-11
         9.996509552001953E-01         7.654422518044157E-08         3.457974358245242E-12
         9.994351863861084E-01         5.150179731572280E-07        -1.820826822651611E-10
         9.998384714126587E-01         1.328869672079236E-07        -4.132164055370424E-11
         9.999405741691589E-01         3.014467120365794E-09         1.132861339459001E-11
         9.998471140861511E-01         4.588140143368946E-07        -2.012928157490990E-10
         9.998502135276794E-01         4.578485572892532E-07        -2.135972787531415E-10
         9.999675750732422E-01         3.821659504410491E-07        -1.836874818916812E-10
         1.000050306320190E+00         1.872414969739111E-07        -8.983939286943965E-11
         1.000022411346436E+00         2.369753104858319E-08        -6.217940658886922E-12
         9.998536109924316E-01         3.961234824600979E-07        -1.439590391338896E-10
         1.000004053115845E+00        -6.272590979961024E-08         3.818332108829203E-11
         9.998012781143188E-01         2.774606855382444E-08         5.962962762451340E-12
         9.997271299362183E-01        -7.823993897204673E-09         3.395487016555343E-11
         9.995885491371155E-01         4.131611035518290E-07        -1.485879197460349E-10
         9.993216991424561E-01         6.112831556492893E-07        -2.389078102016384E-10
         9.993127584457397E-01         5.968563527858350E-07        -2.021610517877193E-10
         9.995172023773193E-01         1.940766054531196E-07        -5.860782692490574E-11
         9.992915391921997E-01         5.981439699098701E-07        -2.132194143467103E-10
         9.994491934776306E-01         3.486278501441120E-07        -1.108382205461389E-10
         9.997979402542114E-01        -1.151594091197694E-07         7.060016460336271E-11
         9.997760057449341E-01         1.642386564526532E-07        -3.503182813280326E-11
         9.998812675476074E-01         1.030422893677496E-07        -4.632317533032060E-12
         9.997501969337463E-01         4.068667465162434E-07        -1.204193689208211E-10
         1.000021457672119E+00         1.371807911709766E-08         3.427966244196057E-11
         1.000213027000427E+00        -3.393217866687337E-07         1.878850824921230E-10
         1.000233054161072E+00        -1.335171049277051E-07         8.438164750268484E-11
         1.000026822090149E+00         1.477459647958312E-07        -1.897063929556797E-11
         1.000005245208740E+00        -1.146975918686621E-07         9.992430494154547E-11
         9.996570944786072E-01         4.568092606405116E-07        -1.275376887432955E-10
         9.996194243431091E-01         2.520727946375700E-07        -5.327313243319587E-11
         9.997855424880981E-01        -5.236326927615664E-08         5.688185686358871E-11
         9.997949004173279E-01         1.669272222670770E-07        -4.402152947724502E-11
         1.000119328498840E+00        -3.711587623911328E-07         1.643269964546334E-10
         1.000334620475769E+00        -6.994456498432555E-07         2.661678655258015E-10
         1.000156760215759E+00        -2.310168127905854E-07         9.384712451598887E-11
         1.000201582908630E+00        -2.035756381246756E-07         9.107134490982105E-11
         1.000400543212891E+00        -6.250916726457945E-07         2.742004678868426E-10
         1.000117659568787E+00        -8.045059729511195E-08         4.117616317356187E-11
         1.000154614448547E+00        -1.950142980433611E-08        -1.202472930256215E-11
         1.000386357307434E+00        -8.073918706941186E-07         3.289703232045582E-10
         9.999971389770508E-01        -2.057423245105383E-07         7.413377550724576E-11
         9.998781085014343E-01        -2.380067911644801E-07         9.101693010382661E-11
         1.000207543373108E+00        -9.679949926066911E-07         3.678405358087389E-10
         9.999113082885742E-01        -3.853633643302601E-07         1.441300134796819E-10
         9.998344779014587E-01         7.369186505457037E-08        -4.255047009182888E-11
         1.000018119812012E+00         1.990509268523510E-08        -8.714627110217865E-12
         1.000117182731628E+00         1.981268411554993E-07        -8.251321848007365E-11
         1.000033020973206E+00         3.707806968122895E-07        -1.412811673207059E-10
         1.000088930130005E+00         2.839542787569371E-07        -1.047020387057174E-10
         1.000329732894897E+00        -1.295077538543410E-07         3.698338857383021E-11
         1.000038146972656E+00         6.626605113524420E-07        -2.743563987106512E-10
         1.000318527221680E+00        -1.960404745204869E-07         6.847890310357485E-11
         1.000118494033813E+00        -4.264723685309946E-08        -1.018406387866266E-12
         9.999480247497559E-01         5.878774800294195E-07        -2.625929751420841E-10
         1.000047206878662E+00         5.749523097620113E-07        -2.483977468159537E-10
         1.000370264053345E+00        -4.126525610104181E-08         1.753287098837930E-11
         1.000157833099365E+00         1.575873795900407E-07        -3.970638401407101E-11
         9.999076724052429E-01         4.273078673122654E-07        -1.294569867971163E-10
         1.000290632247925E+00        -1.353166538820005E-07         9.552997282114006E-11
         1.000287532806396E+00        -8.009960339450117E-08         8.412715662986514E-11
         1.000023245811462E+00         5.459073690872174E-07        -1.599385762718342E-10
         1.000307679176331E+00         2.073921656631228E-08         3.733392414662084E-11
         1.000216245651245E+00         1.336522785777561E-07        -1.516789818745146E-11
         1.000061273574829E+00         4.185172315374075E-07        -1.469167426604301E-10
         1.000082015991211E+00         2.412905644177954E-07        -1.042747693746904E-10
         1.000219702720642E+00         9.188669025661511E-08        -7.145891517401637E-11
         1.000411152839661E+00        -2.440177127027710E-07         7.922020678341468E-11
         9.999088644981384E-01         1.447520077135778E-07        -9.044458931795063E-11
         9.999349713325500E-01         6.169018185175901E-09        -2.230369187949943E-11
         9.997510910034180E-01         2.687498295017576E-07        -8.837668791228381E-11
         9.997655153274536E-01        -4.142694010056402E-08         3.788913627289503E-11
         9.997552037239075E-01        -1.100465780723425E-07         4.671103087661166E-11
         9.999073743820190E-01        -3.230594245451357E-07         1.229001622693460E-10
         9.997121095657349E-01         3.278594533639989E-07        -1.164097152006605E-10
         9.998285770416260E-01        -3.997130093580381E-08         1.402671121614185E-11
         9.996624588966370E-01         2.460166825812848E-08         1.950690997620796E-11
         9.996010065078735E-01         3.858027639580541E-07        -1.352298273360475E-10
         9.997998476028442E-01         2.117828579173420E-08         1.826060656850981E-11
         9.996877908706665E-01         3.966160875279456E-07        -1.410635358523038E-10
         1.000022292137146E+00        -1.280083239407759E-07         8.041896315535979E-11
         9.999477863311768E-01        -6.856555501144612E-08         5.689852755619285E-11
         9.998692274093628E-01         1.802765723368793E-07        -6.024759857670148E-11
         1.000314474105835E+00        -5.963664193586737E-07         2.419667521902369E-10
         1.000132799148560E+00        -4.871799319516867E-07         2.140999461053283E-10
         9.999667406082153E-01        -1.281640606975998E-07         7.741662866322940E-11
         9.998033642768860E-01         6.049778278338636E-08         2.463935305785370E-11
         9.996549487113953E-01         1.313803181801632E-07        -2.920207131662522E-11
         9.995107054710388E-01         2.755082562089228E-07        -8.017254915504424E-11
         9.996483922004700E-01        -2.744222342698777E-07         1.324152176795934E-10
         9.995843172073364E-01        -4.458570117549243E-07         1.866810733774926E-10
         9.995763301849365E-01        -6.686740334771457E-07         2.270771487511425E-10
         9.992256164550781E-01        -5.008886887480912E-07         1.777959585114175E-10
         9.991918206214905E-01        -5.498887389876472E-07         1.874229937914862E-10
         9.992017745971680E-01        -6.621250463467732E-07         2.262089682236734E-10
         9.990382194519043E-01        -1.855378002346697E-07         3.940542683822379E-11
         9.992141723632812E-01        -6.650298587373982E-07         2.008772037598305E-10
         9.991366863250732E-01        -8.538546580894035E-07         2.738308746419449E-10
         9.991467595100403E-01        -1.136517425948114E-06         3.886327926139188E-10
         9.988304376602173E-01        -7.125731258383894E-07         2.217964839568154E-10
         9.990060329437256E-01        -1.165586581919342E-06         4.090099370301914E-10
         9.988923072814941E-01        -9.488864520790230E-07         3.166092388262598E-10
         9.989433884620667E-01        -1.141650045610731E-06         3.782600066504216E-10
         9.987316131591797E-01        -8.599986927038117E-07         2.792487074909644E-10
         9.984630346298218E-01        -8.577737844461808E-07         2.919287866998133E-10
         9.982222914695740E-01        -7.937570103422331E-07         2.883786265339694E-10
         9.980071783065796E-01        -6.322625836219231E-07         2.492457351621624E-10
         9.978202581405640E-01        -5.671012672792131E-07         2.429004219983710E-10
         9.974416494369507E-01        -4.369583095353846E-08         2.061930313990157E-11
         9.976252317428589E-01        -7.515822062487132E-07         3.013432281484540E-10
         0.000000000000000E+00         0.000000000000000E+00         0.000000000000000E+00
         0.000000000000000E+00         0.000000000000000E+00         0.000000000000000E+00
         0.000000000000000E+00         0.000000000000000E+00         0.000000000000000E+00
         0.000000000000000E+00         0.000000000000000E+00         0.000000000000000E+00
         0.000000000000000E+00         0.000000000000000E+00         0.000000000000000E+00
         0.000000000000000E+00         0.000000000000000E+00         0.000000000000000E+00
         0.000000000000000E+00         0.000000000000000E+00         0.000000000000000E+00
         1.001992821693420E+00         7.063920861583028E-07        -2.375418473032909E-10
         1.002113699913025E+00         3.964848360737960E-07        -1.170296221042477E-10
         1.001967906951904E+00         5.290438025440380E-07        -1.462954618558499E-10
         1.001845359802246E+00         7.488337132599554E-07        -2.306762281190089E-10
         1.001735925674438E+00         7.443797471751168E-07        -2.442328284057993E-10
         1.001530051231384E+00         8.595638405495265E-07        -2.691899758655580E-10
         1.001371860504150E+00         7.790171139276936E-07        -2.325738629460616E-10
         1.001391530036926E+00         6.211432719283039E-07        -1.709829500207150E-10
         1.001319169998169E+00         8.018213861760159E-07        -2.408308830137429E-10
         1.001278996467590E+00         8.251141707660281E-07        -2.434268342454970E-10
         1.001324772834778E+00         7.273634423654585E-07        -2.337860183221352E-10
         1.001366972923279E+00         5.530280304810731E-07        -1.772159363699899E-10
         1.001269698143005E+00         6.200907023412583E-07        -2.061775472572691E-10
         1.001183390617371E+00         5.098308974993415E-07        -1.445375069630828E-10
         1.001165032386780E+00         6.006760031596059E-07        -1.884511297012281E-10
         1.001191973686218E+00         6.323588195300545E-07        -2.095238565980040E-10
         1.001169562339783E+00         3.963452570587833E-07        -1.058280338361861E-10
         1.001068353652954E+00         3.372997809947265E-07        -8.849058291682255E-11
         1.000975251197815E+00         3.755004343020119E-07        -1.195420290533988E-10
         1.000963568687439E+00         1.424606494992986E-07        -3.993306726957080E-11
         1.000834584236145E+00        -7.616662855980394E-08         3.376285015455061E-11
         1.000675916671753E+00        -3.853645935691929E-08         1.681108030560097E-11
         1.000365495681763E+00         3.191013675518661E-08         1.576271014755437E-12
         1.000200986862183E+00        -1.532451676666824E-08         3.401033968342126E-11
         9.999839663505554E-01         9.348467955305750E-08         6.668853837210609E-13
         9.998654723167419E-01         1.682672348124470E-07        -3.299698361769465E-11
         9.998083710670471E-01         2.979559781124408E-07        -9.155001756688819E-11
         9.998996853828430E-01         9.581675186609573E-08        -6.986777476014616E-12
         9.998530745506287E-01         7.749821406832780E-08        -1.126636891418675E-11
         9.998805522918701E-01        -6.833413834783642E-08         4.133717326770814E-11
         1.000009179115295E+00        -2.566885939359054E-07         1.128731830224439E-10
         9.999686479568481E-01         6.391092455260150E-08        -3.903799505877714E-11
         1.000046730041504E+00         6.040703492971033E-10        -6.886647935938628E-12
         1.000041842460632E+00         2.491512987035094E-07        -8.029689413380225E-11
         1.000089764595032E+00         3.386829519058665E-07        -1.091974843880905E-10
         1.000036597251892E+00         3.306392102331301E-07        -1.208051159107271E-10
         1.000084400177002E+00         3.122233067642810E-07        -1.232643292992108E-10
         1.000181198120117E+00         1.445657318299709E-07        -6.444070971278748E-11
         1.000141382217407E+00         2.618944279220159E-07        -1.141057942577461E-10
         1.000154733657837E+00         1.600844257154677E-07        -5.616480891479370E-11
         1.000187516212463E+00         2.357127826257965E-08         1.429306000812203E-12
         1.000176310539246E+00         1.136274931923253E-07        -4.551518884010619E-11
         1.000370144844055E+00        -2.570668300450052E-07         9.723443578080193E-11
         1.000210642814636E+00        -2.378160530724927E-07         9.432564451739012E-11
         1.000033020973206E+00        -2.623530690470943E-07         1.103926672296751E-10
         1.000092744827271E+00        -3.336756151384179E-07         1.285434675368791E-10
         1.000004768371582E+00        -3.229388028103131E-07         1.127980764348280E-10
         9.999997019767761E-01        -3.543238165093499E-07         1.214343070543578E-10
         9.998947978019714E-01        -1.169236867326617E-07         2.611589937362435E-11
         9.999930262565613E-01        -1.455545231010547E-07         4.740941320080516E-11
         1.000209927558899E+00        -2.619794372549222E-07         7.709077820550192E-11
         1.000152230262756E+00        -1.640133291402890E-07         4.308720394363696E-11
         1.000056982040405E+00         1.000175444687557E-07        -5.246556314397743E-11
         1.000095963478088E+00         8.735268153259312E-08        -4.162813149743982E-11
         1.000061511993408E+00         3.989244135027548E-07        -1.626723061809443E-10
         1.000131368637085E+00         1.203768675850370E-07        -3.613520246914526E-11
         9.999216198921204E-01         2.639139609073027E-07        -8.458945349731906E-11
         9.997214078903198E-01         4.554157158054295E-07        -1.656139947403545E-10
         9.996435046195984E-01         3.538633848165773E-07        -1.273235405996331E-10
         9.993721246719360E-01         4.296987015095510E-07        -1.202847127457218E-10
         9.993148446083069E-01         5.779151024398743E-07        -1.699580198799566E-10
         9.993461966514587E-01         5.209200821809645E-07        -1.599227417159454E-10
         9.992799758911133E-01         6.820415592301288E-07        -2.385092678913736E-10
         9.994623661041260E-01         5.809175149806833E-07        -1.988188363943877E-10
         9.997252821922302E-01         2.461917461005214E-07        -6.673895464048840E-11
         1.000058174133301E+00         1.951060255578341E-07        -1.147723166505799E-10
         9.996706843376160E-01         4.290411368401692E-07        -1.298685048389814E-10
         9.996442198753357E-01         3.257358969221968E-07        -8.353868985455648E-11
         9.995886683464050E-01         4.717583124147495E-07        -1.545660544000071E-10
         9.995166659355164E-01         6.140038522062241E-07        -2.139715765681061E-10
         9.997189640998840E-01         4.030343916383572E-07        -1.394301896162631E-10
         9.999320507049561E-01         2.126174791783342E-07        -8.716875832259774E-11
         9.999960660934448E-01         1.995640843688307E-07        -1.151764378315434E-10
         9.998665452003479E-01         8.043193844287089E-08        -7.140303626140820E-11
         9.998723268508911E-01         1.374610292259604E-07        -9.844959569793588E-11
         1.000058531761169E+00         2.350091392600007E-07        -1.224059603677219E-10
         1.000045180320740E+00         9.056982008814884E-08        -3.337289819493883E-11
         9.999874830245972E-01         1.609264046464887E-07        -6.077915948310419E-11
         9.997983574867249E-01         1.571747532125300E-07        -6.344592906604163E-11
         9.996993541717529E-01         1.335561563564625E-07        -4.960021629529798E-11
         9.996582865715027E-01         9.508312359685078E-08        -1.984548289590826E-11
         9.996872544288635E-01         1.083674376900490E-07        -3.664517994605987E-11
         9.997280240058899E-01        -6.466187585374428E-08         4.016202648227107E-11
         9.997175335884094E-01         1.237929723174602E-07        -5.115825818524655E-11
         9.998480677604675E-01        -1.478204580962483E-07         4.959482477473465E-11
         9.998779892921448E-01         4.578876389160769E-09        -2.443201717328147E-11
         9.996526837348938E-01         2.753764078988752E-07        -1.068974492257624E-10
         9.996260404586792E-01         2.601505855182040E-07        -8.102658821673714E-11
         9.997265934944153E-01         1.723165468092702E-07        -4.859147112457052E-11
         9.996249675750732E-01         2.839426542777801E-07        -9.348875840142767E-11
         9.996514916419983E-01         2.610330795960181E-07        -8.221852365597471E-11
         9.996625185012817E-01         1.849821842370147E-07        -7.128899554009749E-11
         9.995926618576050E-01         8.212885660441316E-08        -2.824942710311085E-11
         9.995450377464294E-01         1.309263382154313E-07        -6.133146074338569E-11
         9.996801018714905E-01        -1.844721597699106E-09         1.620925095535686E-11
         9.995669126510620E-01         8.335189249919495E-08        -4.103265470456474E-12
         9.996569752693176E-01         2.074454741318732E-08         3.145120622272124E-11
         9.999282956123352E-01        -1.310584565317185E-07         6.056019574707250E-11
         9.998782873153687E-01         3.416831262370579E-08         5.446854339091756E-12
         9.998773932456970E-01         2.288388571969335E-07        -5.562103555512010E-11
         0.000000000000000E+00         0.000000000000000E+00         0.000000000000000E+00
         9.995143413543701E-01         2.836183057297603E-07        -1.006490377153391E-10
         9.995724558830261E-01         4.214261650758999E-07        -1.488532352933447E-10
         9.994669556617737E-01         6.473293865383312E-07        -2.265141268997795E-10
         9.995324015617371E-01         6.537292733810318E-07        -2.241719171403034E-10
         9.996383190155029E-01         5.957553526059201E-07        -1.945941047187816E-10
         9.997727274894714E-01         5.202288662076171E-07        -1.595157339551179E-10
         9.999964237213135E-01         4.071044088505005E-07        -1.362792101389232E-10
         1.000070333480835E+00         1.867210102091121E-07        -4.593098817951002E-11
         1.000214219093323E+00        -5.101617261971114E-08         4.003064893454145E-11
         1.000284075737000E+00        -1.337259618594544E-07         6.565043647599467E-11
         1.000255465507507E+00        -1.194613190591554E-07         4.762657976331575E-11
         1.000331759452820E+00        -1.378370626525793E-07         5.501629360415983E-11
         1.000376582145691E+00        -5.724339757762209E-08         2.467917536996822E-11
         1.000174999237061E+00         1.694652862482826E-09         1.233625528118676E-11
         1.000029206275940E+00         2.581983551408484E-07        -6.862171247901117E-11
         9.998452067375183E-01         5.083441578790371E-07        -1.538568439318766E-10
         9.997419714927673E-01         7.954803891152551E-07        -2.474152827058873E-10
         9.997407793998718E-01         4.921151912640198E-07        -1.460878917836084E-10
         9.997556805610657E-01         2.609667149044981E-07        -8.132471085442461E-11
         9.998502731323242E-01         2.047150360340311E-08         7.481320250801726E-12
         1.000071287155151E+00        -2.132622825001818E-07         6.697875587491353E-11
         1.000229358673096E+00        -3.394378893517569E-07         1.006485519927658E-10
         1.000314593315125E+00        -4.070774934916699E-07         1.193462551007940E-10
         1.000067114830017E+00        -2.389618884990341E-07         6.173868360992429E-11
         9.998579621315002E-01        -3.578669804937817E-07         1.035394131543299E-10
         9.996330738067627E-01        -3.309930036721198E-07         9.580729265490362E-11
         9.997268915176392E-01        -1.870762673661375E-07         3.644917007106230E-11
         9.998410940170288E-01        -2.447212636980112E-07         7.137088142705750E-11
         9.997867941856384E-01        -7.787156164340558E-08         1.011653781579636E-11
         9.996141195297241E-01        -2.173232482860499E-09         1.016102913614647E-11
         9.995918869972229E-01        -2.253620756675900E-08         3.034994477957298E-11
         9.997433423995972E-01        -8.631153747273856E-08         4.141701911986040E-11
         9.999480247497559E-01        -1.991511595633710E-07         8.678414931129197E-11
         1.000099658966064E+00        -1.633246142773714E-07         8.105828508409019E-11
         1.000172376632690E+00        -2.506766065835109E-07         1.375933533775964E-10
         9.999890923500061E-01        -8.645111648775128E-08         6.980806904754999E-11
         1.000016927719116E+00        -7.550151792656834E-08         6.806418623162003E-11
         1.000417709350586E+00        -3.469838532055292E-07         1.468685728589492E-10
         1.000446915626526E+00        -5.353414849196270E-07         2.200059301404877E-10
         1.000487327575684E+00        -5.774014084636292E-07         2.343175098395989E-10
         1.000455856323242E+00        -3.888644073413161E-07         1.473775823601642E-10
         1.000576019287109E+00        -5.843919552717125E-07         2.243770863552541E-10
         1.000466585159302E+00        -2.876358564662951E-07         1.056892767747897E-10
         1.000443339347839E+00        -2.722843532865227E-07         8.980750171305729E-11
         1.000305891036987E+00        -2.369272777968945E-08        -7.376375552037295E-12
         1.000284552574158E+00         2.591918679684113E-09        -2.439076544902274E-11
         1.000303745269775E+00        -2.444173219373624E-07         7.047572248009004E-11
         1.000293970108032E+00        -3.721992527516704E-07         1.262337318008733E-10
         1.000377655029297E+00        -5.647439138556365E-07         1.952861206078182E-10
         1.000509381294250E+00        -5.118878334542387E-07         1.892308532092102E-10
         1.000526905059814E+00        -5.143078851688188E-07         1.990101278215306E-10
         1.000445485115051E+00        -2.072759315296935E-07         4.784904070187501E-11
         1.000478148460388E+00        -6.042367317604658E-07         2.327746329022773E-10
         1.000514268875122E+00        -7.058939672788256E-07         2.674738208696681E-10
         1.000103354454041E+00        -3.637517238530563E-07         1.426058299225375E-10
         9.997850060462952E-01        -3.233535039726121E-07         1.166983593092752E-10
         9.995714426040649E-01        -3.202117966338847E-07         1.214662953552548E-10
         9.992777705192566E-01        -2.501864315718194E-08         1.077702597301888E-11
         9.990993142127991E-01        -5.873768671449398E-08         3.873302026335956E-11
         9.988192319869995E-01        -1.061519157019575E-07         5.583478124293606E-11
         9.986742734909058E-01        -2.146314415085726E-07         8.846660903838455E-11
         9.985568523406982E-01        -2.512000207843812E-07         9.417733259908800E-11
         9.983201026916504E-01        -1.037140151538551E-07         5.053798005083543E-11
         9.980219602584839E-01        -2.125308924405545E-07         8.738216400461241E-11
         9.976181387901306E-01         3.260829117834874E-08         7.017410090515153E-12
         9.973310828208923E-01         2.430999188618443E-07        -5.867777791435103E-11
         9.971283674240112E-01         5.240617610979825E-07        -1.668388899256357E-10
         9.968959689140320E-01         6.906999487910070E-07        -2.050335456971197E-10
         9.970582127571106E-01         5.117650516694994E-07        -1.469243476881488E-10
         9.971033930778503E-01         4.686778254381352E-07        -1.419094702859169E-10
         9.970268607139587E-01         3.413985325551039E-07        -1.051699491383395E-10
         9.968260526657104E-01         3.281629972207156E-07        -9.878083073733279E-11
         9.966233372688293E-01         3.200001401637564E-07        -1.142189121061676E-10
         9.967167973518372E-01         1.976549839355357E-07        -7.103889698711896E-11
         9.964443445205688E-01         5.987734539303347E-07        -2.082721495266782E-10
         9.963116049766541E-01         4.200655041586288E-07        -1.361141477307370E-10
         9.960614442825317E-01         3.873963976275263E-07        -1.303894769932867E-10
         0.000000000000000E+00         0.000000000000000E+00         0.000000000000000E+00
         0.000000000000000E+00         0.000000000000000E+00         0.000000000000000E+00
         0.000000000000000E+00         0.000000000000000E+00         0.000000000000000E+00
         0.000000000000000E+00         0.000000000000000E+00         0.000000000000000E+00
         0.000000000000000E+00         0.000000000000000E+00         0.000000000000000E+00
         0.000000000000000E+00         0.000000000000000E+00         0.000000000000000E+00
         0.000000000000000E+00         0.000000000000000E+00         0.000000000000000E+00
         0.000000000000000E+00         0.000000000000000E+00         0.000000000000000E+00
         1.003556251525879E+00        -3.896338967024349E-07         1.511150371502623E-10
         1.003516912460327E+00        -5.296789140629699E-07         2.059384607289161E-10
         1.003540158271790E+00        -4.479782660382625E-07         1.455975340292071E-10
         1.003529429435730E+00        -6.163850230223034E-07         2.029076073828406E-10
         1.003236770629883E+00        -5.593213359134097E-07         1.991260212275137E-10
         1.003136038780212E+00        -4.838194627154735E-07         1.671854737983480E-10
         1.003140926361084E+00        -3.621103417117411E-07         1.078859432346313E-10
         1.003001213073730E+00        -3.183407102369529E-07         1.011036462883474E-10
         1.002877354621887E+00        -4.523234338194015E-07         1.687171236053331E-10
         1.002883911132812E+00        -4.306151879518438E-07         1.530300747232261E-10
         1.002908229827881E+00        -5.470841983878927E-07         1.829716794743419E-10
         1.002822399139404E+00        -4.933598916068149E-07         1.521598819165249E-10
         1.002498269081116E+00        -2.963910219477839E-07         7.602205670531603E-11
         1.002473711967468E+00        -5.852389790561574E-07         1.981103753267988E-10
         1.002104759216309E+00        -4.104381901015586E-07         1.406148947280528E-10
         1.001900315284729E+00        -2.750978467247478E-07         8.564107062403181E-11
         1.001923441886902E+00        -4.525658994225523E-07         1.442434227616474E-10
         1.001576542854309E+00        -1.808039797879246E-07         4.715398904675538E-11
         1.001265168190002E+00        -5.219712662096754E-08         6.537024827696358E-12
         1.001086354255676E+00        -1.753493563683151E-07         6.424462350995697E-11
         1.000778555870056E+00        -1.382898062729510E-07         5.377276054985280E-11
         1.000550985336304E+00        -5.250529966360773E-08         2.176434379941306E-11
         1.000442147254944E+00         1.894580918815336E-07        -6.060615204139808E-11
         1.000386476516724E+00         2.750641669990728E-07        -8.501598730559223E-11
         1.000228524208069E+00         4.328335307945963E-07        -1.384676401317009E-10
         9.999420642852783E-01         5.320101763572893E-07        -1.744267646985875E-10
         9.998442530632019E-01         5.221835408519837E-07        -1.765713408818925E-10
         9.997305274009705E-01         5.056447776041750E-07        -1.772519353515634E-10
         9.997065067291260E-01         4.281056931176863E-07        -1.330538179633578E-10
         9.998047351837158E-01         4.180554924460012E-07        -1.232843271914419E-10
         9.999696612358093E-01         2.468055697590898E-07        -7.217813846605026E-11
         9.998846054077148E-01         2.539257479838852E-07        -7.244879002277216E-11
         1.000168919563293E+00        -9.542590051481170E-10         4.049034545150487E-12
         1.000200271606445E+00        -1.090850219043205E-07         3.584427546443614E-11
         1.000083088874817E+00        -1.141987269193123E-07         3.044617682967932E-11
         1.000186085700989E+00        -2.544831261275249E-07         1.045259850895874E-10
         1.000221610069275E+00        -1.649811878223773E-07         4.662977295954995E-11
         1.000284314155579E+00        -1.603904280500501E-07         5.985315021383997E-11
         1.000304460525513E+00        -3.962283656733234E-08         2.939752954955743E-11
         1.000321865081787E+00         6.642767669262639E-09        -8.371075534141514E-12
         1.000360965728760E+00        -1.553071768967129E-07         5.295673968785941E-11
         1.000313878059387E+00        -6.829250942530507E-09        -1.445474816230696E-11
         1.000280976295471E+00        -8.352307290238059E-09        -1.361374554753603E-11
         1.000332713127136E+00        -1.106016043195268E-07         3.620549606647705E-12
         1.000249147415161E+00        -2.329181256754964E-07         5.766866498224665E-11
         1.000116348266602E+00        -2.086148640501051E-07         5.283768908515007E-11
         9.999842047691345E-01        -1.920430570123699E-08         6.276467626881166E-12
         9.998686313629150E-01        -4.357491789619417E-08         2.746883233026298E-12
         9.999982714653015E-01        -1.385280654631060E-07         3.955434590974249E-11
         9.999753236770630E-01         1.397224451693546E-07        -7.553058872789009E-11
         1.000109434127808E+00         4.443132084475110E-09        -1.937051387346234E-11
         1.000160336494446E+00        -5.971959637918189E-08         2.215859613852178E-11
         1.000237226486206E+00        -1.597969401245791E-07         7.801270740515065E-11
         1.000150918960571E+00         1.746335698271650E-08         2.839853525948843E-11
         1.000060200691223E+00         1.334653632056870E-07        -2.346488975346617E-11
         1.000060319900513E+00         3.188201560533344E-07        -1.131332388881745E-10
         1.000184535980225E+00         2.267868808303319E-07        -1.097093804691696E-10
         1.000136017799377E+00         4.239544466599909E-07        -2.005618726652614E-10
         1.000116825103760E+00         2.100022840068050E-07        -9.073471834986080E-11
         1.000080823898315E+00         2.662056601820950E-07        -1.002262092764106E-10
         1.000288486480713E+00        -2.325808701186816E-08        -4.649930614164521E-12
         1.000171065330505E+00         9.871475015188480E-08        -6.018228970727790E-11
         9.999651312828064E-01         2.166457022667601E-07        -9.491227942470815E-11
         9.999283552169800E-01         1.970765026726440E-07        -7.891200887177874E-11
         9.999255537986755E-01         3.610535941334092E-07        -1.474084049268853E-10
         1.000018715858459E+00         4.135094116008986E-07        -1.687004008710247E-10
         1.000108242034912E+00         3.738660723229259E-07        -1.702350066468128E-10
         1.000124454498291E+00         4.675456750646845E-07        -2.136605059543939E-10
         9.999219775199890E-01         4.842774501412350E-07        -1.874658900336001E-10
         9.996814131736755E-01         4.159738864473184E-07        -1.376976449529721E-10
         9.997267127037048E-01         4.037592873373796E-07        -1.418953704535042E-10
         9.998107552528381E-01         2.535876149067917E-07        -1.055804194072252E-10
         9.999845623970032E-01         2.771153333469556E-07        -1.223459111798775E-10
         1.000066757202148E+00         3.701055959481891E-07        -1.391141646323035E-10
         1.000046610832214E+00         4.103114576992084E-07        -1.529496529428798E-10
         1.000088095664978E+00         2.967820194044180E-07        -9.461559313805878E-11
         9.999600648880005E-01         4.056147702158341E-07        -1.198225546561460E-10
         9.998669028282166E-01         3.113560467227217E-07        -7.579448180194959E-11
         9.996497631072998E-01         3.738936413810734E-07        -8.053730599089093E-11
         9.997363090515137E-01         2.018262534875248E-07        -2.318968975179025E-11
         9.996938705444336E-01         4.140403291330585E-07        -1.054587944748775E-10
         9.999330639839172E-01         3.490362416869175E-07        -1.051264006401986E-10
         1.000142335891724E+00         2.642309198108705E-07        -9.371450143680349E-11
         1.000355005264282E+00        -1.728086971297671E-07         5.542484179943408E-11
         1.000297188758850E+00        -1.758974690346804E-07         5.087156390581882E-11
         1.000241875648499E+00        -1.229204116270921E-07         4.039645007392068E-11
         1.000452280044556E+00        -4.662759636175906E-07         1.625317241904511E-10
         1.000359773635864E+00        -2.084583314854171E-07         4.205353079655971E-11
         1.000517129898071E+00        -4.348730442416127E-07         1.219462447688002E-10
         1.000643968582153E+00        -4.867702614319569E-07         1.126906137849382E-10
         1.000437021255493E+00        -2.201531685841474E-07         3.792190866880318E-11
         1.000389218330383E+00        -2.054703998055629E-07         4.712744083867904E-11
         1.000117659568787E+00        -1.850861366392564E-07         4.116224722183759E-11
         1.000138401985168E+00        -2.493077033705049E-07         5.081251738814352E-11
         1.000236272811890E+00        -4.796988832822535E-07         1.452946235547259E-10
         1.000200152397156E+00        -6.323544994302210E-07         2.094883017056404E-10
         0.000000000000000E+00         0.000000000000000E+00         0.000000000000000E+00
         0.000000000000000E+00         0.000000000000000E+00         0.000000000000000E+00
         9.994456768035889E-01        -1.633781039345195E-07         1.028209253850498E-10
         9.996321797370911E-01         3.926794889252960E-08         3.266257403433670E-11
         9.998140335083008E-01        -2.015688949086325E-08         2.348970670751349E-11
         9.996215701103210E-01         2.451768352784711E-07        -7.130548235201317E-11
         9.998810291290283E-01        -3.260965968365781E-07         1.310677955057571E-10
         1.000061511993408E+00        -4.593268556618568E-07         1.714215297488053E-10
         1.000134468078613E+00        -4.674523950143339E-07         1.718376829717982E-10
         1.000147938728333E+00        -4.558830823953031E-07         1.793065002031469E-10
         0.000000000000000E+00         0.000000000000000E+00         0.000000000000000E+00
         9.994442462921143E-01        -1.276248582371409E-07         8.042239790784222E-11
         9.995455145835876E-01         9.775799725275647E-08        -1.680630808131856E-11
         9.995540380477905E-01         1.130403006754932E-07        -8.667894527136788E-12
         9.996374845504761E-01         7.873919116718753E-08        -3.770777527029034E-12
         0.000000000000000E+00         0.000000000000000E+00         0.000000000000000E+00
         0.000000000000000E+00         0.000000000000000E+00         0.000000000000000E+00
         9.989875555038452E-01         4.762268019931071E-07        -1.427983148394318E-10
         9.991796016693115E-01         4.236316328842804E-07        -1.258216447697080E-10
         9.992842674255371E-01         2.409565240668599E-07        -7.428915121954205E-11
         9.992072582244873E-01         4.297639577544032E-07        -1.471078120429681E-10
         9.990731477737427E-01         5.567960101870995E-07        -1.832537316337479E-10
         9.990720152854919E-01         6.153820208965044E-07        -2.223075890039894E-10
         9.991480708122253E-01         6.632647000515135E-07        -2.477213989493521E-10
         9.991595149040222E-01         7.506285442104854E-07        -2.688004818729439E-10
         9.994669556617737E-01         4.414916645600897E-07        -1.700077578714598E-10
         9.995426535606384E-01         1.397645945644399E-07        -5.179510986774716E-11
         9.996430873870850E-01        -4.774641126914503E-08        -8.527803463387329E-12
         9.996654987335205E-01         1.166687937370625E-07        -4.691386168431677E-11
         9.996808171272278E-01         3.515084188165929E-07        -1.200231025677567E-10
         9.998695850372314E-01         4.199362138024298E-07        -1.387102238625815E-10
         9.998499751091003E-01         5.498043265106389E-07        -1.846538477678905E-10
         9.996552467346191E-01         9.527913107376662E-07        -3.545310156560788E-10
         9.995693564414978E-01         1.057131726156513E-06        -4.050625668217123E-10
         9.996145963668823E-01         8.681117833475582E-07        -3.396014025547345E-10
         9.998649954795837E-01         7.352557531703496E-07        -2.977484647725959E-10
         9.997819662094116E-01         9.109803045248555E-07        -3.531749337426504E-10
         1.000061273574829E+00         2.575086455181008E-07        -1.102611404957266E-10
         9.999962449073792E-01         3.643927186658402E-07        -1.500946866794806E-10
         1.000080943107605E+00         1.414863959325885E-07        -7.716544764280187E-11
         9.998862147331238E-01         4.889760134574317E-07        -1.984228198415039E-10
         9.999514818191528E-01         6.508277579087007E-07        -2.444721092231816E-10
         1.000127077102661E+00         3.968850705859950E-07        -1.404953653416641E-10
         9.999714493751526E-01         3.408144095828902E-07        -1.083890546760280E-10
         9.998446702957153E-01         2.996514751885115E-07        -9.926087729539290E-11
         9.997863173484802E-01         2.241750252096608E-07        -6.080227293869811E-11
         9.998440146446228E-01         7.641939703262324E-08        -6.832549283297684E-12
         9.999863505363464E-01         3.621102351303307E-08        -7.221914472693713E-12
         1.000126838684082E+00        -1.534276918846444E-07         6.201268665240178E-11
         1.000101089477539E+00        -1.441806460888984E-07         7.385953654237554E-11
         9.998717308044434E-01         2.692498313194847E-08         2.674106422406730E-11
         9.998322129249573E-01         4.133210396162212E-08         2.070281793220552E-11
         9.997954368591309E-01        -2.507507623761285E-08         5.582511189428097E-11
         9.997944235801697E-01        -3.379991753149625E-08         6.621205667078911E-11
         9.998062252998352E-01        -8.026958653317706E-08         7.682326302882458E-11
         9.997385144233704E-01        -1.335558010850946E-07         9.169066894632039E-11
         9.993060231208801E-01         5.350340188670089E-07        -1.446546771255441E-10
         9.994431138038635E-01         1.317661713073903E-07        -3.034054604778014E-11
         9.992609024047852E-01         3.553752492280182E-07        -1.187567683080815E-10
         9.992026090621948E-01         5.069819621894567E-07        -1.835673280048411E-10
         9.991049170494080E-01         3.734318454462482E-07        -1.549171901871205E-10
         9.987737536430359E-01         6.355506343425077E-07        -2.610665850166782E-10
         9.987866878509521E-01         5.686213739863888E-07        -2.608750993005060E-10
         9.987328052520752E-01         4.775801016876358E-07        -2.215874012057029E-10
         9.988998770713806E-01         3.594845452425943E-07        -1.766476409592599E-10
         9.987260103225708E-01         3.916011905857886E-07        -2.021124795303919E-10
         9.986383318901062E-01         4.509026041432662E-07        -2.423294342968063E-10
         9.984341859817505E-01         7.170911544562841E-07        -3.644174129124877E-10
         9.983029365539551E-01         5.897101118534920E-07        -3.045357577224905E-10
         9.983156919479370E-01         3.656513172245468E-07        -1.959440110166355E-10
         9.979723691940308E-01         5.566091090258851E-07        -2.404896837227000E-10
         9.978358149528503E-01         2.618038763557706E-07        -1.230888585501688E-10
         9.975063800811768E-01         2.710880551148875E-07        -1.074694985780944E-10
         9.974286556243896E-01         8.783050731153708E-08        -4.500703976173526E-11
         9.972828626632690E-01        -2.051012870651903E-08        -5.000427155676945E-12
         9.972248077392578E-01        -2.309518976062463E-07         7.265832380198844E-11
         9.968236684799194E-01        -6.146623121594530E-08         1.597040208412004E-11
         9.964732527732849E-01         2.388095197147777E-07        -1.064824964314148E-10
         9.963883161544800E-01         1.718338182854495E-07        -7.973654375659223E-11
         9.961563944816589E-01         4.942669988849957E-07        -2.204645077608092E-10
         9.961689710617065E-01         1.949521220012684E-07        -1.412571309922228E-10
         9.960904121398926E-01        -4.981545842497326E-08        -7.564440046570198E-11
         0.000000000000000E+00         0.000000000000000E+00         0.000000000000000E+00
         0.000000000000000E+00         0.000000000000000E+00         0.000000000000000E+00
         0.000000000000000E+00         0.000000000000000E+00         0.000000000000000E+00
         0.000000000000000E+00         0.000000000000000E+00         0.000000000000000E+00
         0.000000000000000E+00         0.000000000000000E+00         0.000000000000000E+00
         0.000000000000000E+00         0.000000000000000E+00         0.000000000000000E+00
         0.000000000000000E+00         0.000000000000000E+00         0.000000000000000E+00
         1.003616929054260E+00         3.751695771825325E-07        -1.730447035663829E-10
         1.003393173217773E+00         3.473082301752584E-07        -1.753047013108855E-10
         1.003317594528198E+00         1.930481232648162E-07        -1.340872274324667E-10
         1.003255486488342E+00         1.199106947069595E-07        -7.205318286462870E-11
         1.003019452095032E+00         2.597744241938926E-07        -1.051799758400307E-10
         1.002997040748596E+00         6.730083867978465E-08        -3.466133283169803E-11
         1.002853035926819E+00         1.205022499561892E-07        -6.669291507943598E-11
         1.002832055091858E+00        -1.926134096663645E-08        -4.255113275619671E-11
         1.002634882926941E+00         4.755827731628415E-08        -5.348537238103468E-11
         1.002315402030945E+00         1.949222472319434E-08        -3.628213007811354E-11
         1.002142667770386E+00         1.534254749913089E-07        -8.547663965519092E-11
         1.002078890800476E+00         1.574711347984703E-07        -1.084536210838039E-10
         1.002043008804321E+00         7.532717205549488E-08        -4.454485391658380E-11
         1.001878142356873E+00         1.370619031604292E-07        -7.736715434969454E-11
         1.001977443695068E+00        -3.049294150514470E-07         1.145579464623125E-10
         1.001630067825317E+00        -1.991789275734845E-07         7.416153108286139E-11
         1.001756906509399E+00        -4.549447680801677E-07         1.630811735653381E-10
         1.001549482345581E+00        -3.499058038869407E-07         1.329265725269480E-10
         1.001357913017273E+00        -3.771122578655195E-07         1.491705092782070E-10
         1.001333475112915E+00        -5.982141146887443E-07         2.143231425666414E-10
         1.001212120056152E+00        -3.991041808149021E-07         1.269832988759489E-10
         1.001182794570923E+00        -4.785986789102026E-07         1.448991898689300E-10
         1.000791430473328E+00        -2.723865293319250E-07         6.485185999327570E-11
         1.000328898429871E+00        -1.543791761093871E-08        -5.446812272047463E-12
         1.000115752220154E+00         1.258378574675589E-07        -1.627484431943049E-11
         1.000107049942017E+00        -9.174471671258289E-08         7.393618356443810E-11
         1.000126242637634E+00        -2.840122306224657E-07         1.707984170762344E-10
         1.000066041946411E+00        -1.599284047415495E-07         1.145504593957902E-10
         1.000268101692200E+00        -5.512315510713961E-07         2.730882464607731E-10
         1.000149846076965E+00        -5.073031275060202E-07         2.291449530122946E-10
         1.000074625015259E+00        -3.335015037464473E-07         1.311756536725994E-10
         1.000208377838135E+00        -5.277489663058077E-07         2.020095618560092E-10
         1.000240564346313E+00        -3.677018014514033E-07         1.838421914701627E-10
         1.000062465667725E+00        -1.178094350962056E-07         1.027569557221497E-10
         9.999002814292908E-01        -8.233857329287275E-08         8.103723941887964E-11
         9.999133944511414E-01        -6.805850460978036E-08         7.636068860561451E-11
         9.998001456260681E-01         6.353590720209468E-08         3.989785932190237E-11
         1.000036239624023E+00        -1.431787950423313E-07         1.099768193180140E-10
         1.000047326087952E+00        -1.374743305859738E-07         8.889033259462664E-11
         1.000188469886780E+00        -2.061628094907064E-07         7.863691642295834E-11
         1.000253558158875E+00         8.500443016146164E-08        -4.734092284852665E-11
         1.000063896179199E+00         3.882449561842805E-07        -1.872070554131966E-10
         1.000135779380798E+00         4.582594570479159E-08        -4.261027294893971E-11
         9.999227523803711E-01         2.916141568221065E-07        -1.264267440737044E-10
         1.000341176986694E+00        -2.622456918288663E-07         5.152572812860967E-11
         1.000411152839661E+00        -4.358598459930363E-07         9.309564230619571E-11
         1.000352978706360E+00        -4.875326453657181E-07         1.088409362637321E-10
         1.000575780868530E+00        -8.916019851312740E-07         2.347480820841241E-10
         1.000469088554382E+00        -6.122281774878502E-07         1.524932818908198E-10
         1.000511527061462E+00        -4.486496152367181E-07         9.978503440200015E-11
         1.000576376914978E+00        -5.183979396861105E-07         1.500905927320773E-10
         1.000360012054443E+00        -4.386907050957234E-07         1.221189399602807E-10
         1.000613451004028E+00        -6.781062324989762E-07         2.101134960463824E-10
         1.000727772712708E+00        -6.846477731414780E-07         2.085776829030550E-10
         1.000860929489136E+00        -8.029687705857214E-07         2.756249950497391E-10
         1.000667929649353E+00        -5.018325168748561E-07         2.223932982214905E-10
         1.000548362731934E+00        -2.201189914785573E-07         1.132699489758693E-10
         1.000345945358276E+00        -8.135699403055696E-08         5.464933366949865E-11
         1.000210762023926E+00        -4.495537808679728E-08         2.535680172777166E-11
         1.000054836273193E+00         3.892498909863207E-07        -1.460962462118687E-10
         9.999669790267944E-01         6.343743734760210E-07        -2.415864730487272E-10
         9.996991753578186E-01         1.203751708089840E-06        -4.595811509133796E-10
         9.996873736381531E-01         9.020416200655745E-07        -3.026151551566159E-10
         9.997590184211731E-01         7.504910968236800E-07        -2.351139005707381E-10
         9.997844099998474E-01         7.249175837387156E-07        -2.137703070115293E-10
         1.000105619430542E+00         2.254817701441425E-07        -3.931571040949322E-11
         9.999051690101624E-01         3.035126212580508E-07        -6.985564210415518E-11
         1.000068306922913E+00         4.309224976850601E-08         1.445685845341549E-11
         9.999061822891235E-01         9.405766121517445E-08        -6.139021582751703E-12
         9.997990727424622E-01         2.028119183705712E-07        -5.164434158100306E-11
         9.999442100524902E-01         1.327480561030825E-07        -2.560613006352686E-11
         1.000236988067627E+00         3.845465812446491E-08        -2.002796192779321E-11
         1.000378727912903E+00        -3.122836176316923E-07         1.027794793717618E-10
         1.000427365303040E+00        -4.265450286311534E-07         1.373036961904717E-10
         1.000232100486755E+00        -1.045540187760707E-07        -1.113126604779247E-11
         9.999665021896362E-01         2.480407772509352E-07        -1.431638974036531E-10
         1.000137448310852E+00         9.365565745156346E-08        -8.418786501263043E-11
         9.999594688415527E-01        -1.169699093139798E-08        -2.838587004339033E-11
         9.998059272766113E-01        -2.515313894946303E-07         1.044275360628788E-10
         9.997259378433228E-01         9.229251674014449E-08        -2.427730932952343E-11
         9.998682737350464E-01         1.456767364516054E-07        -5.693691351726926E-11
         1.000255942344666E+00        -1.297862350924106E-08        -3.117215166548171E-11
         1.000124812126160E+00         1.927055421901969E-07        -1.222996010019628E-10
         1.000108957290649E+00        -2.074705207633087E-07         5.149064855047847E-11
         1.000336289405823E+00        -5.177719231141964E-07         1.621769524229322E-10
         1.000122666358948E+00        -3.520807467793929E-07         1.081373254829820E-10
         1.000145435333252E+00        -2.380395756063081E-07         8.331965672958574E-11
         1.000180006027222E+00        -8.306648879852219E-08        -1.533325202918157E-11
         1.000099897384644E+00         3.748674259895779E-09        -6.543197234032405E-11
         1.000079035758972E+00         1.701458387515231E-07        -1.282199207919277E-10
         1.000146269798279E+00         1.154338047371084E-08        -8.442799237506904E-11
         1.000154733657837E+00        -6.695636045606079E-08        -3.863767986111988E-11
         1.000056982040405E+00         9.475463969010889E-08        -1.118908993236190E-10
         9.999248385429382E-01        -2.570361914422392E-07         2.184220859735575E-11
         9.999121427536011E-01        -1.984204374139154E-07        -9.031409300974680E-12
         9.999119043350220E-01        -1.995323550829653E-08        -4.049444113363165E-11
         9.998715519905090E-01         2.514272239295678E-07        -1.284775619225798E-10
         9.999969601631165E-01        -1.172585157860340E-07         1.911450858704811E-11
         1.000038266181946E+00        -3.068397234073927E-07         9.614806867341841E-11
         9.999320507049561E-01        -1.351297953533503E-07         7.258130901854898E-11
         9.995416402816772E-01         6.401114660548046E-08         2.413932422007381E-11
         9.994882345199585E-01         1.252693948572414E-07        -1.154123845104049E-11
         9.990891814231873E-01         7.606140570715070E-07        -2.656544706436392E-10
         9.991637468338013E-01         7.236322971948539E-07        -2.677560950736790E-10
         9.996556639671326E-01         6.183611844789993E-09         1.099137165831710E-12
         9.998654723167419E-01        -4.834277547161037E-07         2.082225919464165E-10
         1.000060081481934E+00        -9.157107569990330E-07         3.888674937613246E-10
         1.000088095664978E+00        -1.030933162837755E-06         4.701787847949390E-10
         1.000422358512878E+00        -1.035473360389005E-06         4.299724465361976E-10
         1.000345110893250E+00        -8.558535000702250E-07         3.548101812356208E-10
         1.000443220138550E+00        -7.275694997588289E-07         2.712497726431451E-10
         1.000509381294250E+00        -8.836191796035564E-07         3.113538593613185E-10
         1.000357985496521E+00        -5.328843712959497E-07         1.953056744108395E-10
         1.000449657440186E+00        -4.185301349934889E-07         1.344148264914580E-10
         1.000404477119446E+00        -2.443638038585050E-07         2.024529155431054E-11
         1.000269889831543E+00         1.939155680474869E-07        -1.671011107262643E-10
         1.000219821929932E+00         2.494945192665909E-07        -1.688874318173106E-10
         1.000337481498718E+00        -1.225982373398438E-07        -5.312502174281697E-12
         1.000293016433716E+00        -1.978862940177351E-07         2.846637205469738E-12
         1.000303745269775E+00         3.635766887555292E-08        -1.020689713304712E-10
         9.999579787254333E-01         4.396530073336180E-07        -2.099144330580671E-10
         9.999940395355225E-01         3.011604121638811E-07        -8.428976960850321E-11
         9.998035430908203E-01         3.737720533081301E-07        -1.009355932168887E-10
         1.000069975852966E+00        -1.797189952412737E-07         6.169988131521364E-11
         1.000045537948608E+00        -2.729949812874111E-07         1.001242214138109E-10
         1.000107884407043E+00        -5.001377871849400E-07         1.880417349608976E-10
         9.998438358306885E-01        -3.909439385552105E-07         1.282006167890870E-10
         9.999339580535889E-01        -1.788317263162753E-07         6.047540940246066E-11
         1.000116467475891E+00        -4.282916847841989E-07         1.491587686697216E-10
         9.999124407768250E-01         2.342456006942939E-09         2.601594460693857E-11
         9.994977712631226E-01         3.389004916698468E-07        -5.171647832202808E-11
         9.997358918190002E-01         4.012762815364113E-07        -6.999813922936582E-11
         9.996503591537476E-01         4.137186806474347E-07        -9.477833101678712E-11
         9.998896718025208E-01        -5.301539474089623E-08         4.074292292433057E-11
         9.994962811470032E-01         1.371709856812231E-07        -2.710504997532892E-12
         9.993113875389099E-01         4.211082398342114E-07        -5.176234441073291E-11
         9.991108775138855E-01         8.013668661988049E-07        -1.971506430331615E-10
         9.993607401847839E-01         4.643354145628109E-07        -9.091974395580849E-11
         9.997740983963013E-01        -1.472634352239766E-07         1.157168041943102E-10
         1.000269770622253E+00        -8.332835363944469E-07         3.681755178508439E-10
         1.000184893608093E+00        -8.750192250772670E-07         3.951919069766774E-10
         9.999877214431763E-01        -2.888271808387799E-07         1.619477468794983E-10
         9.999824166297913E-01         6.126138174522566E-08         4.468785064215552E-11
         9.997535347938538E-01         3.036194584637997E-07        -6.647087047451095E-11
         9.989983439445496E-01         1.450158606530749E-06        -4.991662638786920E-10
         9.988571405410767E-01         1.382606569677591E-06        -4.198387471010534E-10
         9.990717768669128E-01         1.518792146271153E-06        -4.947114939923836E-10
         9.998598694801331E-01         3.645959907316865E-07        -1.183920739222799E-10
         1.000115871429443E+00        -2.326776353811510E-07         1.258168291773387E-10
         9.998906254768372E-01         3.877158292198146E-07        -6.718876149891528E-11
         1.000750422477722E+00        -9.402959904036834E-07         3.593597364126566E-10
         1.000404238700867E+00        -8.817492016532924E-07         2.593967263209151E-10
         1.000536084175110E+00        -8.746125104153180E-07         2.282830591227025E-10
         1.000774621963501E+00        -9.405558785147150E-07         2.348048144806825E-10
         1.000944614410400E+00        -1.443955966351496E-06         3.977731755089309E-10
         1.000604152679443E+00        -1.132368083744950E-06         3.165618878142595E-10
         9.998596906661987E-01        -3.474210785725518E-08        -6.599177454491567E-11
         9.998268485069275E-01         1.692627336069563E-07        -1.484437295307117E-10
         1.000334739685059E+00        -5.010195991417277E-07         9.380515114676413E-11
         1.000155806541443E+00        -2.904309894802282E-07         5.177346051876697E-11
         9.999614953994751E-01        -6.532589935659416E-08        -8.537752969883794E-12
         9.997566342353821E-01         7.503356300730957E-07        -3.393378356086885E-10
         1.000142216682434E+00         2.639589524733310E-07        -1.964200607718070E-10
         9.994633793830872E-01         1.312738845626882E-06        -5.773219680094144E-10
         9.996609687805176E-01         7.859463266868261E-07        -3.894592703890254E-10
         9.999606013298035E-01         5.092807242590425E-08        -1.330920096354049E-10
         1.000152230262756E+00        -2.914505046192062E-07        -8.836541741386039E-12
         1.000499129295349E+00        -7.411059641526663E-07         1.801652299571188E-10
         1.000675082206726E+00        -9.435123047296656E-07         2.698047896210198E-10
         1.000338792800903E+00        -9.197388095572023E-08        -6.100433352917989E-11
         1.000464439392090E+00        -2.478570024777582E-07        -1.180198300199109E-12
         1.000036358833313E+00         1.621887406599853E-07        -1.539916111292783E-10
         9.996112585067749E-01         5.355969960874063E-07        -2.291806189269607E-10
         9.994472861289978E-01         6.878444764879532E-07        -2.494894568716433E-10
         9.993551969528198E-01         8.215229172492400E-07        -2.919297303893842E-10
         9.993348121643066E-01         7.580127885375987E-07        -2.077885780105149E-10
         9.997606277465820E-01         1.903275403947191E-08         8.592199868262540E-11
         9.995979666709900E-01         1.117987036280965E-08         8.358944092456966E-11
         9.994580149650574E-01        -1.039040995465257E-07         1.258983473029218E-10
         9.990751147270203E-01         3.086443882693857E-07        -7.251726129309244E-12
