         1.000707149505615E+00        -1.267140703475889E-07         3.187113767344485E-11
         1.001652240753174E+00        -1.127474547502061E-06         3.285834659916276E-10
         1.001550912857056E+00        -7.832711048649799E-07         1.738263283312946E-10
         1.001231670379639E+00        -1.754022207478556E-07        -1.838576339785458E-11
         1.001721739768982E+00        -7.369120567091159E-07         2.266300619391259E-10
         1.001756310462952E+00        -1.096792274779546E-07        -6.145919190236881E-11
         1.002116203308105E+00        -6.694122021144722E-07         8.565990278208702E-11
         1.002007603645325E+00        -5.080288474346162E-07         1.310448694002986E-10
         1.002043962478638E+00        -7.051752959341684E-08        -8.599279621712697E-11
         1.001743555068970E+00         4.700144984326471E-07        -8.308498333775560E-11
         1.001499056816101E+00         1.420499074811232E-06        -3.400042192236441E-10
         1.001320600509644E+00         1.876650344456721E-06        -5.859467910873661E-10
         1.001930594444275E+00         4.929474357595609E-07        -1.469329102832262E-10
         1.002286434173584E+00        -5.454883762467944E-07         2.512449970293318E-10
         1.001870274543762E+00        -2.028444754387237E-07         9.384695798253517E-11
         1.001606822013855E+00         3.671250965453510E-07        -1.258091686384688E-10
         1.000985980033875E+00         1.214196117871325E-06        -4.279751830704726E-10
         1.000959515571594E+00         7.434717304022342E-07        -2.735206783288646E-10
         1.000776410102844E+00         6.359020972013241E-07        -2.442639979172156E-10
         1.001048922538757E+00        -1.721656062159127E-08        -1.864827216258025E-11
         1.000835418701172E+00         3.817695244379138E-07        -2.804812979095850E-11
         1.000303268432617E+00         9.526293069939129E-07        -1.889504108731899E-10
         1.000136494636536E+00         8.200715342354670E-07        -9.069572870501474E-11
         1.000160098075867E+00         4.958346266903391E-07         4.526005611960038E-11
         9.998475909233093E-01         3.016197354099859E-07        -9.620340114813164E-12
         9.998744726181030E-01        -4.418006369633076E-07         2.033267859635757E-10
         9.992605447769165E-01         2.226409350214453E-07        -8.695388853396935E-11
         9.990921616554260E-01         1.548384602756414E-07        -6.382318978870316E-11
         9.991419911384583E-01        -1.270705212164103E-07         1.444652453219675E-10
         9.988041520118713E-01         3.760672768748918E-07         7.450965192057346E-12
         9.988940954208374E-01         8.047785513554118E-07        -1.439754010457150E-10
         9.997801780700684E-01        -1.979815209551816E-07         1.286763057217755E-10
         9.998019933700562E-01        -7.427054082853601E-09         3.351072197510518E-11
         9.997247457504272E-01         6.407506134564755E-07        -1.624720219473019E-10
         1.000034928321838E+00         3.976085167778365E-07        -2.292365880451896E-10
         9.998547434806824E-01         1.175530428554339E-06        -3.202419718295602E-10
         1.000253677368164E+00         4.678154255088884E-07        -1.109199607163269E-10
         1.000416874885559E+00         1.617925136088161E-07        -6.131256613528535E-11
         1.000217676162720E+00         3.878967049786297E-07        -7.194132789489771E-11
         1.000108838081360E+00         4.160096125360724E-07        -1.637951579924746E-10
         9.999660849571228E-01         1.442979140620082E-07        -1.880665762010736E-10
         1.000203371047974E+00        -5.067167876404710E-07        -1.448228603012636E-11
         1.000218510627747E+00        -4.535724542620301E-07        -1.933258587938358E-11
         9.995902180671692E-01         1.544198511282957E-07        -1.432716723037686E-10
         9.994123578071594E-01         4.585595547723642E-07        -1.956937528690972E-10
         9.999874830245972E-01        -1.629929045066092E-07        -1.445828179402753E-10
         9.999504089355469E-01         3.623262898599933E-07        -2.164630835688186E-10
         1.000078082084656E+00         3.830707555607660E-07        -2.562602630096222E-10
         1.000392913818359E+00        -2.398526532942924E-08        -7.845520760829672E-11
         1.000051975250244E+00         2.753157275492413E-07        -4.517705654016879E-11
         9.998326301574707E-01         5.392861339714727E-07        -3.617416435841569E-11
         9.997145533561707E-01         2.158075034230933E-07        -2.244378988214280E-11
         9.998155236244202E-01        -2.382939783274196E-07         2.354484662792089E-10
         9.994332194328308E-01         1.480293718714165E-07         7.283488395737336E-11
         9.990122318267822E-01         7.662527536922425E-07        -1.976633023925700E-10
         9.986950159072876E-01         8.817794423521264E-07        -1.937427440701356E-10
         9.988867044448853E-01         6.404948180716019E-07        -1.541214933453716E-10
         9.988303780555725E-01         7.912174169177888E-07        -1.997374488027504E-10
         9.989519715309143E-01         6.651304715887818E-07        -1.466370080915880E-10
         9.990941882133484E-01         6.226791811059229E-07        -2.445054159139204E-10
         9.990324378013611E-01         8.111964007184724E-07        -1.801432752968068E-10
         9.992580413818359E-01         5.943571181887819E-07        -2.009887117848663E-10
         9.991946220397949E-01         9.429828651263961E-07        -2.789376785106157E-10
         9.995317459106445E-01         7.370084063040849E-07        -2.185542163912757E-10
         1.000137925148010E+00         4.397991517635091E-07        -3.016583649539939E-10
         1.000137686729431E+00         2.312248312819065E-07        -1.819879524855850E-10
         1.000035881996155E+00        -1.091313137635552E-07        -2.655730149681013E-11
         9.999444484710693E-01         8.378539639863902E-09         3.818591970405905E-11
         9.998852014541626E-01         8.260821715566635E-08         1.152618209210310E-10
         1.000026583671570E+00         1.846570967245498E-07         1.294547524732792E-10
         1.000353217124939E+00        -3.847801224310388E-07         2.032412849128917E-10
         1.000497817993164E+00        -1.057019289874006E-06         4.038826217911407E-10
         1.000109910964966E+00        -7.322921078412037E-07         2.398441445450317E-10
         9.998100399971008E-01        -3.070902323543123E-07         3.833749637194295E-11
         9.989214539527893E-01         4.115947547234100E-07        -8.046586313925630E-11
         9.992393255233765E-01         2.450106251217221E-08         1.903644776535263E-11
         9.996756315231323E-01        -4.553909960236524E-08         1.102469851521626E-10
         9.998720288276672E-01        -3.755533271032618E-07         2.926135167502508E-10
         1.000001788139343E+00        -8.223998406720057E-07         4.552208054953155E-10
         1.000023007392883E+00        -9.100680244955583E-07         3.949661708801955E-10
         9.998724460601807E-01        -1.954534525339113E-07         1.254396309047223E-10
         9.990214705467224E-01         4.295447979529854E-07        -2.217419720063063E-10
         9.985201954841614E-01         9.376105936098611E-07        -3.581744345559912E-10
         9.989891052246094E-01         5.706342562916689E-07        -2.434050461186388E-10
         9.999497532844543E-01        -4.980478252036846E-07         4.300096390075225E-11
         1.000065684318542E+00        -6.917222776792187E-07         1.301279362042607E-10
         9.996978044509888E-01        -3.988801040577528E-07         7.103711369138566E-11
         9.998576045036316E-01        -2.835561758729455E-07        -5.824894039330175E-11
         1.000259876251221E+00        -9.013915587274823E-07         2.252132508262505E-10
         9.999184012413025E-01        -3.117558549092792E-07         9.526276989468840E-11
         9.992662668228149E-01         6.998383810241648E-07        -2.189211867342777E-10
         9.993268251419067E-01         2.658320568116324E-07        -1.520121528653107E-10
         9.989029169082642E-01         8.591333653384936E-07        -2.519602304573709E-10
         9.990283250808716E-01         5.805039222650521E-07        -2.513786123703454E-10
         9.996630549430847E-01        -2.181032954240436E-07        -1.960300845260665E-11
         9.995861053466797E-01        -1.763834802659403E-07         4.472198306126884E-11
         9.994482994079590E-01        -1.694987616929211E-07         1.161589227582915E-10
         9.998129010200500E-01        -6.863946282464894E-07         2.222973749521628E-10
         9.994268417358398E-01        -2.392693829733616E-07         2.206388266534631E-10
         9.995955824851990E-01        -4.636629284959781E-07         2.751627259378608E-10
         9.993785023689270E-01         2.497052875582995E-08         1.453730330558400E-10
         9.991414546966553E-01         8.191683491531876E-07        -1.579724372147151E-11
         1.000122427940369E+00         2.284455007384167E-07         1.853557307640585E-10
         1.000433087348938E+00         3.100103072029015E-07         8.681732416304655E-11
         1.000888466835022E+00        -4.412243583828968E-07         1.674858862710238E-10
         1.001553535461426E+00        -1.225511596203432E-06         2.918474906188351E-10
         1.001410603523254E+00        -1.366412902825687E-06         3.991151020787953E-10
         1.001006007194519E+00        -1.072219220077386E-06         2.193957376883660E-10
         1.000900506973267E+00        -1.301924498875451E-06         2.995054204646408E-10
         1.000895142555237E+00        -1.406736942044517E-06         3.938586401464050E-10
         1.000669717788696E+00        -1.098625375561824E-06         3.350149047065543E-10
         9.999331235885620E-01        -1.649453338359308E-07         2.894685185994561E-11
         9.992874860763550E-01         5.495307959790807E-07        -1.101604502062870E-10
         9.995393753051758E-01         6.812261403865705E-07        -1.215746670002460E-10
         1.000313282012939E+00        -5.974661689833738E-07         1.987227327138186E-10
         1.000119686126709E+00        -1.840089254301347E-07         1.650660580443386E-10
         1.000358104705811E+00        -1.303140919617363E-07        -6.869612517723667E-11
         1.000276327133179E+00        -1.976617447496665E-08        -1.237991931191118E-10
         1.000418066978455E+00         3.215014743318534E-08        -1.936896060206195E-10
         1.000386357307434E+00         8.176531309800339E-07        -4.098700823185197E-10
         1.000307679176331E+00         9.731911632115953E-07        -4.998829128410875E-10
         1.000305175781250E+00         7.567134616692783E-07        -3.812350990450852E-10
         1.000360250473022E+00         5.511330414265103E-07        -4.339121284502312E-10
         1.000193476676941E+00         5.661924546984665E-07        -4.145803422783700E-10
         1.000127911567688E+00         2.461559063249297E-07        -2.722925496190243E-10
         1.000177860260010E+00         2.066609567918931E-07        -2.423330702772120E-10
         9.999930262565613E-01         5.829629117215518E-07        -3.929153946646835E-10
         9.996817111968994E-01         7.648721407349512E-07        -3.787532232291113E-10
         9.992080330848694E-01         1.482714310441224E-06        -4.905637562835352E-10
         9.988017678260803E-01         1.727735593703983E-06        -5.473069775163708E-10
         9.987565875053406E-01         1.655688720347825E-06        -5.616436205002628E-10
         9.987125992774963E-01         1.792017542356916E-06        -7.058008066884724E-10
         9.990884661674500E-01         1.365253410767764E-06        -5.660441559918183E-10
         9.992237091064453E-01         1.016550640997593E-06        -4.391204067033527E-10
         9.994429945945740E-01         7.327673756662989E-07        -3.477613752522757E-10
         9.992281794548035E-01         9.112982866099628E-07        -3.546721527580843E-10
         9.992625713348389E-01         1.769212474300730E-07        -9.479291657177313E-11
         9.991495013237000E-01         1.635382318454504E-07        -3.787359661999723E-11
         9.992382526397705E-01         9.233843201172931E-08        -7.727158322923255E-12
         9.994097352027893E-01        -2.182911060799597E-07         5.013130535691523E-12
         9.992662072181702E-01        -1.632249677641084E-07         1.171218955153819E-10
         9.993031024932861E-01         2.599663240232530E-08         5.105179473607890E-11
         9.994633793830872E-01         5.965270588603744E-08        -5.550544399102186E-11
         9.996365904808044E-01        -9.142755885704901E-08         1.272198752594322E-11
         9.995344877243042E-01         1.148364816572212E-07        -6.321049239588206E-11
         9.994216561317444E-01         2.529633036374435E-07        -9.241700460460578E-11
         9.995974302291870E-01         1.494372803279020E-08         1.125964529946621E-10
         1.000156521797180E+00        -7.854785053496016E-07         3.879193910538703E-10
         1.000298619270325E+00        -5.049564606451895E-07         2.580073654723236E-10
         1.000215291976929E+00        -1.747318520983754E-07         1.531221954786943E-10
         9.999771118164062E-01         5.425371227829601E-07         1.658061058243399E-12
         9.998382925987244E-01         1.027609755510639E-06        -1.466709254049903E-10
         9.999519586563110E-01         1.122047478929744E-06        -1.743711702806294E-10
         1.000078916549683E+00         9.551520179229556E-07        -4.352175217436915E-11
         1.000226616859436E+00         8.774566140345996E-07        -4.467611697256402E-11
         1.000391721725464E+00         3.888590356382338E-07        -1.402779194886739E-11
         1.000328540802002E+00         4.676741696130193E-07        -1.358303608478550E-10
         1.000353097915649E+00         2.405591317256039E-07        -1.449760311800219E-10
         1.000603199005127E+00        -1.136496408093990E-07        -2.149606014023586E-11
         1.000667691230774E+00        -9.375624898666501E-08        -1.696968086883910E-11
         1.000779867172241E+00        -4.529260877461638E-07         1.389284520758594E-10
         1.000919818878174E+00        -7.564029260720417E-07         2.379131613938767E-10
         1.001078009605408E+00        -1.485848883930885E-06         3.438291873436583E-10
         1.000966668128967E+00        -1.839520678004192E-06         4.369175854446183E-10
         1.000538229942322E+00        -1.453112531635270E-06         3.554591898602411E-10
         1.000377893447876E+00        -1.065208493855607E-06         3.044371976734794E-10
         1.000447273254395E+00        -1.057753820532525E-06         2.589619352288963E-10
         1.000259757041931E+00        -7.132456403269316E-07         2.883010219445481E-10
         1.000151991844177E+00        -5.284978215058800E-07         2.719459379907363E-10
         9.999703764915466E-01        -5.932516273787769E-07         2.592068504281286E-10
         9.997252821922302E-01        -3.466346925051766E-07         2.001571408616343E-10
         1.000029087066650E+00        -6.646180850111705E-07         2.059361292605644E-10
         9.999748468399048E-01        -5.872550445928937E-07         3.642902923761682E-10
         1.000026106834412E+00        -7.500988203901215E-07         3.623474020830741E-10
         1.000203371047974E+00        -9.898399184748996E-07         3.637600221040316E-10
         1.000133752822876E+00        -7.685002287871612E-07         3.095574074851726E-10
         1.000671267509460E+00        -1.280183937524271E-06         3.807104909103742E-10
         9.982203245162964E-01         1.549809780954092E-06        -2.907113438865849E-10
         9.986654520034790E-01         1.098204506888578E-06        -2.342922800213643E-10
         9.999114871025085E-01        -7.472006018360844E-07         3.231347966980991E-10
         1.001519680023193E+00        -2.572548055468360E-06         8.613619262298755E-10
         1.002410888671875E+00        -3.446268237894401E-06         1.101331248420934E-09
         0.000000000000000E+00         0.000000000000000E+00         0.000000000000000E+00
         0.000000000000000E+00         0.000000000000000E+00         0.000000000000000E+00
         0.000000000000000E+00         0.000000000000000E+00         0.000000000000000E+00
         1.000028967857361E+00         7.764261908960179E-07        -1.140001093524745E-09
         1.000231504440308E+00         9.311498843089794E-07        -1.386393444491318E-09
         9.998528361320496E-01         1.942613607752719E-06        -2.084381334199747E-09
         9.995850920677185E-01         1.604100134500186E-06        -1.149523254362350E-09
         9.997360110282898E-01         9.847605042523355E-07        -8.162621967233719E-11
         1.000500440597534E+00         7.409185798223916E-08         5.938445265044057E-13
         1.000868320465088E+00        -2.475192104611779E-07        -8.270579360258878E-11
         1.000761985778809E+00        -5.066627863925532E-07         2.628040797134079E-12
         1.000731706619263E+00        -7.362615974670916E-07         1.216772377299336E-10
         1.001049637794495E+00        -9.161366278931382E-07         2.305921148471057E-10
         1.001357793807983E+00        -1.252942183782579E-06         2.281836247730595E-10
         1.001293540000916E+00        -1.470554252591683E-06         2.586283409655721E-10
         1.000938653945923E+00        -8.107906523946440E-07         2.361113214666144E-11
         1.001124024391174E+00        -1.368074094898475E-06         6.759802440026164E-11
         1.001279234886169E+00        -1.279788421015837E-06         1.055195306132184E-10
         1.000883936882019E+00        -4.749265087866661E-07         6.799689283853994E-11
         1.000201344490051E+00         6.278276600824029E-07        -1.176734681918035E-10
         1.000218749046326E+00         6.498497100437817E-07        -8.048225280665733E-11
         9.999659061431885E-01         1.040870188262488E-06        -1.389838383270003E-10
         1.000011920928955E+00         1.307064280808845E-06        -2.628028905604651E-10
         1.000356316566467E+00         1.187864199891919E-06        -1.874857769035287E-10
         1.000878334045410E+00         3.142459377158957E-07        -7.522719253083565E-11
         1.000957369804382E+00         2.484151764292619E-07        -9.176649717890228E-11
         1.000671029090881E+00         4.587925843679841E-07        -8.925473554688423E-11
         1.000438451766968E+00         3.298496551451535E-07        -6.997636498029536E-11
         1.000410795211792E+00         1.390854009741815E-07        -1.080613237780526E-10
         1.000488281250000E+00         1.565463207953144E-07        -1.664807736112550E-10
         1.000527143478394E+00         8.472334656062230E-08        -2.146989253049014E-10
         1.000607371330261E+00         1.031700165299299E-07        -1.034144089806510E-10
         1.000518441200256E+00        -6.494676796364729E-08         7.154399902370434E-12
         1.000349521636963E+00        -8.391656081130350E-08         3.920113192390495E-11
         1.000283122062683E+00        -1.734935750619115E-07        -2.569043068556542E-11
         1.000072121620178E+00        -4.481902848851860E-08        -3.237195234095935E-11
         9.999487400054932E-01         2.468884474637889E-07        -1.392306409053745E-10
         9.997054338455200E-01         5.784506242889620E-07        -1.490435969087045E-10
         9.997897744178772E-01         4.463446430236218E-07        -4.961885416432388E-11
         1.000234603881836E+00        -1.209719044936719E-07         7.778323124485453E-11
         1.000195026397705E+00        -4.153507404680568E-07         7.725826922655443E-11
         9.999292492866516E-01        -9.467494521686604E-08        -1.438591953895063E-11
         1.000104665756226E+00        -3.088877065238194E-07        -1.469036871315499E-11
         1.000067234039307E+00        -6.440363335968868E-07         1.173857816505475E-10
         9.992789030075073E-01         2.450588283409161E-07        -9.632870889841882E-11
         9.990508556365967E-01         4.597878842105274E-07        -1.594145926375745E-10
         9.991888403892517E-01         1.032895653452215E-07        -5.199780189757419E-11
         9.990681409835815E-01         1.382940979510749E-07        -6.178161454650777E-11
         9.990943074226379E-01         1.305273826801567E-07        -1.313402581137879E-10
         9.994519352912903E-01        -7.464115014954587E-08        -1.771568447495042E-10
         9.992529749870300E-01         3.858919512822467E-07        -1.701884605465054E-10
         9.989154934883118E-01         8.237774977715162E-07        -1.195399890185911E-10
         9.989776015281677E-01         6.083236030463013E-07        -2.995664480365257E-11
         9.987503886222839E-01         1.492246042289480E-06        -1.277412897682240E-10
         9.988948106765747E-01         1.307022216678888E-06        -8.029042014578991E-11
         9.990998506546021E-01         8.566281621824601E-07         6.130513197782905E-12
         9.994455575942993E-01         5.086904479867371E-07         4.043415949284146E-11
         1.000072121620178E+00        -2.623994532768847E-07         1.109049727054945E-10
         1.000256657600403E+00        -1.284674908674788E-07         3.421624442112581E-11
         1.000208139419556E+00        -1.030120415634883E-07         5.286975371388003E-11
         9.998322129249573E-01         1.657816000033563E-07        -6.276307945585202E-11
         9.997115731239319E-01         2.014551192530689E-08         1.171811345873630E-12
         9.997218251228333E-01         2.488328334493417E-07         3.420514566032651E-11
         9.994964599609375E-01         7.217476536425238E-07        -5.633975924679291E-12
         9.995296001434326E-01         6.016420570631453E-07         7.023074830025955E-12
         9.997716546058655E-01         3.085457933593716E-07         4.249723489779811E-11
         1.000188708305359E+00        -6.848663929304166E-07         1.978729402551949E-10
         1.000213623046875E+00        -1.097810013561684E-06         2.460472103837930E-10
         1.000188112258911E+00        -9.139470193986199E-07         8.784420413299188E-11
         1.000316262245178E+00        -9.733003025758080E-07         1.030323951156653E-10
         1.000281810760498E+00        -6.379076467055711E-07         7.220206377223093E-11
         9.999101758003235E-01        -1.513818546072798E-07        -3.796652575660531E-11
         9.995673298835754E-01        -7.959533832035959E-08         4.899654293399891E-11
         9.996541142463684E-01        -3.316085326332541E-07         1.304990560058172E-10
         9.998079538345337E-01        -4.908327468911011E-07         8.909514792598827E-11
         9.997038245201111E-01        -7.805843083019681E-09         7.200013588809506E-12
         9.999411702156067E-01         7.711593497106151E-08        -1.902836221923110E-11
         9.999534487724304E-01         1.733604904075037E-08         5.063952729367216E-11
         9.998895525932312E-01        -8.002828622011293E-08         7.478168778662919E-11
         9.996199607849121E-01         1.221138177243120E-07         5.139209197091432E-11
         9.994233250617981E-01         3.907150016857486E-07        -7.305030191862016E-11
         9.995000958442688E-01         1.323307401435159E-07         3.537412029963605E-11
         9.992363452911377E-01         7.324891271309752E-07        -1.126233689641154E-10
         9.991958141326904E-01         6.490050168395101E-07        -5.608643063870211E-11
         9.993909597396851E-01         3.897844464972877E-07        -7.131624457645813E-11
         9.996736645698547E-01         1.216918406043987E-07         4.326121058606525E-12
         9.996426701545715E-01         3.576634988178284E-09         4.383954310682725E-11
         9.996563196182251E-01        -5.101971467524891E-08        -7.805631141444280E-12
         9.993799924850464E-01         2.377766321615127E-07        -1.423726969651540E-10
         9.993963837623596E-01         3.907079815235193E-07        -2.188533937408366E-10
         9.996598362922668E-01        -8.344201063437140E-08        -7.508162147562558E-11
         9.998922944068909E-01        -4.605460048878740E-07         4.686449839308438E-11
         9.999129772186279E-01         6.681853648160541E-08        -1.976569428963071E-11
         1.000258803367615E+00        -2.839752539784968E-07         2.406594194759304E-11
         1.000118613243103E+00         9.228577368958213E-08        -9.813782425593942E-11
         1.000107884407043E+00        -1.333996024754924E-08        -1.084465850453853E-10
         9.998111128807068E-01         4.636780488453951E-07        -1.606931254727328E-10
         9.996838569641113E-01         1.824779047865377E-07        -2.458407262484474E-11
         9.990891814231873E-01         1.176601585939352E-06        -1.816877204241507E-10
         9.991691112518311E-01         1.004062369247549E-06        -1.798273474573620E-10
         9.993121027946472E-01         8.874245054357743E-07        -2.257061065824573E-10
         9.996389150619507E-01         5.187100100556563E-07        -2.380794172918144E-11
         9.997445344924927E-01         7.423977876896970E-07        -1.002674263061998E-10
         9.997289180755615E-01         9.663290256867185E-07        -1.226509033225298E-10
         9.999388456344604E-01         9.611617315385956E-07        -2.584285285767152E-10
         9.999542236328125E-01         3.047705945391499E-07         1.049080440573835E-11
         9.999150037765503E-01         8.326235700906182E-08         1.120976436674859E-10
         9.999269843101501E-01        -1.566863687685327E-07         8.573845106107925E-11
         1.000093936920166E+00        -6.234905640667421E-07         8.044755139824389E-11
         9.997563362121582E-01        -2.287351463792220E-07         8.113811011956074E-11
         9.999858736991882E-01        -7.819338634362794E-07         1.622853795790746E-10
         9.998782277107239E-01        -2.506544944935740E-07        -4.069394560907158E-12
         1.000194787979126E+00        -7.321270913962508E-07         1.840552710241639E-10
         1.000119209289551E+00        -5.179829258850077E-07         2.487278716323260E-10
         9.995843172073364E-01         3.337564749017474E-07         2.108568528114141E-11
         9.998742341995239E-01        -1.623729559696585E-07         8.597191708537011E-11
         1.000374436378479E+00        -5.296969902701676E-07         8.732824879897905E-11
         1.000496745109558E+00        -3.647788844318711E-07        -3.253583860662879E-11
         1.000352263450623E+00        -2.389572557603969E-07        -4.053963761907475E-11
         1.000055074691772E+00         2.269179617542250E-07        -8.748973767680468E-11
         1.000370025634766E+00        -1.332660559683063E-07        -1.417734540876125E-10
         1.000478863716125E+00        -5.147468939981081E-08        -1.189871257079034E-10
         1.000647902488708E+00         1.154408053594125E-07        -2.751143757251384E-10
         1.000924825668335E+00        -6.026791652402608E-07        -1.252796390932565E-11
         1.000794649124146E+00        -5.518174361895944E-08        -8.820989078062169E-11
         1.000528097152710E+00         2.577967848083063E-07        -1.025583368230443E-10
         9.999519586563110E-01         8.654018870402069E-07        -2.512782482089193E-10
         9.999054670333862E-01         7.160546147133573E-07        -2.571686197327949E-10
         1.000289916992188E+00         6.048626346455421E-07        -2.451469027775488E-10
         1.000065684318542E+00         1.094460003514541E-06        -3.463910269729809E-10
         9.998748898506165E-01         9.272312695429719E-07        -2.514218555571546E-10
         9.997801184654236E-01         6.607700697713881E-07        -1.445448344350453E-10
         9.994916319847107E-01         8.231394872382225E-07        -2.186038988716277E-10
         9.990795850753784E-01         9.804016372072510E-07        -2.026409318123257E-10
         9.990894794464111E-01         1.001999521577090E-06        -2.658864517446347E-10
         9.993941187858582E-01         2.599623201149370E-07        -1.277490613293963E-10
         9.994329810142517E-01         1.727877219082075E-07        -9.214318197336979E-11
         9.999217987060547E-01        -1.662814952396729E-08        -2.164675903804092E-11
         1.000002980232239E+00         4.469340808554989E-07        -7.393243656172999E-11
         9.999920129776001E-01        -2.715616354009853E-08        -2.283879682596357E-11
         9.992319941520691E-01         8.538644920008664E-07        -1.759350720664798E-10
         9.991849660873413E-01         8.235419386437570E-07        -8.850839505747388E-11
         9.994577169418335E-01         4.986765702597040E-07         3.284212832244116E-11
         9.996651411056519E-01         3.189445294538018E-07         6.752250841790541E-11
         9.997627735137939E-01        -3.982289058512833E-07         2.193576847941969E-10
         9.997686147689819E-01        -4.536490223472356E-07         2.057904957553092E-10
         1.000066637992859E+00        -7.514614139836340E-07         2.106474439322881E-10
         9.997876882553101E-01        -4.340437840255618E-07         1.370609875595008E-10
         9.996839761734009E-01        -9.354252483717573E-07         2.564319034892293E-10
         9.997451901435852E-01        -9.562972991261631E-07         2.426776557484800E-10
         1.000175952911377E+00        -9.798711744224420E-07         2.308603447298552E-10
         1.000355243682861E+00        -7.910684303169546E-07         3.011031424193789E-10
         1.000348806381226E+00        -3.822447638412996E-07         1.738543475848786E-10
         1.000161767005920E+00         1.034304446534406E-07         8.655112043731705E-11
         1.000124812126160E+00         1.593593168536245E-07         1.260885423848279E-10
         9.999710917472839E-01         1.118182026971226E-07         1.943466915177439E-10
         9.997378587722778E-01         1.534228175614771E-07         8.403841511572807E-11
         9.997358322143555E-01         2.585390390663633E-08         4.613458226554457E-11
         9.996803402900696E-01         1.974210164235046E-07        -5.924729457040812E-11
         9.999019503593445E-01         1.983569717367573E-07        -6.370109995046391E-11
         1.000009536743164E+00        -1.936494413712353E-07         2.790401243402130E-11
         9.998037219047546E-01         4.506400141934819E-09         1.591362458475132E-11
         9.998526573181152E-01        -5.251761194813298E-07         3.808307488806228E-11
         1.000133395195007E+00        -9.093863582165795E-07        -1.329144867084908E-11
         1.000209093093872E+00        -4.305544507587911E-07         4.359195990288889E-11
         1.000608801841736E+00        -5.504574005499308E-07         2.274572370730699E-11
         1.000524997711182E+00         3.224549871561067E-08         7.582294514474341E-11
         1.000396013259888E+00         1.773175029029517E-07         8.020783343054561E-11
         9.999160170555115E-01         8.317924198308901E-07        -1.147208023022372E-10
         9.993112087249756E-01         1.474035911996907E-06        -1.752196582271992E-10
         9.993903636932373E-01         9.481737492933462E-07        -4.916509907526567E-12
         9.993266463279724E-01         1.234981027664617E-06        -2.214906869024702E-10
         9.993241429328918E-01         1.123876586461847E-06        -2.420294242799770E-10
         9.997808337211609E-01         6.626952426813659E-07        -1.115540923524172E-10
         9.996795058250427E-01         6.673090524600411E-07        -9.347402019077578E-11
         9.993485212326050E-01         1.265889295609668E-06        -2.065380644289405E-10
         9.991030693054199E-01         2.031838903349126E-06        -3.189042363516137E-10
         9.991137981414795E-01         2.276485929542105E-06        -3.443077767339986E-10
         9.990732669830322E-01         2.458949211359140E-06        -3.091217559703097E-10
         9.991126656532288E-01         2.568356194387889E-06        -3.119269287310544E-10
         9.993059039115906E-01         2.117525355060934E-06        -2.353079953110182E-10
         9.974281787872314E-01         4.080449343746295E-06        -7.248786570990262E-10
         9.989360570907593E-01         2.290126303705620E-06        -3.244988444617292E-10
         9.983615875244141E-01         3.060516291952808E-06        -4.913026652175745E-10
         0.000000000000000E+00         0.000000000000000E+00         0.000000000000000E+00
         0.000000000000000E+00         0.000000000000000E+00         0.000000000000000E+00
         0.000000000000000E+00         0.000000000000000E+00         0.000000000000000E+00
         0.000000000000000E+00         0.000000000000000E+00         0.000000000000000E+00
         1.001170396804810E+00        -4.141776116739493E-06         2.127049203437537E-09
         1.000821352005005E+00        -1.502385202911682E-06        -7.920953476459047E-11
         1.001013278961182E+00        -1.628487211746688E-06         1.790403381107808E-10
         1.001178979873657E+00        -1.646923919906840E-06        -2.474672411434398E-10
         1.000994920730591E+00        -1.556007418912486E-06        -2.277372457282212E-10
         1.000736832618713E+00        -9.811782319957274E-07        -3.576137996841311E-10
         1.000788450241089E+00        -9.993781304729055E-07        -3.754258293131585E-10
         1.000657320022583E+00        -1.072039253813273E-06        -3.491120448284590E-10
         1.000697612762451E+00        -1.204322416015202E-06        -3.410546567383932E-10
         1.000346899032593E+00        -1.119792841564049E-06         2.117628850051290E-10
         1.000571131706238E+00        -1.232285399055399E-06         2.821650135764742E-10
         1.000380516052246E+00        -9.252493669009709E-07         2.210326643936611E-10
         1.000591993331909E+00        -1.137841422860220E-06         2.476035487752881E-10
         1.000738620758057E+00        -1.172923248304869E-06         2.396352283273728E-10
         1.000732421875000E+00        -8.927136150305159E-07         7.715098698790612E-11
         1.000575900077820E+00        -7.723739940956875E-07         4.016419835606300E-11
         1.000683546066284E+00        -5.537195875149337E-07        -4.351965454674200E-10
         1.000628471374512E+00        -3.782223245707428E-07        -4.760659089164676E-10
         1.000001907348633E+00         9.211286311483491E-08         4.813895462807416E-11
         9.996733665466309E-01         1.932480273580950E-07         6.195521179419572E-11
         9.996576309204102E-01         3.750620862774667E-07         9.369793135816096E-11
         1.000134944915771E+00         4.023856376988988E-07        -5.702779359850751E-10
         9.997559785842896E-01         6.671601795460447E-07        -6.075171476993546E-10
         9.995498657226562E-01         4.022250834623264E-07         1.664318544092325E-10
         9.999639391899109E-01         1.391710924281142E-08         2.801210097214124E-10
         1.000266551971436E+00        -2.489530288585229E-07         2.946383415025622E-10
         1.000190138816833E+00        -2.434230452763586E-07         3.099093759395544E-10
         1.000035643577576E+00        -2.367514326806486E-07         3.203011744723483E-10
         1.000062942504883E+00         5.411466474924964E-08         2.200866988655292E-10
         1.000262141227722E+00        -1.885614153707138E-07         3.008009119565003E-10
         1.000254511833191E+00        -9.474370443740554E-08         2.442122892798437E-10
         1.000368356704712E+00        -9.622037566714425E-08         1.270874794290222E-10
         1.000510096549988E+00        -2.768499882677133E-07         2.701994183951228E-10
         1.000448584556580E+00        -2.928161677573371E-07         2.958704115041400E-10
         1.000574946403503E+00        -2.518723078992480E-07        -3.462447550894865E-10
         1.000278115272522E+00        -4.468076895136619E-07         2.871178295116295E-10
         1.000204563140869E+00        -3.686234890665219E-07         2.608165627915326E-10
         1.000051975250244E+00         7.737973106713980E-08         2.159781797850258E-10
         1.000172495841980E+00         1.639754003690541E-07         2.283899458443983E-10
         1.000115513801575E+00         1.099364581591544E-07         2.764462825322056E-10
         1.000721454620361E+00        -8.880883797246497E-07        -1.612205507983688E-10
         1.000353455543518E+00        -3.877497078974557E-07        -2.518865671596870E-10
         9.997940063476562E-01         3.677002666790941E-07        -3.281772423258111E-11
         9.998851418495178E-01         1.378883638381012E-07         3.221232725003631E-10
         1.000380635261536E+00        -2.502276572613482E-07         3.768806655646273E-10
         1.000510573387146E+00        -4.226562566600478E-07         3.653742031151097E-10
         1.000322341918945E+00        -6.676964972029964E-07         4.893012661710827E-10
         1.000641822814941E+00        -1.194486117128690E-06        -7.057607970262225E-11
         1.000489115715027E+00        -1.026514837576542E-06        -1.097068547117885E-10
         1.000136971473694E+00        -7.299343565136951E-07        -1.716253805739143E-10
         1.000188350677490E+00        -3.663319319002767E-07        -2.190381764854976E-10
         1.000097632408142E+00         4.334315306664394E-08         2.399249965368000E-10
         9.998797774314880E-01         3.390730114460894E-07         1.800241899996280E-10
         1.000232338905334E+00         1.535690188347871E-07         2.279169908359080E-10
         1.000624179840088E+00         1.399332916207641E-07        -3.681342730654791E-10
         1.000873684883118E+00        -5.549767365664593E-07        -1.998892579235800E-10
         1.000533223152161E+00        -3.920615370134328E-07        -2.595539339012021E-10
         9.999600648880005E-01         7.733020623845732E-08        -3.418489380457856E-10
         9.994381666183472E-01         1.894132708457619E-07        -2.919236519183244E-10
         9.992171525955200E-01         3.892619986345380E-07        -3.621238031659146E-10
         9.989268183708191E-01         3.658912532955583E-07         2.822639899591195E-10
         9.990906119346619E-01         1.383126715381877E-07         2.769047213746489E-10
         9.988624453544617E-01         5.065351160737919E-07         2.212819927294163E-10
         9.989655613899231E-01         6.499885785160586E-07         1.763399287701972E-10
         9.997360706329346E-01         4.225133238833223E-07        -4.041232348761525E-10
         9.999698400497437E-01         3.804511834459845E-07        -3.470733700439155E-10
         1.000294089317322E+00        -2.616157530610508E-07        -2.581754254826762E-10
         1.000107169151306E+00        -3.010348450516176E-07        -2.201719639938204E-10
         9.996390342712402E-01         3.061990696551220E-07         1.794527998422168E-10
         9.996761679649353E-01         4.802599278264097E-07         1.876102190268014E-10
         9.998710155487061E-01         3.972366755533585E-07         2.061913972895013E-10
         9.996063709259033E-01         8.585445243625145E-07         8.414232505193908E-11
         9.996972680091858E-01         7.062599252094515E-07         9.591012012366562E-11
         1.000256180763245E+00         2.081345940041501E-07        -3.270267945332250E-10
         1.000050306320190E+00         6.669867502751003E-07        -1.257932230602776E-10
         1.000374913215637E+00         4.484113347302809E-08        -3.432612249998357E-10
         9.995893239974976E-01         5.559264764087857E-07         1.008731709273292E-10
         9.999797344207764E-01         2.980360704896157E-07        -3.839926432380736E-10
         9.995192289352417E-01         1.021451112137584E-06        -2.803081117913608E-12
         9.999814629554749E-01         8.117753509395698E-07        -5.551547554993874E-10
         9.999915361404419E-01         5.684381108039815E-07        -5.007604331197513E-10
         9.995054602622986E-01         7.860589334995893E-07        -5.178390494187113E-10
         9.998124241828918E-01         2.455401215684105E-07        -4.402520847879288E-10
         9.999669194221497E-01         4.841122702714529E-08        -3.829429828794417E-10
         1.000128507614136E+00        -9.842618453603791E-08        -3.676473292468785E-10
         1.000049471855164E+00         4.341993431467017E-08        -3.631611678045488E-10
         9.992813467979431E-01         6.840216428827262E-07         1.477350186629423E-10
         9.988818168640137E-01         8.447526056443166E-07         1.518091069518945E-10
         9.991310834884644E-01         3.173383333887614E-07         2.722010394862195E-10
         9.992886781692505E-01         2.335303506129094E-08         3.494049771735064E-10
         9.991663694381714E-01         2.360807904722151E-08         3.605695741981663E-10
         9.990953803062439E-01         6.429797849705210E-08         3.316840968548007E-10
         9.991471171379089E-01         2.505642626715598E-08         3.371028456378156E-10
         9.995852708816528E-01        -7.368448251554582E-08        -2.269614080008253E-10
         9.992697238922119E-01         5.001910494684125E-07         2.137596211149173E-10
         1.000360846519470E+00        -3.628468903116300E-07        -2.010025618170985E-10
         1.000716209411621E+00        -4.773693831339187E-07        -1.698417240181271E-10
         1.000838637351990E+00        -5.806496119475923E-07        -4.196514316601174E-11
         1.000836849212646E+00        -4.000697515493812E-07        -9.096774028494181E-11
         1.000696659088135E+00        -5.326279506334686E-07        -6.719726164394757E-11
         1.000720620155334E+00        -8.345173228008207E-07         1.776866327685145E-11
         1.000795602798462E+00        -9.699036809251993E-07         3.363424122548864E-11
         1.000823140144348E+00        -9.052430414158152E-07        -3.889495323039505E-11
         0.000000000000000E+00         0.000000000000000E+00         0.000000000000000E+00
         9.999154806137085E-01         3.323697228552192E-08         3.857186792188827E-10
         9.998273253440857E-01         3.690525147703738E-07         2.723879455324152E-10
         9.995598196983337E-01         6.322462127172912E-07         1.990471815149775E-10
         9.993376731872559E-01         9.835260925683542E-07         8.298940007422928E-11
         9.993286728858948E-01         1.096878236239718E-06        -5.008118919569426E-10
         9.992204904556274E-01         1.084945779439295E-06        -5.554317561440314E-10
         9.989929795265198E-01         1.179622472591291E-06        -6.303196298240721E-10
         9.991813302040100E-01         1.132685952143220E-06        -6.206714586731721E-10
         9.993681907653809E-01         1.075436671271746E-06        -5.067931074798082E-10
         9.997141361236572E-01         4.611837880474923E-07        -3.919712887601179E-10
         9.997350573539734E-01         5.457508223116747E-07        -1.064105747961008E-10
         1.000402450561523E+00        -2.768625506632816E-07        -2.397287368616219E-10
         1.000523209571838E+00        -6.433685371121101E-07        -1.184801284859205E-10
         1.000283241271973E+00        -6.926400715201453E-07        -1.645415470541423E-10
         9.999795556068420E-01        -7.125303227439872E-07        -1.417110179202652E-10
         9.994181394577026E-01        -1.448043036589297E-07        -2.848495883611690E-10
         9.992080926895142E-01         4.452791131370759E-07        -4.406181253191477E-10
         9.994263648986816E-01         6.493553428299492E-07        -4.668942454877367E-10
         9.998515844345093E-01         4.468236340926524E-07        -4.007814913276064E-10
         1.000050306320190E+00        -5.918136380955730E-08        -2.634437112902788E-10
         9.997555613517761E-01        -3.783929969358724E-08         9.661458438836590E-11
         9.998642206192017E-01        -4.260188575244683E-07         4.906854922381854E-10
         1.000113844871521E+00        -6.882245884298754E-07         5.230623156826653E-10
         1.000128269195557E+00        -5.731221790483687E-07         4.668275210839568E-10
         1.000226736068726E+00        -7.153152523642348E-07         5.204289776905568E-10
         1.000426769256592E+00        -8.778472988524300E-07         4.990337032495518E-10
         1.000400185585022E+00        -6.027339054526237E-07         3.358629208083386E-10
         1.000323534011841E+00        -1.652479255653816E-07         2.595076376010752E-10
         1.000208139419556E+00        -7.140690172491304E-08         2.192135084566615E-10
         1.000198483467102E+00         1.144986114809399E-07        -4.070588033311395E-10
         9.994838237762451E-01         5.157116902410053E-07         9.699657049777599E-11
         9.998369216918945E-01         1.479964737427508E-07        -3.719831942472496E-10
         9.996545910835266E-01         2.753438650415774E-07         1.629404944303303E-10
         9.998297691345215E-01         1.257061654769132E-07         1.520514408825946E-10
         9.998401403427124E-01         5.167472636458115E-07         7.502748422538730E-13
         9.999656677246094E-01         5.369996074477967E-07        -5.130991811985730E-11
         9.998620152473450E-01         6.647962891292991E-07         3.017086233625399E-11
         9.999942779541016E-01         3.822315193247050E-07         6.535179342126440E-11
         1.000090122222900E+00         1.923810941661941E-07         1.255222592533300E-10
         1.000065803527832E+00         1.855753737345367E-07         1.285699186004408E-10
         1.000032544136047E+00         2.425557568130898E-07         6.595329837821851E-11
         1.000068902969360E+00         3.990338015569250E-08        -3.943463056099716E-10
         9.995764493942261E-01         3.032736515251599E-07         7.344146124577122E-11
         9.999680519104004E-01         1.994100244928632E-07         1.018181858269962E-10
         1.000096678733826E+00         3.833835364730476E-07         6.458639179030001E-11
         1.000176548957825E+00         4.146701542140363E-07         1.651653119827401E-11
         1.000327348709106E+00        -6.609536740143085E-08         1.269812865967168E-10
         1.000609159469604E+00        -2.719729934597126E-07         1.635593188664686E-10
         1.000744223594666E+00        -5.225470545155986E-07         3.449003305178167E-10
         1.000492811203003E+00        -6.057827590666420E-07         3.103017010008813E-10
         1.000333786010742E+00        -8.208387498598313E-07         3.164607187411406E-10
         1.000422716140747E+00        -9.985977840187843E-07         4.998300662251154E-10
         1.000737309455872E+00        -1.248984972335165E-06         5.422087223649896E-10
         1.000669956207275E+00        -9.552315987093607E-07         4.765438044174175E-10
         1.000556230545044E+00        -7.295539035112597E-07         4.015239252197489E-10
         1.000897884368896E+00        -8.140605700646120E-07        -1.554031903161501E-10
         1.001092910766602E+00        -8.457718081444909E-07        -1.753274331273147E-10
         1.000703215599060E+00        -1.016147393784195E-06        -1.639118563101505E-10
         9.999302625656128E-01        -2.841035779965750E-07         3.507475906938673E-11
         1.000153064727783E+00        -6.105278771428857E-07         3.137768100902605E-10
         1.000658035278320E+00        -9.562154446030036E-07        -1.797993282037780E-10
         1.000589728355408E+00        -9.673664180809283E-07        -1.746393446522276E-10
         1.000185847282410E+00        -6.166241064420319E-07        -3.299941153667163E-10
         9.999578595161438E-01        -5.677710532836500E-07        -3.604470888429745E-10
         1.000101685523987E+00        -9.563484582031379E-07        -2.808299981449380E-10
         1.000085949897766E+00        -4.547018193079566E-07        -4.175824686036833E-10
         1.000200390815735E+00        -3.655506759514537E-07        -3.732052444860301E-10
         1.000070691108704E+00        -7.229118637042120E-07         2.345672545089883E-10
         1.000274062156677E+00        -1.038608729686530E-06         3.021488059751221E-10
         1.000132560729980E+00        -1.311692585659330E-06         4.283818855199684E-10
         1.000298857688904E+00        -1.561511908221291E-06         4.085699556455324E-10
         1.000451326370239E+00        -1.701432552181359E-06         4.692662369798484E-10
         9.993616342544556E-01        -1.282210746467172E-07        -4.843148104782813E-11
         9.998042583465576E-01        -1.060535623764736E-06         1.289949813632063E-10
         9.998684525489807E-01        -1.168386916106101E-06         2.106363972131930E-10
         1.002810359001160E+00        -4.807731784239877E-06         6.186231527038899E-10
         1.003668308258057E+00        -5.862493253516732E-06         9.233802611419151E-10
         0.000000000000000E+00         0.000000000000000E+00         0.000000000000000E+00
         0.000000000000000E+00         0.000000000000000E+00         0.000000000000000E+00
         0.000000000000000E+00         0.000000000000000E+00         0.000000000000000E+00
         0.000000000000000E+00         0.000000000000000E+00         0.000000000000000E+00
         9.991379976272583E-01         1.109375489249942E-06         3.452379493396052E-10
         1.000008463859558E+00        -3.955169347591436E-07         6.727872148282188E-10
         9.993970394134521E-01         1.218662760038569E-06         7.509153021612036E-11
         9.998778104782104E-01        -5.341320985507991E-08         4.980317824809788E-10
         9.998741745948792E-01         5.079329525869980E-07         1.990182046940348E-10
         9.992783069610596E-01         1.574311113472504E-06         2.136162774446504E-10
         9.998876452445984E-01         3.421842222905980E-07         2.695226819504626E-10
         9.999656081199646E-01         1.174793737845903E-07         3.338133380825781E-10
         1.000076651573181E+00        -1.402429017360873E-08         3.365426826107409E-10
         9.993376135826111E-01         1.313761572419025E-06         2.654810538071928E-10
         9.997930526733398E-01         6.861690167170309E-07         2.301370066737363E-10
         9.998857378959656E-01         1.434541729850025E-07         2.728584302946757E-10
         9.999719858169556E-01        -5.598527508254847E-08         2.846597957351094E-10
         9.995452761650085E-01         1.026394329528557E-06         1.962438822555868E-10
         9.995374083518982E-01         9.991993010771694E-07         1.976817737281422E-10
         9.998586177825928E-01         8.927246426537749E-07         1.525973097882272E-10
         1.000297904014587E+00         2.068676394628710E-07         2.104128260516092E-10
         1.000158548355103E+00         3.403809500923671E-07         1.750654204935032E-10
         1.000678420066833E+00        -6.224443040991900E-07         1.812482802732163E-10
         1.000654220581055E+00        -7.353241926466580E-07         1.034914168251966E-10
         1.000205278396606E+00        -1.249586745188935E-07         8.961880716695791E-12
         9.998961687088013E-01         1.701507272855451E-07        -1.146315195543757E-10
         9.998359680175781E-01         7.111103741408442E-07        -1.759901391285013E-10
         9.999668598175049E-01         8.253092573795584E-07        -7.978896710003625E-11
         9.998283386230469E-01         7.329783215936914E-07        -2.860832577777916E-11
         9.993985295295715E-01         1.686034124759317E-06        -2.508490914987505E-10
         9.997454285621643E-01         1.219137857333408E-06        -1.349216849355628E-10
         9.999191164970398E-01         1.088074782273907E-06        -1.213750350226306E-10
         1.000498414039612E+00        -5.266133484838065E-08        -3.015931254735094E-11
         1.000265717506409E+00         5.217243170818620E-08        -1.085194295535885E-10
         1.000289320945740E+00        -4.064916936385998E-07        -1.236193647446981E-10
         1.000142693519592E+00        -6.079803256398009E-07        -1.078330411075079E-10
         9.997390508651733E-01         3.025589023764041E-07        -1.714260677854185E-10
         1.000130653381348E+00         1.356685572773131E-07        -8.426249975546085E-11
         9.998066425323486E-01         8.992507218863466E-07        -1.941252852910580E-10
         1.000114679336548E+00         3.803210688602121E-07        -1.028651955281568E-10
         9.999145269393921E-01         1.084243535842688E-06        -2.384051844828150E-10
         1.001292586326599E+00        -9.374414844387502E-07        -7.523790618302328E-12
         1.001184582710266E+00        -3.403807511404011E-07        -2.265732219897121E-11
         1.001641631126404E+00        -9.866886330200941E-07         3.324040044952459E-12
         1.001544117927551E+00        -1.115724899136694E-06         1.263018301056462E-10
         1.000997066497803E+00        -1.665689524088521E-07         9.305427262074062E-11
         1.000586152076721E+00         4.793727725882491E-07        -2.220624031878948E-11
         1.000233650207520E+00         5.835079832650081E-07        -8.905925302782336E-11
         1.000311851501465E+00         5.619048124572146E-07        -3.136451862117973E-11
         1.000375509262085E+00         2.520313842069299E-07         4.825570845690130E-11
         1.000475525856018E+00        -5.792959996142599E-07         1.639996888291861E-10
         1.000339746475220E+00        -7.610399848090310E-07         1.893249584883350E-10
         1.000708222389221E+00        -1.392491299156973E-06         2.747975180739104E-10
         1.000445008277893E+00        -7.862313964324130E-07         1.833547619289888E-10
         1.000313043594360E+00        -2.476703571119288E-07         9.830714020608866E-11
         1.000315785408020E+00        -2.480473142441042E-07         1.033085561541469E-10
         1.000293016433716E+00         1.549817341128801E-07         6.780141031947906E-11
         1.000124692916870E+00         4.778840434482845E-07        -2.106526932055264E-11
         1.000087261199951E+00         2.801184564305004E-07        -2.808596020684173E-12
         1.000281214714050E+00        -1.801178655114200E-07         1.263885385238694E-10
         1.000304222106934E+00         6.227102744560398E-08         9.032252723528700E-11
         1.000012516975403E+00         3.849122620636081E-08         2.407112009716883E-11
         1.000011563301086E+00        -1.125998707607323E-07         3.461324759798656E-12
         9.999781250953674E-01         4.250300662533846E-07        -1.052196454964793E-10
         1.000116348266602E+00         5.343011935110553E-07        -1.427215290394912E-10
         9.999575018882751E-01         6.083198513806565E-07        -2.163870055360562E-10
         9.997309446334839E-01         6.604420832445612E-07        -1.581069442035954E-10
         9.994589090347290E-01         1.075406657946587E-06        -3.310008100942952E-10
         9.998770356178284E-01         1.028629004196091E-08        -8.970602038971265E-12
         1.000000596046448E+00         7.689631615903636E-07        -9.554035340642031E-10
         1.000215291976929E+00        -2.269795231768512E-07        -5.893009604601707E-12
         9.995023608207703E-01         1.451905291105504E-06        -3.278732285671992E-10
         1.000373840332031E+00        -1.521391652659076E-07        -9.129984962497062E-11
         9.995280504226685E-01         1.196384801005479E-06        -2.052165520849414E-10
         1.000041484832764E+00         2.694789600354852E-07        -1.448505759782392E-10
         9.997201561927795E-01         7.421360805892618E-07        -1.330711096869663E-10
         9.994524717330933E-01         5.437693744170247E-07        -8.325004574594175E-11
         9.992020726203918E-01         5.570084908868012E-07        -3.824324190659922E-11
         9.996572136878967E-01        -3.105703001438087E-07         4.433886938159937E-11
         9.995909333229065E-01         5.949188448539644E-07        -8.456780414833887E-11
         1.000203251838684E+00        -4.577536287797557E-07         1.420957795872368E-10
         9.999058842658997E-01         5.436994001684070E-07        -8.245685384489221E-12
         1.000433444976807E+00        -3.865086739551771E-07         6.747654518468593E-11
         1.000205039978027E+00         5.087230761091632E-07        -1.043316960602780E-10
         1.000285863876343E+00         1.882206817072074E-07        -1.322635057032784E-10
         9.999044537544250E-01         6.230027338460786E-07        -2.185360364892475E-10
         1.000043988227844E+00         1.623585745846867E-07        -1.673151478476242E-10
         1.000104784965515E+00        -1.182997451110168E-07        -5.843386191584088E-11
         1.000023841857910E+00         2.262428893118340E-07        -5.083341386713514E-11
         1.000625491142273E+00        -7.519196856264898E-07         4.299270314755965E-11
         9.998462796211243E-01         6.697355843243713E-07        -1.330313498248969E-10
         9.998008608818054E-01         4.996599045625771E-07        -6.009931441397498E-11
         1.000513792037964E+00        -3.097855767464353E-07        -1.300451274444114E-10
         1.000009536743164E+00        -2.103936367348069E-07         3.098834383541416E-11
         9.998754858970642E-01        -6.539472110489442E-07         1.796574000678675E-10
         9.993507266044617E-01         5.724913521021335E-08         6.878782959907070E-11
         9.999629855155945E-01        -9.733132628753083E-07         1.697578744241923E-10
         1.000031828880310E+00        -7.419927783303137E-07         1.340281219341932E-10
         9.999128580093384E-01        -4.222634117923008E-07         5.835975452894715E-11
         9.996368885040283E-01         2.582380318472133E-07        -1.595650001018356E-11
         1.000134825706482E+00        -3.599232059059432E-07         1.172141134153648E-10
         1.000557422637939E+00        -5.758831207458570E-07         1.648853276137174E-10
         1.000188708305359E+00         2.154930740516647E-07         9.098798103845951E-11
         1.000097155570984E+00         1.962366695806850E-07         3.564077852291625E-11
         0.000000000000000E+00         0.000000000000000E+00         0.000000000000000E+00
         0.000000000000000E+00         0.000000000000000E+00         0.000000000000000E+00
         9.997530579566956E-01         5.821198669764271E-07        -5.629108290605700E-11
         9.998979568481445E-01         7.459028097400733E-07        -1.797946513892867E-10
         9.997510313987732E-01         1.107773869080120E-06        -2.558924183659883E-10
         9.995641112327576E-01         9.502096531832649E-07        -1.614560568574674E-10
         9.995771050453186E-01         1.771184230392464E-07        -5.004714351275474E-11
         9.992929697036743E-01         6.235299565560126E-07        -2.644470059598447E-11
         9.999150633811951E-01        -2.348716634514858E-07         1.089588905212047E-10
         9.993862509727478E-01         7.556461696367478E-07         4.808417206070281E-11
         0.000000000000000E+00         0.000000000000000E+00         0.000000000000000E+00
         9.989486932754517E-01         3.897291378507362E-07         3.520941871393291E-11
         9.990360140800476E-01         6.839830746230291E-08        -9.982884310866247E-12
         9.993180632591248E-01        -6.013346478539461E-07        -1.555302241162959E-11
         9.987763762474060E-01         3.730049229488941E-07        -4.001143166787458E-12
         0.000000000000000E+00         0.000000000000000E+00         0.000000000000000E+00
         0.000000000000000E+00         0.000000000000000E+00         0.000000000000000E+00
         9.988303780555725E-01         3.433196695823426E-07         6.359104215425404E-11
         9.997250437736511E-01        -8.604541790191433E-07         6.852406142510148E-11
         9.990566372871399E-01         8.206033612623287E-07        -9.144179163866895E-11
         9.998535513877869E-01        -1.338991921784327E-07         8.897872022517461E-12
         9.995595812797546E-01         6.813060622334888E-07        -7.709295701818775E-11
         1.000134825706482E+00        -4.664390758080117E-07        -1.327670178657980E-11
         9.999108910560608E-01        -3.586654599985195E-07        -8.866758022252341E-11
         9.997689127922058E-01        -1.811149559216574E-07        -1.530268828320303E-10
         9.997755885124207E-01        -6.151947218313580E-07         1.700724457098790E-11
         9.993679523468018E-01         4.719699973065872E-07        -4.201769140954603E-11
         1.000637888908386E+00        -1.396679635945475E-06         1.226913987073530E-10
         1.000508666038513E+00        -1.055429834195820E-06         1.543868366482570E-10
         1.000642776489258E+00        -1.347047373201349E-06         1.522674486498232E-10
         1.000217795372009E+00        -5.214838552092260E-07         8.225132380745848E-11
         1.000105619430542E+00         2.228780715540779E-08        -6.095467186550962E-11
         1.000160694122314E+00         2.783703223485645E-07        -1.121000167692010E-10
         1.000543713569641E+00         1.322412117588101E-07        -1.055733139798676E-10
         1.000795364379883E+00         7.145972258371103E-09        -1.265195032074118E-10
         1.000506639480591E+00         7.330899620683340E-08        -1.381720432513944E-10
         1.000266075134277E+00         4.254057159869262E-07        -2.052094744131594E-10
         9.999137520790100E-01         8.021518738132727E-07        -2.188746406339703E-10
         9.994338750839233E-01         1.473148358854814E-06        -2.799430964817162E-10
         9.995301961898804E-01         1.531354200778878E-06        -2.853378366918236E-10
         9.997667670249939E-01         8.720294317754451E-07        -3.141857052302299E-10
         9.999738931655884E-01         2.027772296742114E-07        -2.633847862032468E-10
         1.000233411788940E+00        -9.885886953497902E-08        -2.043546859509249E-10
         9.998021721839905E-01         2.128616927166149E-07        -1.885556016878454E-10
         9.996119141578674E-01         4.791921242031094E-07        -1.888629183599555E-11
         9.996452331542969E-01         1.107423145185749E-06        -9.482713919650720E-11
         1.000196218490601E+00         2.864909163236007E-07        -7.066556229062826E-10
         1.000010728836060E+00        -3.631012361893227E-07         1.400159987952065E-10
         1.000008106231689E+00        -7.371311880888243E-07         9.532864775341210E-11
         9.997178316116333E-01        -2.867674311346491E-07        -1.073784811067569E-11
         9.993732571601868E-01         6.611617209273390E-07        -7.986900030232391E-11
         9.995464086532593E-01         9.846148714132141E-07        -6.293426890735532E-11
         9.997113347053528E-01         1.034227921081765E-06        -9.470513262499480E-11
         9.998201131820679E-01         8.661535844112223E-07        -6.030750204777391E-11
         9.999277591705322E-01         2.612487151054665E-07         2.590605681362934E-11
         9.999971985816956E-01        -3.829746901828912E-07         5.828167809474039E-11
         1.000099182128906E+00        -6.553126468133996E-07         1.214734285381880E-10
         1.000273227691650E+00        -8.900910302145348E-07        -4.171008677333887E-11
         9.999214410781860E-01        -4.019249786324508E-07        -4.937165953844413E-11
         9.995083212852478E-01         7.691040195823007E-07        -1.624044648762535E-10
         9.993082880973816E-01         1.019826527226542E-06        -1.077847325281489E-10
         9.993844032287598E-01         7.220484121717163E-07        -6.516549799773230E-11
         9.992927908897400E-01         8.528360240234178E-07        -1.908467550659765E-10
         9.988446831703186E-01         1.777192323970667E-06        -2.537387244760936E-10
         9.988925457000732E-01         2.263856003992260E-06        -3.454663777269218E-10
         9.991341233253479E-01         2.352959882045980E-06        -4.193403124741479E-10
         9.997702836990356E-01         1.701255541775026E-06        -3.881455989951377E-10
         1.000131011009216E+00         1.347473357782292E-06        -4.602859760005629E-10
         1.000478148460388E+00         1.069089421434910E-06        -3.272655757502463E-10
         9.998210668563843E-01         1.980293745873496E-06        -3.794010106084045E-10
         9.990634918212891E-01         2.661411826920812E-06        -4.221105409651926E-10
         9.990312457084656E-01         2.378787712586927E-06        -3.025481531970797E-10
         9.990483522415161E-01         1.923378476931248E-06        -2.550920585875360E-10
         9.990956783294678E-01         1.661731062085892E-06        -1.360731805011284E-10
         9.991722702980042E-01         1.404813701810781E-06        -1.149770487152146E-10
         9.994627237319946E-01         9.371671580993279E-07        -3.103723875130804E-11
         9.997843503952026E-01         5.552932407226763E-07         8.579499957694914E-12
         9.994140267372131E-01         1.110218704525323E-06        -1.713214847764988E-10
         1.000476479530334E+00         3.465174813754857E-08         3.533534229105406E-11
         1.002183437347412E+00        -1.388703367410926E-06         4.736019354467658E-10
         1.002242565155029E+00        -9.699523388917441E-07         6.169526556298877E-10
         9.998006224632263E-01         1.722881847854296E-06         6.433476668066263E-11
         0.000000000000000E+00         0.000000000000000E+00         0.000000000000000E+00
         0.000000000000000E+00         0.000000000000000E+00         0.000000000000000E+00
         0.000000000000000E+00         0.000000000000000E+00         0.000000000000000E+00
         9.991419315338135E-01         1.496229515396408E-06        -2.102303442441666E-09
         9.992231726646423E-01         2.181112222388037E-06        -2.465266213391715E-09
         9.995073676109314E-01         2.349613851038157E-06        -2.529721321309353E-09
         9.999058842658997E-01         1.734096940708696E-06        -2.113812458404141E-09
         1.000779271125793E+00        -6.137722721177852E-07        -6.006460329111007E-10
         1.001553893089294E+00        -1.359536213385582E-06        -3.948902593808867E-10
         1.001832842826843E+00        -1.741777055030980E-06        -2.507803964491018E-10
         1.002023696899414E+00        -1.924386879181839E-06        -9.978591564152595E-11
         1.001817107200623E+00        -1.708531726762885E-06        -1.497459101162946E-10
         1.001505970954895E+00        -1.906770762616361E-06        -7.180759459268771E-11
         1.000969409942627E+00        -1.521291892458976E-06        -1.716154302000561E-10
         1.000893592834473E+00        -1.815284008443996E-06        -7.641854510298529E-11
         1.000259399414062E+00        -1.254625090041372E-06        -1.651884462550157E-10
         9.998621940612793E-01        -9.471000339544844E-07        -1.404626553958011E-10
         9.997698664665222E-01        -4.034030780530884E-07        -2.338038096461048E-10
         1.000195145606995E+00        -4.313010038003995E-07        -2.819845190682457E-10
         1.000424742698669E+00        -6.617711960643646E-07         8.059913153557474E-11
         1.000684380531311E+00        -8.285599051305326E-07         8.327061956636683E-11
         1.000908613204956E+00        -1.288718976866221E-06         2.573330160071663E-10
         1.000773787498474E+00        -1.360492092317145E-06         6.581606371014459E-10
         1.000943183898926E+00        -1.319004809374746E-06         3.704420936667674E-10
         1.000911951065063E+00        -7.903884124971228E-07         7.404186985748851E-11
         1.000482797622681E+00        -4.087685567810695E-07         4.382839924321758E-11
         9.999497532844543E-01        -1.477896738322215E-08         9.219429386586597E-11
         1.000345945358276E+00        -3.482024339973577E-07         1.509569552693435E-10
         1.000659346580505E+00        -3.699268802392908E-07         3.920920185751520E-11
         1.000778913497925E+00        -6.965585725993151E-07         5.557783747112133E-11
         1.000419735908508E+00         2.624468606882147E-07        -2.034331592071226E-10
         1.000075459480286E+00         6.453524861171900E-07        -1.727696458120320E-10
         9.996466636657715E-01         8.958112402979168E-07        -2.119238673436996E-10
         9.994306564331055E-01         6.333327746688155E-07        -6.082200715296082E-11
         9.994933009147644E-01         3.086345543579228E-07         2.194405213096218E-10
         9.997914433479309E-01         1.412159633673582E-07         1.913650071738715E-10
         1.000193715095520E+00        -1.113709799938079E-07         1.624321788185057E-10
         1.000366330146790E+00        -3.855633963212313E-07         1.774590058234438E-10
         1.000654935836792E+00        -1.088118779080105E-06         2.991613345937338E-10
         1.000501036643982E+00        -3.908710937139404E-07         1.148530923145152E-10
         1.000174522399902E+00        -2.477311511484004E-08         5.961209303961823E-11
         9.998639822006226E-01         6.213920187292388E-07        -4.923392596389853E-11
         1.000045418739319E+00         5.088335228720098E-07        -7.230938764424266E-11
         9.999012947082520E-01         7.966682460391894E-07        -2.858971948072053E-10
         9.998112320899963E-01         4.401107958074135E-07        -1.641704688859491E-10
         9.996273517608643E-01         1.361158012969099E-07         4.208292742058362E-11
         9.996470808982849E-01         4.702865226136055E-07        -4.085886490257096E-11
         9.995568394660950E-01         1.113636244554073E-06        -2.519844610748834E-10
         9.995293617248535E-01         1.234849491993373E-06        -2.910508500875153E-10
         9.996805191040039E-01         1.177192757495504E-06        -2.460368575540883E-10
         9.998327493667603E-01         9.291389346799406E-07        -3.078871047001996E-10
         1.000058412551880E+00         7.763978260300064E-07        -2.439005386545290E-10
         1.000495910644531E+00         9.295289871147361E-09        -8.927519140611295E-11
         1.000375866889954E+00         1.975754884142589E-07        -1.913995767433008E-10
         1.000086188316345E+00         2.549128055306937E-07        -2.590214986941675E-10
         9.997518658638000E-01         5.436580750028952E-07        -3.483194843667548E-10
         9.997314810752869E-01         7.334718929996598E-07        -4.030876743499334E-10
         9.995350241661072E-01         8.971213674158207E-07        -3.517705293720752E-10
         9.997270703315735E-01         4.158182207447680E-07        -2.582112301752204E-10
         9.997629523277283E-01         3.248250379783713E-07        -2.219781580770075E-10
         9.998209476470947E-01        -1.308974333369406E-07        -4.069677927986959E-11
         9.998518824577332E-01        -3.194956548213668E-07         1.008537420243982E-10
         1.000054001808167E+00        -2.796212186240155E-07         1.494616236330515E-10
         1.000273585319519E+00        -3.834234121313784E-07         5.643739295346784E-11
         1.000436186790466E+00        -8.048221502576780E-07         1.612387307003971E-10
         1.000728249549866E+00        -9.616625220587594E-07         1.978077424080738E-10
         1.000570297241211E+00        -7.085940296747140E-07         1.276729555410583E-10
         1.000114321708679E+00        -1.681409571574477E-07        -7.534622925575718E-11
         1.000013113021851E+00         2.137206820407300E-07        -1.993252507492826E-10
         9.999459981918335E-01         2.477337375239586E-07        -2.920484409862922E-10
         9.994922876358032E-01         8.937145707932359E-07        -3.515976676471411E-10
         9.994593262672424E-01         7.059259701236442E-07        -2.488665662436773E-10
         9.996318817138672E-01         5.167202061784337E-07        -2.449784264335619E-10
         9.997699856758118E-01         5.241817575551977E-07        -1.134090876764304E-10
         1.000193953514099E+00         7.314920225098831E-08        -8.871083728712037E-11
         9.998660683631897E-01         1.613757092400192E-07        -5.317505463731109E-11
         9.996538162231445E-01         3.869362217301386E-07        -8.946311053081857E-11
         9.998835325241089E-01         5.660400006490818E-07        -1.619038653144500E-10
         9.997500181198120E-01         4.674611204791290E-07        -1.193207199712276E-10
         9.999299645423889E-01         2.907676162067219E-07        -7.493917292267227E-11
         1.000127434730530E+00         1.984007127475707E-07        -4.761851329915245E-11
         9.998591542243958E-01         4.609943289324292E-07        -2.022854245220529E-10
         9.998334050178528E-01         5.992214369143767E-07        -2.118371311699008E-10
         9.999847412109375E-01         4.095446684004855E-07        -1.134429217231059E-10
         1.000148057937622E+00         3.124242766716634E-07         1.816141334542998E-11
         1.000258803367615E+00         2.116838118126907E-07         1.151633718943224E-10
         9.996944665908813E-01         9.301614909418277E-07        -1.286917239440299E-10
         9.994598627090454E-01         1.201522650262632E-06        -2.894864903346672E-10
         9.998859167098999E-01         7.410527587126126E-07        -2.659632514223631E-10
         9.999220371246338E-01         1.043518636834051E-06        -4.193133618102252E-10
         1.000410318374634E+00         2.152368239194402E-07        -1.263489729508294E-10
         1.000187516212463E+00         3.859782680137869E-07        -2.089450279463279E-10
         1.000032186508179E+00        -1.158159150804750E-07         3.012427113313620E-11
         1.000274062156677E+00        -6.924814783815236E-07         1.944949479248947E-10
         1.000640511512756E+00        -8.994011864160711E-07         2.165104900919701E-10
         1.000225067138672E+00        -2.681188675524027E-07         1.121328446762604E-10
         1.000285863876343E+00        -3.881467307564890E-07         9.998234185015775E-11
         1.000693202018738E+00        -9.140669590124162E-07         2.330184656340606E-10
         1.001069188117981E+00        -1.514388259238331E-06         4.392344543635573E-10
         1.001208543777466E+00        -1.708468971628463E-06         6.007675468211460E-10
         1.001515626907349E+00        -2.072185452561826E-06         5.580245154845898E-10
         1.001241326332092E+00        -1.640733444219222E-06         4.662909502961554E-10
         1.001003384590149E+00        -1.440160417587322E-06         4.645721030094307E-10
         1.001061201095581E+00        -1.606806335985311E-06         3.563431494324476E-10
         1.000642657279968E+00        -1.073359385372896E-06         2.860186809616749E-10
         1.000850319862366E+00        -1.376613454340259E-06         3.412943261338341E-10
         1.000050663948059E+00        -6.354155743792944E-07         3.082639699059087E-10
         9.998722076416016E-01        -5.585346798397950E-07         2.185711472924012E-10
         9.995088577270508E-01         1.226830548262114E-08         1.018366571625684E-10
         9.993109703063965E-01         2.541968910918513E-07        -4.463146432293064E-12
         9.994351267814636E-01         1.097693100859942E-07         6.420438486420821E-11
         9.998538494110107E-01        -9.377828291690093E-07         3.562121153599662E-10
         1.000286102294922E+00        -1.358932308903604E-06         4.865546299193113E-10
         1.000142574310303E+00        -1.098347070183081E-06         4.693158639490491E-10
         1.000201106071472E+00        -8.980364896160609E-07         3.823375782641136E-10
         1.000243186950684E+00        -4.980834091838915E-07         6.799242419086582E-11
         1.000600576400757E+00        -9.266223628401349E-07         2.375519780883906E-10
         1.000286459922791E+00        -6.842432185294456E-07         1.206249683471938E-10
         9.998597502708435E-01        -4.018520769477618E-07         1.084547174290407E-10
         9.994726181030273E-01        -1.347267897244819E-07         6.586664373642304E-12
         9.995484948158264E-01        -4.444927981239744E-08         7.796705989160380E-12
         9.998593330383301E-01         1.566095590987970E-07        -5.775685138487141E-11
         9.994199872016907E-01         9.518764727545204E-07        -4.402968545313968E-10
         9.997044205665588E-01         5.818494628329063E-07        -1.559074119805715E-10
         9.999645948410034E-01         1.381576026915354E-07        -8.130991019372757E-11
         1.000400066375732E+00        -7.502834478145815E-07         2.373367058439158E-10
         9.998583793640137E-01        -8.816225971486347E-08        -1.160511547970700E-10
         9.993692040443420E-01         3.339407328439847E-07        -2.697909950999389E-10
         9.988247156143188E-01         7.208622605503479E-07        -2.272814714210369E-10
         9.987339973449707E-01         9.170219641418953E-07        -2.473378446499197E-10
         9.984958767890930E-01         1.450869831387536E-06        -4.215915394567560E-10
         9.986572265625000E-01         1.638156504668586E-06        -4.008313958525633E-10
         9.988675713539124E-01         1.582346158102155E-06        -2.769276197245318E-10
         9.998531341552734E-01         7.290722692232521E-07        -1.661501075611582E-10
         9.999740123748779E-01         8.329209322255338E-07        -1.526429677101149E-10
         1.000394582748413E+00         2.391600872897470E-08         1.956071936370929E-11
         9.996184110641479E-01         8.807592166704126E-07        -1.512425601424283E-10
         9.991564750671387E-01         1.576725026097847E-06        -4.422535948567230E-10
         9.988824725151062E-01         1.851889351200953E-06        -4.686710464163468E-10
         9.990568161010742E-01         1.771712163645134E-06        -4.981943191317839E-10
         9.989485740661621E-01         1.360636133540538E-06        -3.392516545464019E-10
         9.990122318267822E-01         7.847814345041115E-07        -1.564295359912649E-10
         9.987759590148926E-01         5.251968104857951E-07         5.441299320840809E-12
         9.992494583129883E-01         2.551968520947412E-07         3.250218497119484E-11
         9.995806217193604E-01         3.149152405512723E-07         5.662162405606352E-11
         9.998747706413269E-01        -1.643633282810697E-07         1.878072003469455E-10
         9.999995231628418E-01        -2.431835071092792E-07         2.575947788407973E-10
         9.999654889106750E-01        -2.091303770157538E-07         1.990292930464932E-10
         1.000222086906433E+00        -2.662290228272468E-07         1.750656147825325E-10
         1.000074148178101E+00         2.122639131130200E-07         4.323391297744728E-11
         1.000069856643677E+00         4.267253643774893E-07        -1.172248687009159E-10
         1.001402854919434E+00        -3.221150336685241E-06         6.092517601530290E-10
         1.000428318977356E+00        -2.190319492001436E-06         6.636252658509534E-10
         1.000167608261108E+00        -2.158251390937949E-06         7.272253910173276E-10
         1.000125050544739E+00        -1.807041826396016E-06         6.973527866271922E-10
         1.000464677810669E+00        -2.164208808608237E-06         5.511591183449127E-10
         9.993800520896912E-01         3.399026127226534E-07         5.864787128162519E-11
         9.997646808624268E-01         2.230093087973728E-07         1.530072769873048E-11
         1.000593304634094E+00        -9.872900363916415E-07         9.497898995070031E-11
         1.000269651412964E+00        -1.120144403898848E-07         3.214534541329250E-11
         1.000485539436340E+00        -4.204905508231604E-07         1.881699657202418E-11
         1.000799655914307E+00        -8.367165946765454E-07         2.375060703663223E-10
         1.000836610794067E+00        -8.741466217543348E-07         1.648371855678121E-10
         9.997825026512146E-01         5.028421128372429E-07        -2.346331462454998E-10
         9.998075962066650E-01         4.086029434802185E-07        -1.851008235576046E-10
         1.000484466552734E+00        -3.578967664452648E-07         1.853600051227033E-10
         1.000729084014893E+00        -7.563397161902685E-07         4.045923873707835E-10
         1.000776767730713E+00        -5.926829089730745E-07         3.018713334856926E-10
         1.000540733337402E+00         5.717997169085720E-07         2.501638306229292E-11
         1.000919103622437E+00         3.281934723986524E-09        -1.296039664477888E-10
         1.000949382781982E+00        -3.395734040623211E-07        -7.498000137440286E-11
         1.000766992568970E+00         2.205789684239789E-07        -2.761469386491910E-10
         1.000330924987793E+00         5.061073125034454E-07        -2.526408249270418E-10
         1.000607371330261E+00        -3.198211686594732E-07         1.384336742460412E-11
         1.000956535339355E+00        -6.558809104717511E-07         1.742291588779921E-10
         1.001020312309265E+00        -6.374998520186637E-07         1.564868512549111E-10
         1.000858426094055E+00         1.806351335176259E-08        -8.586605731997210E-11
         1.000478148460388E+00         5.754424137194292E-07        -2.016930372716885E-10
         9.997910261154175E-01         1.361130443910952E-06        -4.179318280339572E-10
         9.992204308509827E-01         2.051895080512622E-06        -6.879155023398198E-10
         9.992312192916870E-01         1.671477434683766E-06        -5.027473992669229E-10
         9.992301464080811E-01         1.534989678475540E-06        -5.068102604255387E-10
         9.994747042655945E-01         1.761870407790411E-06        -5.928204038774254E-10
         9.997195005416870E-01         1.358061695100332E-06        -3.563121186989093E-10
         9.996470212936401E-01         1.174825797534140E-06        -4.197197867039648E-10
         9.991932511329651E-01         8.124599162329105E-07        -2.027329693010671E-10
         9.985501170158386E-01         1.611361994946492E-06        -4.965231559239669E-10
