         1.000837326049805E+00         2.785803303595458E-07         9.981580839646398E-11
         1.001551866531372E+00        -5.673906571246334E-07         6.145204345386901E-10
         1.001517057418823E+00        -2.092835131861648E-07         1.239607166914070E-10
         1.001253366470337E+00         2.670651610969799E-07        -1.118305101299732E-10
         1.001703023910522E+00        -7.428371304740722E-07        -9.647983800764592E-11
         1.001247763633728E+00        -1.035106862445900E-07        -1.633224944175282E-10
         1.001757264137268E+00        -7.129677328521211E-07        -1.030114257782877E-10
         1.001838684082031E+00        -6.607288582927140E-07        -3.127708161909659E-11
         1.001785755157471E+00        -5.234262516751187E-07        -9.548262180913980E-11
         1.001501441001892E+00        -3.261966696754826E-07        -1.340819469342058E-11
         1.001054644584656E+00         1.829801021813182E-07        -2.911702823293894E-10
         1.000651359558105E+00         3.283830949385447E-07        -3.648407409517773E-10
         1.000781297683716E+00        -2.401299958876280E-08        -2.503593443670127E-10
         1.001256227493286E+00        -7.772874255351780E-07        -4.545598706467979E-12
         1.000955939292908E+00        -3.731629476533271E-07         2.085296171849826E-11
         1.000571608543396E+00         6.495425282082579E-07        -3.329924391781702E-10
         1.000250220298767E+00         1.096938035516359E-06        -6.424532572602004E-10
         1.000245094299316E+00         5.259788622424821E-07        -4.583441126637666E-10
         1.000456571578979E+00         5.530188929014912E-08        -2.637842166919313E-10
         1.000949025154114E+00        -6.631184419347846E-07        -1.865401583200921E-10
         1.000712633132935E+00        -1.784561618478619E-07        -2.380733943319058E-10
         1.000122189521790E+00         8.403534366152599E-07        -4.433630962363821E-10
         1.000040054321289E+00         1.214832764162566E-06        -3.411749771586869E-10
         1.000203490257263E+00         1.137464209932659E-06        -6.137472474687655E-11
         9.999978542327881E-01         1.586145231158298E-06        -9.766020631074568E-11
         1.000529050827026E+00         5.861347744939849E-07        -1.714064480629052E-11
         1.000403881072998E+00         7.875668188717100E-07        -6.394890172956025E-11
         1.000343561172485E+00         6.768892717445851E-07         9.014557850184346E-11
         1.000450611114502E+00         9.890845831250772E-08         1.735339510977596E-10
         9.997863173484802E-01         3.181888530434662E-07         2.082154587634832E-10
         9.998044967651367E-01         4.522144649854454E-07        -1.802815674523117E-10
         1.000397562980652E+00        -7.641804700142529E-07         1.809042360356727E-10
         1.000770568847656E+00        -1.127830614677805E-06         2.484730199370233E-10
         1.000786423683167E+00        -1.160927695309510E-06         3.621032085288078E-10
         1.000866413116455E+00        -6.768344178453845E-07         2.308299038022987E-11
         1.000272035598755E+00         5.995829610583314E-07        -1.153981910029245E-10
         1.000485658645630E+00         1.923080503729580E-07         1.130577020891366E-10
         1.000480651855469E+00         6.981874633993357E-09         3.947429605410946E-10
         1.000369191169739E+00        -8.535210760385326E-09         4.428974964554300E-10
         1.000030994415283E+00         5.150261586095439E-07         9.189334709835961E-11
         9.996841549873352E-01         6.308454771897232E-07        -7.581946182000365E-11
         9.999380707740784E-01        -3.249321878229239E-07         2.844796898049395E-10
         1.000165581703186E+00        -3.176304232965776E-07         1.812187483407612E-10
         9.996294379234314E-01         2.035467474570396E-07        -8.813907242943841E-11
         9.991650581359863E-01         7.184343076005462E-07        -2.999793469182777E-10
         9.994339346885681E-01        -1.132452780439053E-07        -1.622008777291128E-10
         9.993168711662292E-01         5.615818565729569E-08        -2.090391887366039E-10
         9.992598295211792E-01         1.698191027799112E-07        -2.806284371548173E-10
         9.995766282081604E-01        -1.240340310459942E-07        -1.496485158014593E-10
         9.993636012077332E-01        -1.788866477170359E-08        -8.909047111149704E-11
         9.990154504776001E-01         5.602092301160155E-07        -3.868991516053910E-10
         9.993012547492981E-01        -1.631164252557937E-07        -1.579943398333228E-10
         9.998576641082764E-01        -1.000385282168281E-06        -2.736629499400234E-11
         9.996615648269653E-01        -7.675767506043485E-07        -1.310210360344621E-11
         9.994881749153137E-01        -3.461090045675519E-07        -2.377120167373903E-10
         9.993222951889038E-01        -2.097136189149751E-07        -1.807006488885321E-10
         9.994600415229797E-01        -4.092928236332227E-07        -1.352985640190596E-10
         9.988564848899841E-01         7.954018315103895E-07        -3.663855885349676E-10
         9.986072182655334E-01         1.302940859204682E-06        -2.928700060245149E-10
         9.986314773559570E-01         1.136992295869277E-06        -1.413877348532822E-10
         9.985281229019165E-01         1.256151335837785E-06         4.375978052140184E-11
         9.988547563552856E-01         1.034986553349881E-06         3.992176034195438E-11
         9.991424083709717E-01         7.472758056792372E-07         2.014812205963779E-10
         9.990625381469727E-01         6.753390380254132E-07        -4.405185938249900E-11
         9.997010231018066E-01        -3.300579010101501E-07        -5.795490476412368E-11
         9.995170235633850E-01        -1.266556637347094E-07        -1.369687835373057E-10
         9.997461438179016E-01        -6.047457077329454E-07         1.163005178272947E-10
         9.993816018104553E-01         1.232141411122711E-08         5.727300144559022E-12
         9.991083741188049E-01         4.015663819245674E-07         4.757972444854874E-13
         9.992834925651550E-01         5.172622650206904E-07         1.978315298037381E-12
         9.997060894966125E-01         2.687521885036404E-07        -7.784584088454949E-11
         1.000410914421082E+00        -7.015965479695296E-07         2.155074591003725E-10
         1.000298023223877E+00        -8.418990660175041E-07         3.107967216919860E-10
         1.000011801719666E+00        -2.659942879290611E-07        -7.763998645382575E-12
         9.988594055175781E-01         8.441779186796339E-07        -1.695419776792662E-10
         9.991119503974915E-01         4.724527116195532E-07        -4.120262345284204E-13
         9.989258050918579E-01         5.166872369954945E-07        -3.452882424426207E-11
         9.988554716110229E-01         4.817093213205226E-07        -6.322094237010134E-11
         9.991627335548401E-01        -3.723970110058872E-07         1.801077342822310E-10
         9.993662834167480E-01        -7.377128099506081E-07         2.724438175061294E-10
         9.992758631706238E-01        -1.373006455196446E-07         2.760218442698914E-10
         9.989404678344727E-01         5.871342523278145E-07        -1.899185253506630E-10
         9.990718364715576E-01         6.342383471746871E-07        -4.664101882490002E-10
         9.994369745254517E-01         1.223244083803365E-07        -2.136488763682109E-10
         1.000129342079163E+00        -4.990198476662044E-07         3.627810898909622E-11
         1.000532627105713E+00        -6.187685812619748E-07        -5.585271828367766E-13
         1.000252842903137E+00         3.904876280103053E-07        -1.253060849526477E-10
         1.000326275825500E+00         7.239219144139497E-07        -2.036034951746757E-10
         1.000621199607849E+00         3.348298207583866E-07        -1.392804066524533E-10
         1.000635027885437E+00         3.818314837644721E-07        -2.077483324258722E-10
         1.000242352485657E+00         1.083092797671270E-06        -4.149435517408762E-10
         1.000386118888855E+00         8.518634899701283E-07        -2.704366175443340E-10
         1.000071167945862E+00         1.237351398231112E-06        -3.323614994332758E-10
         1.000082254409790E+00         9.591424259269843E-07        -4.349047511009729E-10
         1.000573992729187E+00         1.479569711193562E-08        -2.254127162704123E-10
         1.000250339508057E+00         5.285300517243741E-07        -2.178575791988990E-10
         1.000530958175659E+00         5.078612019815409E-08        -1.653804176937612E-10
         1.000753641128540E+00        -6.117670068306325E-07         1.410494915310423E-10
         1.000523567199707E+00        -6.226159712241497E-07         1.938682686608573E-10
         1.000471830368042E+00        -2.345968255212938E-07        -2.947872154712705E-11
         1.000187754631042E+00        -1.213895615137517E-07        -4.394462571610802E-11
         9.994154572486877E-01         6.378763828251977E-07        -9.523921234988464E-11
         9.994093179702759E-01         2.288794149762907E-07         1.497442309039698E-10
         9.992361068725586E-01        -1.001533362909868E-07         4.573671164020965E-10
         9.992105364799500E-01        -6.914206664987432E-07         9.231116426811070E-10
         9.995447993278503E-01        -7.977217251209368E-07         8.765511649855284E-10
         9.997128248214722E-01        -9.977948138839565E-07         5.872397568218446E-10
         9.998812675476074E-01        -8.593932534495252E-07         4.907609318927086E-10
         1.000020027160645E+00        -8.017449886210670E-07         3.960866634677984E-10
         1.000098109245300E+00        -9.662948059485643E-07         3.598112086056204E-10
         1.000299453735352E+00        -1.104851662603323E-06         1.432472057638634E-10
         9.999380707740784E-01        -5.884942311240593E-07        -1.048425513072715E-10
         9.997642040252686E-01        -6.853315994703735E-07        -1.986099756878801E-10
         9.993067979812622E-01         4.745969590658206E-07        -3.522424296686921E-10
         9.994617104530334E-01        -2.885190895085543E-07        -1.291192847086009E-10
         9.992200732231140E-01         1.211857068028621E-07         3.903675299676834E-11
         9.994708895683289E-01         1.952194708110255E-07        -1.021082246532856E-10
         9.994204640388489E-01         1.760310119891528E-08        -6.405130592579411E-11
         9.995749592781067E-01         3.148297622601604E-08        -4.306062451053805E-11
         9.998183846473694E-01         1.593063387872462E-07        -1.875909289017486E-10
         1.000145077705383E+00        -3.269926196480810E-07        -2.235668455918827E-10
         1.000226974487305E+00        -6.928934794814268E-07        -1.985540343252268E-10
         1.000198960304260E+00        -4.236383404077060E-07        -1.604387039888522E-10
         1.000127911567688E+00         1.784331971066422E-08        -2.718217595454320E-10
         1.000228643417358E+00        -4.786250684674087E-08        -1.349216016688359E-10
         1.000240921974182E+00         1.969617073882546E-07        -2.584196190369425E-10
         1.000318884849548E+00         7.170788762778102E-08        -2.590762326892815E-10
         1.000289678573608E+00         2.673204164693743E-07        -2.410430743893244E-10
         9.998370409011841E-01         9.819973456615116E-07        -2.891164530005597E-10
         9.999330639839172E-01         9.619984666642267E-07        -3.364134804062502E-10
         9.999786615371704E-01         1.190330635836290E-06        -4.876736792169822E-10
         1.000106453895569E+00         1.315743020313676E-06        -3.675413029480268E-10
         9.999656677246094E-01         1.371285065943084E-06        -2.728446912847460E-10
         9.999838471412659E-01         9.775592388905352E-07        -1.501112567581231E-10
         9.998489618301392E-01         1.129175984715403E-06        -1.659172244039553E-10
         9.997463226318359E-01         8.933276376410504E-07        -5.757709847092896E-12
         1.000133752822876E+00         5.459738261492930E-08         3.083736391240599E-11
         1.000356078147888E+00        -2.210632885635277E-07         7.638559229583564E-11
         1.000686049461365E+00        -5.003156502425554E-07         7.239708138540024E-11
         1.000771045684814E+00        -6.380275863193674E-07         6.057863932706908E-11
         1.000415325164795E+00        -4.711124645950804E-08         2.048099537188541E-11
         1.000156521797180E+00         3.490669371331023E-07        -1.528228099623163E-10
         9.996040463447571E-01         4.209632891161164E-07        -8.545730789677464E-11
         9.993352293968201E-01         1.713925286139784E-07        -8.081610380905602E-11
         9.990373849868774E-01         2.370821476915808E-07         1.158541942936075E-10
         9.990493655204773E-01         1.771601034761261E-07         2.621278194503418E-10
         9.993513226509094E-01         2.857510317255674E-08        -3.806763237967914E-11
         9.998731613159180E-01        -9.030454179992375E-07         2.385443786945274E-10
         1.000129342079163E+00        -1.086030806618510E-06         2.214460698146681E-10
         9.998477697372437E-01        -7.334174938478100E-07         1.519578490816187E-10
         9.998873472213745E-01        -4.534458639682271E-07        -1.575888551597071E-11
         9.997120499610901E-01         1.039316472883911E-07        -1.661831783295042E-10
         1.000112175941467E+00        -2.887756238578731E-07        -1.671209559628295E-10
         9.999307990074158E-01         2.479988552295254E-07        -2.284750583170236E-10
         9.998371601104736E-01         7.378589543804992E-07        -3.450015828576625E-10
         1.000199675559998E+00         4.224919507578306E-07        -2.966656365011033E-10
         1.000138282775879E+00         8.131455047077907E-07        -2.281799887926539E-10
         1.000087738037109E+00         5.670204927810119E-07         9.574811776769110E-11
         1.000147223472595E+00         1.750785543208622E-07         6.391899232127685E-10
         1.000115156173706E+00         3.293239103641099E-07         2.140474048006880E-10
         1.000248312950134E+00         2.433826580272580E-07         2.448560798562482E-10
         1.000250101089478E+00        -1.446280322170423E-07         4.460932734318135E-10
         1.000386953353882E+00        -4.111950318019808E-07         3.645523882767066E-10
         1.000500082969666E+00        -3.644282173809188E-07         2.883580318968626E-10
         1.000660657882690E+00        -5.364496473703184E-07         1.988260667218356E-10
         1.000560641288757E+00        -2.660152347289113E-07        -6.489031534329115E-11
         1.000694036483765E+00        -7.636749046469049E-07        -5.866767033117781E-14
         1.000437259674072E+00        -4.666776476369705E-07        -5.032568806129234E-11
         1.000789403915405E+00        -1.421942556589784E-06         9.512775289710618E-11
         1.000603199005127E+00        -1.225805249305267E-06        -1.714016602261115E-11
         1.000436186790466E+00        -6.024720278219320E-07        -1.465309401593728E-10
         1.000581383705139E+00        -7.112477646842308E-07        -1.216921008406757E-10
         1.000235319137573E+00        -3.507616952447279E-07        -5.319895912681005E-11
         9.999718070030212E-01        -4.192233689082059E-07         1.526632986692533E-10
         9.997519254684448E-01        -8.978793175629107E-07         3.001724424578356E-10
         9.994718432426453E-01        -4.972379770151747E-07         7.452294337184640E-11
         9.999918937683105E-01        -1.227960865435307E-06         5.882504205967365E-11
         9.979446530342102E-01         1.200995143335604E-06        -6.081180004002817E-10
         1.000191688537598E+00        -9.648985042076674E-07        -1.074770827891314E-10
         1.001897454261780E+00        -2.765954604910803E-06         3.179755070359391E-10
         1.003574490547180E+00        -4.265642473910702E-06         7.231280574337973E-10
         1.004424333572388E+00        -4.922066636936506E-06         9.185434080016819E-10
         0.000000000000000E+00         0.000000000000000E+00         0.000000000000000E+00
         0.000000000000000E+00         0.000000000000000E+00         0.000000000000000E+00
         0.000000000000000E+00         0.000000000000000E+00         0.000000000000000E+00
         1.000315666198730E+00         1.044244015702134E-07        -6.350248105135847E-10
         1.000494480133057E+00         1.098217623507480E-07        -8.878206503304398E-10
         1.000122308731079E+00         9.637703897169558E-07        -1.517328818145813E-09
         9.998258948326111E-01         1.311816845372960E-06        -1.294259810435960E-09
         9.996796250343323E-01         8.649802794025163E-07         2.578455504664845E-10
         1.000057339668274E+00         1.826895754675206E-07         2.476111538030068E-10
         1.000133514404297E+00        -1.206314408364051E-07         2.189791264983754E-10
         1.000011563301086E+00        -6.080764336502398E-08         1.922707548729363E-10
         1.000036120414734E+00         8.062686873699931E-08         2.224733453015659E-10
         1.000436544418335E+00        -4.080617657109542E-07         3.427766404051624E-10
         1.000588536262512E+00        -7.686358003411442E-07         4.391041696916176E-10
         1.000607848167419E+00        -1.038984464685200E-06         4.651836971181211E-10
         1.000372171401978E+00        -1.142177552537760E-06         4.680830167913541E-10
         1.000203132629395E+00        -1.025412075250642E-06         3.639742673922086E-10
         1.000192880630493E+00        -1.111288383981446E-06         3.874965626149418E-10
         9.997628927230835E-01        -3.817621063717525E-07         3.120081693008814E-10
         9.996454715728760E-01         3.620968698214710E-07         2.201127058398811E-10
         9.997773170471191E-01         6.598124855372589E-07         7.932169504565323E-11
         9.998216032981873E-01         7.612568424519850E-07         9.576848342129907E-11
         1.000220656394958E+00         7.658013032596500E-07         8.644321369821739E-11
         1.000690579414368E+00         8.144139087562507E-07        -1.193819487710357E-10
         1.000947833061218E+00         1.634323893995315E-07        -4.102155420904197E-11
         1.000823616981506E+00        -1.317396538524918E-07        -3.318097532845066E-11
         1.000434160232544E+00         3.478863845884916E-07        -5.441046571630359E-11
         1.000501036643982E+00         2.848831286428322E-07         7.231715920541504E-11
         1.000594258308411E+00         1.313529764956911E-07         1.370670660305606E-10
         1.000405788421631E+00         2.211065748269903E-07        -2.746083796554416E-13
         1.000468850135803E+00        -1.125824553582788E-07        -2.819597506864557E-11
         1.000301122665405E+00         4.686830834543798E-07        -9.627640351617117E-11
         1.000710487365723E+00         1.677275349720730E-07        -7.122358258726535E-12
         1.000771999359131E+00         2.781020214115415E-07        -7.650534372682927E-11
         1.000570654869080E+00         2.569617265635316E-07        -1.568463831036482E-10
         1.000298619270325E+00         1.059985450524437E-07        -3.574803994488285E-11
         9.999879002571106E-01         3.947757249989081E-07        -1.170479685397297E-11
         9.997441172599792E-01         7.826502042007633E-07        -3.765281489376271E-11
         9.999412894248962E-01         6.436830517486669E-07        -4.964337968482724E-11
         1.000443696975708E+00         4.450919277587673E-08        -1.306164378045427E-11
         1.000809192657471E+00        -6.160295811241667E-07         1.654479053758706E-10
         1.000430464744568E+00        -4.422623192112951E-07        -8.735847982499489E-12
         1.000120997428894E+00        -4.956601742378552E-07        -2.322144906918844E-11
         9.998987317085266E-01        -8.344919137925899E-07         1.586188125290988E-10
         9.995856881141663E-01        -2.795873115246650E-07         2.187264952491219E-11
         9.993286728858948E-01         2.293745495762778E-07        -3.770911707889901E-11
         9.991940259933472E-01         2.940896308700758E-07        -1.075685027163154E-10
         9.989183545112610E-01         5.289570594868565E-07        -1.985689113137568E-10
         9.987337589263916E-01         3.584622163543827E-07        -2.086560230152301E-10
         9.986763000488281E-01        -1.342779540891570E-07        -1.218066619790292E-10
         9.981958866119385E-01         4.832767217521905E-07        -1.283222278436469E-10
         9.981654286384583E-01         5.409257255450939E-07        -1.557044632116700E-10
         9.983974695205688E-01         2.940141712315381E-07        -2.189027015209177E-10
         9.982560276985168E-01         8.759570846450515E-07        -1.795765064427357E-10
         9.986245632171631E-01         9.259329090127721E-07        -1.518953018919689E-10
         9.990498423576355E-01         1.961753355317342E-07         7.896688164477084E-11
         9.993893504142761E-01         1.917798186923392E-07        -8.248177141290114E-11
         1.000115156173706E+00        -5.953359618615650E-07        -6.071579350397371E-11
         1.000272870063782E+00        -5.674808107869467E-07         1.818078500248621E-11
         9.999963641166687E-01        -3.880252563703834E-07         1.469867560999205E-10
         9.997177720069885E-01         1.789191941270474E-07        -9.110910637044611E-11
         9.997422099113464E-01         2.922481030509516E-07        -6.893180470868288E-11
         9.996454119682312E-01         6.933061627023562E-07        -3.992652389261941E-11
         9.994587302207947E-01         1.131046133195923E-06        -1.490580853191759E-10
         9.992900490760803E-01         1.096537971534417E-06        -1.481951505954981E-10
         9.995393753051758E-01         5.169236487745366E-07         1.551935142896088E-11
         1.000049471855164E+00        -4.554887880203751E-07         3.725840469481767E-11
         1.000470399856567E+00        -6.676412453998637E-07         8.043889859754572E-11
         1.000794291496277E+00        -7.685032983317797E-07         1.716564390630282E-10
         1.001088976860046E+00        -3.233426468796097E-07        -9.289051472460841E-11
         1.001358509063721E+00        -5.490273835562220E-08        -7.465032758613432E-11
         1.001215934753418E+00         1.441013779412970E-07        -1.155866027890973E-10
         1.000985741615295E+00         7.119359679563786E-08        -9.732393710382148E-12
         1.000626087188721E+00         6.670988028645297E-08         2.708955837427141E-10
         1.000338435173035E+00         3.157685455335013E-07         5.546009484991288E-11
         1.000191450119019E+00         4.466762391075463E-07        -1.119261003323935E-10
         9.997857213020325E-01         5.070387487648986E-07        -1.659378745522133E-10
         9.997830390930176E-01         5.726259928451327E-07        -5.038331904461124E-11
         1.000012040138245E+00         2.978683824039763E-07         3.490363900682247E-11
         9.999567866325378E-01         6.098873086557433E-07        -1.115145753516344E-10
         9.998238682746887E-01         4.745240289594221E-07        -3.611975952708124E-12
         9.996690750122070E-01         3.910423913566774E-07        -3.839596696142422E-11
         9.992022514343262E-01         6.374039003276266E-07        -7.169023708009092E-11
         9.989721179008484E-01         4.464931748771050E-07        -3.956560426510158E-11
         9.989600777626038E-01         2.368151683640463E-07         2.236157613244583E-11
         9.992784857749939E-01        -1.099060327192092E-07         3.961578981526159E-11
         9.994150400161743E-01        -1.268492013650757E-07         3.002794540796216E-11
         9.994675517082214E-01        -1.438212393622962E-07        -2.321427598761527E-11
         9.995380640029907E-01         5.883224218905525E-08        -2.819316308189102E-11
         9.997606277465820E-01         2.403280348062253E-07        -2.101936541487603E-10
         9.999113082885742E-01         1.349945666362373E-08        -1.472687111148119E-10
         1.000041484832764E+00        -4.657399301777332E-07        -3.120355362984384E-11
         9.996759891510010E-01        -1.875031898634916E-07        -6.600026081216015E-11
         9.995232224464417E-01        -4.714150136919670E-08        -1.005215563565365E-10
         9.995472431182861E-01         6.362682114513518E-08        -1.131412880051030E-10
         9.996848702430725E-01         3.011206217706786E-08        -3.029070397286837E-11
         9.999228119850159E-01        -2.554101570240164E-07         2.586807330839935E-11
         9.997066259384155E-01         4.094096084372723E-07        -1.705435515031439E-10
         9.991981983184814E-01         1.063971808434871E-06        -2.300662993448555E-10
         9.992229938507080E-01         1.032222144203843E-06        -2.016748573696603E-10
         9.995151758193970E-01         4.374227273729048E-07         1.726637582910584E-11
         9.994914531707764E-01         4.094759731287922E-07        -4.175308709886139E-11
         9.993394017219543E-01         3.127005925307458E-07         1.216261119596496E-11
         9.992836117744446E-01         6.702514951939520E-07        -1.233510793507975E-10
         9.995374083518982E-01         5.192862317926483E-07        -1.310668656939740E-10
         9.996746778488159E-01         7.854276873331401E-08        -7.700752535644284E-11
         9.994663596153259E-01         3.164393831411871E-07         2.890677801292707E-11
         9.998166561126709E-01        -2.170171597981607E-07         1.014857434200600E-10
         9.999785423278809E-01        -2.035768176256170E-07         1.953868490611743E-11
         1.000007629394531E+00        -3.652233431239438E-07         1.534183058371497E-10
         1.000235557556152E+00        -4.112377496312547E-07         3.958494990130568E-11
         1.000338912010193E+00        -3.763923075439379E-07         1.699297230706165E-10
         1.000593900680542E+00        -6.998185995144013E-07         2.326103337724206E-10
         1.000357747077942E+00        -1.281007655506983E-07        -2.473493979082697E-11
         1.000049114227295E+00         1.160373841457840E-07        -3.143881682765581E-11
         9.999396800994873E-01        -2.077237439834789E-07        -5.547612065906482E-13
         9.999503493309021E-01        -4.980990411240782E-07         3.024220110448006E-11
         1.000288844108582E+00        -8.573415470891632E-07         1.721457837389195E-10
         1.000106573104858E+00        -2.794407905071239E-08         4.357818966793658E-11
         9.999231100082397E-01         2.288186067289644E-07        -1.184729675474117E-10
         9.999095797538757E-01        -2.911253282888993E-08        -3.727080449822395E-11
         9.997147917747498E-01         4.255130932051543E-07        -1.725401072016908E-10
         9.998598694801331E-01         3.777961694595433E-07        -8.830629977252258E-11
         1.000266671180725E+00        -2.638317084802111E-07         1.923622665236241E-13
         9.999429583549500E-01         1.773687472450547E-07         4.978859685644821E-11
         9.997996091842651E-01         3.525062197695661E-07        -2.802880150198916E-10
         9.996735453605652E-01         5.543466272683872E-07        -1.936748122988163E-10
         1.000238180160522E+00        -4.909628259497367E-08        -4.169058848146889E-11
         1.000281929969788E+00         1.449482311954853E-07        -2.166414825310881E-10
         9.998540282249451E-01         7.149165526243451E-07        -2.905607698888701E-10
         9.997898340225220E-01         7.984255034898524E-07        -2.404538512745802E-10
         1.000022172927856E+00         5.147755928192055E-07        -1.521772707846480E-10
         9.997434616088867E-01         1.016334863379598E-06        -1.813015709783983E-10
         9.996412396430969E-01         1.274254032068711E-06        -2.771124441025563E-10
         9.998611807823181E-01         8.026745490496978E-07        -1.934675752934822E-10
         1.000319719314575E+00        -3.836666735423933E-07         1.410608782559386E-11
         9.998618960380554E-01         3.781650832479500E-07        -2.392385456406743E-10
         9.999951124191284E-01        -1.506922870930794E-07        -7.143644703555552E-11
         9.996623992919922E-01         4.558139323762589E-07        -9.969588349312275E-11
         1.000246047973633E+00        -3.459520598880772E-07         1.049847014877869E-10
         9.997275471687317E-01         4.927246664010454E-07        -7.941709789793805E-11
         9.995278716087341E-01         4.089897629455663E-07        -3.162768311137931E-11
         9.997231960296631E-01         1.843156738345897E-09         1.299887836259117E-10
         9.995222091674805E-01         5.199514419018669E-08         2.060157322514300E-10
         9.994767904281616E-01        -5.753861387347570E-07         1.829517787266255E-10
         9.992166161537170E-01        -3.911416399660084E-07         7.180960687191984E-11
         9.995872974395752E-01        -7.529799859185005E-07         9.306906634254375E-11
         9.995541572570801E-01        -1.308420820578249E-07        -2.127050272027198E-11
         9.997697472572327E-01        -3.461551330019574E-07         8.240006593718263E-11
         1.000171780586243E+00        -9.197217423206894E-07         1.223231932412361E-10
         1.000388622283936E+00        -1.207881268783240E-06         2.795505771313600E-10
         1.000211477279663E+00        -6.691641374345636E-07         1.989334114105290E-10
         1.000155091285706E+00        -2.391441853433207E-07         9.108391124668103E-11
         1.000057458877563E+00         3.587394701298763E-07        -1.053005252438233E-11
         1.000304579734802E+00         3.699917385802109E-07        -1.198354523251899E-11
         1.000233769416809E+00         2.812917045957875E-07        -6.848297536693471E-12
         9.999861717224121E-01         4.453700341855438E-07         9.396907557635004E-11
         1.000094413757324E+00         1.018365196614468E-07        -4.508321146956540E-11
         1.000083208084106E+00         4.446631010068813E-07        -1.362350423445013E-11
         9.998024702072144E-01         9.942618817149196E-07        -2.509072394296652E-10
         1.000212430953979E+00         1.481702298633536E-07        -4.165813180523337E-11
         1.000124454498291E+00         1.555476103476394E-07        -3.205248219617651E-11
         1.000286102294922E+00        -3.486115360828990E-07        -1.301725116586994E-10
         1.000534534454346E+00        -7.152755188144511E-07        -1.254163439767808E-10
         1.000407695770264E+00        -3.967352881772968E-07        -3.601072218195611E-11
         1.000102519989014E+00        -7.741699903363042E-08        -7.400015322733822E-11
         9.997422695159912E-01         3.311229761493450E-07         4.020938530052698E-12
         9.996467828750610E-01         4.223365692723746E-07         2.216133873633730E-11
         9.992510080337524E-01         1.000237261905568E-06        -1.933159882172575E-10
         9.993247389793396E-01         1.434866931049328E-06        -1.598089716114970E-10
         9.995217323303223E-01         1.363714773106040E-06        -1.912632413558768E-10
         9.995994567871094E-01         1.393778461533657E-06        -3.684405835979732E-10
         9.999133348464966E-01         1.039599965224625E-06        -1.495784468508177E-10
         9.998831152915955E-01         9.630095973989228E-07        -3.510064461309526E-10
         9.999909400939941E-01         4.436591041212523E-07        -1.921917763825221E-10
         9.997148513793945E-01         9.952818800229579E-07        -2.528128817402830E-10
         9.995406866073608E-01         1.521865328868444E-06        -4.303944978190088E-10
         9.995803833007812E-01         1.459201143916289E-06        -4.022721322716194E-10
         9.994326233863831E-01         1.887763232844009E-06        -3.511876622841470E-10
         9.995029568672180E-01         1.681758249105769E-06        -3.322562225349657E-10
         9.993462562561035E-01         1.944421910593519E-06        -4.806090525555362E-10
         9.981667995452881E-01         2.562358758950722E-06        -5.386149304342780E-10
         9.987277984619141E-01         1.543367943668272E-06        -4.020163923978970E-10
         9.995293617248535E-01         6.456964456447167E-07        -1.924136405762056E-10
         0.000000000000000E+00         0.000000000000000E+00         0.000000000000000E+00
         0.000000000000000E+00         0.000000000000000E+00         0.000000000000000E+00
         0.000000000000000E+00         0.000000000000000E+00         0.000000000000000E+00
         0.000000000000000E+00         0.000000000000000E+00         0.000000000000000E+00
         1.002104163169861E+00        -5.292776677379152E-06         2.878477456391693E-09
         1.002066731452942E+00        -5.235104254097678E-06         3.032606166186724E-09
         1.001921415328979E+00        -4.906511094304733E-06         2.886533678747583E-09
         1.001060843467712E+00        -1.555763333271898E-06         3.621324351499311E-10
         1.000945210456848E+00        -1.262233695342729E-06         3.093416633959123E-10
         1.000791430473328E+00        -1.179786750071798E-06         2.574785107345434E-10
         1.000745177268982E+00        -1.131585122493561E-06         2.876723859124297E-10
         1.000603675842285E+00        -8.804752837932028E-07         2.580870794854917E-10
         1.000765681266785E+00        -8.130575110953941E-07         1.911128200138279E-10
         1.000853419303894E+00        -1.042037411025376E-06         2.174741359217691E-10
         1.000648617744446E+00        -8.860493494466937E-07         1.795396054049547E-10
         1.000674366950989E+00        -1.006963429972529E-06         2.365379281332736E-10
         1.000749945640564E+00        -1.087461100723885E-06         2.299321150145417E-10
         1.001097083091736E+00        -1.081785967471660E-06         1.448815650784141E-10
         1.000927686691284E+00        -6.612988272536313E-07         5.245494316685750E-11
         1.000860571861267E+00        -7.054562161101785E-07         6.484768971803945E-11
         1.000607728958130E+00        -3.794721692429448E-07         5.101653127725925E-11
         1.000148892402649E+00         4.580405388310282E-08        -7.833167448012546E-11
         9.996225833892822E-01         1.516097967169117E-07        -8.351038610632244E-11
         9.992799162864685E-01         2.741559796959336E-07        -6.298028071283213E-11
         9.991787075996399E-01         2.586843095286895E-07         2.696787584910432E-11
         9.991301298141479E-01         4.399917656883190E-07        -7.710530131044280E-12
         9.990391135215759E-01         8.466788017358340E-07        -1.727104986803951E-10
         9.996247887611389E-01         4.072691695000685E-07         4.803805617181744E-11
         9.998893737792969E-01         1.629194059660222E-07         1.558562306991362E-10
         9.997951388359070E-01        -2.102948997162457E-07         1.420425443932061E-10
         9.996933341026306E-01         1.451456910217530E-08         1.050223241705339E-10
         1.000072360038757E+00        -2.085283625774537E-07         9.234347314590607E-11
         9.998576641082764E-01         2.004138224265262E-07        -4.518830101774007E-11
         9.999622702598572E-01        -8.351648261850642E-08         2.883048660917709E-11
         9.997764229774475E-01         4.798408070882942E-08        -3.801906706124569E-11
         1.000032424926758E+00        -1.352525487163803E-07        -9.233641629080580E-11
         1.000005125999451E+00        -4.858687816522433E-07         5.414933085257090E-11
         9.998070597648621E-01        -5.288818556437036E-07         5.649430923071463E-11
         9.998825788497925E-01        -7.874260887774653E-08        -4.918404225562334E-11
         1.000465512275696E+00        -2.814501272041525E-07        -2.393210456197448E-11
         1.000585436820984E+00        -3.152953809149039E-07         5.597568936144270E-11
         1.000063300132751E+00         3.141867637168616E-07        -2.779470924252347E-11
         9.998027682304382E-01         3.022046541900636E-07        -4.817352419750343E-11
         9.998658895492554E-01         3.727582793544570E-07        -3.396313091874603E-11
         1.000175714492798E+00        -3.393804206552886E-07         1.246649589115023E-10
         1.000455737113953E+00        -4.907691959488147E-07         1.199827043274482E-10
         1.000565767288208E+00        -4.148032530792989E-07         1.266480531558756E-10
         1.000355958938599E+00        -5.514307872545032E-07         6.898152188350437E-11
         1.000569224357605E+00        -8.758275953368866E-07         1.615503009144703E-10
         1.000474214553833E+00        -8.168393605956226E-07         1.606946242738161E-10
         1.000519156455994E+00        -6.804791610193206E-07         1.690493717232400E-10
         1.000402569770813E+00        -1.767713087019729E-07         1.614030437080416E-11
         1.000515460968018E+00        -5.497071686733079E-09         3.483054816788567E-11
         1.000368356704712E+00        -2.266325083155607E-07         9.463314853963567E-11
         1.000370979309082E+00        -2.202839510800914E-07         5.451996840100115E-11
         1.000105738639832E+00        -2.296421053316067E-09         1.384431371626027E-11
         9.997923374176025E-01         2.866430577341816E-07        -7.526784751021864E-11
         9.994489550590515E-01         9.630565500629018E-08         1.045344019678929E-11
         9.990434646606445E-01         6.266034233703976E-07        -6.388296142079142E-11
         9.993763566017151E-01         4.856063924307819E-07        -8.879173091225212E-11
         9.993401765823364E-01         5.735273589380085E-07        -1.143842104367465E-10
         9.992048144340515E-01         6.954560376470909E-07        -1.120022824485645E-10
         9.994734525680542E-01         7.179901899689867E-07        -1.162908241925109E-10
         9.998383522033691E-01         2.542192305554636E-07        -1.512623143060110E-12
         9.998641610145569E-01         8.145333652009867E-08        -5.627617469250445E-11
         9.996967911720276E-01         1.309566783902483E-07        -5.286571180818100E-11
         9.995513558387756E-01         9.048760318819404E-08        -1.040448213696088E-10
         9.995244741439819E-01         3.115573292689078E-07        -6.940404848054804E-12
         9.999619722366333E-01         3.872237357427366E-07        -1.176456432272488E-10
         1.000033140182495E+00         5.534041065402562E-07        -1.361589591075685E-10
         1.000157237052917E+00         2.113315247243008E-07        -1.703311658385331E-10
         9.999578595161438E-01        -1.132662745817470E-07        -5.261920413279775E-11
         9.999510645866394E-01        -5.713451400879421E-07         4.324439070724218E-11
         9.998335838317871E-01        -3.179428063049272E-07        -1.679780793628627E-11
         9.998103380203247E-01        -6.965576915263227E-08        -1.214897210610744E-10
         9.997308254241943E-01         2.804298446790199E-07        -1.619921002893321E-10
         9.999575614929199E-01         6.667834639983994E-08        -6.308260858123305E-11
         9.995630979537964E-01         5.963726152913296E-07        -1.025480950156421E-10
         9.993436336517334E-01         5.540963456951431E-07        -9.323136013206224E-11
         9.994856119155884E-01         4.063267340370658E-07        -1.109900157891808E-10
         9.996302723884583E-01         2.469844559982448E-07        -8.890042868525683E-11
         9.998642802238464E-01         4.685443699692371E-11        -4.949887028038447E-11
         9.997416138648987E-01         3.324965973661165E-07        -1.086906814551369E-10
         9.994463920593262E-01         4.645794433599804E-07        -6.345609454561085E-11
         9.994899630546570E-01         5.777514502369741E-07        -2.095690426751062E-10
         9.994027018547058E-01         9.053804319592018E-07        -1.737530674894572E-10
         9.999827742576599E-01         5.650872481055558E-07        -1.910137326088801E-10
         1.000284790992737E+00         5.914367875448079E-07        -1.774586172453851E-10
         1.000318408012390E+00         5.084131089461152E-07        -9.725979049912681E-11
         1.000385999679565E+00         2.787874961995840E-07        -8.582200922147010E-11
         1.000296115875244E+00        -6.773100125201381E-08         2.460278855642706E-11
         1.000117778778076E+00         1.089173835566726E-07        -5.653567891616973E-11
         1.000255107879639E+00        -2.289588820758581E-07         9.809822398842982E-11
         9.998115301132202E-01        -2.688889537694195E-07         8.417235550055302E-13
         9.997249245643616E-01        -3.512557498197566E-07         5.112136755580643E-11
         9.998130202293396E-01        -2.620344616843795E-07         2.918363814496949E-11
         1.000123381614685E+00        -4.125399755139370E-07         7.054895556635188E-11
         1.000191330909729E+00         7.899671317090906E-08        -1.135922050865545E-10
         1.000181794166565E+00         3.953735117079304E-08        -6.874559255187762E-11
         1.000321269035339E+00         1.358170607090869E-07        -1.614740979816176E-10
         1.000366687774658E+00         4.917326279496592E-08        -9.362548930580417E-11
         1.000349402427673E+00         6.049489797987917E-08        -4.637924072570243E-11
         1.000230312347412E+00         8.459065981014646E-08        -1.836342536365443E-11
         9.997640848159790E-01         6.789275630580960E-07        -1.659965082057013E-10
         9.999842047691345E-01         1.175841006784140E-07         1.579324344913591E-12
         9.998474717140198E-01         3.978850315888849E-07        -1.304769209342638E-10
         9.999771714210510E-01         1.216001805914857E-07         2.972845580817562E-11
         0.000000000000000E+00         0.000000000000000E+00         0.000000000000000E+00
         9.998586773872375E-01        -6.043919142939558E-08        -1.728340235686299E-12
         1.000045537948608E+00        -7.124406664615890E-08        -2.230493220678476E-11
         9.999349117279053E-01         1.113101077976353E-07        -6.075154962426055E-11
         9.995651841163635E-01         4.650255789329094E-07        -1.387262804630751E-10
         9.994634985923767E-01         3.205448422249901E-07        -5.734938218759922E-11
         9.990941882133484E-01         6.422011438189656E-07        -1.621461853673622E-10
         9.990616440773010E-01         9.230040518559690E-07        -1.851744868552885E-10
         9.991146922111511E-01         1.015970042317349E-06        -1.994450715692153E-10
         9.992762804031372E-01         7.925436307232303E-07        -1.646442981950713E-10
         9.993449449539185E-01         4.813762188859982E-07        -5.674093833674121E-11
         9.994205236434937E-01         4.108918290057773E-07        -9.040410781091524E-11
         9.997760653495789E-01         6.402262187066299E-08        -2.664593198864473E-11
         9.999499917030334E-01        -2.067146027684430E-07         2.014876763697937E-12
         1.000082373619080E+00        -1.934518252255657E-07         4.781401663489504E-11
         1.000342130661011E+00        -3.257729588312941E-07         2.046112584919157E-11
         1.000142693519592E+00         2.887014538544008E-08        -4.076611964665133E-11
         9.999276995658875E-01         6.246837642720493E-07        -1.824247558568359E-10
         9.998726844787598E-01         8.633642778477224E-07        -1.535467308855232E-10
         9.997501969337463E-01         4.544057503608201E-07        -2.775855066639021E-11
         9.998597502708435E-01        -3.453337882319829E-08         7.217623027022668E-11
         9.999857544898987E-01        -5.422540994004521E-07         2.349475058949224E-10
         1.000193357467651E+00        -6.812476271988999E-07         2.126807341351622E-10
         1.000248789787292E+00        -5.265820846034330E-07         2.225994943927390E-10
         1.000170946121216E+00        -5.031941441302479E-07         2.260128195707978E-10
         1.000068426132202E+00        -5.099006443742837E-07         1.812886785135248E-10
         1.000048160552979E+00        -3.100026617630647E-07         8.885863572727359E-11
         1.000133514404297E+00        -3.651657323189283E-07         1.357755990971654E-10
         1.000060558319092E+00         8.792796535317393E-08        -2.815028071756487E-11
         9.999339580535889E-01         3.476098342503064E-08        -4.682989759863254E-11
         9.995591044425964E-01         4.787605121236993E-07        -9.268425610331477E-11
         9.994006156921387E-01         4.836725224777183E-07        -1.023722356885415E-10
         9.995824694633484E-01         3.734515701125929E-07        -1.632321534883463E-11
         9.995668530464172E-01         2.726913237438566E-07        -5.455103729845590E-11
         9.996011257171631E-01         1.536357814302391E-07        -4.128405603487373E-11
         9.995772838592529E-01         2.706566419874434E-07        -2.263980114491915E-10
         9.996526837348938E-01         1.643478100277207E-07        -8.930931688633237E-11
         9.997200369834900E-01         3.219066968540574E-07        -1.035145441585783E-10
         9.997361898422241E-01         1.667329740939749E-07        -3.577094870310660E-11
         9.995738863945007E-01         1.487450020931647E-07        -4.917957707739617E-11
         9.997267127037048E-01         1.649038949835813E-08        -1.049147019260843E-10
         9.999089837074280E-01        -2.998117736296990E-07        -6.982139172384549E-11
         1.000104427337646E+00        -3.012902709542686E-07         5.369196406923571E-11
         9.999867677688599E-01        -4.193109077732515E-07         3.767824593992053E-11
         1.000053524971008E+00        -3.456430306414404E-07        -1.402302753084061E-11
         9.999948143959045E-01        -8.898872749796283E-08        -5.973771477485457E-11
         1.000068545341492E+00        -2.523575801660627E-07        -1.627216070221316E-11
         1.000543117523193E+00        -6.728342896167305E-07        -3.900214179397565E-11
         1.000544667243958E+00        -7.194142881417065E-07         3.313918930936133E-11
         1.000490069389343E+00        -8.610139730080846E-07         2.182305863795975E-10
         1.000423431396484E+00        -9.023762572724081E-07         2.483883376758200E-10
         1.000334143638611E+00        -9.834202501224354E-07         1.921206527200070E-10
         1.000654935836792E+00        -1.260640487998899E-06         3.405998261207799E-10
         1.001074314117432E+00        -1.501008910054225E-06         3.713547247485849E-10
         1.001233458518982E+00        -1.439741708963993E-06         3.975568485525827E-10
         1.001096248626709E+00        -1.127840164372174E-06         3.095336487124456E-10
         1.000900030136108E+00        -9.648249488236615E-07         3.134712489583080E-10
         1.000992298126221E+00        -8.856063686835114E-07         3.215172017512202E-10
         1.000865459442139E+00        -5.025224822929886E-07         8.856594624351288E-11
         1.000846624374390E+00        -5.148492050466302E-07         1.326416476654657E-10
         1.000963091850281E+00        -8.197156375899795E-07         1.645860392418541E-10
         1.000977635383606E+00        -9.401022680322058E-07         2.431500278898824E-10
         1.000945210456848E+00        -4.769871679854987E-07         8.323402383991763E-11
         1.000970721244812E+00        -3.747166772427590E-07         1.525912451949551E-10
         1.000744342803955E+00        -4.311438601689588E-07         1.565927387758848E-10
         1.000501632690430E+00        -4.327346516674879E-07         1.202242749798188E-10
         1.000214099884033E+00        -3.951986684569420E-07         1.685770550929888E-10
         1.000112414360046E+00        -6.345870247059793E-07         1.445461389470992E-10
         1.000099301338196E+00        -8.786586818132491E-07         1.440796509877273E-10
         9.998268485069275E-01        -7.153197998377436E-07         2.323771175483103E-10
         1.000112414360046E+00        -8.740911994209455E-07         1.762658352610913E-10
         1.000595450401306E+00        -1.559392785566160E-06         3.654389013618697E-10
         1.000458478927612E+00        -1.343383246421581E-06         2.986756675316116E-10
         9.989055991172791E-01         4.118523406759778E-07        -2.557972167416267E-10
         1.000301003456116E+00        -1.141204620580538E-06         1.046461875486848E-10
         9.993243217468262E-01         1.150574036046237E-07        -1.674295702080997E-10
         1.000380039215088E+00        -1.164060790870280E-06         1.287035755748178E-10
         1.001241445541382E+00        -1.992826582863927E-06         3.876724219420424E-10
         0.000000000000000E+00         0.000000000000000E+00         0.000000000000000E+00
         0.000000000000000E+00         0.000000000000000E+00         0.000000000000000E+00
         0.000000000000000E+00         0.000000000000000E+00         0.000000000000000E+00
         0.000000000000000E+00         0.000000000000000E+00         0.000000000000000E+00
         9.988652467727661E-01         1.628766426620132E-06        -3.499319722877203E-10
         9.994646310806274E-01         1.132416855398333E-06        -8.034899412479035E-10
         9.988000988960266E-01         2.338629883524845E-06        -1.151940653976169E-09
         9.988944530487061E-01         1.713614665277419E-06        -1.127158144598184E-09
         9.991531372070312E-01         3.007725126735750E-07         6.664151869228974E-11
         9.984315633773804E-01         1.956269443326164E-06        -1.208558808585281E-10
         9.991937875747681E-01         7.270929245350999E-07         8.371030951748182E-11
         9.993544220924377E-01         5.216012368691736E-07         8.053371858274261E-11
         9.994857907295227E-01         6.692035725563983E-08         1.209172623140020E-10
         9.988129734992981E-01         1.585282120686315E-06        -3.832708803108709E-11
         9.993809461593628E-01         8.267403472927981E-07         3.769896547711760E-11
         9.997084140777588E-01         2.434670136608474E-07         1.224643580988172E-10
         9.999436140060425E-01         1.044067232669477E-07         8.424194675171748E-11
         9.997722506523132E-01         9.088550996239064E-07         3.791061561897457E-11
         9.997703433036804E-01         9.930238320521312E-07        -1.428213797227684E-11
         9.996848702430725E-01         9.223774100064475E-07         3.521689190266741E-11
         1.000163912773132E+00         2.055782033494324E-07         1.348171574377943E-10
         1.000291943550110E+00         2.391271038959530E-07         6.890185644259361E-11
         1.001037597656250E+00        -1.008965682558483E-06         2.293723266877379E-10
         1.000936865806580E+00        -1.316991756539210E-06         2.029154760885277E-10
         1.000473022460938E+00        -6.573313271474035E-07         8.311732552224171E-11
         1.000454187393188E+00        -2.295508068073104E-07        -1.583467038046571E-11
         1.000270843505859E+00         3.386853961728775E-07        -6.557683562835592E-11
         1.000257492065430E+00         7.092729674695875E-07        -1.159993767707590E-10
         1.000297665596008E+00         1.033862304211652E-06        -1.651964398607930E-10
         1.000047087669373E+00         1.430684164915874E-06        -2.083286876342072E-10
         1.000149488449097E+00         9.700869441076065E-07        -1.149697559377216E-10
         1.000177145004272E+00         8.953350629781198E-07        -8.304736759390252E-11
         1.000873684883118E+00        -2.080688688010923E-07        -2.448612276481632E-12
         1.000699281692505E+00         2.586512266589125E-07        -1.357104012500443E-10
         1.000915288925171E+00        -3.675052084872732E-07        -6.879877917365107E-11
         1.000725269317627E+00        -8.617238904662372E-07         5.498239016854534E-12
         1.000224232673645E+00         9.112738119654296E-09        -9.587691057744152E-11
         1.000280737876892E+00         4.019799462184892E-07        -1.755019740645736E-10
         1.000198245048523E+00         8.509602480444300E-07        -1.144954131504505E-10
         1.000304579734802E+00         4.201399406156270E-07        -4.898011857212836E-11
         9.998940229415894E-01         9.491657806393050E-07        -1.574545493987500E-10
         1.000990390777588E+00        -1.270685856979981E-06         1.466123333848657E-10
         1.000685095787048E+00        -6.326278594315227E-07        -2.711742462524480E-11
         1.000756502151489E+00        -1.107230218622135E-06         2.637623973400505E-11
         1.000528335571289E+00        -1.284810991819541E-06         1.287953216300153E-10
         1.000009775161743E+00        -4.193259712792496E-07         9.430795033793515E-11
         9.995670914649963E-01         4.201611716325715E-07         2.246543055750561E-11
         9.995952844619751E-01         5.769343829342688E-07        -8.432713555217575E-11
         9.997103810310364E-01         4.675949583088368E-07        -3.265607922964264E-11
         9.999622106552124E-01         1.903335231645542E-07         1.090143340182204E-11
         1.000354647636414E+00        -5.837604248881689E-07         1.124654258610747E-10
         1.000335812568665E+00        -7.679989835196466E-07         1.001327354366310E-10
         1.000668168067932E+00        -1.130350483435905E-06         9.420705188167844E-11
         1.000674724578857E+00        -7.886243906796153E-07         1.436347568661844E-10
         1.000508904457092E+00        -1.959340636403795E-07         5.825084858912533E-11
         1.000372886657715E+00        -7.182113392900646E-08         2.413136010459560E-11
         9.999586939811707E-01         3.569993793917092E-07        -1.254683249657385E-11
         9.996585845947266E-01         5.684057100552309E-07        -8.447526705923636E-11
         9.996784925460815E-01         4.952730137119943E-07        -7.240853056034169E-11
         9.999495148658752E-01         8.342152568729944E-08         7.916705485611075E-11
         1.000039935112000E+00         4.924187351207365E-07        -6.058669538289152E-11
         1.000130414962769E+00         3.261062033743656E-07         8.131429557467484E-12
         1.000071763992310E+00         5.556694659958339E-08        -4.425098135141248E-11
         9.998918175697327E-01         3.934010806005972E-07        -8.940667650669809E-11
         1.000144481658936E+00         2.042398392632094E-07        -8.629141151628161E-11
         1.000084280967712E+00         2.938900820481649E-07        -1.402844507225609E-10
         9.997242093086243E-01         4.751625226617762E-07        -1.314265640761647E-10
         9.992842674255371E-01         8.938587257034669E-07        -1.394170612289969E-10
         9.997847676277161E-01         7.150101843933498E-09        -2.140117423554688E-11
         9.995189905166626E-01         1.415704673490836E-06        -2.582176694687632E-10
         1.000294446945190E+00         1.743748470062201E-07        -1.467424376455639E-10
         9.992727041244507E-01         1.820028842303145E-06        -2.920179098531150E-10
         9.999153017997742E-01         3.295173769402027E-07        -1.077838512886231E-10
         9.995079040527344E-01         1.349970943920198E-06        -2.132813231581210E-10
         1.000209808349609E+00         5.825706921314122E-07        -2.477600624661846E-10
         1.000213980674744E+00         6.360036763908283E-07        -1.373952063232764E-10
         1.000097870826721E+00         5.352943048819725E-07        -9.410836693257707E-11
         9.997391104698181E-01         5.027010843150492E-07        -4.647751628006347E-11
         1.000182390213013E+00        -4.473923809200642E-07         3.611441007356220E-12
         1.000254750251770E+00         1.811550021102448E-07         4.291031766023856E-11
         1.000540494918823E+00        -5.669132292496215E-07         8.541232998648951E-11
         9.999477267265320E-01         1.190598766243056E-07        -5.634947369825838E-12
         1.000374317169189E+00        -6.267240451052203E-07         9.396286700102952E-12
         9.998285770416260E-01         8.657899996933338E-08        -5.276874770476780E-11
         9.998364448547363E-01        -3.812760098753643E-07        -1.831827571574518E-11
         9.993900656700134E-01         2.856941136997193E-07        -1.937865146128814E-10
         9.993152618408203E-01         1.231776849408561E-07        -8.802543416397413E-11
         9.994524121284485E-01         5.787239132359900E-08        -4.439716996817999E-11
         9.997464418411255E-01         2.692666498660401E-07        -4.038943485218383E-11
         1.000335335731506E+00        -3.282579825736320E-07        -9.777898629659276E-11
         9.997528195381165E-01         8.032627647480695E-07        -1.774152491584857E-10
         9.999317526817322E-01         6.644360155405593E-07        -1.185706532957909E-10
         1.000345349311829E+00        -3.101727088505868E-07        -8.470033008300959E-11
         9.999185204505920E-01        -1.508106350911476E-07        -4.589151541417591E-12
         9.999775290489197E-01        -5.409697223512921E-07         1.237440427903636E-10
         9.999371170997620E-01         1.125277293567706E-07        -6.128163254626173E-11
         1.000364184379578E+00        -7.003430937402300E-07         4.973877559821815E-11
         1.000003457069397E+00        -2.897124318224087E-07        -2.557704568972863E-11
         9.998772144317627E-01        -2.069864848408542E-07        -8.463137309011604E-12
         9.994668960571289E-01         4.483364364205045E-07        -1.127619456142703E-10
         9.995643496513367E-01         7.419116343498899E-08        -6.438338143871514E-12
         9.995230436325073E-01         6.701203592029970E-09         8.242422022686213E-11
         9.993549585342407E-01         3.870234763780900E-07         8.134060786035846E-11
         9.994842410087585E-01         3.468977638476645E-07         5.878349890187096E-11
         0.000000000000000E+00         0.000000000000000E+00         0.000000000000000E+00
         0.000000000000000E+00         0.000000000000000E+00         0.000000000000000E+00
         9.993693232536316E-01         6.496432547464792E-07        -5.596054869494438E-11
         9.997872710227966E-01         4.777436970471172E-07        -1.668304105972851E-10
         1.000014066696167E+00         5.380250627240457E-07        -3.855257432738846E-11
         1.000199794769287E+00         6.193922672537155E-07        -9.611207663073884E-12
         1.000625252723694E+00        -3.754127249067096E-07         1.084893910818785E-10
         1.000361919403076E+00         2.114982748935290E-07         9.357773583795748E-11
         1.000574946403503E+00        -7.045219376777823E-07         2.480196326093420E-10
         9.998531937599182E-01         2.245179331339386E-07         1.614774008951159E-10
         0.000000000000000E+00         0.000000000000000E+00         0.000000000000000E+00
         9.996823668479919E-01         1.996172755980297E-07         6.985512168711239E-11
         9.997322559356689E-01        -2.051854153251043E-08         4.160690542098777E-11
         9.999650120735168E-01        -6.004442525409104E-07        -8.643064736135742E-11
         9.996367692947388E-01         1.193494512108373E-07         1.403067852873141E-11
         0.000000000000000E+00         0.000000000000000E+00         0.000000000000000E+00
         0.000000000000000E+00         0.000000000000000E+00         0.000000000000000E+00
         9.990266561508179E-01         1.130965472384560E-07        -5.381881745813999E-11
         9.998702406883240E-01        -1.313030679739313E-06         1.344342432513246E-11
         9.989663958549500E-01         4.156800628152268E-07        -7.004241631136665E-11
         9.994631409645081E-01        -2.914322863034613E-07        -4.377128173804756E-11
         9.993243813514709E-01         5.540648544410942E-07        -2.884182823126302E-11
         9.999268651008606E-01        -3.941525221762276E-07        -8.753231472979905E-11
         9.996635317802429E-01        -1.001875347128589E-07        -1.442403141371784E-10
         9.996452927589417E-01         1.611536859513762E-08        -1.185659764812996E-10
         9.997317194938660E-01        -3.180101657562773E-07        -5.878177111728888E-11
         9.992598295211792E-01         8.827731221572321E-07        -1.270327731894838E-10
         1.000452876091003E+00        -9.985124052036554E-07         5.876366060419969E-11
         1.000425219535828E+00        -7.658605341021030E-07         1.119118894776783E-10
         1.000608444213867E+00        -1.055631287272263E-06         1.062570864629464E-10
         1.000478267669678E+00        -2.646554264629231E-07        -1.399199246049365E-11
         1.000122785568237E+00         2.350092103142742E-07        -1.310025005141213E-10
         9.999597668647766E-01         7.865731390666042E-07        -3.423373251543183E-10
         1.000126242637634E+00         4.733925607069978E-07        -2.751560645997131E-10
         1.000048041343689E+00         9.406232237552103E-08        -2.335719673229875E-10
         9.995247125625610E-01         4.772950887854677E-07        -3.287881633617928E-10
         9.992495775222778E-01         6.082884169700264E-07        -1.950340444700771E-10
         9.988929033279419E-01         1.158617237706494E-06        -2.914659902319983E-10
         9.984369874000549E-01         1.765460069691471E-06        -2.918904840054637E-10
         9.987246394157410E-01         1.700995085229806E-06        -2.678084976004413E-10
         9.994272589683533E-01         7.639281420779298E-07        -2.168854956741129E-10
         9.998848438262939E-01        -9.361538388930057E-08        -1.473509786409366E-10
         1.000052690505981E+00        -2.491035786533757E-07        -1.653252257316495E-10
         1.000096082687378E+00         1.797737922970555E-07        -1.939181731858142E-10
         9.999661445617676E-01         6.880525802444026E-07        -1.747891137382496E-10
         9.999915957450867E-01         8.272221521110623E-07        -5.059968416487592E-11
         9.999169111251831E-01         3.812783120338281E-07        -3.120641548989833E-12
         1.000187158584595E+00        -2.536766317007277E-07         3.377833429629717E-11
         1.000513672828674E+00        -1.045575459102110E-06         1.267584509578867E-10
         1.000154018402100E+00        -5.253408517091884E-07         6.110355971200576E-11
         9.996200799942017E-01         5.269758389658818E-07        -9.969026298906059E-11
         9.995253682136536E-01         8.076301583059831E-07        -1.088721543474058E-10
         9.996371269226074E-01         9.513365739621804E-07        -1.154556866778123E-10
         9.997230172157288E-01         7.523830163336243E-07        -9.749951540571899E-11
         9.997777342796326E-01         3.271100865731569E-07        -1.082505959870694E-11
         1.000145792961121E+00        -3.172997935507738E-07         5.820344206597383E-11
         1.000326037406921E+00        -4.661849288822850E-07         4.964630095916078E-11
         1.000372648239136E+00        -8.131999607030593E-07         1.659737625114843E-11
         1.000463962554932E+00        -5.333762942427711E-07        -1.223245810200169E-10
         1.000098109245300E+00         5.327369194674247E-07        -1.852912961952669E-10
         9.999963641166687E-01         7.571712785647833E-07        -1.540815253164851E-10
         1.000249862670898E+00         6.493501132354140E-07        -2.170417734426167E-10
         1.000312805175781E+00         6.022747243150661E-07        -2.346683680709560E-10
         1.000008940696716E+00         1.254553239959932E-06        -2.636222351526385E-10
         9.994364380836487E-01         2.140281367246644E-06        -4.209749771000304E-10
         9.990060925483704E-01         2.051276169368066E-06        -4.708894385530016E-10
         9.993019104003906E-01         1.378002821184054E-06        -4.296361599820386E-10
         9.996732473373413E-01         9.793732260732213E-07        -4.959870292253754E-10
         9.998672008514404E-01         4.343141881690826E-07        -3.985222152280699E-10
         9.994537234306335E-01         1.469126573283575E-06        -4.047253088224068E-10
         9.991273880004883E-01         2.315929123142269E-06        -4.858271562824257E-10
         9.991497993469238E-01         2.120969384122873E-06        -4.634267136705006E-10
         9.992648959159851E-01         1.468167170060042E-06        -2.753701711100121E-10
         9.993947148323059E-01         1.446720375497534E-06        -3.028523265502514E-10
         9.993332028388977E-01         1.349034278064210E-06        -2.423529155137771E-10
         9.995645880699158E-01         1.165413891612843E-06        -2.789703190675397E-10
         1.000046491622925E+00         6.573068276338745E-07        -2.381752850499907E-10
         9.993222355842590E-01         1.731984980324341E-06        -4.789172391994612E-10
         9.993674755096436E-01         1.706296188785927E-06        -5.477072684278994E-10
         1.001468300819397E+00        -6.439533422053501E-07         1.387086279169836E-10
         1.001648187637329E+00        -4.938224265060853E-07         2.607994931125290E-10
         1.000093579292297E+00         1.000824340735562E-06         8.700709597242451E-11
         0.000000000000000E+00         0.000000000000000E+00         0.000000000000000E+00
         0.000000000000000E+00         0.000000000000000E+00         0.000000000000000E+00
         0.000000000000000E+00         0.000000000000000E+00         0.000000000000000E+00
         9.998542070388794E-01        -1.348982777926722E-06         4.674817755123684E-10
         9.997090697288513E-01        -1.507294655311853E-06         8.020535346986435E-10
         9.996049404144287E-01        -5.358821226764121E-07         1.924036902023474E-10
         1.000159978866577E+00        -1.538901301501028E-06         1.108322988940813E-09
         1.000055313110352E+00        -1.942826202139258E-07        -1.345046851675136E-10
         1.000431180000305E+00        -6.014506084284221E-07        -9.041247611696335E-11
         1.001139521598816E+00        -1.103281420000712E-06        -7.288759595880379E-10
         1.001014590263367E+00        -1.261002239516529E-06         2.391460363071474E-10
         1.000760436058044E+00        -8.473433013023168E-07         1.217856510082882E-10
         1.000444054603577E+00        -6.358393989103206E-07        -6.041759453845330E-11
         1.000668168067932E+00        -5.435294951894321E-07        -7.186253259128250E-10
         1.000822424888611E+00        -1.330584382230882E-06         2.862164949490875E-10
         1.000730514526367E+00        -1.178175807581283E-06         3.131675474499218E-10
         1.000693440437317E+00        -1.311443725171557E-06         2.556420353183597E-10
         1.000410437583923E+00        -1.005633407658024E-06         2.408605814796516E-10
         1.000306010246277E+00        -7.670998911635252E-07         1.810828986759105E-10
         1.000437736511230E+00        -8.203589914046461E-07         2.006666360854226E-10
         1.000661730766296E+00        -1.101265979741584E-06         3.180418706172361E-10
         1.000980019569397E+00        -1.369827259622980E-06         4.110234930188028E-10
         1.001169085502625E+00        -1.453365030101850E-06         3.062482212268236E-10
         1.001211404800415E+00        -1.519036572972254E-06         3.751375321492390E-10
         1.000968933105469E+00        -1.069627273864171E-06         3.331629971903283E-10
         1.001048326492310E+00        -9.945861165761016E-07         2.808354104821831E-10
         1.000935554504395E+00        -8.033970857468375E-07         1.758444778676704E-10
         1.000741839408875E+00        -4.223196583552635E-07         8.475398854956850E-11
         1.000520348548889E+00        -4.454545887710992E-07         1.913061653535664E-10
         1.000230193138123E+00        -4.126900989831483E-07         8.763858388993739E-11
         1.000228881835938E+00        -9.283176041208208E-07         1.397518212264970E-10
         9.997399449348450E-01         3.464303688360815E-07        -8.767413878230101E-11
         9.994015693664551E-01         2.840726267550053E-07        -1.675452311611370E-11
         9.991802573204041E-01         5.849494399967625E-08         1.297539072714349E-11
         9.995338916778564E-01        -3.042743514924950E-07         1.890842066254450E-10
         9.998607039451599E-01        -4.778915467795741E-07         2.109868391109160E-10
         1.000142216682434E+00        -7.498834975194768E-07         3.506239187878180E-10
         1.000505328178406E+00        -5.821320883114822E-07         1.622923601063420E-10
         1.000752568244934E+00        -1.046667762238940E-06         3.866965081478213E-10
         1.000494122505188E+00        -4.789276317751501E-07         1.381455921878327E-10
         1.000103235244751E+00        -1.297087095508687E-07         1.813846017828524E-10
         1.000013589859009E+00        -1.486689029661648E-07         1.283485678849061E-10
         9.996695518493652E-01         1.906369533344332E-07         3.799659545333789E-11
         9.994598031044006E-01         1.984077897532188E-07         2.300316361003585E-11
         9.993960857391357E-01         1.300221725841766E-07         8.902566878132845E-11
         9.996845722198486E-01        -2.582637925740983E-08         1.184964903977459E-10
         9.996396899223328E-01         4.738730865483376E-07        -1.224316065195907E-10
         9.996656775474548E-01         6.424994012377283E-07        -1.797096221833883E-10
         9.995765686035156E-01         9.620882792660268E-07        -3.219556010680691E-10
         9.997529983520508E-01         6.632882900703407E-07        -2.415675159905817E-10
         9.999870657920837E-01         2.796139426664013E-07        -1.334957838716733E-10
         1.000183463096619E+00        -1.025573368451660E-07         7.315108241368051E-11
         1.000282406806946E+00        -1.528146356122306E-07         4.739084472071831E-11
         1.000421881675720E+00        -1.908544788875588E-07         4.481484627838483E-11
         1.000277161598206E+00        -4.622793170483419E-08         5.923332657697955E-11
         1.000075459480286E+00         3.061161351070041E-07         3.179418187060357E-11
         1.000309109687805E+00         2.942485650692106E-07         2.384147566869554E-11
         1.000316500663757E+00         1.798917281803369E-07        -4.236536815804826E-11
         1.000119328498840E+00         4.530826345217065E-07        -2.475932792123103E-10
         1.000222921371460E+00         1.350194480664868E-07        -7.805464607990587E-11
         1.000452995300293E+00        -3.767393366160832E-07         5.070275796437151E-12
         1.000695466995239E+00        -7.576649068141705E-07         1.793336312783111E-10
         1.000938057899475E+00        -7.573357834189665E-07         2.185285424838312E-10
         1.000779390335083E+00        -6.606888405258360E-07         1.441027158710639E-10
         1.000250816345215E+00         4.347021231865256E-08        -2.164968551654489E-11
         1.000412940979004E+00        -2.999511536927457E-07         1.008105890432098E-10
         1.000121474266052E+00        -7.427940484916462E-09         1.084878367696440E-11
         9.997428059577942E-01         8.238545206040726E-07        -2.429157153205352E-10
         9.995920062065125E-01         9.440651638215058E-07        -3.621821731414343E-10
         9.992539286613464E-01         1.414545067746076E-06        -5.273708691966306E-10
         9.993996024131775E-01         1.245678845407383E-06        -4.562192013057853E-10
         1.000047087669373E+00         7.736281304460135E-07        -2.151745587264386E-10
         1.000298142433167E+00         4.820520302928344E-07        -1.866894833169042E-10
         1.000140428543091E+00         1.109103635599240E-07        -6.514942058055695E-11
         1.000010013580322E+00         3.654676561382075E-07        -7.217257347313932E-11
         1.000161170959473E+00        -2.370605045598495E-08         5.506704120472605E-11
         9.999998807907104E-01         1.060474517089460E-07        -3.344178059472291E-11
         1.000064849853516E+00         1.426784166369544E-07        -1.154834006200645E-10
         1.000182628631592E+00        -1.219443479527627E-08        -3.938685141924303E-11
         1.000455737113953E+00        -3.944655020404753E-07         1.759474857476739E-11
         1.000321984291077E+00        -2.264521441475154E-07        -4.975066886236945E-11
         1.000157356262207E+00         4.250121321547340E-08        -8.361246417454282E-11
         9.998136758804321E-01         1.664286202185394E-07        -1.348973016623845E-10
         9.997013211250305E-01         3.467560816261539E-07        -1.563793261549762E-10
         9.995769262313843E-01        -1.772937565647226E-07         1.005802320770688E-12
         9.994988441467285E-01        -1.415537465021544E-08         8.657546901602586E-11
         9.994747042655945E-01         4.728535998310690E-07        -1.320458742348762E-10
         9.993170499801636E-01         7.727336424068199E-07        -2.024152234714194E-10
         9.998204708099365E-01        -3.074962862115171E-08        -1.444988833448901E-11
         9.994207024574280E-01         7.542975026808563E-07        -3.009045790314246E-10
         9.998796582221985E-01        -1.506781615034924E-07         7.717801397966184E-11
         9.995667338371277E-01         6.950109110448466E-08         6.522712231449290E-11
         9.995496273040771E-01         1.204794575215828E-08         1.190101767134522E-10
         9.999457001686096E-01        -3.328331956709007E-07         1.826986201214353E-10
         1.000283002853394E+00        -3.978035465479479E-07         1.115510114835239E-11
         1.000612020492554E+00        -4.220687230827025E-07         2.395560416701414E-10
         1.000604152679443E+00        -4.154834130076779E-07         1.326254800426696E-10
         1.000710964202881E+00        -8.693526751812897E-07         1.254171211328980E-10
         1.000982284545898E+00        -1.497651624049468E-06         3.771010448350154E-10
         1.001366615295410E+00        -1.627985170671309E-06         2.738179960548592E-10
         1.001513242721558E+00        -1.895601712931239E-06         3.648408797296554E-10
         1.001309752464294E+00        -1.361726617687964E-06         3.005479476403394E-10
         1.001138806343079E+00        -1.345512032457918E-06         2.777286178812233E-10
         1.000821352005005E+00        -1.024784978653770E-06         1.710235564278406E-10
         1.000350356101990E+00        -6.226424602573388E-07         9.738995027097630E-11
         1.000744223594666E+00        -1.261684360542858E-06         2.668945897621455E-10
         1.000299453735352E+00        -8.352357667718024E-07         2.651718289392591E-10
         1.000215530395508E+00        -2.772127061234642E-07         2.882865994535688E-11
         9.998425245285034E-01         3.030493189726258E-08         3.194304629833278E-12
         9.992871880531311E-01         3.453879742210120E-07        -2.063050468306682E-12
         9.991030693054199E-01         2.189371031136034E-07         7.553946357319319E-11
         9.992849826812744E-01        -3.890380924076453E-07         1.430682655678694E-10
         9.999696016311646E-01        -1.233092575603223E-06         6.760884074807905E-10
         1.000018835067749E+00        -1.097143467632122E-06         6.185084111542949E-10
         9.999227523803711E-01        -5.953323238827579E-07         4.991860258485303E-10
         9.997390508651733E-01        -2.107607244283827E-08         1.876300920189422E-10
         1.000022411346436E+00        -4.710508676453173E-07         2.761683659535663E-10
         1.000220894813538E+00        -8.812218084131018E-07         3.770592726937139E-10
         1.000118494033813E+00        -6.894377406752028E-07         2.829068368459531E-10
         1.000072956085205E+00        -4.415080354647216E-07         1.037573083007004E-10
         1.000167727470398E+00        -2.505084637505206E-07        -1.481145761594860E-11
         1.000283837318420E+00        -2.947743382719636E-08        -1.228355889226762E-10
         9.997240304946899E-01         6.417864710783761E-07        -2.977968427408939E-10
         9.997597336769104E-01         4.451121640158817E-07        -2.381309316401570E-10
         9.998172521591187E-01         3.868625242375856E-07        -1.766865265206974E-10
         1.000461816787720E+00        -5.510815412890224E-07         7.609624042004270E-11
         9.999521970748901E-01         6.525746130137122E-07        -3.014536398282530E-10
         9.999698400497437E-01         5.874958901586069E-07        -3.130765091619025E-10
         9.997330904006958E-01         9.313208124694938E-07        -3.011399740682208E-10
         9.997953176498413E-01         8.085584681793989E-07        -1.986132786013783E-10
         9.994652271270752E-01         1.054575818670855E-06        -3.065044051897559E-10
         9.996539950370789E-01         6.267476919674664E-07        -2.233604967649683E-10
         9.995069503784180E-01         7.892662665653916E-07        -1.054812071021871E-10
         9.998404979705811E-01         3.321920871712791E-07        -7.074123925532305E-11
         9.998416304588318E-01         1.980286725711267E-07        -3.148643151762442E-11
         1.000490665435791E+00        -5.598137136075820E-07         1.804978250197209E-10
         9.999195933341980E-01         1.837104690594060E-07         2.880912869374086E-11
         9.993919134140015E-01         6.854837693026639E-07        -1.270518412699317E-10
         9.991239309310913E-01         1.221270622409065E-06        -1.809580957301549E-10
         9.994240999221802E-01         9.781948620002368E-07        -2.214473049377830E-10
         9.991168379783630E-01         1.209324182127602E-06        -2.831256895596823E-10
         9.992761611938477E-01         6.288436225077021E-07        -2.130089681029457E-11
         9.989110827445984E-01         1.128260691984906E-06        -2.192245274201809E-10
         9.991303086280823E-01         7.530541097366950E-07        -1.271153460269403E-10
         9.990640878677368E-01         9.384425538883079E-07        -1.299598345605446E-10
         9.998797774314880E-01        -2.273836372523874E-07         3.408067716925700E-10
         9.998624324798584E-01         1.065660697463500E-07         1.420977502331056E-10
         9.998139142990112E-01         7.150649850018453E-08         3.805719975269461E-11
         9.998705387115479E-01        -2.856127139239106E-07         2.367480378406839E-10
         9.993131756782532E-01         5.625380481433240E-07        -4.298694386561941E-11
         9.992658495903015E-01         8.202210324270709E-07        -9.983849857952976E-11
         1.000757098197937E+00        -2.241353968202020E-06        -4.535271325156742E-10
         9.998514056205750E-01        -1.698193386800995E-06         5.972664585129905E-10
         9.998223185539246E-01        -1.071371912075847E-06        -3.967995376719102E-10
         9.998489618301392E-01        -1.458903739148809E-06         7.109362543111786E-10
         1.000214219093323E+00        -1.679983142821584E-06         5.713138295782016E-10
         9.994375705718994E-01         6.337361924124707E-07         1.804822263862249E-10
         9.997093081474304E-01         5.896960146856145E-07        -2.888519631816244E-11
         1.000522136688232E+00        -1.128333451561048E-06         3.235040291205138E-10
         1.000182390213013E+00         1.064511252479861E-07         5.450247891891635E-12
         1.000838756561279E+00        -9.122042001763475E-07         1.969105156707229E-10
         1.001036643981934E+00        -1.366760784549115E-06         3.949072735487391E-10
         1.000604510307312E+00        -1.083329493667406E-06         2.894709194567469E-10
         9.997120499610901E-01         3.040619844796311E-07        -1.911737296245164E-10
         9.997080564498901E-01         3.894435280926700E-07        -1.142989175528797E-10
         1.000218868255615E+00        -2.281880142618320E-07         1.875621741254108E-10
         1.000605344772339E+00        -6.929730034244130E-07         3.320040908860733E-10
         1.000668644905090E+00        -7.424170576086908E-07         2.304212792791915E-10
         1.000639081001282E+00        -1.069049986313075E-07         1.694040047128809E-10
         1.000600218772888E+00        -2.042662039514198E-08        -8.615779617526798E-11
         1.000536799430847E+00        -1.123504844713352E-07        -2.020839606764468E-10
         1.000545620918274E+00        -3.924077773831414E-08        -2.037679053268349E-10
         1.000165462493896E+00         3.125514638213645E-07        -2.258524478548907E-10
         1.000497102737427E+00        -1.617205640513930E-07        -5.732056149176934E-11
         1.000988006591797E+00        -6.303923214545648E-07         1.414183631309740E-10
         1.001062870025635E+00        -7.677090252400376E-07         2.126892550968762E-10
         1.000913739204407E+00        -4.544517366866785E-07         1.337111393828749E-10
         1.000649809837341E+00         3.719709695815254E-08        -8.253211308817399E-11
         1.000142812728882E+00         5.975413728265266E-07        -1.556299117355664E-10
         9.996839761734009E-01         1.478196850257518E-06        -5.115036172398391E-10
         9.994404911994934E-01         1.151739525084849E-06        -3.654108404749223E-10
         9.992864131927490E-01         9.672286296336097E-07        -2.934475995530761E-10
         9.990805983543396E-01         1.126095526160498E-06        -4.796351649183350E-10
         9.990310072898865E-01         1.331425892203697E-06        -3.380588864398959E-10
         9.996507763862610E-01         1.037591687236272E-06        -1.217354328453268E-09
         9.993399381637573E-01         3.583897694170446E-07        -1.731530197002229E-11
         9.988549947738647E-01         1.084975110643427E-06        -2.547816957410021E-10
