         1.002171874046326E+00        -7.075112762322533E-07         2.401939758200911E-10
         1.002668261528015E+00        -1.377110265821102E-06         5.052779306069510E-10
         1.001896262168884E+00        -7.271154913723876E-07         2.845932101092075E-10
         1.001420259475708E+00        -4.740662120639172E-07         1.927669829315803E-10
         1.000989794731140E+00        -7.580684950880823E-07         3.784611790624837E-10
         1.000833034515381E+00        -6.782957484574581E-07         3.286272642899490E-10
         1.000742793083191E+00        -8.904688684197026E-07         3.950587634804492E-10
         1.000200748443604E+00        -4.472443322356412E-07         3.179674024078594E-10
         9.998028874397278E-01         3.896108466960868E-07        -5.347132112087927E-11
         9.995990991592407E-01         5.867391337233130E-07        -1.052052472916287E-10
         9.989883303642273E-01         1.494700995863241E-06        -4.032144618193456E-10
         9.989150762557983E-01         2.078570332741947E-06        -6.755951909021007E-10
         9.994404911994934E-01         9.280873882744345E-07        -2.839126989062635E-10
         9.999904632568359E-01         3.931060277295728E-08         9.300202968853810E-11
         1.000095844268799E+00         1.923438333051308E-07         6.977723954193493E-11
         9.998193383216858E-01         1.246010583599855E-06        -3.965205941369732E-10
         9.994797110557556E-01         1.892818204396463E-06        -6.325186485689471E-10
         9.997280240058899E-01         1.174421868199715E-06        -3.899812139884773E-10
         9.999397993087769E-01         6.497456297438475E-07        -1.959490070202463E-10
         1.000251173973083E+00         3.299350055385730E-07        -1.056413498345954E-10
         9.999295473098755E-01         1.054971789926640E-06        -3.847474006057894E-10
         9.999732971191406E-01         1.052699076353747E-06        -3.122846981007399E-10
         1.000335693359375E+00         4.730655120965821E-07        -1.316239756077309E-10
         1.000656485557556E+00         3.898501290677814E-07        -1.658768261636467E-10
         1.000839233398438E+00         1.587191604812688E-07        -8.572632881342912E-11
         1.000783085823059E+00         5.892637489068875E-08        -6.917202921563614E-11
         1.000511884689331E+00         6.234449756448157E-07        -2.956631328654424E-10
         1.000755429267883E+00         7.095388099287447E-08        -1.218096318256201E-10
         1.000986456871033E+00        -4.587559772062377E-07         1.074069513884446E-10
         1.000777363777161E+00         8.753177382914146E-08        -9.154012270418121E-11
         1.000719785690308E+00        -1.774465374637657E-07         1.300015563948653E-11
         1.001122832298279E+00        -1.194763967760082E-06         3.632423251076489E-10
         1.000458598136902E+00        -5.802698410661833E-07         1.587125569857406E-10
         9.999123811721802E-01         1.962130369292936E-07        -1.351316419873072E-10
         9.999753236770630E-01         3.572028504095215E-07        -2.402199550388673E-10
         1.000051140785217E+00         3.407364488339226E-07        -2.181510944110343E-10
         1.000435829162598E+00        -2.083448862322257E-07        -2.071975403750148E-12
         1.000294446945190E+00        -2.617862833176332E-07         4.190750524379894E-11
         1.000174164772034E+00        -6.066435531693060E-08         1.911649311070462E-11
         1.000004649162292E+00         3.151879468532570E-07        -1.003900504392696E-10
         1.000036597251892E+00         7.421726877510082E-08         2.502473705687236E-12
         1.000341057777405E+00        -2.816821051965235E-07         1.416533557119237E-10
         1.000472664833069E+00         1.101971225381249E-08        -2.278463528959662E-11
         1.000190854072571E+00         3.044442280497606E-07        -7.652102562705210E-11
         9.996132850646973E-01         8.279752705675492E-07        -2.275604843449130E-10
         9.991695284843445E-01         1.260994395124726E-06        -3.838069029260538E-10
         9.989695549011230E-01         1.287829036300536E-06        -3.735888265410381E-10
         9.989191889762878E-01         1.156158191406575E-06        -3.338032905642052E-10
         9.991883039474487E-01         4.872750309914409E-07        -1.323224585458860E-10
         9.989318251609802E-01         7.864682629588060E-07        -1.892191542340882E-10
         9.989618659019470E-01         1.037378297041869E-06        -3.492656164283403E-10
         9.990086555480957E-01         7.435886004714121E-07        -2.649038211011145E-10
         9.992932081222534E-01         1.981761386105063E-07        -7.488298869873233E-11
         9.992936253547668E-01        -1.032940915024483E-07         4.808672904310640E-11
         9.989048838615417E-01         7.426622801176563E-07        -2.795982612102677E-10
         9.982447028160095E-01         8.980889560916694E-07        -2.256770464947877E-10
         9.978485703468323E-01         1.253551317859092E-06        -3.481027133211967E-10
         9.978320598602295E-01         1.253794380318141E-06        -3.565626127688404E-10
         9.981009364128113E-01         1.298305846830772E-06        -4.157382493819028E-10
         9.982910156250000E-01         9.857744771579746E-07        -3.150784633199066E-10
         9.984747171401978E-01         1.259597411262803E-06        -4.626617422509582E-10
         9.982420802116394E-01         2.281519755342742E-06        -8.824815878050174E-10
         9.988807439804077E-01         9.473237696511205E-07        -3.035922069294372E-10
         9.984704852104187E-01         1.402323505317327E-06        -4.397287534096961E-10
         9.984783530235291E-01         1.233156012858672E-06        -4.198676684108449E-10
         9.986084103584290E-01         6.299521260189067E-07        -1.695448087479789E-10
         9.983655810356140E-01         8.371866329071054E-07        -2.362837980829369E-10
         9.987827539443970E-01        -2.064527961920248E-07         1.631980661720434E-10
         9.988898634910583E-01        -2.018180644824952E-08         7.959460174289390E-11
         9.995139837265015E-01        -5.756222094532859E-07         2.941019372482145E-10
         9.997446537017822E-01        -3.957868344173221E-08         1.816123640363543E-11
         1.000313401222229E+00        -6.875818598928163E-07         2.815224720009724E-10
         1.000177025794983E+00        -3.226871001515974E-07         1.811407274177057E-10
         9.998441934585571E-01         2.649775296958978E-07        -3.110143392826004E-11
         9.998939037322998E-01         6.081383929767981E-08         8.305605508907021E-11
         1.000290274620056E+00        -3.880823271629197E-07         2.393405751366373E-10
         1.000271081924438E+00        -4.159036848250253E-07         2.364235196505859E-10
         1.000158548355103E+00        -7.979572274052771E-07         3.899938150198068E-10
         1.000114917755127E+00        -9.959596809494542E-07         4.342279591451614E-10
         1.000068426132202E+00        -8.851276902532845E-07         3.556647198976748E-10
         9.998803138732910E-01        -4.148501488998591E-07         1.321489029315615E-10
         9.993261098861694E-01         3.921875872947567E-07        -1.773868274490553E-10
         9.993756413459778E-01         7.265552994795144E-07        -2.746354810234664E-10
         9.997076392173767E-01         4.171535863406461E-07        -1.602315641280327E-10
         1.000251770019531E+00        -4.911128712592472E-07         1.437550356531148E-10
         1.000389337539673E+00        -4.291651976018329E-07         8.497984260724678E-11
         1.000305294990540E+00        -3.041953391402785E-07         5.199362121399709E-11
         1.000161528587341E+00         1.959926620997976E-08        -5.560332055898343E-11
         1.000901460647583E+00        -1.077320575859630E-06         3.494321221264585E-10
         1.000768780708313E+00        -7.303591473828419E-07         2.698228029895944E-10
         1.000605225563049E+00        -1.671284337589896E-07         6.954119224911182E-11
         1.000644445419312E+00        -3.366710288332797E-08        -3.864477488013662E-11
         1.000572800636292E+00        -1.918315284399341E-08        -5.053134299881634E-11
         1.000154137611389E+00         3.974713251864159E-07        -1.941163479957098E-10
         1.000213265419006E+00         3.371112882177840E-07        -1.789561415721508E-10
         1.000384926795959E+00         2.830327971992119E-08        -3.179817867349222E-11
         1.000878095626831E+00        -7.592466886308102E-07         2.478903471381244E-10
         1.000688552856445E+00        -6.136585852800636E-07         2.058388043346682E-10
         1.000458598136902E+00        -1.013383212011831E-06         4.510174456129334E-10
         1.000340580940247E+00        -6.370621576934354E-07         2.758435146965610E-10
         1.000430345535278E+00        -8.531235948794347E-07         3.121688740836959E-10
         1.000197291374207E+00        -5.124707627146563E-07         1.983178760101012E-10
         1.000292062759399E+00        -4.054268458730803E-07         1.304955032921384E-10
         1.000581622123718E+00        -7.847251026760205E-07         2.672904397815756E-10
         1.000799894332886E+00        -9.242993996849691E-07         3.248133428890299E-10
         1.000962853431702E+00        -1.096455093829718E-06         3.662867786857760E-10
         1.000906705856323E+00        -1.600108248567267E-06         5.977738304352442E-10
         1.000626564025879E+00        -1.303025896959298E-06         5.326707408492837E-10
         1.000355601310730E+00        -8.203713264265389E-07         3.133114878650645E-10
         1.000654697418213E+00        -1.266954996026470E-06         4.385657115246744E-10
         1.000453352928162E+00        -6.568556045749574E-07         1.984304803803738E-10
         1.000183224678040E+00         4.715627710538683E-08        -6.944848168766171E-11
         9.998798966407776E-01         4.069393071404193E-07        -1.925293674487349E-10
         9.999639987945557E-01         1.493855279477430E-07        -1.145225719811904E-10
         1.000373363494873E+00        -4.813503551304166E-07         1.027771756589857E-10
         1.000807166099548E+00        -1.036989601743699E-06         3.616843768927680E-10
         1.000614523887634E+00        -4.828456923178237E-08        -5.778389572386189E-11
         1.000462412834167E+00         6.789537110307720E-08        -9.170015441428703E-11
         1.000377297401428E+00         2.547294002397393E-07        -1.661352999615673E-10
         1.000067353248596E+00         8.488018465868663E-07        -3.386474156652497E-10
         1.000026822090149E+00         1.057773829415964E-06        -4.353558902270294E-10
         9.998353123664856E-01         1.306186277361121E-06        -5.310048512008336E-10
         9.997013211250305E-01         1.491118950980308E-06        -6.065786761766390E-10
         9.996830224990845E-01         1.233035163750174E-06        -5.401200597887623E-10
         9.995387792587280E-01         1.159760131486109E-06        -5.231026722896104E-10
         9.997547268867493E-01         8.694300390743592E-07        -4.291521860100289E-10
         9.996287822723389E-01         9.473278623772785E-07        -4.837835132498469E-10
         9.993527531623840E-01         8.667743145451823E-07        -4.297142641718210E-10
         9.993817806243896E-01         9.455667964175518E-07        -4.366686456869218E-10
         9.996043443679810E-01         7.779595989632071E-07        -3.509348089902886E-10
         9.995775818824768E-01         9.416247053195548E-07        -3.999889863770534E-10
         9.993063211441040E-01         1.319258558396541E-06        -5.133719560568295E-10
         9.994695782661438E-01         1.176375576505961E-06        -4.702384592825126E-10
         9.993308782577515E-01         1.054456447491248E-06        -4.064325542785241E-10
         9.991128444671631E-01         1.156513690148131E-06        -4.472901216079350E-10
         9.992397427558899E-01         9.063363108907652E-07        -3.289053751576176E-10
         9.994284510612488E-01         5.108639697937178E-07        -1.638418706262357E-10
         9.993245005607605E-01         3.633997209817608E-07        -1.050070516650514E-10
         9.993679523468018E-01         2.732956829731847E-07        -7.926104911293308E-11
         9.997107386589050E-01        -2.956948037535767E-07         9.120295491049646E-11
         9.995110034942627E-01        -3.602551430503809E-07         1.365637186667712E-10
         9.992186427116394E-01        -5.310317163775835E-08         3.622141128700740E-11
         9.992418289184570E-01         2.981543900659744E-08         1.621266836060453E-11
         9.991927146911621E-01         6.725016277187024E-08        -2.267102304498447E-11
         9.990385174751282E-01         5.888680654209111E-09        -7.867271070716164E-12
         9.990682601928711E-01        -1.651162619964452E-07         7.747809338543021E-11
         9.990904331207275E-01        -1.728659100308505E-07         5.429554375546708E-11
         9.996102452278137E-01        -6.028452617101721E-07         2.232636991950088E-10
         1.000203371047974E+00        -8.865856671036454E-07         3.213115884470596E-10
         1.000214695930481E+00        -6.018115072947694E-07         2.565158085943153E-10
         9.999749064445496E-01        -8.157048370094344E-09         7.150822295409753E-11
         1.000100731849670E+00         2.094681050834879E-08         4.527659150377339E-11
         1.000694632530212E+00        -3.688675178636913E-07         2.065861232081190E-10
         1.000644803047180E+00        -3.516043136642111E-07         2.059415832311728E-10
         1.000581860542297E+00        -3.904220591266494E-07         2.050299791056531E-10
         1.000560045242310E+00        -2.739463127454655E-07         1.363084783934099E-10
         1.000676870346069E+00        -3.779786084123771E-07         1.882294042854227E-10
         1.000368475914001E+00        -3.977115881070858E-08         5.525259416661044E-11
         1.000161767005920E+00        -7.459497197714882E-08         8.402591816780713E-11
         1.000253677368164E+00        -6.021729603844506E-08         8.614899765779782E-11
         1.000591635704041E+00        -1.816313641711531E-07         1.271582145134786E-10
         1.000739812850952E+00        -3.021327472652047E-07         1.526658105488465E-10
         1.000788688659668E+00        -4.253247141150496E-07         2.016279782024455E-10
         1.000896573066711E+00        -6.171068775984168E-07         2.410090460536196E-10
         1.000882267951965E+00        -5.959912527941924E-07         2.566386547719901E-10
         1.000423312187195E+00        -3.732987181592762E-07         1.848346337096629E-10
         1.000364303588867E+00        -6.427209768844477E-07         2.953725597443224E-10
         1.000340580940247E+00        -7.075766461639432E-07         3.320999308886741E-10
         1.000077009201050E+00        -5.771826749878528E-07         2.821871070146642E-10
         9.997823834419250E-01        -4.828725082006713E-07         2.508128427169964E-10
         9.992840290069580E-01        -3.356820741373667E-07         1.601343918578024E-10
         9.991392493247986E-01        -5.973447514406871E-07         2.269133908550103E-10
         9.989609718322754E-01        -6.257789095798216E-07         2.445179059229474E-10
         9.989147186279297E-01        -5.732669023927883E-07         2.391151443514872E-10
         9.989341497421265E-01        -9.611607083570561E-07         3.680378501957904E-10
         9.988070130348206E-01        -9.472834108237294E-07         3.768767520284655E-10
         9.991985559463501E-01        -1.205825583383557E-06         4.347565918383367E-10
         9.995164871215820E-01        -1.314530777563050E-06         4.850036483539100E-10
         9.992477893829346E-01        -9.124946700467262E-07         3.259292002955050E-10
         9.987717866897583E-01        -7.659837706341932E-07         2.993850722887714E-10
         9.988309144973755E-01        -1.158296186076768E-06         4.341638715210649E-10
         9.988108873367310E-01        -8.892291702977673E-07         3.241854007463019E-10
         0.000000000000000E+00         0.000000000000000E+00         0.000000000000000E+00
         0.000000000000000E+00         0.000000000000000E+00         0.000000000000000E+00
         0.000000000000000E+00         0.000000000000000E+00         0.000000000000000E+00
         0.000000000000000E+00         0.000000000000000E+00         0.000000000000000E+00
         0.000000000000000E+00         0.000000000000000E+00         0.000000000000000E+00
         0.000000000000000E+00         0.000000000000000E+00         0.000000000000000E+00
         0.000000000000000E+00         0.000000000000000E+00         0.000000000000000E+00
         1.002018451690674E+00        -4.616981357230543E-07         1.593854215276025E-10
         1.001839280128479E+00        -9.641652809477819E-08         1.947157018955537E-11
         1.001573085784912E+00         1.508068834255027E-07        -8.996819955697788E-11
         1.001405715942383E+00        -5.451207485407394E-08        -5.298893962502049E-11
         1.001391410827637E+00        -4.761660932217637E-07         6.719275830180393E-11
         1.001072883605957E+00        -4.113568081720587E-07         3.295799397284860E-11
         1.000786185264587E+00        -4.720469632957247E-07         7.194066176108294E-11
         1.000419020652771E+00        -3.501751564272126E-07         4.382480142672840E-11
         1.000391483306885E+00        -1.347605547152853E-07         4.920296375193756E-12
         1.000657677650452E+00        -2.188083136900332E-08        -4.053728186459438E-11
         1.001019716262817E+00        -5.647642353778792E-08        -3.531734973916123E-11
         1.001151442527771E+00        -3.490264077754546E-08        -4.423919564011669E-12
         1.001341581344604E+00        -1.528528343897051E-07         5.097934921427516E-11
         1.001167535781860E+00         2.262285221377169E-07        -7.429659665270094E-11
         1.000977873802185E+00         1.529086830487358E-07        -1.694604873092587E-11
         1.000566363334656E+00         5.941054723734851E-07        -2.111042868291335E-10
         1.000483393669128E+00         5.009862888982752E-07        -1.850903180722341E-10
         1.000574946403503E+00         5.408139145401947E-07        -2.120631309443510E-10
         1.000629305839539E+00         5.715575568387976E-08        -2.467283669038700E-11
         1.000729918479919E+00        -3.191319990492048E-07         7.738518159605690E-11
         1.000514388084412E+00         1.064244159465488E-08        -5.689964124866442E-11
         1.000313758850098E+00         2.834624979186628E-07        -1.600760773934340E-10
         1.000379085540771E+00         3.373483821178525E-07        -1.836502339092050E-10
         1.000287771224976E+00         3.829355819107150E-07        -2.262745962822166E-10
         1.000150680541992E+00         4.786758154295967E-07        -2.585197889093394E-10
         1.000395178794861E+00         1.666552122969733E-07        -1.375431019079443E-10
         1.000457406044006E+00         2.674174766070792E-07        -1.508645292025435E-10
         1.000437259674072E+00         4.741686154829949E-07        -2.122137743310049E-10
         1.000439643859863E+00         3.565517090464709E-07        -1.551378192576891E-10
         1.000106811523438E+00         7.377500992333808E-07        -3.033287510056937E-10
         1.000031948089600E+00         7.304945484065684E-07        -2.969981205414030E-10
         1.000144839286804E+00         4.852787469644682E-07        -2.176608060455720E-10
         1.000338315963745E+00         6.929430185209640E-08        -6.580831019009636E-11
         1.000038981437683E+00         3.915137085641618E-07        -1.712211206150727E-10
         9.997690916061401E-01         2.079972176716183E-07        -9.870020079016939E-11
         9.994443058967590E-01         4.232183243857435E-07        -2.046528363441880E-10
         9.997288584709167E-01        -1.990931863815604E-08        -1.948300722143248E-11
         9.999423027038574E-01         2.525849254197965E-07        -1.275256983346296E-10
         9.996798038482666E-01         7.897499472164782E-07        -3.192806852236885E-10
         9.997900724411011E-01         5.322540346242022E-07        -2.185151642963845E-10
         9.997883439064026E-01         5.618735485768411E-07        -2.457811454359415E-10
         9.995952248573303E-01         6.221067110345757E-07        -2.732489512435876E-10
         9.993659853935242E-01         4.970009399585251E-07        -2.159673273549600E-10
         9.993454217910767E-01         4.526847021679714E-07        -2.034083457225222E-10
         9.990401268005371E-01         7.950358167363447E-07        -2.924330222420224E-10
         9.992321133613586E-01         4.675435150147678E-07        -1.546372474514612E-10
         9.990733861923218E-01         3.901876652889769E-07        -1.332466081915840E-10
         9.990248680114746E-01         4.078075903635181E-07        -1.342502914392085E-10
         9.994155764579773E-01         8.412939678237308E-08        -2.782380575938603E-11
         9.995054006576538E-01         5.100059752294328E-08        -3.679983401339015E-11
         9.997211694717407E-01        -2.788671054076985E-07         1.013271549998862E-10
         9.996324181556702E-01         3.105853068063880E-07        -1.835343682587975E-10
         9.999313354492188E-01        -1.476518107779157E-08        -5.630139063295125E-11
         9.996074438095093E-01         5.194428922550287E-07        -2.521327868709733E-10
         9.995212554931641E-01         3.006756230661267E-07        -1.094246568356105E-10
         9.994581341743469E-01        -5.136410763384447E-08         4.487342789016857E-11
         9.993330240249634E-01         1.842203829482969E-07        -2.976884710959027E-11
         9.995725154876709E-01         1.727345164681537E-07        -2.462065967767657E-11
         9.995252490043640E-01         4.427064368428546E-07        -1.429075191516915E-10
         9.997078776359558E-01         1.036126775488810E-07        -3.904129797227540E-11
         9.996238946914673E-01         1.814987911075150E-07        -5.493696469960341E-11
         9.997924566268921E-01        -3.615774062382116E-07         1.439871832875639E-10
         9.996351599693298E-01         1.679795502695924E-07        -8.865615186426368E-11
         9.996535181999207E-01         1.727649276972443E-07        -7.844538213452878E-11
         9.993913769721985E-01        -5.553778770206463E-09         7.265323325594819E-12
         9.990515112876892E-01         1.157733962031671E-07        -4.541333628593769E-11
         9.986866116523743E-01         1.465050019078262E-07        -1.593675191813304E-11
         9.988084435462952E-01        -7.677692082097565E-08         7.379096639281713E-11
         9.988384246826172E-01         3.711882357038121E-07        -7.615962721585490E-11
         9.991028904914856E-01         6.734958901688515E-07        -1.957222994786179E-10
         9.998883008956909E-01         4.028812838896556E-07        -1.181688635831790E-10
         1.000296473503113E+00         3.960409173942026E-07        -1.177744707314687E-10
         1.000619649887085E+00         2.669111154318671E-07        -9.607582784898483E-11
         1.000725626945496E+00         8.131030426739017E-08        -4.448603291296038E-11
         1.000634074211121E+00         2.858757284229796E-07        -1.372509883523776E-10
         1.000333428382874E+00         3.344391643622657E-07        -1.411632616354908E-10
         9.998785853385925E-01         5.562073397413769E-07        -2.103839324973933E-10
         9.996569752693176E-01         8.226421641666093E-07        -3.076096599663458E-10
         9.999719858169556E-01         2.294267460456467E-07        -6.867514890096516E-11
         9.999510645866394E-01         1.184976596846354E-07        -2.893771507139764E-11
         9.999734759330750E-01         4.141737406371249E-07        -1.367418955844357E-10
         1.000127434730530E+00         2.515979531381163E-07        -8.296584946831942E-11
         1.000262260437012E+00         2.692679004212550E-07        -1.272698196830291E-10
         1.000223278999329E+00         3.853530472497368E-07        -1.760190049271415E-10
         1.000143408775330E+00         1.728261906919215E-07        -5.202833996964529E-11
         1.000087380409241E+00         1.537372469329057E-07        -3.359266684266338E-11
         9.999954104423523E-01         4.477151946957747E-07        -1.506699348619023E-10
         1.000279426574707E+00        -1.643142510943107E-08         3.025100309139717E-11
         1.000332474708557E+00        -2.290529010906539E-07         1.193407178634587E-10
         1.000232696533203E+00        -4.178326946657762E-07         1.646997122017879E-10
         9.999272227287292E-01        -4.601297405315563E-07         1.807079624827068E-10
         9.997278451919556E-01        -2.043249480720988E-07         9.748832296985199E-11
         9.997439384460449E-01        -2.947766972738464E-07         1.400026899966988E-10
         9.998840093612671E-01        -1.868932173465510E-07         1.311448033503027E-10
         1.000205636024475E+00        -2.046207754347051E-07         1.548232375636616E-10
         9.997376203536987E-01         1.904667641383639E-07         3.447487434415919E-11
         9.997726082801819E-01        -9.800243816471266E-08         1.202245941689384E-10
         9.996344447135925E-01         1.622813385893096E-07        -2.028063307568662E-11
         9.997329711914062E-01        -4.280277607904281E-07         2.176553104416001E-10
         9.996691942214966E-01        -6.189601435835357E-07         2.978702839939729E-10
         9.996779561042786E-01        -4.021481458948983E-07         1.911975161528190E-10
         9.995952248573303E-01        -3.795169334352977E-07         1.908943697559451E-10
         9.994762539863586E-01        -3.314648324703739E-07         1.811751026981057E-10
         9.995040297508240E-01        -3.729220452441950E-07         2.191095777037688E-10
         9.995053410530090E-01         7.262888623849051E-10         3.406028237229464E-11
         9.996631741523743E-01        -5.981771522556301E-08         4.210482656974435E-11
         9.998974204063416E-01        -4.887141358267399E-07         2.022692013881056E-10
         9.996434450149536E-01        -7.548440095206388E-08         5.089127036450591E-11
         9.995217919349670E-01         1.932098854240394E-07        -6.411284697582786E-11
         9.993181824684143E-01         5.970060783511144E-07        -2.437694768264720E-10
         9.996547102928162E-01         9.878868212354064E-08        -6.521082285271262E-11
         9.999336004257202E-01        -3.004574580245389E-07         1.075616679058200E-10
         9.998114109039307E-01         4.586181887589191E-07        -1.716538022833447E-10
         9.998754262924194E-01         6.229851123862318E-07        -2.276901445164015E-10
         1.000091195106506E+00         6.341060156955791E-07        -2.361448259158294E-10
         1.000461459159851E+00         1.763887951256038E-07        -4.922284455033399E-11
         1.000418782234192E+00         4.602876515491516E-07        -1.737913007948677E-10
         1.000700950622559E+00         4.200168746137933E-07        -1.632529111894598E-10
         1.000966429710388E+00         4.785214287039707E-07        -1.874389393696774E-10
         1.000865578651428E+00         2.784595096727571E-07        -1.150135958694065E-10
         1.000718593597412E+00         2.029550785209722E-07        -8.002610379920228E-11
         1.000343680381775E+00         4.849483730140491E-07        -1.606916683050130E-10
         1.000406026840210E+00         3.644269952474133E-07        -1.138613647810871E-10
         1.000441312789917E+00         3.907273367076414E-07        -1.387076287162614E-10
         1.000643253326416E+00        -3.671307524655276E-08         2.073493113319280E-11
         1.000419378280640E+00         3.336057545766380E-07        -1.138305144587903E-10
         1.000354409217834E+00         1.137544671792057E-07        -1.690035091039821E-11
         1.000197887420654E+00         1.576410539883000E-07        -3.229319936459696E-11
         1.000090718269348E+00         5.486054988068645E-08        -5.064653123970642E-12
         1.000063061714172E+00         2.637282570105981E-08        -5.933725299306358E-12
         9.999460577964783E-01         1.439471617459276E-07        -8.116514405021036E-11
         9.998440742492676E-01        -1.362892465550658E-08        -1.919352871082580E-11
         9.997898340225220E-01        -2.554019662426299E-09        -1.787482835358123E-11
         9.995458722114563E-01         2.666257898908952E-07        -1.186490905524806E-10
         9.996828436851501E-01         1.210963631592676E-07        -4.571572287392911E-11
         9.993421435356140E-01        -1.008132670676787E-07         5.010866374610679E-11
         9.992665648460388E-01        -2.886133643187350E-07         1.530554849527022E-10
         9.992180466651917E-01        -2.665637737209181E-07         1.594718940234330E-10
         9.993371367454529E-01        -1.073160618147995E-07         9.044986981621150E-11
         9.996328949928284E-01        -1.553948436594510E-07         1.089194776038305E-10
         9.997882246971130E-01        -1.631940875768123E-07         8.991411781789083E-11
         9.999618530273438E-01        -4.483086399886815E-07         1.945700683902984E-10
         9.997570514678955E-01         2.979640214562096E-07        -1.267720789455140E-10
         1.000007987022400E+00        -3.302016864381585E-07         1.429593943225171E-10
         9.997968673706055E-01        -2.467983790666040E-07         1.293049833872573E-10
         9.996302127838135E-01        -1.129213345052449E-07         1.066164656560176E-10
         9.995516538619995E-01         1.463045293803589E-07         2.868289980528793E-11
         9.998371005058289E-01        -9.177771431723158E-08         1.218289635840364E-10
         1.000005483627319E+00         1.601136858653263E-07        -1.772659796728249E-11
         1.000420808792114E+00        -2.699275682971347E-07         1.268272570298379E-10
         1.000972270965576E+00        -6.886502887937240E-07         2.503506846274206E-10
         1.001001358032227E+00        -6.595869876946381E-07         2.270570398366090E-10
         1.000716924667358E+00        -2.689046993964439E-07         7.477696239988063E-11
         1.000555157661438E+00        -4.051873361277103E-07         1.325276555164123E-10
         1.000209331512451E+00        -1.906585680444550E-07         7.684176211997240E-11
         1.000089883804321E+00        -7.230003973290877E-08         3.314490348849120E-11
         1.000354051589966E+00        -2.847446864961967E-07         1.072493274745234E-10
         1.000352263450623E+00        -3.859898356495250E-07         1.322835313510851E-10
         1.000335693359375E+00        -5.690807256542030E-07         1.740611405010029E-10
         1.000374197959900E+00        -7.823171586096578E-07         2.373823915213791E-10
         1.000101685523987E+00        -8.963987738752621E-07         2.871355375688722E-10
         9.996730089187622E-01        -9.083284453481610E-07         2.746964877786695E-10
         9.992767572402954E-01        -8.090599976640078E-07         2.512514918340258E-10
         9.986585974693298E-01        -4.489151876896358E-07         1.313067987673833E-10
         9.982159137725830E-01        -7.892593316682905E-07         2.717627511916731E-10
         9.976262450218201E-01        -4.412283090005076E-07         1.415559891526641E-10
         9.973362684249878E-01        -5.605123192253814E-07         1.954519879276972E-10
         9.970128536224365E-01        -4.894400262855925E-07         1.681435823908117E-10
         9.970916509628296E-01        -7.397830472655187E-07         2.669186538462043E-10
         9.969136118888855E-01        -2.893241628498799E-07         1.158032628123529E-10
         9.971972107887268E-01        -5.597688073066820E-07         2.381123909156457E-10
         9.973470568656921E-01        -3.895289353295084E-07         1.817517247815204E-10
         9.973866343498230E-01        -1.092886350306799E-07         8.327103590000107E-11
         9.976298809051514E-01        -3.243395951813000E-07         1.440942226649256E-10
         9.975675940513611E-01        -3.516843491979671E-07         1.652295106291390E-10
         9.974675178527832E-01        -5.490768444360583E-07         2.518619479641160E-10
         9.974333047866821E-01        -3.694478891702602E-07         1.733797549974270E-10
         0.000000000000000E+00         0.000000000000000E+00         0.000000000000000E+00
         0.000000000000000E+00         0.000000000000000E+00         0.000000000000000E+00
         0.000000000000000E+00         0.000000000000000E+00         0.000000000000000E+00
         0.000000000000000E+00         0.000000000000000E+00         0.000000000000000E+00
         0.000000000000000E+00         0.000000000000000E+00         0.000000000000000E+00
         0.000000000000000E+00         0.000000000000000E+00         0.000000000000000E+00
         0.000000000000000E+00         0.000000000000000E+00         0.000000000000000E+00
         1.002210259437561E+00         7.639423529326450E-07        -2.633799567330897E-10
         1.002420186996460E+00         5.876119644199207E-07        -1.884727235390571E-10
         1.002493739128113E+00         4.932265369461675E-07        -1.518866699079524E-10
         1.002203941345215E+00         7.868929969845340E-07        -2.740744020623964E-10
         1.002069234848022E+00         9.661711146691232E-07        -3.608360277240763E-10
         1.002138733863831E+00         8.304045309159847E-07        -2.944392785142469E-10
         1.002373337745667E+00         6.462708483923052E-07        -2.132395787723951E-10
         1.002445220947266E+00         4.223441578687925E-07        -1.006147457016660E-10
         1.002265095710754E+00         5.173966428628773E-07        -1.190623571956095E-10
         1.002340078353882E+00         3.216561594854284E-07        -3.534427958640229E-11
         1.002188920974731E+00         6.092637363508402E-07        -1.852446668282326E-10
         1.002078771591187E+00         6.159507393022068E-07        -2.094864837154375E-10
         1.001916408538818E+00         7.793066174599517E-07        -2.878786098392538E-10
         1.001863121986389E+00         7.462900271093531E-07        -2.901117956977117E-10
         1.001482367515564E+00         8.179969768207229E-07        -3.190145925202614E-10
         1.001400828361511E+00         6.296851893239364E-07        -2.557867528896196E-10
         1.001316189765930E+00         6.380151376106369E-07        -2.693910927664689E-10
         1.001336216926575E+00         3.137195108138258E-07        -1.558751044905549E-10
         1.001116752624512E+00         3.383553348612622E-07        -1.726425391535003E-10
         1.001061558723450E+00         3.814163562765316E-07        -1.238799063330021E-10
         1.001075625419617E+00         2.324355392602229E-07        -5.588340901141464E-11
         1.000885486602783E+00         1.866436889486067E-07        -4.608139564377112E-11
         1.000401496887207E+00         1.536205047614203E-07        -2.049121983205282E-11
         9.998084306716919E-01         6.694158116715698E-08         1.732209861660117E-11
         9.993917942047119E-01         1.128352309365255E-07         9.030673778220866E-12
         9.992086887359619E-01        -8.939954199149724E-08         1.035549562766747E-10
         9.990933537483215E-01         3.241049428837073E-09         5.752613663201345E-11
         9.986693263053894E-01         2.769249078937719E-07        -5.785065829155833E-11
         9.986358880996704E-01         4.601208161147952E-07        -1.497460488941726E-10
         9.991118907928467E-01         3.740632905646635E-07        -1.448043907004148E-10
         9.992542266845703E-01         4.124993040477420E-07        -1.653805564716393E-10
         9.993995428085327E-01         3.617354593643540E-07        -1.489079554106709E-10
         9.992578625679016E-01         3.375492383383971E-07        -1.489938589172013E-10
         9.992451071739197E-01         3.650378914699104E-07        -1.653807923940320E-10
         9.990680813789368E-01         3.250720226333215E-07        -1.173173502788671E-10
         9.992259144783020E-01         9.858587723954315E-09         1.251311814581824E-11
         9.992941617965698E-01         3.142044704418367E-07        -9.364613251516829E-11
         9.996555447578430E-01         2.283224489474378E-07        -3.928398231711761E-11
         9.999961853027344E-01         2.609502018913190E-07        -5.270982261773582E-11
         1.000177979469299E+00         3.377365942469623E-08         4.076296591937201E-11
         1.000205516815186E+00        -5.310259609814239E-08         6.621597714584482E-11
         1.000182390213013E+00        -1.390513517662839E-07         7.863476536584812E-11
         1.000418066978455E+00        -1.849727624403386E-07         9.562809571983522E-11
         1.000913023948669E+00        -3.615558057390444E-07         1.402922361615211E-10
         1.001129388809204E+00        -4.883936526312027E-07         1.766402163427827E-10
         1.001243233680725E+00        -4.440700536179065E-07         1.317427139602145E-10
         1.001128554344177E+00        -3.426679029416846E-07         8.059735517873534E-11
         1.000971555709839E+00        -4.134527102905849E-07         1.173601771320421E-10
         1.000854015350342E+00        -2.941063144135114E-07         9.830578712177740E-11
         1.000973105430603E+00        -5.414123052105424E-07         2.105421947895536E-10
         1.000805020332336E+00        -5.531800297831069E-07         2.259521181269264E-10
         1.000827074050903E+00        -9.643173370932345E-07         3.887230815013965E-10
         1.000633001327515E+00        -9.504244644631399E-07         3.523454028542261E-10
         1.000326037406921E+00        -9.816334340939648E-07         3.568492445982230E-10
         1.000357985496521E+00        -7.642811965524743E-07         2.655265451956268E-10
         1.000213623046875E+00        -4.163879623320099E-07         1.375351776911060E-10
         1.000213384628296E+00        -3.024690045094758E-07         9.848361709474673E-11
         9.997739791870117E-01         1.054396960853410E-07        -4.806423314906993E-11
         9.994454979896545E-01         3.743137995115831E-07        -1.338383709414970E-10
         9.993245601654053E-01         3.528334389102383E-07        -8.992569883181645E-11
         9.993514418601990E-01         5.308862682795734E-07        -1.545076705466997E-10
         9.993102550506592E-01         6.271398547141871E-07        -1.864864096479124E-10
         9.993840456008911E-01         4.348596007730521E-07        -1.142727093506046E-10
         9.994302988052368E-01         5.708236585633131E-07        -1.845865960081738E-10
         9.996827840805054E-01         4.917104092783120E-07        -1.566127227903280E-10
         9.997432231903076E-01         5.349453999770049E-07        -1.566309165701441E-10
         9.998394250869751E-01         5.177960815672122E-07        -1.726688514391839E-10
         9.996959567070007E-01         6.264056651161809E-07        -2.212091204656375E-10
         9.994642734527588E-01         6.729413826178643E-07        -2.520404440709001E-10
         9.996345639228821E-01         5.956218842584349E-07        -2.402481269481171E-10
         9.995469450950623E-01         7.493017051274364E-07        -3.055255215489439E-10
         9.995561242103577E-01         7.370830985564680E-07        -3.152910710291223E-10
         9.993814826011658E-01         6.922065836079128E-07        -3.042768814687236E-10
         9.995149374008179E-01         8.094452823570464E-07        -3.461812225769023E-10
         9.994588494300842E-01         8.462873211101396E-07        -3.783472146690059E-10
         9.996211528778076E-01         6.746369649590633E-07        -3.027724182480540E-10
         9.994374513626099E-01         6.081892820475332E-07        -2.562589862531439E-10
         9.995111227035522E-01         5.573319299401192E-07        -2.375782071073473E-10
         9.997295737266541E-01         3.682846170249832E-07        -1.575802960340766E-10
         9.999244213104248E-01         1.242202358753275E-07        -8.383602839723281E-11
         9.999775290489197E-01         2.207148952493299E-08        -4.798079641932240E-11
         9.999054074287415E-01        -1.512962768401849E-07         3.662440142826462E-11
         9.998227953910828E-01        -3.491662425858522E-07         1.207054040053279E-10
         9.999579191207886E-01        -4.710133794105786E-07         1.617212891380504E-10
         1.000189900398254E+00        -5.021577180741588E-07         1.530170712360501E-10
         1.000105142593384E+00        -2.319445542298126E-07         3.696888628557105E-11
         9.998881816864014E-01        -1.421873889739800E-07         2.883458229130387E-11
         9.995221495628357E-01         3.602011133807537E-08        -8.321712242909118E-12
         9.994557499885559E-01         1.516602026185865E-07        -4.056929792106700E-11
         9.994609951972961E-01         1.985185065223050E-07        -4.911427167741955E-11
         9.994099140167236E-01         1.883198592622648E-07        -4.262027536450219E-11
         9.996023178100586E-01         2.136770547167544E-07        -3.983707114185719E-11
         9.997845888137817E-01         1.316796414130295E-07        -1.247025746553554E-11
         9.998981952667236E-01        -1.752735698801189E-07         8.455254552064417E-11
         9.999557137489319E-01        -1.006383456569893E-07         6.127415935752722E-11
         1.000157594680786E+00        -9.870110062593085E-08         6.278360470401978E-11
         1.000164985656738E+00        -1.113644216843568E-07         7.406367880102849E-11
         9.999383091926575E-01         1.243063962874658E-07        -2.306793471518187E-11
         9.998715519905090E-01         3.781557467164021E-08         2.537529041057862E-11
         9.997713565826416E-01         1.755417571303042E-07        -2.225381511011815E-11
         0.000000000000000E+00         0.000000000000000E+00         0.000000000000000E+00
         9.998438954353333E-01         1.605582014008178E-07        -2.533601106691208E-11
         1.000029444694519E+00         4.546829757146043E-07        -1.593989940040785E-10
         9.998896718025208E-01         3.099507352999353E-07        -1.222938000866591E-10
         9.998338222503662E-01         9.699437697463509E-08        -5.073616179962492E-11
         9.998694658279419E-01         3.250438496138486E-08        -2.546449683060725E-11
         9.998272657394409E-01         8.728309808248014E-08        -3.241344692650472E-11
         9.998298287391663E-01         3.745558956325112E-07        -1.466093912938504E-10
         9.999101758003235E-01         2.933309417585406E-07        -1.226857782032909E-10
         1.000107526779175E+00         1.426766402801150E-07        -5.450203482970650E-11
         1.000406265258789E+00         6.081887704567635E-08        -1.841452684780975E-11
         1.000475287437439E+00         2.577264979208849E-07        -1.137443542131855E-10
         1.000393867492676E+00         5.182153586247296E-07        -2.080427496942150E-10
         1.000515103340149E+00         3.730293371972948E-07        -1.448180464436177E-10
         1.000380635261536E+00         2.683371462808282E-07        -1.138036748171700E-10
         9.998304247856140E-01         5.290084459375066E-07        -1.865898408004441E-10
         9.994583725929260E-01         6.404783903235511E-07        -2.190777420585377E-10
         9.994681477546692E-01         6.415876327992009E-07        -2.156523570828739E-10
         9.993880987167358E-01         5.132249043526826E-07        -1.665202420397804E-10
         9.994727373123169E-01         3.353762281221861E-07        -1.127205967454969E-10
         9.997595548629761E-01         1.436574734725582E-07        -4.431637001811595E-11
         1.000140547752380E+00        -4.450083324059051E-08         1.098417277273223E-11
         1.000480175018311E+00        -2.174397906173908E-07         6.214190273468034E-11
         1.000609874725342E+00        -2.598442847556726E-07         9.953333990342372E-11
         1.000340461730957E+00        -9.158378588836058E-08         3.359189662544004E-11
         1.000198006629944E+00         7.853988570616366E-09         2.179870867147216E-11
         1.000459909439087E+00        -2.565500096807227E-07         1.115961559272627E-10
         1.000326752662659E+00        -2.704155122046359E-07         1.212386580018432E-10
         1.000253677368164E+00        -4.656115208945266E-07         1.979799657547687E-10
         1.000003337860107E+00        -4.909236395178596E-07         1.849495417927116E-10
         9.995838403701782E-01        -2.145073096926353E-07         8.956065750131970E-11
         9.994754791259766E-01        -3.967074064803455E-07         1.417644612811131E-10
         9.993968605995178E-01        -6.624239858865621E-07         2.367972207206748E-10
         9.991878867149353E-01        -6.129756684458698E-07         2.136658211471243E-10
         9.990337491035461E-01        -2.941549439583468E-07         1.056246132224992E-10
         9.988929033279419E-01        -3.204795362421464E-08         3.397173167773992E-11
         9.989704489707947E-01         1.764896069289534E-07        -4.008383555631490E-11
         9.994606971740723E-01        -7.644138833029501E-08         4.052045157743045E-11
         9.999744296073914E-01        -4.179119343916682E-07         1.414230121898896E-10
         1.000309586524963E+00        -4.307676135795191E-07         1.193193183146590E-10
         1.000651597976685E+00        -5.941683980381640E-07         1.623960271812663E-10
         1.000730872154236E+00        -5.076228148936934E-07         1.402631483182759E-10
         1.000779747962952E+00        -3.548445874912431E-07         1.110714090146736E-10
         1.000697135925293E+00        -8.611944224412582E-08         1.129723398163307E-11
         1.000654935836792E+00         2.378819772275165E-07        -1.091494325478060E-10
         1.000713706016541E+00         3.194154487573542E-07        -1.437654301161828E-10
         1.000782370567322E+00         1.654697001640670E-07        -1.076806768751659E-10
         1.000504016876221E+00         2.334823818728182E-07        -1.293670864876972E-10
         1.000449657440186E+00         6.761715098946297E-08        -5.730947660875785E-11
         1.000462651252747E+00         2.346139353903709E-07        -1.074633854125651E-10
         1.000578284263611E+00        -8.856179078975401E-08        -7.706427726864029E-13
         1.000423908233643E+00        -3.386585660791752E-07         7.066494611684959E-11
         1.000237107276917E+00        -3.222772306799015E-07         6.235436472712408E-11
         1.000118970870972E+00        -3.455112391748116E-07         8.136880058629004E-11
         9.999825358390808E-01        -4.070808756750921E-07         1.427520324170928E-10
         9.996827244758606E-01        -2.849405689175910E-07         1.273888911024201E-10
         9.996386766433716E-01        -2.692713962915150E-07         1.379524550149114E-10
         9.994501471519470E-01        -1.653965568948479E-07         1.010572459048120E-10
         9.991055130958557E-01         1.594044007902085E-08         2.593014171436980E-11
         9.988445639610291E-01         3.541413207130972E-07        -1.238780328316480E-10
         9.987012147903442E-01         2.930401592493581E-07        -1.004849536911934E-10
         9.984173178672791E-01         2.868571016279020E-07        -8.964683856360622E-11
         9.981562495231628E-01         1.694992590728361E-07        -4.942034628752090E-11
         9.978994727134705E-01         1.986803539466564E-07        -6.272841274190810E-11
         9.973735213279724E-01         5.751934963882377E-07        -2.127878429014629E-10
         9.973286390304565E-01         5.773829911959183E-07        -2.223429912406871E-10
         9.970478415489197E-01         7.365276815107791E-07        -2.643625873766098E-10
         9.967701435089111E-01         7.248338533827337E-07        -2.541772625708205E-10
         9.966264963150024E-01         8.571256557843299E-07        -2.903406404186626E-10
         9.966195821762085E-01         8.448175208286557E-07        -2.926897335608913E-10
         9.965099096298218E-01         9.141523946709640E-07        -3.047382346466065E-10
         9.964357018470764E-01         9.628239467929234E-07        -3.209138788040633E-10
         9.964184761047363E-01         9.344126965515898E-07        -3.269144677187086E-10
         9.961075186729431E-01         8.101027333395905E-07        -2.957017963822750E-10
         9.960714578628540E-01         1.030563794301997E-06        -4.051761703927070E-10
         9.960979223251343E-01         1.100752797356108E-06        -4.150736698793622E-10
         9.958072900772095E-01         1.161397563009814E-06        -4.289784916178263E-10
         9.956427812576294E-01         1.321910644946911E-06        -5.134481173563188E-10
         0.000000000000000E+00         0.000000000000000E+00         0.000000000000000E+00
         0.000000000000000E+00         0.000000000000000E+00         0.000000000000000E+00
         0.000000000000000E+00         0.000000000000000E+00         0.000000000000000E+00
         0.000000000000000E+00         0.000000000000000E+00         0.000000000000000E+00
         0.000000000000000E+00         0.000000000000000E+00         0.000000000000000E+00
         0.000000000000000E+00         0.000000000000000E+00         0.000000000000000E+00
         0.000000000000000E+00         0.000000000000000E+00         0.000000000000000E+00
         0.000000000000000E+00         0.000000000000000E+00         0.000000000000000E+00
         1.004640698432922E+00        -1.611369953025132E-06         6.470687319293233E-10
         1.004279732704163E+00        -1.560825353408291E-06         6.233256688581434E-10
         1.004168748855591E+00        -1.542390123177029E-06         6.013592956932712E-10
         1.003988146781921E+00        -1.548649493088305E-06         5.879776110440105E-10
         1.003819108009338E+00        -1.573141844346537E-06         5.761353061295438E-10
         1.003809809684753E+00        -1.493232389293553E-06         5.527177604491840E-10
         1.003700137138367E+00        -1.206049432767031E-06         4.311931922629242E-10
         1.003664731979370E+00        -1.407243985340756E-06         5.067730124430625E-10
         1.003685235977173E+00        -1.318029262620257E-06         4.863597302673384E-10
         1.003295779228210E+00        -8.705451932655706E-07         3.406813164907874E-10
         1.003052353858948E+00        -1.193184857584129E-06         4.418882759704701E-10
         1.002467989921570E+00        -9.845869044511346E-07         3.687618543857241E-10
         1.002434492111206E+00        -1.047716068569571E-06         3.734089426554732E-10
         1.002542853355408E+00        -1.068129108716676E-06         3.595421460556025E-10
         1.002581238746643E+00        -7.989434038790932E-07         2.600471504798918E-10
         1.002633094787598E+00        -8.250803489318059E-07         2.293461948132958E-10
         1.002286314964294E+00        -7.380728561656724E-07         2.165421730815353E-10
         1.001831173896790E+00        -1.538638798592729E-07         8.693041946006286E-12
         1.001855254173279E+00        -3.259474681271968E-07         8.971731690898821E-11
         1.001942276954651E+00        -4.204549668429536E-07         1.311343394982956E-10
         1.001785516738892E+00        -2.348158858467286E-07         7.816056135645510E-11
         1.001317143440247E+00        -1.110630964973325E-08        -3.242318089360929E-12
         1.000583291053772E+00         1.837344569821653E-07        -3.531090350672450E-11
         1.000082492828369E+00         1.448088937650027E-07        -1.249013913129371E-11
         9.997703433036804E-01         3.357997968578275E-07        -8.862349742955189E-11
         9.995913505554199E-01         4.630186367649003E-07        -1.151065007198859E-10
         9.995318651199341E-01         6.062630291125970E-07        -1.402033489306120E-10
         9.997112154960632E-01         7.821856797818327E-07        -2.207155153088891E-10
         1.000010251998901E+00         9.534498985885875E-07        -3.278672611184419E-10
         1.000375032424927E+00         5.466895345307421E-07        -1.865138876677719E-10
         1.000266313552856E+00         6.192145747263567E-07        -2.422002876034668E-10
         1.000079989433289E+00         6.926983928678965E-07        -2.587129954711997E-10
         1.000209450721741E+00         4.294815596495027E-07        -1.540000210686898E-10
         1.000139951705933E+00         3.371151251485571E-07        -1.251407033553420E-10
         1.000175952911377E+00         2.189572825272990E-07        -6.206162667110604E-11
         1.000255227088928E+00         1.444845452169830E-07        -4.106174428253340E-11
         1.000270128250122E+00        -2.535123257985106E-07         1.025004664478857E-10
         1.000109791755676E+00         9.299322201172799E-09         2.582356637553795E-12
         1.000194072723389E+00         2.943889114703779E-07        -8.505517817836150E-11
         1.000577569007874E+00         1.210010651675475E-07        -4.945081150120600E-11
         1.000817894935608E+00        -3.528013081677273E-08        -3.451372174168021E-11
         1.000731229782104E+00        -2.046289004908886E-08        -6.006967145921749E-11
         1.000811934471130E+00        -3.616455614974257E-07         7.716638439347889E-11
         1.000512123107910E+00        -3.641515036179044E-07         6.843916405818717E-11
         1.000322818756104E+00        -2.723161571793753E-07         3.922088695484938E-11
         1.000220417976379E+00        -3.412410762848594E-07         8.617756508400021E-11
         1.000255107879639E+00        -2.029162544658902E-07         6.886646114478978E-11
         1.000372886657715E+00        -1.547839900695180E-07         4.877391546198595E-11
         1.000078201293945E+00        -1.153669799691670E-07         4.386974464254401E-11
         1.000176429748535E+00        -3.962685752867401E-07         1.668337828997224E-10
         1.000052928924561E+00        -3.008668159054650E-07         1.519224052115575E-10
         9.997292757034302E-01         3.739900833465981E-08         2.883908216400055E-11
         9.995718002319336E-01         1.428497586886124E-08         5.604255254310075E-11
         9.995032548904419E-01         1.719779021414070E-07         1.298497767643347E-11
         9.992383718490601E-01         3.846473077828705E-07        -7.828707820900505E-11
         9.993012547492981E-01         6.519525186376995E-07        -1.886804740225401E-10
         9.993809461593628E-01         7.905397296781302E-07        -2.754854955266950E-10
         9.995910525321960E-01         8.031929610297084E-07        -2.756758710198426E-10
         9.997290372848511E-01         5.790296313534782E-07        -1.656876441602506E-10
         9.999336004257202E-01         4.307409824377828E-07        -1.290848400392619E-10
         1.000056862831116E+00         3.189415451743116E-07        -1.000257515704206E-10
         1.000086307525635E+00         3.272268713772064E-07        -1.140614686034880E-10
         1.000419378280640E+00        -5.471641273402383E-08        -2.288704989417134E-11
         1.000312924385071E+00         4.918146956356395E-08        -5.588821419544310E-11
         1.000275373458862E+00         2.791732924833923E-07        -1.212899780611565E-10
         1.000501632690430E+00         2.752042007614364E-07        -1.048288192362357E-10
         1.000456333160400E+00         4.997788209948339E-07        -2.143985544655891E-10
         1.000612854957581E+00         1.961522713145314E-07        -1.258322335218054E-10
         1.000547170639038E+00        -7.743431496010089E-08        -3.234898460213742E-11
         1.000120043754578E+00        -8.967127484993398E-08        -3.381400021096326E-11
         1.000134229660034E+00        -4.672891762425024E-08        -6.098729160575189E-11
         1.000506043434143E+00        -4.029272417938046E-07         4.953661092432782E-11
         1.000393986701965E+00        -3.109212229901459E-07         3.095656717078121E-11
         1.000354528427124E+00        -2.993192538269795E-07         4.433392541969283E-11
         1.000148534774780E+00        -2.642384799855790E-07         4.084033111695362E-11
         1.000008940696716E+00        -1.693976940941866E-07         3.707194620727883E-11
         1.000071406364441E+00         1.484767864212699E-07        -7.795139533861573E-11
         9.998972415924072E-01         3.344199512866908E-07        -1.300466678788581E-10
         9.996212720870972E-01         4.406575442317262E-07        -1.260109377954066E-10
         9.996470808982849E-01         1.320315590191967E-07        -1.435876851446638E-11
         9.994956851005554E-01         1.952106742919568E-07        -4.023041969003494E-11
         9.998146891593933E-01         2.746487268723286E-07        -8.786222444046032E-11
         1.000176191329956E+00         2.439742559090519E-07        -6.453827749997032E-11
         1.000294685363770E+00        -6.441418776148566E-08         4.078525364659136E-11
         1.000306248664856E+00         5.413371084728169E-08        -3.310569179904022E-11
         1.000209569931030E+00        -1.437251455627120E-07         4.315533694287943E-11
         1.000235795974731E+00        -3.589320840546861E-07         1.013345934941512E-10
         1.000404000282288E+00        -5.365685069591564E-07         1.391814719031714E-10
         1.000149726867676E+00        -3.843454408070102E-07         8.765559111889587E-11
         1.000314712524414E+00        -5.061725119048788E-07         1.353753498190002E-10
         1.000594854354858E+00        -2.630584958751570E-07         6.542641428630702E-11
         1.000654816627502E+00        -2.151298019725800E-07         8.353231994995269E-11
         1.000097632408142E+00        -7.208829799765226E-08         3.284818597681927E-11
         1.000147104263306E+00        -3.614036643284635E-07         1.537684285457530E-10
         1.000364661216736E+00        -5.547520913751214E-07         2.126468168217599E-10
         1.000151038169861E+00        -1.879022164530397E-07         7.480786823332863E-11
         0.000000000000000E+00         0.000000000000000E+00         0.000000000000000E+00
         0.000000000000000E+00         0.000000000000000E+00         0.000000000000000E+00
         9.995566606521606E-01         1.670558091859675E-08         4.734311206955333E-11
         9.996443390846252E-01         2.563265582011809E-07        -4.090631999797978E-11
         9.992089867591858E-01         7.098741434674594E-07        -2.446129410138553E-10
         9.993223547935486E-01        -6.301845850709142E-11         2.081588026947578E-11
         9.990494847297668E-01         4.784778866451234E-07        -2.312019742323201E-10
         9.993715882301331E-01        -1.595491170292007E-07         3.591124272950275E-11
         9.993270635604858E-01        -9.566440439812141E-08         3.162518857902086E-11
         9.996206164360046E-01        -2.570347419350583E-07         7.144196345620912E-11
         0.000000000000000E+00         0.000000000000000E+00         0.000000000000000E+00
         9.991024136543274E-01         6.103389438294471E-08        -2.720232242583998E-12
         9.992321729660034E-01         1.706068246676296E-07        -6.092448594230415E-12
         9.991677999496460E-01         4.280250323063228E-07        -9.929291416854724E-11
         9.990909695625305E-01         6.072551741453935E-07        -1.589729042850152E-10
         0.000000000000000E+00         0.000000000000000E+00         0.000000000000000E+00
         0.000000000000000E+00         0.000000000000000E+00         0.000000000000000E+00
         9.988988637924194E-01         2.816526318838442E-07        -8.501668813387653E-11
         9.992544651031494E-01         3.274652371487718E-08         1.729691043172998E-11
         9.992256164550781E-01         1.665080446855427E-07        -5.933890184772750E-11
         9.992343783378601E-01         1.502603481640108E-07        -6.179259187666375E-11
         9.991304278373718E-01         3.129076446839463E-07        -1.295414886470780E-10
         9.996351599693298E-01         1.057631351386590E-07        -4.913644491288949E-11
         9.997774958610535E-01         7.426314141412149E-07        -2.945251265096260E-10
         9.999470114707947E-01         6.314083407232829E-07        -2.351242256448671E-10
         9.999598264694214E-01         4.744337900319806E-07        -1.447451186686877E-10
         9.997980594635010E-01         2.557513596457284E-07        -3.338387205564786E-11
         9.998202323913574E-01        -1.426648594815561E-07         1.161176294006694E-10
         9.998741745948792E-01        -1.584519537800588E-07         1.397607307662696E-10
         1.000127077102661E+00        -2.348565573129235E-07         1.466727156396175E-10
         1.000305891036987E+00        -2.064954571778799E-07         1.125779816590899E-10
         1.000104784965515E+00        -2.815429525071522E-07         1.343262584496685E-10
         9.999172687530518E-01         1.106562663721888E-08         9.390932042413480E-13
         9.997692704200745E-01         3.936268910820218E-07        -1.612793371075227E-10
         9.997071623802185E-01         3.873744844895555E-07        -1.803772686770344E-10
         9.999613165855408E-01         1.917446894594832E-07        -1.127552842761226E-10
         9.999867677688599E-01         3.595497730657371E-07        -1.780120495453730E-10
         1.000024914741516E+00         4.730585487777716E-07        -2.294871515040597E-10
         1.000361919403076E+00         4.702081355389964E-07        -2.302003587750789E-10
         1.000500082969666E+00         5.394426239035965E-07        -2.501303608681837E-10
         1.000374197959900E+00         7.911928605608409E-07        -3.300205386747024E-10
         1.000148534774780E+00         8.493012728649774E-07        -3.122868907912135E-10
         1.000019907951355E+00         7.658813956368249E-07        -2.560551770613984E-10
         9.999115467071533E-01         6.724312129335885E-07        -2.021294520648809E-10
         1.000124335289001E+00         2.686076925328962E-07        -6.830615933983708E-11
         1.000439047813416E+00        -1.268909102236648E-07         6.183665385295356E-11
         1.000268459320068E+00        -2.906159863869107E-07         8.608207202609464E-11
         1.000233292579651E+00        -5.999270342726959E-07         1.941133087601798E-10
         1.000295996665955E+00        -2.943176298231265E-07         7.460374679135739E-11
         1.000224947929382E+00         2.638509499774955E-08        -2.378379784784279E-11
         1.000181198120117E+00         3.181815699804247E-08         1.104960480752259E-11
         9.998026490211487E-01         8.835984033339628E-08        -1.286896717661579E-11
         9.998089671134949E-01        -1.063545056467774E-07         9.712552290208620E-11
         9.998798966407776E-01         1.824012763051996E-08         5.358798127463871E-11
         9.997312426567078E-01        -9.652007548766051E-08         1.034915417252869E-10
         9.995308518409729E-01         3.646568913495685E-08         6.753461678776773E-11
         9.987719655036926E-01         1.612179175936035E-06        -6.095241533721207E-10
         9.993328452110291E-01        -1.732015419975141E-08         7.544530972181107E-11
         9.991448521614075E-01         2.427892979994795E-07        -5.142996445384185E-11
         9.990795254707336E-01         1.276688834650486E-07        -3.962461261886041E-11
         9.991129040718079E-01         6.161936028092896E-08        -7.143054203684329E-11
         9.990563392639160E-01         1.290959659172586E-07        -1.161472584776391E-10
         9.989241957664490E-01         2.090455097913946E-07        -1.696273121964964E-10
         9.991024732589722E-01         5.221890120310491E-08        -1.212144551399064E-10
         9.989120960235596E-01         1.772946234268602E-07        -1.620606981944661E-10
         9.988155961036682E-01         4.691995911798585E-07        -2.806172794134199E-10
         9.987380504608154E-01         4.164847666743299E-07        -2.307333074602624E-10
         9.984977245330811E-01         8.010545684555836E-07        -3.830975536800452E-10
         9.987908005714417E-01         3.452178418683616E-07        -1.728296811220886E-10
         9.986225366592407E-01         4.197198677502456E-07        -1.890231166035150E-10
         9.983387589454651E-01         3.767885630168166E-07        -1.398384325002056E-10
         9.979808330535889E-01         4.238855808580411E-07        -1.296195512034970E-10
         9.975714683532715E-01         2.533351164402120E-07        -4.417469515183292E-11
         9.975062012672424E-01        -9.740353590359518E-08         4.175881515577906E-11
         9.970757365226746E-01        -2.675962491593964E-07         1.092652912593195E-10
         9.970289468765259E-01        -6.392838258761913E-07         2.511250374315210E-10
         9.966786503791809E-01        -3.565208999134484E-07         1.512294039995865E-10
         9.963493943214417E-01        -3.551354552655539E-07         1.351748712963285E-10
         9.963093996047974E-01        -3.015712479736976E-07         1.009499497883759E-10
         9.963824152946472E-01        -1.107641267594772E-07         2.311577491920236E-11
         9.964100718498230E-01        -2.377505978756744E-07         5.650860682160364E-11
         9.962765574455261E-01        -2.466743467266497E-07         1.820609982217114E-11
         0.000000000000000E+00         0.000000000000000E+00         0.000000000000000E+00
         0.000000000000000E+00         0.000000000000000E+00         0.000000000000000E+00
         0.000000000000000E+00         0.000000000000000E+00         0.000000000000000E+00
         0.000000000000000E+00         0.000000000000000E+00         0.000000000000000E+00
         0.000000000000000E+00         0.000000000000000E+00         0.000000000000000E+00
         0.000000000000000E+00         0.000000000000000E+00         0.000000000000000E+00
         0.000000000000000E+00         0.000000000000000E+00         0.000000000000000E+00
         1.003677368164062E+00         1.063392687683518E-06        -4.985457602302290E-10
         1.003973126411438E+00         7.816414040462405E-07        -4.061235236996197E-10
         1.004204034805298E+00         5.356116616894724E-07        -3.436310958004896E-10
         1.004248619079590E+00         1.838648842067414E-07        -2.023552714280896E-10
         1.003950476646423E+00        -6.252753870228389E-09        -1.197905247218856E-10
         1.003341197967529E+00        -2.426869372129659E-08        -1.012605069239392E-10
         1.002734661102295E+00         3.964796349009703E-07        -2.692568945583673E-10
         1.002622485160828E+00         3.279531028965721E-07        -2.372106955306208E-10
         1.002424001693726E+00         3.826257284345047E-07        -2.604021165364401E-10
         1.002181053161621E+00         1.724611564668521E-07        -1.634542362571878E-10
         1.001560807228088E+00         7.159439405768353E-07        -3.388166691653538E-10
         1.001197576522827E+00         1.078899572348746E-06        -4.642304596291780E-10
         1.001072525978088E+00         1.119013745665143E-06        -4.549701448919308E-10
         1.001109242439270E+00         8.442481771453458E-07        -3.309373886040134E-10
         1.001514077186584E+00         4.681716916365986E-07        -1.788610370923038E-10
         1.001565575599670E+00         1.329402579131056E-07        -5.587520029992632E-11
         1.001805424690247E+00         5.847798334457366E-08        -4.010870802151345E-11
         1.001787066459656E+00        -1.393665272075850E-08        -2.146509532618968E-11
         1.001562595367432E+00        -1.007550523013379E-07         2.265945417412318E-11
         1.001286625862122E+00        -2.159912604327019E-08         1.343858292875144E-13
         1.001198410987854E+00        -4.798304189534974E-07         1.334588273227411E-10
         1.000848174095154E+00        -9.592505421096575E-07         2.901863194182397E-10
         1.000476837158203E+00        -8.736388394936512E-07         2.522428932394405E-10
         1.000440239906311E+00        -4.289430819426343E-07         1.153298151423954E-10
         1.000185251235962E+00        -9.601872363873554E-08         3.495245065598951E-11
         9.998024702072144E-01         2.545897359595983E-07        -3.388983191299211E-11
         9.997669458389282E-01         1.419830084614659E-07         5.719102275092425E-11
         9.994010329246521E-01         3.720518861882738E-07        -1.961728522681394E-11
         9.996013045310974E-01        -8.288123609645481E-08         1.487700518332247E-10
         9.996367096900940E-01         1.184854454550077E-07         1.565068213915666E-11
         9.996157884597778E-01         1.336218389269561E-07        -3.456982963778721E-11
         9.997941255569458E-01        -1.115437413545806E-07         4.671089556818053E-11
         9.999585151672363E-01         1.209025271009523E-07         6.013181706038262E-12
         9.997994303703308E-01         9.119035837557021E-08         5.951455994690491E-11
         9.996280670166016E-01         3.022580585820833E-07        -2.338845957183810E-11
         9.997923374176025E-01         1.084369358750337E-07         3.904011142141783E-11
         9.996826648712158E-01         2.475638893884025E-07        -1.459535834205661E-12
         9.997233152389526E-01         2.508546117496735E-07        -1.770044354143518E-11
         9.997244477272034E-01         2.279746809108474E-07        -1.867853094417171E-11
         9.999597668647766E-01         5.146138732925465E-07        -1.317814191104105E-10
         1.000447630882263E+00         5.637121489598940E-07        -1.650584530166199E-10
         1.000399470329285E+00         5.585855546996754E-07        -1.694661494466843E-10
         1.000574231147766E+00         5.861538170393032E-07        -1.997228493699765E-10
         1.000655889511108E+00         6.224498747542384E-07        -2.510861518700835E-10
         1.000835776329041E+00         2.495316380191070E-07        -1.596893034472302E-10
         1.000929951667786E+00        -3.640727470610727E-07         3.644416365911063E-11
         1.000862121582031E+00        -3.959677599141287E-07        -1.195538893578041E-11
         1.000893831253052E+00        -3.949932931845979E-07         1.314659210487068E-12
         1.000500440597534E+00        -3.822956173848979E-08        -9.156476271643399E-11
         1.000402688980103E+00         3.446450591582106E-07        -2.294699708027537E-10
         1.000536799430847E+00         2.607131932563789E-07        -1.676234151481992E-10
         1.000222563743591E+00         4.593211144765519E-07        -2.104949270442802E-10
         1.000371575355530E+00        -2.898234363613028E-08        -1.892073477061107E-11
         1.000388145446777E+00        -3.033321149814583E-07         1.044317549103724E-10
         1.000159978866577E+00        -3.339978249528031E-08         3.335368092827196E-11
         1.000419616699219E+00        -2.397507614659844E-07         1.387945730568774E-10
         1.000396132469177E+00        -2.839118273811891E-08         4.146727752840640E-11
         1.000249862670898E+00         1.343231161854419E-07        -3.070791190773470E-11
         1.000096917152405E+00         9.453383853497144E-08        -2.620485946291939E-11
         9.999474287033081E-01         1.885483271735211E-07        -6.926213075297838E-11
         9.996800422668457E-01         4.809261895388772E-07        -1.829528473162867E-10
         9.996342062950134E-01         8.272711511381203E-07        -3.173825924296381E-10
         9.997134208679199E-01         9.964445553123369E-07        -3.705510620566344E-10
         9.997401833534241E-01         1.041116661326669E-06        -3.586796692989225E-10
         9.998766779899597E-01         5.760734325122030E-07        -1.431664370388219E-10
         9.998357892036438E-01         3.718424750331906E-07        -6.583508738167154E-11
         9.999011158943176E-01        -4.336416026262668E-08         9.719283017295410E-11
         9.998396039009094E-01         9.790367272444200E-08         5.997750907038579E-11
         9.995613098144531E-01         4.210031363527378E-07        -4.024476238373431E-11
         9.993960261344910E-01         3.732485538421315E-07        -3.784750637891854E-11
         9.996768236160278E-01         1.697267038025529E-07        -1.026047909830075E-11
         1.000099420547485E+00        -2.552287128310127E-07         7.359370057802295E-11
         1.000168800354004E+00        -5.519958676813985E-07         1.025533616361152E-10
         1.000220894813538E+00        -7.656001912437205E-07         1.896168777548723E-10
         9.997768998146057E-01        -1.997949681253886E-07        -7.304277842290485E-12
         9.995381236076355E-01         3.509084933739359E-07        -2.483922512119818E-10
         9.995240569114685E-01         4.030921729736292E-07        -2.799061260549962E-10
         9.993165135383606E-01         4.432111779806291E-07        -2.262530995889023E-10
         9.994870424270630E-01         2.187017855703743E-07        -5.899863236846770E-11
         9.995522499084473E-01         5.049698188486218E-07        -1.267008026273331E-10
         9.998359680175781E-01         3.279022564584011E-07        -8.837519605009447E-11
         1.000015497207642E+00         3.085740729602549E-07        -1.219261913654179E-10
         9.998701810836792E-01         6.963187502151413E-07        -2.821376188233415E-10
         1.000099182128906E+00         6.672586749800757E-08         2.080244613719695E-12
         1.000350236892700E+00        -2.719221754432510E-07         1.223756929125130E-10
         1.000017285346985E+00        -2.091832698170037E-07         1.190889609148371E-10
         1.000147700309753E+00        -5.787252348454786E-07         2.587881298143913E-10
         1.000054597854614E+00        -4.967178028891794E-07         1.418946626863260E-10
         9.998081922531128E-01        -4.597100655701070E-07         1.236525604131344E-10
         1.000010251998901E+00        -1.939678355711294E-07         1.122845306317233E-11
         9.999203085899353E-01         1.426590614528322E-07        -1.358271273232958E-10
         9.999343752861023E-01        -1.820198036739384E-08        -8.726505629219616E-11
         1.000269412994385E+00        -2.407431054507470E-07        -3.464053696666802E-12
         1.000244736671448E+00        -9.621186336516985E-08        -5.799845673171156E-11
         1.000332117080688E+00         2.733769406404463E-07        -2.025019874007938E-10
         1.000338912010193E+00         2.034924619920275E-07        -1.455922604698401E-10
         1.000383734703064E+00         5.198052122068475E-08        -7.939656571087639E-11
         1.000380039215088E+00        -1.330467114257772E-07        -2.486523085955955E-13
         1.000363707542419E+00        -4.326346640937118E-07         1.345467348645712E-10
         1.000307679176331E+00        -6.345946417241066E-07         2.449472014109944E-10
         9.997138977050781E-01        -8.208997570591237E-08         6.377522815403935E-11
         9.998116493225098E-01        -2.599755077881127E-07         1.259570919787123E-10
         9.998552203178406E-01        -4.056502973526221E-07         1.792821030521807E-10
         9.999817609786987E-01        -2.903254596731131E-07         1.205332916809354E-10
         1.000078916549683E+00        -5.883912876925024E-07         2.098495960334290E-10
         1.000563502311707E+00        -1.281708705391793E-06         4.392122776586405E-10
         1.000624775886536E+00        -1.457024154660758E-06         5.415100590155930E-10
         1.000377416610718E+00        -1.507283855062269E-06         6.143021646920488E-10
         1.000319123268127E+00        -8.214101399062201E-07         2.787610420273978E-10
         1.000435113906860E+00        -7.942504112179449E-07         2.274427174375759E-10
         1.000378847122192E+00        -7.234831969071820E-07         2.186798381265120E-10
         1.000196218490601E+00        -5.772113809143775E-07         1.895521517525367E-10
         9.999749660491943E-01        -2.222095076831465E-07         6.795350393495880E-11
         9.997600913047791E-01         4.335833736490713E-08        -7.846905764052892E-11
         9.996744990348816E-01         2.679762474144809E-07        -2.057365250385246E-10
         9.997425675392151E-01         7.193598889898567E-07        -3.836547746161045E-10
         1.000242710113525E+00         5.431333605088184E-08        -1.226114765273678E-10
         1.000476837158203E+00        -3.951494704779179E-07         4.185817317758911E-11
         1.000552892684937E+00        -8.589116760049365E-07         1.959494233538805E-10
         1.000466465950012E+00        -6.653821174040786E-07         1.104534380624855E-10
         9.999409914016724E-01         2.362838245062449E-07        -1.525156112514026E-10
         9.994856715202332E-01         5.938577487540897E-07        -1.675574262671731E-10
         9.993401765823364E-01         4.916137186228298E-07        -1.045731071180889E-10
         9.999687075614929E-01        -1.418683837073331E-07         5.991832030538546E-11
         9.999860525131226E-01        -2.321039005437342E-07         1.029512933237164E-10
         1.000225901603699E+00        -2.489229586899455E-07         1.084855885680192E-10
         1.000175118446350E+00        -3.872896670031878E-08         1.459813281541600E-12
         1.000192403793335E+00         5.802722569114849E-08        -5.483372783610108E-11
         1.000159144401550E+00        -2.126170812744022E-07         4.142805890006152E-11
         9.995195269584656E-01         5.642116320814239E-07        -1.896470896989300E-10
         9.987397789955139E-01         1.456718678127800E-06        -4.260765906760611E-10
         9.989835023880005E-01         1.228714836543077E-06        -3.216003852113403E-10
         9.992749691009521E-01         7.754569537610223E-07        -1.866599652622369E-10
         9.996438622474670E-01         2.219689463345276E-07        -2.684923117168836E-11
         9.995042681694031E-01         3.110875468337326E-08         8.902562714796503E-11
         9.990284442901611E-01         5.392009825300192E-07        -6.017257005164200E-12
         9.989815354347229E-01         6.121351248111750E-07        -4.734822256491356E-11
         9.996634721755981E-01         1.826098099400042E-07         5.132064911927969E-11
         1.000192046165466E+00        -6.816500786044344E-07         3.720147245811489E-10
         1.000769376754761E+00        -1.379390027977934E-06         6.126449902943421E-10
         1.000471472740173E+00        -9.317437843492371E-07         4.444843382245267E-10
         1.000130534172058E+00        -4.286002308617753E-07         2.687845224169649E-10
         9.994176626205444E-01         7.126629952836083E-07        -1.328055859728394E-10
         9.994737505912781E-01         9.234378808287147E-07        -2.494423279042479E-10
         9.993722438812256E-01         9.064534083336184E-07        -2.747519434187495E-10
         9.989126920700073E-01         1.000384827420930E-06        -2.738370363797316E-10
         9.992296099662781E-01         2.891857207032444E-07        -9.679715362587160E-12
         1.000006675720215E+00        -9.857157010628725E-07         4.193629610238503E-10
         1.000267386436462E+00        -1.012231109598360E-06         4.173426604303643E-10
         9.998767375946045E-01        -1.793222565993347E-07         1.672244148709368E-10
         1.000649809837341E+00        -1.121624336519744E-06         4.330686087516966E-10
         1.000505447387695E+00        -8.020202812986099E-07         2.279378630287709E-10
         1.000600695610046E+00        -5.902105613131425E-07         1.476659627908106E-10
         1.000662326812744E+00        -6.153382514639816E-07         1.294753332325982E-10
         1.000766038894653E+00        -1.113938424168737E-06         3.149835114957256E-10
         1.000910758972168E+00        -1.169340407614072E-06         3.300949236173523E-10
         1.000043511390686E+00         2.034231840752909E-07        -1.957280448827703E-10
         1.000275611877441E+00        -2.505395357843554E-08        -8.022513903194195E-11
         1.000863075256348E+00        -7.469726597264525E-07         2.447672897698538E-10
         1.000401735305786E+00        -1.784929537507196E-07         1.278620542777276E-10
         9.999632835388184E-01         2.265599619022396E-07        -5.544391681877592E-11
         9.997059106826782E-01         8.647554068375030E-07        -3.137725357316157E-10
         1.000141382217407E+00         5.154526547812566E-07        -2.501434337442987E-10
         9.994002580642700E-01         1.851036927291716E-06        -7.513235589229339E-10
         9.994720816612244E-01         1.634448040022107E-06        -6.936264895784916E-10
         9.997639060020447E-01         9.748929414854501E-07        -4.731971481319874E-10
         1.000089049339294E+00         1.098218262995942E-07        -1.878274480393571E-10
         1.000295996665955E+00        -3.637738075212837E-07        -7.211589398564699E-12
         1.000536561012268E+00        -1.220491299136484E-07        -8.233790732559143E-11
         1.000642895698547E+00         1.476604580830099E-07        -1.521331116638436E-10
         1.000549077987671E+00         4.700785893874126E-07        -2.213771527204145E-10
         1.000243663787842E+00         7.562813948425173E-07        -2.739407312102315E-10
         9.995133280754089E-01         1.418815600118251E-06        -4.405040776589431E-10
         9.991595745086670E-01         1.489255055275862E-06        -4.619189197807572E-10
         9.987646937370300E-01         1.740964421514946E-06        -5.813840520119129E-10
         9.988461732864380E-01         1.565506522638316E-06        -5.200066488519894E-10
         9.993545413017273E-01         7.069468779263843E-07        -1.600314741834197E-10
         9.991864562034607E-01         9.154593385574117E-07        -2.685775213340236E-10
         9.991773962974548E-01         2.863432655431097E-07        -3.095143585873927E-11
         9.987971186637878E-01         7.170090157160303E-07        -1.466190086008012E-10
