         1.002255916595459E+00        -7.522316423091979E-07         3.028622075351706E-10
         1.002810716629028E+00        -1.247835143658449E-06         5.468833164101738E-10
         1.002693891525269E+00        -1.218066358887882E-06         5.118010459881361E-10
         1.002517104148865E+00        -1.003730176307727E-06         4.479453197259176E-10
         1.002360224723816E+00        -1.075437126019096E-06         5.711650596929019E-10
         1.002384781837463E+00        -1.234382125403499E-06         5.895606780548235E-10
         1.002148985862732E+00        -1.373441705254663E-06         6.125297491443860E-10
         1.001409649848938E+00        -4.933674517815234E-07         3.888138699892352E-10
         1.000660657882690E+00         7.454743808921194E-07        -1.412464867289742E-10
         1.000320792198181E+00         1.089050783775747E-06        -2.802484078134881E-10
         9.994584321975708E-01         2.262786892970325E-06        -6.331874469189813E-10
         9.993313550949097E-01         2.675564246601425E-06        -9.101507325581792E-10
         1.000127315521240E+00         8.103371555989725E-07        -2.743444638131365E-10
         1.000875830650330E+00        -6.067953677302285E-07         3.321398711619850E-10
         1.000657916069031E+00         9.885248886121190E-08         6.567056620720990E-11
         1.000678181648254E+00         5.039163966102933E-07        -1.665613064139038E-10
         1.000166058540344E+00         1.080764718608407E-06        -3.631351608301969E-10
         9.999143481254578E-01         1.268586402147776E-06        -4.871695824526512E-10
         9.997638463973999E-01         1.069162181011052E-06        -3.905546164251206E-10
         1.000324368476868E+00        -6.020921539118262E-09        -6.027980198330951E-11
         9.997744560241699E-01         4.579899552936695E-07        -1.921627995615793E-10
         9.997248649597168E-01         1.838415357724443E-07        -3.358834391176124E-11
         9.997599124908447E-01         2.124937594771836E-07        -1.105169705750697E-10
         1.000144958496094E+00         9.226321040500807E-09        -4.941401801628054E-11
         1.000261425971985E+00         1.417218129518005E-07        -6.280671815961369E-11
         1.000394940376282E+00         1.806727993880486E-07        -8.637914689080262E-11
         1.000378608703613E+00         3.317889820664277E-07        -1.485551126556572E-10
         9.999512434005737E-01         8.072015020843537E-07        -3.375974222397105E-10
         9.999995827674866E-01         3.461302071627870E-07        -1.339727356830522E-10
         9.996802210807800E-01         7.583194587823527E-07        -2.839233848028755E-10
         9.995974302291870E-01         6.593172088287247E-07        -3.042318064139238E-10
         9.998849034309387E-01        -2.726228687244259E-10        -7.820921688050930E-11
         9.991359710693359E-01         8.383039471482334E-07        -3.393801906170779E-10
         9.990569949150085E-01         9.721632068249164E-07        -3.687341543212597E-10
         9.991711378097534E-01         1.182642790809041E-06        -5.059955232589175E-10
         9.992619752883911E-01         1.100040435630945E-06        -4.358012839489334E-10
         9.995408654212952E-01         6.686236133646162E-07        -2.629673701015633E-10
         9.995489716529846E-01         3.048993448828696E-07        -1.334529292629227E-10
         9.995034337043762E-01         3.730352773345658E-07        -1.169559865621395E-10
         9.992161393165588E-01         7.002702773206693E-07        -2.149514594096402E-10
         9.990895986557007E-01         7.535325039498275E-07        -2.488467765182634E-10
         9.992446899414062E-01         2.760248776212393E-07        -6.213636549734503E-11
         9.993994832038879E-01         4.018574770725536E-07        -1.547957317882265E-10
         9.990862607955933E-01         8.507208235641883E-07        -2.704531598674009E-10
         9.987813234329224E-01         1.217185058521864E-06        -3.594328445988282E-10
         9.991302490234375E-01         5.516133683158841E-07        -1.286575568304471E-10
         9.991474151611328E-01         8.685195211910468E-07        -2.747534422198328E-10
         9.991363286972046E-01         7.664327199563559E-07        -2.460042447527400E-10
         9.999004602432251E-01         1.244477090267537E-07        -6.730663248966096E-11
         1.000058293342590E+00        -7.357149911513261E-08         4.407021969576874E-11
         1.000077486038208E+00         1.441449200001443E-07        -1.197028309807280E-10
         9.999979138374329E-01        -2.575262385562382E-07         4.665064168296595E-11
         1.000239968299866E+00        -9.138709629041841E-07         2.667184806348644E-10
         9.995818138122559E-01        -2.912090337758855E-07         8.561132358586576E-11
         9.991053342819214E-01         1.474345197038929E-07        -4.414393503515690E-11
         9.982586503028870E-01         1.107765001506777E-06        -3.107703816507268E-10
         9.982574582099915E-01         1.275877480111376E-06        -3.671924431181139E-10
         9.986097216606140E-01         9.553406243867357E-07        -3.136864101804804E-10
         9.987328648567200E-01         9.193772143589740E-07        -3.228127765098066E-10
         9.985544085502625E-01         8.573954914936621E-07        -3.355426214657342E-10
         9.984816312789917E-01         1.329948986494855E-06        -5.525406798767563E-10
         9.984444975852966E-01         1.580855382599111E-06        -6.385864614877335E-10
         9.984381794929504E-01         1.438221374883142E-06        -4.741557702026000E-10
         9.983401894569397E-01         1.515551730335574E-06        -4.547533460907971E-10
         9.988374114036560E-01         1.047415025823284E-06        -2.791890052478152E-10
         9.994381666183472E-01         6.176687747938558E-07        -1.133576357781330E-10
         9.997212290763855E-01         5.342857889445440E-07        -7.615460345666847E-11
         1.000153183937073E+00        -1.416716202129464E-07         1.692477963333161E-10
         1.000016570091248E+00        -2.588060681318893E-07         1.967855184359379E-10
         1.000027656555176E+00        -4.388251966247481E-07         2.434434598352908E-10
         1.000275254249573E+00        -6.594950150429213E-07         2.179867952811776E-10
         1.000515937805176E+00        -1.169264692180150E-06         4.344652138055238E-10
         1.000243663787842E+00        -9.407725656274124E-07         4.079191984196484E-10
         9.999402761459351E-01        -4.405318918543344E-07         2.130931125998714E-10
         1.000271081924438E+00        -7.417510801133176E-07         3.503186074560460E-10
         1.000689625740051E+00        -8.993183655547909E-07         3.946508120300507E-10
         1.000834226608276E+00        -9.674805596660008E-07         3.979355733818579E-10
         1.001192092895508E+00        -1.483711912442232E-06         5.762336718895256E-10
         1.001536607742310E+00        -2.234790144939325E-06         8.656053096522953E-10
         1.001623153686523E+00        -2.241047013740172E-06         8.235961912461676E-10
         1.001284956932068E+00        -1.494927573730820E-06         5.037275041530620E-10
         1.000577926635742E+00        -1.241425451325995E-07        -1.560305010195329E-11
         1.000374078750610E+00         3.991018218130193E-07        -1.653166492587843E-10
         1.000674486160278E+00         4.723774438275541E-08        -7.281364400313350E-11
         1.000926971435547E+00        -5.632880402117735E-07         1.293920387501757E-10
         1.000955939292908E+00        -6.631292990277871E-07         1.719204223427084E-10
         1.000517845153809E+00         1.749237199533127E-08        -7.387681438819627E-11
         1.000517487525940E+00         5.930202107151672E-08        -8.317100480548234E-11
         1.000713706016541E+00        -4.567954761114379E-07         1.063525448263825E-10
         1.000476717948914E+00        -2.012066033785231E-07         7.508303700998198E-11
         1.000202417373657E+00         3.504257790609699E-07        -1.129799725996250E-10
         1.000310420989990E+00        -8.739652557210320E-09         1.401567403802595E-11
         1.000002264976501E+00         4.430658862020209E-07        -1.538991434291148E-10
         9.997437000274658E-01         4.531625279469154E-07        -1.099420485206615E-10
         9.999407529830933E-01         1.662254618395309E-07         3.382769541912523E-12
         9.998520612716675E-01         1.377258200818687E-07         1.392487253976116E-11
         1.000194907188416E+00        -5.392950015448150E-07         2.633399054374763E-10
         1.000113964080811E+00        -9.156497640105954E-07         4.127022612543385E-10
         9.999024868011475E-01        -1.189954787150782E-06         5.595318097739721E-10
         9.997133612632751E-01        -8.270399689536134E-07         3.670620474238717E-10
         9.998384118080139E-01        -1.272419694942073E-06         4.697082722771029E-10
         9.994792938232422E-01        -6.767166951249237E-07         2.413897970399148E-10
         9.998259544372559E-01        -4.847899504056841E-07         1.079758643607320E-10
         1.000010848045349E+00        -7.085048991939402E-07         2.015480421446725E-10
         1.000509619712830E+00        -1.144459247370833E-06         3.871281906153712E-10
         1.001169323921204E+00        -1.735351702336629E-06         5.741054853736216E-10
         1.001203060150146E+00        -1.892874024633784E-06         6.659008899845276E-10
         1.000754594802856E+00        -1.187037128147495E-06         4.376210505085965E-10
         1.000754952430725E+00        -1.247348222932487E-06         4.205583103988886E-10
         1.000889062881470E+00        -1.703524048934923E-06         5.383669621217280E-10
         1.000796914100647E+00        -1.288827547796245E-06         3.393555991770825E-10
         1.000349164009094E+00        -3.336240865792206E-07        -1.716575492860528E-11
         9.998900890350342E-01         2.422886211661535E-07        -2.122835379703147E-10
         1.000249147415161E+00        -6.704195811835234E-07         1.381975367475974E-10
         1.000669002532959E+00        -1.232487761626544E-06         3.421693206551168E-10
         1.000683665275574E+00        -1.040756615111604E-06         3.069622889206869E-10
         1.000481486320496E+00         8.334873058402081E-08        -2.132840570823191E-10
         1.000441312789917E+00         3.471661784715252E-07        -2.890084560558392E-10
         1.000622272491455E+00         4.535279742867715E-07        -3.675301729622049E-10
         1.000251173973083E+00         1.150307411990070E-06        -6.207090397225556E-10
         9.998493790626526E-01         1.673169549576414E-06        -7.906031385118695E-10
         9.996051788330078E-01         2.150198724848451E-06        -9.715230842033407E-10
         9.993416666984558E-01         2.476466761436313E-06        -1.079915823432032E-09
         9.996305108070374E-01         2.201196139139938E-06        -9.908079912079870E-10
         9.997672438621521E-01         1.674801410445070E-06        -8.019657715685469E-10
         1.000157594680786E+00         5.183861162549874E-07        -3.923356917123755E-10
         9.995661973953247E-01         1.050083142217773E-06        -5.551633597278283E-10
         9.991481304168701E-01         1.408267166880250E-06        -6.083209491691832E-10
         9.990835189819336E-01         1.426726498721109E-06        -5.655667045800783E-10
         9.986720085144043E-01         1.800087602532585E-06        -6.486742254452338E-10
         9.985265731811523E-01         1.886619998003880E-06        -6.552650089197698E-10
         9.984587430953979E-01         1.983195943466853E-06        -6.717179035220511E-10
         9.986256957054138E-01         1.764091507538978E-06        -6.096937954502835E-10
         9.988874793052673E-01         1.608040861356130E-06        -5.792414881078400E-10
         9.992161393165588E-01         1.335052957074367E-06        -4.613765203220765E-10
         9.995963573455811E-01         1.020496370074397E-06        -3.176664764570347E-10
         9.998334050178528E-01         8.817092407298333E-07        -2.471962912142800E-10
         9.998748302459717E-01         7.846386438359332E-07        -2.266632992409257E-10
         1.000300168991089E+00         2.057250441112046E-07        -5.735383348803857E-11
         1.000635147094727E+00        -8.501692860818366E-08         3.028189504705736E-11
         1.000560402870178E+00        -3.435451958466729E-07         1.520317483016953E-10
         1.000255107879639E+00        -1.684739459051343E-07         9.845779053163639E-11
         9.996961355209351E-01         3.498312537431048E-07        -6.051834033904413E-11
         9.995985627174377E-01         2.480393561654637E-07        -2.338567881010611E-11
         9.992890954017639E-01         6.026196501807135E-07        -1.510253172520848E-10
         9.991824626922607E-01         6.223474997568701E-07        -1.249571418560080E-10
         9.994334578514099E-01        -1.166088665627285E-07         1.096097657082851E-10
         9.995530247688293E-01        -7.061323117341090E-07         3.412069793373718E-10
         9.995973706245422E-01        -6.174681743686961E-07         2.606364013502116E-10
         9.996815919876099E-01        -4.340098769262113E-07         2.292458167740818E-10
         9.996161460876465E-01         4.657814258735016E-07        -7.254416511948136E-11
         9.997478127479553E-01         5.020455660087464E-07        -1.500542468058086E-10
         1.000148415565491E+00        -1.887716649662252E-07         8.449389798936835E-11
         1.000509500503540E+00        -6.368798040057300E-07         2.553408873229301E-10
         1.000648856163025E+00        -7.512828119615733E-07         2.551810984741110E-10
         1.000380635261536E+00        -2.609272939935181E-07         5.544862485828972E-11
         1.000576734542847E+00        -4.994566324967309E-07         1.775119495839306E-10
         1.000338196754456E+00         5.153846416305896E-08        -1.086827589730222E-11
         1.000338792800903E+00        -1.613186384474830E-07         1.011213890400597E-10
         1.000408172607422E+00        -2.481115188857075E-07         1.143368802414280E-10
         1.000883698463440E+00        -7.550720511062536E-07         3.549296412330705E-10
         1.001104712486267E+00        -8.992305424726510E-07         4.107490181315399E-10
         1.001300215721130E+00        -1.159751491286443E-06         4.900804206897647E-10
         1.001200556755066E+00        -1.537728167022578E-06         6.337176894355423E-10
         1.001466155052185E+00        -1.833364763115242E-06         7.372576993347479E-10
         1.001077413558960E+00        -1.597008576936787E-06         6.334534008445303E-10
         1.001111268997192E+00        -1.768438210092427E-06         6.853494438630037E-10
         1.000407934188843E+00        -1.234363253388437E-06         5.306274308836123E-10
         1.000106930732727E+00        -1.248468720405072E-06         5.424446447577225E-10
         9.993609786033630E-01        -7.494775786653918E-07         3.536195503084372E-10
         9.988819360733032E-01        -6.723579986100958E-07         2.745761951139514E-10
         9.984175562858582E-01        -6.878546514599293E-07         2.956559719269336E-10
         9.980993270874023E-01        -5.893201091566880E-07         2.702151002953457E-10
         9.979745745658875E-01        -6.115964197306312E-07         2.942915633408205E-10
         9.980576038360596E-01        -5.982926722936099E-07         2.704192425539986E-10
         9.982185959815979E-01        -6.786276571801864E-07         3.039444251839996E-10
         9.988641738891602E-01        -1.320674982707715E-06         4.831469668786781E-10
         9.993274211883545E-01        -1.265021637664177E-06         4.378112039571391E-10
         9.993825554847717E-01        -1.146493787018699E-06         4.001230735628525E-10
         9.990870356559753E-01        -1.190249236060481E-06         4.545254728149928E-10
         9.986855983734131E-01        -1.450196236874035E-06         5.803793001746271E-10
         9.981570839881897E-01        -1.143647978096851E-06         4.867287684007238E-10
         0.000000000000000E+00         0.000000000000000E+00         0.000000000000000E+00
         0.000000000000000E+00         0.000000000000000E+00         0.000000000000000E+00
         0.000000000000000E+00         0.000000000000000E+00         0.000000000000000E+00
         0.000000000000000E+00         0.000000000000000E+00         0.000000000000000E+00
         0.000000000000000E+00         0.000000000000000E+00         0.000000000000000E+00
         0.000000000000000E+00         0.000000000000000E+00         0.000000000000000E+00
         0.000000000000000E+00         0.000000000000000E+00         0.000000000000000E+00
         1.001727938652039E+00        -3.875168772538018E-07         1.135833302412514E-10
         1.001456022262573E+00         4.148747336785163E-07        -1.353076678478615E-10
         1.001930356025696E+00        -1.718724433885654E-07         9.470730406510586E-13
         1.002068400382996E+00        -1.909374276465314E-07        -4.531563665977068E-11
         1.002474308013916E+00        -4.164401161688147E-07         1.123178980377837E-11
         1.002857565879822E+00        -6.459700330196938E-07         7.954093633744108E-11
         1.002876043319702E+00        -6.797604328312445E-07         1.093637541638159E-10
         1.002691030502319E+00        -5.439667347673094E-07         1.226762302852791E-10
         1.002521753311157E+00        -8.748576618700099E-08        -5.822159421242645E-11
         1.002184629440308E+00         1.827782654117982E-07        -1.683727740564578E-10
         1.002297520637512E+00        -6.480037200162769E-07         1.801850196825328E-10
         1.002110838890076E+00        -7.490153848266345E-07         2.510847918468784E-10
         1.001630663871765E+00        -3.485592117158376E-07         1.031824001240800E-10
         1.001089334487915E+00         2.450682927701564E-07        -1.199930571571528E-10
         1.000806927680969E+00         4.234828452354122E-07        -1.665712290321864E-10
         1.000802278518677E+00         5.537478955375263E-07        -2.021232486937308E-10
         1.001003980636597E+00         3.456334809470718E-07        -1.311889208377437E-10
         1.001239299774170E+00        -1.658330006648612E-07         3.073723220392566E-11
         1.000821948051453E+00         7.204972263252785E-08        -9.232259401414922E-11
         1.000244259834290E+00         4.500098498283478E-07        -2.482000993619948E-10
         9.999912977218628E-01         7.305831672965724E-07        -3.608865706272724E-10
         9.996965527534485E-01         1.001556370283652E-06        -4.323748858947596E-10
         9.995250105857849E-01         9.005769356917881E-07        -3.708819362735483E-10
         9.992766380310059E-01         9.856721590040252E-07        -3.970725415136656E-10
         9.993602037429810E-01         7.718051051597286E-07        -3.405619397600645E-10
         9.992472529411316E-01         7.224402338579239E-07        -3.280650751058545E-10
         9.993434548377991E-01         4.128904720346327E-07        -1.679195393844424E-10
         9.992656111717224E-01         2.827799789884011E-07        -6.649030631633579E-11
         9.990373849868774E-01         8.279532721644500E-07        -2.768708040612466E-10
         9.989460706710815E-01         8.362783319171285E-07        -2.988915226431743E-10
         9.986927509307861E-01         9.066401958079950E-07        -3.862650199693007E-10
         9.991594552993774E-01         1.734505588046886E-07        -1.023962512003429E-10
         9.991139769554138E-01         2.332779303060306E-07        -1.103584584827288E-10
         9.992187619209290E-01         1.966763107930092E-07        -8.661522887809525E-11
         9.993793964385986E-01         3.201168965460965E-07        -1.468920401981322E-10
         9.994400739669800E-01         5.281691528580268E-07        -2.621982353456787E-10
         9.997861981391907E-01         6.833856787125114E-07        -3.235934853407230E-10
         1.000233054161072E+00         8.658614092382777E-07        -4.148268117898368E-10
         1.000580549240112E+00         8.547430070393602E-07        -4.596977798421165E-10
         1.000594019889832E+00         5.550634227802220E-07        -3.200345544129846E-10
         1.000525593757629E+00         4.715002432931215E-07        -2.734479864763273E-10
         1.000453233718872E+00         4.409057510201819E-07        -2.538561583165233E-10
         1.000536203384399E+00         4.375214928131754E-07        -2.548225241927327E-10
         1.000910878181458E+00         2.634775455589988E-07        -1.765517593232957E-10
         1.000638008117676E+00         5.587720579569577E-07        -2.609870652925395E-10
         1.000387549400330E+00         4.853447421737656E-07        -1.881137190462567E-10
         1.000349760055542E+00         2.466940713929944E-07        -8.755414449002075E-11
         1.000310301780701E+00        -1.477753670542370E-07         7.391331297013082E-11
         1.000024080276489E+00        -1.566377676454067E-07         6.147239661746795E-11
         1.000005722045898E+00        -3.142692719393381E-07         9.021523805774478E-11
         9.995794892311096E-01         2.660832478795783E-07        -8.482180929858529E-11
         9.996814727783203E-01         2.491469501819665E-07        -2.257699027730098E-10
         9.995344281196594E-01        -2.492123485353659E-08        -9.356467683963032E-11
         9.989271759986877E-01         4.257912564753497E-07        -1.525527482115763E-10
         9.990859627723694E-01         3.982418661507836E-07        -2.032503332305424E-10
         9.992157816886902E-01         1.621113199234969E-07        -1.000304561404874E-10
         9.993577003479004E-01         4.242316720137751E-07        -1.882183436885398E-10
         9.997676014900208E-01         2.054506040849446E-07        -1.114382128242219E-10
         9.999734759330750E-01        -1.629677370829086E-07         3.037013002193945E-11
         1.000091075897217E+00        -3.531603738338163E-07         9.226491792801994E-11
         1.000103116035461E+00        -5.687214184035838E-07         1.869905480456069E-10
         9.997367262840271E-01        -2.335707876000015E-07         6.633233545771944E-11
         9.993516802787781E-01        -1.208050548484607E-07         6.619054263024005E-13
         9.990435838699341E-01         2.040148316950763E-08        -3.044316534972502E-11
         9.991331100463867E-01        -2.520343684864201E-07         1.293951473746446E-10
         9.992284178733826E-01         2.012590272215675E-08         4.067887693359751E-11
         9.994140267372131E-01        -1.842757058057032E-07         1.257548370992012E-10
         9.997288584709167E-01        -6.453969376707391E-07         2.975733270904612E-10
         9.993062019348145E-01        -2.469512025982112E-07         1.806431948470077E-10
         9.993235468864441E-01        -1.817488559652247E-08         7.312613709009597E-11
         9.998151063919067E-01        -2.456859817812074E-07         1.676562083607891E-10
         1.000241637229919E+00        -4.953736834067968E-07         2.453426350967902E-10
         9.999882578849792E-01        -1.988928488572128E-07         1.079777378620861E-10
         9.997958540916443E-01        -7.279992786379808E-08         4.794141472697078E-11
         9.994090199470520E-01         3.371463890289306E-07        -1.012036079939271E-10
         9.995136857032776E-01         1.350141758393875E-07        -2.091452531993720E-11
         9.997535347938538E-01        -5.897900479112650E-08         6.693068321794726E-11
         9.997473955154419E-01         2.518164592402172E-07        -5.078132012115155E-11
         9.998273253440857E-01         1.689457604925337E-07        -5.313183486926887E-12
         9.998316764831543E-01         2.157347012143873E-07        -1.989937034596601E-11
         1.000047087669373E+00         1.557871769364283E-07        -1.382925111231836E-11
         1.000132679939270E+00         3.038689726508892E-07        -1.147811290458378E-10
         1.000207543373108E+00         2.705247368339769E-07        -1.103912170008492E-10
         1.000205755233765E+00         6.774324390335096E-08        -3.403436213411659E-11
         1.000075221061707E+00         3.464308662159965E-08         3.295236913197774E-12
         9.998133182525635E-01         2.116576496291600E-07        -5.327622024098311E-11
         9.998832941055298E-01         2.602303368348657E-07        -7.475852575877795E-11
         9.999834895133972E-01         1.986385598229390E-07        -6.643020161734015E-11
         9.999765753746033E-01         2.043105062909945E-08         2.770541391791670E-12
         9.999691247940063E-01         3.683734917103720E-07        -1.163363919087779E-10
         9.999326467514038E-01         3.602091283028130E-07        -9.092359504192515E-11
         9.998551011085510E-01         1.992334688338815E-07        -2.384342376315907E-11
         9.996752142906189E-01         2.189759840121042E-07        -2.418096972656159E-11
         9.997630119323730E-01         8.637550052981169E-08         4.139716694440132E-11
         9.996089339256287E-01         1.589463778373101E-07         3.939969184241221E-11
         9.997084736824036E-01         5.423139626259399E-08         7.735224266669505E-11
         9.999815225601196E-01        -1.779116161060301E-07         1.284487238795151E-10
         1.000045061111450E+00         2.117985218319518E-07        -2.557312347994944E-11
         1.000623464584351E+00        -1.846883321832138E-07         1.349454992194410E-10
         1.000769138336182E+00        -2.141975983249722E-07         1.222801582212441E-10
         1.000805735588074E+00        -1.943617462529801E-07         1.216789724534095E-10
         1.000612139701843E+00        -1.491611669734993E-07         1.296511786819110E-10
         1.000186562538147E+00        -3.620631261469498E-08         1.084411449525646E-10
         9.997951388359070E-01        -4.547174725644254E-08         1.227080520527224E-10
         9.997203350067139E-01        -1.493865369184277E-07         1.147141825974529E-10
         9.998469352722168E-01        -4.689445347594301E-07         2.359580308919362E-10
         9.999981522560120E-01        -7.304988116629829E-07         3.086412792008275E-10
         1.000132799148560E+00        -7.047040071483934E-07         3.008399362958158E-10
         1.000224113464355E+00        -2.605215456696897E-07         1.104511482274972E-10
         1.000397682189941E+00        -4.399639976782055E-07         1.691323747721185E-10
         1.000319242477417E+00        -1.868913557245833E-07         5.240617315105389E-11
         1.000131011009216E+00         1.325927314610453E-07        -5.930692048572439E-11
         9.996966719627380E-01         3.523842337926908E-07        -1.329466814414815E-10
         9.993129968643188E-01         6.084541155360057E-07        -2.395645071207042E-10
         9.992766380310059E-01         5.436858145912993E-07        -2.300165891089279E-10
         9.995158314704895E-01         3.364687586326909E-07        -1.798793058949144E-10
         9.997678399085999E-01        -4.197993419552404E-08        -6.091827042808973E-11
         9.995371699333191E-01         3.049982240099780E-07        -1.635496876817299E-10
         9.996162056922913E-01         3.594845168208849E-07        -1.861617249243608E-10
         9.997950196266174E-01         1.241000688878557E-07        -5.755987006472729E-11
         9.993934035301208E-01         8.424102020399005E-07        -2.989716529899766E-10
         9.993819594383240E-01         6.585814276149904E-07        -2.232065365870284E-10
         9.995667934417725E-01         7.315362040571927E-07        -2.725963621497129E-10
         9.998799562454224E-01         6.134616796771297E-07        -2.116144343089488E-10
         1.000015020370483E+00         4.168987288721837E-07        -1.361909335306777E-10
         1.000073671340942E+00         4.581053474339569E-07        -1.263800175621554E-10
         9.999161958694458E-01         4.936436539537681E-07        -1.241557134878946E-10
         9.998216032981873E-01         5.484935172717087E-07        -1.414476452632485E-10
         9.997663497924805E-01         8.460456797365623E-07        -2.724289682731751E-10
         1.000024318695068E+00         5.634107651530940E-07        -1.890000100868150E-10
         9.999523758888245E-01         6.204396072462259E-07        -2.424880851670252E-10
         1.000056028366089E+00         3.187895742939872E-07        -1.322100068312793E-10
         9.999697208404541E-01         5.953248205514683E-07        -2.374079544065211E-10
         9.999737143516541E-01         4.559800004244607E-07        -1.875096605763460E-10
         9.999532103538513E-01         2.661741973497556E-07        -8.267517920268475E-11
         1.000022768974304E+00        -1.210304390042438E-07         9.992784377743646E-11
         1.000066876411438E+00        -1.090347865329022E-07         9.641543119442986E-11
         9.999973177909851E-01        -1.854332651873847E-07         1.184696507561256E-10
         1.000020146369934E+00        -2.443594269152527E-07         1.327366966341614E-10
         1.000311017036438E+00        -3.522917495502043E-07         1.567654062117896E-10
         1.000387787818909E+00        -2.820214888288319E-07         1.115287168174106E-10
         1.000552535057068E+00        -6.480482852566638E-07         1.984931941034773E-10
         1.000360250473022E+00        -6.236418812477496E-07         2.277458360788742E-10
         1.000038743019104E+00        -4.736899938961869E-07         2.414831112851346E-10
         1.000296354293823E+00        -7.355470188485924E-07         3.967255413073190E-10
         9.999284148216248E-01        -4.057352498421096E-07         2.630118900448508E-10
         9.999189376831055E-01        -3.948166806821973E-07         2.552625610885428E-10
         9.999256730079651E-01        -4.481510131881805E-07         2.474275506703094E-10
         1.000187277793884E+00        -6.468042101914762E-07         2.899963602587263E-10
         1.000410556793213E+00        -1.053543769558019E-06         3.988134544830046E-10
         1.000627160072327E+00        -8.085988838502089E-07         2.655793918115990E-10
         1.000783681869507E+00        -7.556164973721025E-07         2.459242809393913E-10
         1.000564217567444E+00        -3.994095436610223E-07         1.039599656360579E-10
         1.000192523002625E+00        -4.776140372086957E-07         1.577109137729238E-10
         9.996708631515503E-01        -4.443978411927674E-07         1.557729778500772E-10
         9.993254542350769E-01        -7.040544858227804E-08         8.769641263173256E-12
         9.992054700851440E-01         3.424049710432087E-09         7.296386259937615E-13
         9.988560676574707E-01         4.107493225546932E-07        -1.385714321067155E-10
         9.987456798553467E-01         2.311710574076642E-07        -1.163955459793087E-10
         9.986788034439087E-01        -2.372061942423898E-07         6.083449716198785E-11
         9.985657334327698E-01        -3.445464074047777E-07         1.173895841644068E-10
         9.984120726585388E-01        -3.280439386799117E-07         1.161436988250664E-10
         9.983989000320435E-01        -8.993239930532582E-08         6.623191144833340E-12
         9.983356595039368E-01         2.454084153669100E-07        -1.293134627156078E-10
         9.982064962387085E-01         1.798617006443237E-07        -7.776962407390897E-11
         9.979419112205505E-01         4.509877840064291E-07        -1.983503084002081E-10
         9.978265166282654E-01         3.787972389091010E-07        -1.853216469172025E-10
         9.977787733078003E-01         5.303517127686064E-07        -2.427398004822834E-10
         9.980829954147339E-01         3.070077241318359E-07        -1.894257389833953E-10
         9.976873397827148E-01         7.798624324095726E-07        -3.747569754519731E-10
         9.972289204597473E-01         7.904687890913920E-07        -3.775009749240610E-10
         9.969163537025452E-01         6.512589152407600E-07        -2.903822460265104E-10
         9.966163635253906E-01         1.084374048332393E-06        -4.262883934735839E-10
         9.963820576667786E-01         1.287497411794902E-06        -4.993908619965737E-10
         9.962098598480225E-01         1.171950430034485E-06        -4.088075156172266E-10
         9.964596033096313E-01         7.067393426041235E-07        -2.306196483781164E-10
         9.967322349548340E-01         7.672154538340692E-07        -2.692694400785456E-10
         0.000000000000000E+00         0.000000000000000E+00         0.000000000000000E+00
         0.000000000000000E+00         0.000000000000000E+00         0.000000000000000E+00
         0.000000000000000E+00         0.000000000000000E+00         0.000000000000000E+00
         0.000000000000000E+00         0.000000000000000E+00         0.000000000000000E+00
         0.000000000000000E+00         0.000000000000000E+00         0.000000000000000E+00
         0.000000000000000E+00         0.000000000000000E+00         0.000000000000000E+00
         0.000000000000000E+00         0.000000000000000E+00         0.000000000000000E+00
         1.003761649131775E+00         5.316421081147382E-08         3.267196235778869E-11
         1.003803014755249E+00        -3.425334398343693E-07         1.666301263636427E-10
         1.003288984298706E+00        -1.908646751758170E-08         3.342315313403788E-11
         1.003034234046936E+00        -3.388410902971373E-07         1.399748233987808E-10
         1.002773523330688E+00        -1.880121374142618E-07         7.098927695681212E-11
         1.002937674522400E+00        -2.968068315567507E-07         9.198030531676338E-11
         1.003055572509766E+00        -4.131860862344183E-07         1.397271048864113E-10
         1.003036975860596E+00        -4.403177058520669E-07         1.445846359304781E-10
         1.002864718437195E+00        -4.510817461778061E-07         1.584677389310230E-10
         1.002669930458069E+00        -3.015494769442739E-07         1.118440132175103E-10
         1.002377867698669E+00        -7.101412791143957E-10         2.606200498467270E-11
         1.002102255821228E+00         8.748264690439100E-08        -1.798752878416632E-12
         1.001738548278809E+00         3.403272899049625E-07        -9.857691052328477E-11
         1.001677632331848E+00         3.057491539948387E-07        -7.313056410440666E-11
         1.001417398452759E+00         3.812236570865934E-07        -8.463160727778529E-11
         1.001424431800842E+00         1.642652733835348E-07         2.769732533602909E-11
         1.001366734504700E+00        -1.263396676165485E-08         9.646292098430820E-11
         1.001377582550049E+00        -2.831066296948848E-07         1.766598395347430E-10
         1.001228094100952E+00         1.497009449735742E-08         3.051466024306393E-11
         1.001222729682922E+00        -1.938738307671883E-07         1.122674592179962E-10
         1.000994086265564E+00        -2.969343597669649E-07         1.334706789535289E-10
         1.000566959381104E+00        -3.193806037415925E-07         1.480533473596779E-10
         1.000243782997131E+00        -3.019365806267160E-07         1.474137895085548E-10
         9.999260306358337E-01        -2.981196089990590E-08         8.026775771829975E-11
         9.998434782028198E-01        -3.369230583416538E-08         7.845549210294678E-11
         9.996634721755981E-01         1.180245678966685E-08         6.793812040717384E-11
         9.998185634613037E-01         3.613523347212322E-08         3.960172814676532E-11
         9.999735951423645E-01        -2.889915862169801E-08         5.053627308293507E-11
         1.000030875205994E+00         2.933240921265678E-07        -6.827505227846586E-11
         1.000203251838684E+00         1.832904530374435E-07        -5.864783658715567E-11
         1.000137567520142E+00         1.472968307325573E-07        -2.480406505189769E-11
         1.000057339668274E+00         5.087671866021992E-07        -1.338054528288168E-10
         1.000283718109131E+00         4.568238693991589E-07        -1.369962476793773E-10
         1.000217556953430E+00         4.665239146106614E-07        -1.342541078308557E-10
         1.000572323799133E+00         3.446353673552949E-07        -8.684376134882044E-11
         1.000932693481445E+00        -1.266609217509540E-07         6.880897934768981E-11
         1.000684499740601E+00        -1.735282495474166E-07         8.114109384393942E-11
         1.000315189361572E+00        -2.973082189328125E-07         1.493139639707763E-10
         1.000093221664429E+00        -3.321825374769105E-07         1.590971937526220E-10
         9.999318718910217E-01        -3.200908054168394E-07         1.654663628336550E-10
         9.998032450675964E-01        -4.028206035400217E-07         2.157342360309400E-10
         9.997416138648987E-01        -5.430878218248836E-07         2.635158757868794E-10
         9.995505213737488E-01        -6.729553660989041E-07         2.988964908912095E-10
         9.996247291564941E-01        -7.222175781862461E-07         3.123880598643325E-10
         9.999600648880005E-01        -8.369755732928752E-07         3.372538359691646E-10
         1.000379800796509E+00        -1.078080003935611E-06         3.907165146976865E-10
         1.000629782676697E+00        -1.055627194546105E-06         3.267059678346840E-10
         1.000836968421936E+00        -1.257387452824332E-06         3.816357230235212E-10
         1.000941157341003E+00        -1.151619812844729E-06         3.622879496401055E-10
         1.000672936439514E+00        -4.996545044377854E-07         1.284461842443463E-10
         1.000650882720947E+00        -4.084334364051756E-07         1.414743044936273E-10
         1.000630617141724E+00        -3.808602002663974E-07         8.875466334101745E-11
         1.000389218330383E+00        -3.932768493086769E-07         8.074792223755622E-11
         1.000351190567017E+00        -6.135375087978900E-07         1.874374266908063E-10
         1.000164031982422E+00        -3.924453153558716E-07         1.083196657369889E-10
         1.000030755996704E+00        -4.197260352611920E-07         1.515109981919949E-10
         9.997687935829163E-01        -2.832492214110971E-07         1.022675902295767E-10
         9.996087551116943E-01        -9.421894020533728E-08         4.391072228049353E-11
         9.994937777519226E-01         1.315772095722423E-07        -1.001774943380773E-12
         9.993066191673279E-01         3.760999902624462E-07        -6.399143714919120E-11
         9.991688132286072E-01         5.557104714171146E-07        -1.177710151623046E-10
         9.991486072540283E-01         8.520718211002531E-07        -2.251184377799476E-10
         9.992891550064087E-01         6.564258683283697E-07        -1.625111295533443E-10
         9.993625283241272E-01         6.083719199523330E-07        -1.254633480440859E-10
         9.994608163833618E-01         5.373078693082789E-07        -1.040881131286753E-10
         9.992336034774780E-01         6.765912416994979E-07        -1.412489708529918E-10
         9.990569353103638E-01         8.925849783736339E-07        -2.581698188564019E-10
         9.993169903755188E-01         7.837925863896089E-07        -2.330567405728345E-10
         9.993956089019775E-01         6.526036031573312E-07        -2.620516303952769E-10
         9.994679689407349E-01         4.746798367705196E-07        -2.147041433531172E-10
         9.992767572402954E-01         6.773508971491538E-07        -2.807094556800394E-10
         9.993577003479004E-01         4.397947748202569E-07        -2.068493709650454E-10
         9.995065331459045E-01         4.591219919802825E-07        -2.551066857758855E-10
         9.995344281196594E-01         5.043784199187940E-07        -2.918943142748986E-10
         9.996169805526733E-01         6.081853030082129E-07        -3.008396309844841E-10
         9.999482035636902E-01         6.935490546311485E-07        -2.964336831556835E-10
         9.998422861099243E-01         1.002957901619084E-06        -3.926667324627431E-10
         9.997658729553223E-01         8.767611916482565E-07        -3.280968552399344E-10
         9.997068047523499E-01         8.157446700352011E-07        -3.410684512594742E-10
         9.998472929000854E-01         5.643134386446036E-07        -2.591079850677858E-10
         1.000022292137146E+00         4.956689281243598E-07        -2.154239980844963E-10
         1.000106453895569E+00         4.300222826714162E-07        -1.862012488640374E-10
         1.000233650207520E+00         2.064988109395927E-07        -1.126128634787449E-10
         1.000341296195984E+00        -3.293699180062504E-08        -2.866342926899357E-11
         1.000480651855469E+00        -2.592883561192139E-07         1.440405954233892E-11
         1.000293970108032E+00        -2.535040550810663E-07         1.239431907801292E-11
         1.000306487083435E+00        -2.441048252421751E-07         3.737477341503315E-11
         1.000339984893799E+00        -1.410643193366923E-07         1.533883263460378E-11
         1.000285267829895E+00        -1.602647081710984E-08        -1.700509177915421E-11
         1.000100135803223E+00         1.001000669020868E-07        -7.182268668692871E-11
         9.999744892120361E-01         1.175419495069718E-08        -4.902846184595688E-11
         9.996985793113708E-01         5.459660812334732E-08        -6.199450675037355E-11
         9.994408488273621E-01         1.101525981539453E-07        -5.422049267900242E-11
         9.994650483131409E-01        -1.859325777786580E-07         7.748890418213250E-11
         9.993693828582764E-01        -4.551041854483628E-08         7.396533385772841E-11
         9.991102814674377E-01         1.441715795635901E-07         1.495623416780667E-11
         9.993498921394348E-01        -9.448690008184712E-08         8.175569943258409E-11
         9.994639754295349E-01        -3.480919588128017E-07         1.571950902778951E-10
         9.997437000274658E-01        -4.066271515057451E-07         1.617582456869826E-10
         9.999418854713440E-01        -4.820283265871694E-07         2.026404738453280E-10
         0.000000000000000E+00         0.000000000000000E+00         0.000000000000000E+00
         9.996311664581299E-01         6.005020480870371E-08         1.927070699195288E-12
         1.000071048736572E+00         2.920631345659785E-07        -7.454712541710151E-11
         9.999922513961792E-01         6.173578981361061E-07        -2.181973490777978E-10
         9.999814033508301E-01         4.554552504032472E-07        -2.005042243347077E-10
         9.998221397399902E-01         2.747439111772110E-07        -1.330588417225442E-10
         9.996778964996338E-01         5.179629738449876E-07        -2.143030058965323E-10
         9.995203614234924E-01         7.729525464128528E-07        -3.041205343112807E-10
         9.999102950096130E-01         3.603708478294720E-07        -1.637611990457088E-10
         1.000128865242004E+00         2.150978986037444E-07        -1.370541735656872E-10
         1.000181674957275E+00        -3.243246027295754E-08        -6.692466025803867E-11
         9.999738931655884E-01         2.074687532882535E-09        -6.531401114395763E-11
         9.995841979980469E-01         3.162815005453012E-07        -1.321980303004011E-10
         9.996680617332458E-01        -1.112595811036954E-07         5.641513992071800E-11
         9.997341036796570E-01         6.399586993666162E-08        -2.850540116450251E-11
         9.997125864028931E-01         5.921672823205881E-07        -2.095648932165517E-10
         9.996786117553711E-01         6.292715397648863E-07        -2.106610719199153E-10
         9.999063611030579E-01         3.792192444507236E-07        -1.016015466204223E-10
         1.000092983245850E+00         4.481216535623389E-07        -1.448866582265396E-10
         1.000352740287781E+00         1.173077919247589E-07        -4.154223839925031E-11
         1.000057697296143E+00        -1.645728673338454E-07         5.029721777960461E-11
         1.000008106231689E+00        -5.559878673011553E-07         1.887879436113238E-10
         9.998269677162170E-01        -6.639457978963037E-07         2.285864691975448E-10
         9.996395111083984E-01        -5.731691317123477E-07         1.895357482073479E-10
         9.996787905693054E-01        -6.678765771539474E-07         2.189397413365768E-10
         9.999933242797852E-01        -8.638874646749173E-07         2.855581326954848E-10
         1.000352382659912E+00        -8.891573770597461E-07         3.067154585867371E-10
         1.000399708747864E+00        -5.203207820159150E-07         1.714422631637902E-10
         1.000409007072449E+00        -1.828813651627570E-07         6.353822329385750E-11
         1.000310778617859E+00        -7.874615448599798E-08         3.481652119385892E-11
         1.000240802764893E+00         6.067390501129921E-08         3.324616623667787E-12
         1.000017404556274E+00         1.169002814549458E-07        -1.015199643100706E-11
         9.998231530189514E-01         8.066222534353074E-08         1.219982361660987E-11
         1.000140666961670E+00        -8.626396663657943E-08         2.941178203763606E-11
         1.000272274017334E+00         1.829497335847918E-07        -8.818064334281672E-11
         1.000218510627747E+00         3.505306551687681E-07        -1.482302336430763E-10
         9.999841451644897E-01         5.011633561480267E-07        -2.042220142994822E-10
         9.998908042907715E-01         2.586769483059470E-07        -7.848563465806535E-11
         9.999684095382690E-01        -6.360414062100972E-08         2.241630318866594E-11
         9.997678399085999E-01         6.719103140540028E-08        -3.745156615386769E-11
         9.998261332511902E-01        -3.980035745421162E-10        -1.873641172767115E-11
         9.997969269752502E-01         2.652855641827045E-07        -1.142804184617319E-10
         1.000050783157349E+00         3.049314045711071E-07        -1.163711280116608E-10
         1.000548362731934E+00         9.349761143084834E-08        -5.321731597063284E-11
         1.000872135162354E+00         2.152617639694654E-08        -4.666891179061494E-11
         1.001078844070435E+00        -2.091593529485181E-07         1.144894162113941E-11
         1.001104474067688E+00        -2.092505155815161E-07         1.109321402098518E-11
         1.001060366630554E+00        -3.766236886804109E-07         8.781972371529889E-11
         1.000978946685791E+00        -2.729670427470410E-07         2.924385733571455E-11
         1.000906229019165E+00        -2.496447564226401E-07         1.033261497196403E-11
         1.000895977020264E+00        -5.012869905840489E-07         1.444434016839580E-10
         1.000541567802429E+00        -2.311874425231508E-07         8.930164940856855E-11
         1.000619649887085E+00        -6.278958153416170E-07         2.369872076357638E-10
         1.000300884246826E+00        -6.776114105377928E-07         2.604760018787289E-10
         1.000030398368835E+00        -5.891393470847106E-07         2.304932494867629E-10
         9.999119043350220E-01        -4.579751191613468E-07         1.918594172423127E-10
         1.000205159187317E+00        -7.759169875498628E-07         3.251850178020987E-10
         9.999965429306030E-01        -5.097585926705506E-07         2.096763040970728E-10
         9.997443556785583E-01        -6.602667212973756E-07         2.626918405024270E-10
         9.993656277656555E-01        -6.772510232622153E-07         2.716121494383827E-10
         9.992030858993530E-01        -6.546777058247244E-07         2.464540793667425E-10
         9.992978572845459E-01        -8.731201432965463E-07         3.352357280661522E-10
         9.990967512130737E-01        -5.781273557659006E-07         2.142755278766728E-10
         9.986362457275391E-01        -2.680255306586332E-07         1.275294869707011E-10
         9.984269142150879E-01        -1.675068972417648E-07         1.028389318147305E-10
         9.980171322822571E-01         1.537745788482425E-07         2.747936080071955E-11
         9.974519610404968E-01         2.021695451048799E-07         9.722066034167920E-12
         9.973446130752563E-01         1.262548181557577E-07         5.601154609569114E-11
         9.969675540924072E-01         4.189622586636688E-07        -3.717625512988931E-11
         9.969882965087891E-01         1.496262456157638E-07         4.810577283742568E-11
         9.963935613632202E-01         3.606289453728095E-07        -1.384860455477810E-11
         9.962238669395447E-01         3.482821853140194E-08         5.741769559808318E-11
         9.959098100662231E-01         3.639027523760774E-09         8.749435898014468E-11
         9.958996772766113E-01        -3.958913197266156E-08         9.105046577806419E-11
         9.961623549461365E-01        -3.525480849475571E-07         1.878779909425532E-10
         9.960838556289673E-01        -5.453444487102388E-07         2.765043471963935E-10
         9.959352016448975E-01        -5.619667149403540E-07         3.041562002259468E-10
         9.956552386283875E-01        -4.742440466998232E-07         2.914818941768260E-10
         0.000000000000000E+00         0.000000000000000E+00         0.000000000000000E+00
         0.000000000000000E+00         0.000000000000000E+00         0.000000000000000E+00
         0.000000000000000E+00         0.000000000000000E+00         0.000000000000000E+00
         0.000000000000000E+00         0.000000000000000E+00         0.000000000000000E+00
         0.000000000000000E+00         0.000000000000000E+00         0.000000000000000E+00
         0.000000000000000E+00         0.000000000000000E+00         0.000000000000000E+00
         0.000000000000000E+00         0.000000000000000E+00         0.000000000000000E+00
         0.000000000000000E+00         0.000000000000000E+00         0.000000000000000E+00
         1.003755211830139E+00        -3.060135034260725E-09        -5.083071550476825E-12
         1.003518342971802E+00         2.112801240627959E-07        -9.290151287144610E-11
         1.003599166870117E+00         1.909071727368428E-07        -8.659340605676746E-11
         1.003865957260132E+00        -2.706659074647177E-07         8.228743381133441E-11
         1.003865242004395E+00        -1.355404464220555E-07         5.014354556576173E-11
         1.003577709197998E+00        -7.526225687115584E-08        -7.172615366229929E-12
         1.003390908241272E+00        -3.359458844442997E-07         9.844333681563455E-11
         1.003366589546204E+00        -8.711895134183578E-07         3.082058774861451E-10
         1.003265380859375E+00        -5.507824312189769E-07         1.571760221974472E-10
         1.003001570701599E+00        -1.597597787394989E-08        -6.448330758246357E-11
         1.003116965293884E+00        -3.104081827132177E-07         4.991582841507025E-11
         1.002846717834473E+00        -5.189838248043088E-07         1.474502048237625E-10
         1.002603530883789E+00        -5.898820063521271E-07         1.815369521374066E-10
         1.002050399780273E+00        -4.794986239176069E-07         1.738167387799194E-10
         1.001696944236755E+00        -2.542063839428010E-07         1.173441760426996E-10
         1.001354694366455E+00         7.697033765907690E-08        -1.723726023028505E-11
         1.001137375831604E+00         5.769539939137758E-07        -2.423066469692259E-10
         1.001130461692810E+00         7.699084108026000E-07        -3.140368243226277E-10
         1.001217484474182E+00         1.221154320774076E-06        -5.213852682928177E-10
         1.001447200775146E+00         5.120775767863961E-07        -2.788752007099049E-10
         1.001345872879028E+00         1.246590102255141E-07        -1.168264929241047E-10
         1.001162528991699E+00         4.854210828852956E-07        -2.721643743708313E-10
         1.001132726669312E+00         1.194237739809978E-07        -1.119329073873132E-10
         1.000690698623657E+00         2.097715565696490E-07        -1.385390413499721E-10
         1.000535249710083E+00        -1.042512707272181E-07        -3.421579686246901E-11
         9.999969005584717E-01        -1.934023288185927E-07         2.769544836522808E-11
         9.995133876800537E-01         1.787440453426825E-07        -7.803793722338526E-11
         9.992796182632446E-01         6.420467570933397E-07        -2.555341771515174E-10
         9.991577267646790E-01         7.788096354488516E-07        -3.410934867886795E-10
         9.995021820068359E-01         4.945753175888967E-07        -2.307356944397654E-10
         9.997245669364929E-01         7.745832135697128E-07        -3.659771929953592E-10
         1.000084400177002E+00         5.300095722304832E-07        -2.422767542142878E-10
         1.000454783439636E+00         2.509488012947259E-07        -1.415229183843181E-10
         1.000624418258667E+00        -1.892202874387294E-07         5.534176589216955E-11
         1.000325322151184E+00        -1.159294953367862E-07         1.434687611767682E-11
         1.000492453575134E+00        -2.307786814981228E-07         6.904445765121281E-11
         1.000951766967773E+00        -6.226112532203842E-07         2.298910645182062E-10
         1.000559329986572E+00         3.276814766195457E-07        -1.316447229005036E-10
         1.000786423683167E+00         1.970808511941868E-07        -9.994963190429473E-11
         1.000810980796814E+00         1.012117465393203E-07        -1.132889476673782E-10
         1.000600218772888E+00        -2.025689269657960E-07        -4.953847228261754E-12
         1.000705480575562E+00        -4.718605453035707E-07         1.135726235279577E-10
         1.000768899917603E+00        -6.906948328833096E-07         2.453485747899720E-10
         1.000685095787048E+00        -9.646989838074660E-07         3.632162348665702E-10
         1.000944018363953E+00        -9.918441037370940E-07         3.520468083717532E-10
         1.001027107238770E+00        -1.031177816912532E-06         3.660090841517416E-10
         1.000364780426025E+00        -2.803368204240542E-07         8.287383279625971E-11
         1.000064253807068E+00        -2.047952989414625E-07         5.465307720275980E-11
         1.000010728836060E+00        -1.438331622694022E-07         2.244950406127266E-11
         1.000136375427246E+00        -5.484720588810887E-08        -1.067172392121840E-11
         1.000272512435913E+00        -2.690644294034428E-07         1.121408521598255E-10
         1.000020503997803E+00        -1.275652863341747E-07         9.985592908101637E-11
         1.000009179115295E+00         3.114656976777042E-07        -2.744952529165623E-11
         1.000293850898743E+00         3.979014309152262E-07        -6.863233592557805E-11
         1.000195264816284E+00         1.088173121388536E-06        -3.271631299206490E-10
         9.999655485153198E-01         1.383570065627282E-06        -4.703169520503536E-10
         9.999552965164185E-01         1.408974981131905E-06        -5.474028452745472E-10
         1.000029921531677E+00         1.233019588653406E-06        -4.928944474791308E-10
         1.000165462493896E+00         1.129782617681485E-06        -4.590629543166358E-10
         9.999015331268311E-01         1.055547272699187E-06        -4.152508337185168E-10
         9.999917149543762E-01         6.238708465389209E-07        -2.595370862668034E-10
         1.000074267387390E+00         5.874230737390462E-07        -2.558667722141195E-10
         1.000163912773132E+00         1.671654104029585E-07        -1.098053384329667E-10
         1.000318646430969E+00         4.580463723868888E-07        -2.277756455670854E-10
         1.000915527343750E+00        -7.831403081581811E-08        -3.733783421333570E-11
         1.000680804252625E+00         5.565665901485772E-07        -2.856381242644090E-10
         1.000645041465759E+00         1.580881132667855E-07        -1.307087771351689E-10
         1.000429272651672E+00         5.624204391097010E-07        -3.326919018054042E-10
         1.000465154647827E+00        -2.248632711143728E-07         4.737068010529817E-14
         1.000187397003174E+00        -1.732992132019717E-07        -2.443020265252560E-11
         1.000294089317322E+00        -7.718961114733247E-07         2.000860033213314E-10
         1.000144362449646E+00        -5.885094083168951E-07         9.757322033676630E-11
         1.000196456909180E+00        -1.131964722844714E-06         3.829718209225064E-10
         9.998912215232849E-01        -5.775904128313414E-07         1.821220674269597E-10
         9.998130202293396E-01        -4.184550164154643E-07         1.506744590207276E-10
         9.995054602622986E-01        -1.610138156138419E-07         5.871005764879200E-11
         9.995080232620239E-01        -2.024457330662699E-07         7.875576579774446E-11
         9.991593956947327E-01         4.286956425403332E-07        -1.482948625008973E-10
         9.990292191505432E-01         1.854686217939161E-07        -2.932028231317219E-11
         9.990922212600708E-01         1.724766747202011E-07        -4.543594320227662E-11
         9.993226528167725E-01        -1.826282272077151E-07         1.106788966032113E-10
         9.998660683631897E-01        -4.831451292375277E-07         2.018409744897198E-10
         9.999327659606934E-01        -7.063371754156833E-08         6.887762582508117E-11
         1.000373005867004E+00        -2.765581825769914E-07         1.483485695397135E-10
         1.000163674354553E+00         1.141990466635434E-07        -2.560124421485677E-12
         1.000395655632019E+00        -2.959943117275543E-07         1.672048055567643E-10
         1.000877499580383E+00        -6.568714070454007E-07         2.643566754390037E-10
         1.000717520713806E+00        -2.942880712453189E-07         9.745709100839051E-11
         1.000711679458618E+00        -5.432608531918959E-07         1.913880443016325E-10
         1.000994801521301E+00        -7.547118343609327E-07         2.492248629692995E-10
         1.001110196113586E+00        -4.487770297600946E-07         1.183358550038704E-10
         1.001048803329468E+00        -1.335283883463489E-07         2.366092044514545E-11
         1.000882506370544E+00        -1.245052914100597E-07         4.310099499527098E-11
         1.000805974006653E+00         7.748013075570270E-08        -2.729270455470445E-11
         1.000466465950012E+00         2.874061522106786E-07        -9.294064823306414E-11
         1.000102043151855E+00         8.457932949568203E-07        -3.019409722249122E-10
         0.000000000000000E+00         0.000000000000000E+00         0.000000000000000E+00
         0.000000000000000E+00         0.000000000000000E+00         0.000000000000000E+00
         9.990047812461853E-01         1.249498609467992E-06        -4.368708172997060E-10
         9.991570115089417E-01         1.476475404160738E-06        -5.398261282429928E-10
         9.991788268089294E-01         1.476533043387462E-06        -5.394475421915956E-10
         9.992592930793762E-01         1.231951387126173E-06        -4.630767158619875E-10
         9.992405176162720E-01         1.126054826272593E-06        -4.505834039214562E-10
         9.993833303451538E-01         8.273921707768750E-07        -3.342431054154105E-10
         9.994570016860962E-01         6.423344984796131E-07        -2.291605794013662E-10
         9.995030760765076E-01         4.505765502926806E-07        -1.465744470241503E-10
         0.000000000000000E+00         0.000000000000000E+00         0.000000000000000E+00
         9.993901252746582E-01         5.265601430437528E-07        -1.626631468409911E-10
         9.997237324714661E-01         2.291274370236351E-07        -1.342238820090103E-11
         9.996149539947510E-01         3.813831312982074E-07        -7.951181379972638E-11
         9.995751976966858E-01         2.660836173618009E-07        -6.741592700754140E-11
         0.000000000000000E+00         0.000000000000000E+00         0.000000000000000E+00
         0.000000000000000E+00         0.000000000000000E+00         0.000000000000000E+00
         9.993325471878052E-01        -1.003950700351197E-07         8.759613173703329E-11
         9.992676377296448E-01        -3.582934837709217E-09         5.695754284884558E-11
         9.987509250640869E-01         1.966294433941584E-07        -4.984314697087378E-11
         9.991234540939331E-01        -5.770954771833203E-07         2.329401393996733E-10
         9.992727041244507E-01        -2.604298572350672E-07         9.796799482764129E-11
         9.995893239974976E-01        -1.302675087799798E-07         3.384291328081823E-12
         1.000050902366638E+00        -7.738574936411169E-07         2.561143797041865E-10
         1.000179767608643E+00        -1.630460815249535E-07        -1.055064369204217E-11
         1.000184178352356E+00         2.706855362077931E-08        -6.239098820914890E-11
         9.998992681503296E-01         3.272630522133113E-08        -5.956620613423169E-11
         1.000029921531677E+00        -6.401294854185835E-07         2.290948541983084E-10
         1.000344753265381E+00        -1.048113745127921E-06         4.747397475135529E-10
         1.000136375427246E+00        -6.240015295588819E-07         3.226313105564316E-10
         1.000216126441956E+00        -6.488519943559368E-07         3.416763538766077E-10
         1.000032544136047E+00        -2.517170969440485E-07         1.562407425659273E-10
         9.998850226402283E-01        -1.002222216328619E-08         5.258247309791741E-11
         1.000202775001526E+00        -3.317439620786899E-07         1.882911465633796E-10
         1.000099658966064E+00         1.203589334863864E-07        -1.471787275386660E-11
         1.000483512878418E+00        -3.678339055568358E-07         1.179414760299480E-10
         1.000477433204651E+00         6.836263111154040E-08        -8.277937363354582E-11
         1.000477433204651E+00         5.191405421101081E-07        -2.717134017782286E-10
         1.000303745269775E+00         7.790868039592169E-07        -3.645948820629741E-10
         1.000243544578552E+00         1.066811933014833E-06        -4.850863044580933E-10
         1.000123977661133E+00         1.293499963139766E-06        -5.083093390645388E-10
         1.000078916549683E+00         1.354834012090578E-06        -5.117891110906214E-10
         9.999303221702576E-01         1.362063926535484E-06        -5.081015053143290E-10
         9.999792575836182E-01         7.728227160441747E-07        -2.525455122803777E-10
         9.998660683631897E-01         2.448368263685552E-07        -6.005585612145481E-11
         9.999868869781494E-01        -2.197597979147758E-07         9.109513837701755E-11
         9.998757839202881E-01        -1.851307587230622E-07         7.464617118868588E-11
         9.999739527702332E-01        -2.345744292142626E-07         8.584555288848605E-11
         1.000092267990112E+00        -1.116732875061643E-07         4.204361858661798E-11
         1.000145673751831E+00        -4.129034607558424E-07         1.893688955645345E-10
         9.997962713241577E-01         1.672780172157218E-07        -1.182958418721736E-11
         9.994443058967590E-01         3.198543936377973E-07        -7.408555019461360E-11
         9.990640878677368E-01         7.618400132969327E-08         4.711347631469742E-11
         9.990706443786621E-01         1.897208505852177E-07        -1.005696068957784E-12
         9.991368651390076E-01         3.289399046479957E-07        -1.116991776850540E-10
         9.991820454597473E-01         4.216436479964614E-07        -1.652539355356808E-10
         9.995820522308350E-01         2.332087944978412E-07        -9.289204128126727E-11
         9.997484087944031E-01        -2.245011074819558E-07         3.495996894753439E-11
         9.999405145645142E-01        -5.414700012806861E-07         1.497758861379594E-10
         9.997915625572205E-01        -6.370797933641370E-08        -3.074963894622584E-11
         9.995383620262146E-01         3.351950184082853E-08        -6.242494715591462E-11
         9.994314908981323E-01         4.502862225308490E-07        -2.312945529547861E-10
         9.992847442626953E-01         5.002971761314257E-07        -2.774295515539649E-10
         9.988442659378052E-01         1.138075731432764E-06        -5.104617839535308E-10
         9.984868764877319E-01         1.689540340521489E-06        -7.202679008777579E-10
         9.980475306510925E-01         2.002545670620748E-06        -8.543293850138411E-10
         9.977689385414124E-01         1.900837105495157E-06        -8.587075495114505E-10
         9.976723790168762E-01         1.967438947758637E-06        -9.058269134776253E-10
         9.977012872695923E-01         1.814261054278177E-06        -8.389491878979527E-10
         9.976389408111572E-01         1.631312784411421E-06        -7.337010443642100E-10
         9.977214336395264E-01         1.422534751327476E-06        -6.252401374418071E-10
         9.974655508995056E-01         1.150432694885239E-06        -4.547021925649375E-10
         9.968486428260803E-01         1.585795303071791E-06        -5.809917547061616E-10
         9.967548251152039E-01         1.493707713962067E-06        -5.320734963731866E-10
         9.965339303016663E-01         1.478788021813671E-06        -5.614989029290030E-10
         9.965524077415466E-01         1.320890305578359E-06        -5.369676925326416E-10
         9.964790344238281E-01         1.166131596619380E-06        -4.942820597264586E-10
         9.964270591735840E-01         1.055795451065933E-06        -4.856651747431329E-10
         9.961513876914978E-01         1.123582478612661E-06        -4.866933522862382E-10
         9.960461258888245E-01         1.254677840734075E-06        -5.553323911833274E-10
         9.960517883300781E-01         1.075756358659419E-06        -5.060016849967042E-10
         9.959079027175903E-01         9.808020422497066E-07        -4.994376023859104E-10
         0.000000000000000E+00         0.000000000000000E+00         0.000000000000000E+00
         0.000000000000000E+00         0.000000000000000E+00         0.000000000000000E+00
         0.000000000000000E+00         0.000000000000000E+00         0.000000000000000E+00
         0.000000000000000E+00         0.000000000000000E+00         0.000000000000000E+00
         0.000000000000000E+00         0.000000000000000E+00         0.000000000000000E+00
         0.000000000000000E+00         0.000000000000000E+00         0.000000000000000E+00
         0.000000000000000E+00         0.000000000000000E+00         0.000000000000000E+00
         1.004708766937256E+00        -2.965755641071155E-07         4.076016000414961E-12
         1.004794478416443E+00        -6.716908274029265E-07         1.457499260171247E-10
         1.004645943641663E+00        -1.021319235405826E-06         3.085064703700624E-10
         1.004520893096924E+00        -1.501068027209840E-06         5.180951778704923E-10
         1.004359602928162E+00        -1.810592266338062E-06         6.198669355583775E-10
         1.004113674163818E+00        -1.677677914813103E-06         5.610808484490803E-10
         1.003833532333374E+00        -1.312989184043545E-06         4.366537131872406E-10
         1.003705978393555E+00        -1.414821554135415E-06         4.700972389137803E-10
         1.003321528434753E+00        -1.218152419824037E-06         3.788810376548213E-10
         1.003042221069336E+00        -9.446802664569987E-07         2.634757967356904E-10
         1.003062963485718E+00        -7.470821401511785E-07         2.019821532250887E-10
         1.002700209617615E+00        -3.409905673379399E-07         4.740703316019612E-11
         1.002565026283264E+00        -7.035379780973017E-07         2.136232857274933E-10
         1.002396106719971E+00        -1.253883056051563E-06         4.387449847875757E-10
         1.002311587333679E+00        -1.164526793218101E-06         4.336556669315428E-10
         1.002333760261536E+00        -1.318765612268180E-06         4.962638633365657E-10
         1.002217769622803E+00        -1.131325234382530E-06         4.229196159943882E-10
         1.001811027526855E+00        -7.369848731286766E-07         2.725551173643481E-10
         1.001195907592773E+00        -1.209129720791680E-07         4.459362046294046E-11
         1.000980257987976E+00         7.015362513129730E-08        -9.151865029699557E-12
         1.001168251037598E+00        -1.570033276721006E-07         4.160849442769177E-11
         1.000874996185303E+00        -4.330752858550113E-07         1.519727677035121E-10
         1.000473022460938E+00        -4.260189996330155E-07         1.880815642119060E-10
         1.000454902648926E+00        -1.214437190810713E-07         6.608168179322860E-11
         1.000078082084656E+00         5.845633950229967E-07        -1.850763708954872E-10
         9.996724724769592E-01         6.095700086916622E-07        -1.775929958647282E-10
         9.995981454849243E-01         6.068814286663837E-07        -1.456794129772732E-10
         9.993880987167358E-01         8.210165560740279E-07        -2.072696042576538E-10
         9.992129206657410E-01         4.343284274455073E-07        -5.404621541971188E-11
         9.993658065795898E-01         2.163549694955691E-08         6.375391881086045E-11
         9.995344877243042E-01         2.141288746315695E-07        -3.158559525040516E-11
         9.998153448104858E-01        -4.157421074069134E-09         3.696830341848312E-11
         9.998915195465088E-01         1.986006452625588E-07        -1.451319533302131E-11
         9.996342658996582E-01         8.090789833659073E-07        -1.994338305610910E-10
         9.997802376747131E-01         1.023597405946930E-06        -2.787077235666402E-10
         1.000098824501038E+00         1.000808538265119E-06        -2.697883583202554E-10
         1.000395655632019E+00         8.489269021083601E-07        -2.166761492450320E-10
         1.000380158424377E+00         7.604615461787034E-07        -1.764265122883302E-10
         1.000275015830994E+00         4.633238006590545E-07        -4.357246161101891E-11
         1.000823736190796E+00         7.775525112663217E-09         7.958744080438507E-11
         1.000735521316528E+00         1.094063861728500E-07         3.913959434331815E-12
         1.000337243080139E+00         5.225205654824094E-07        -1.579392033823623E-10
         1.000447750091553E+00         8.024714475141081E-07        -2.750347172231216E-10
         1.000434517860413E+00         9.632748287913273E-07        -3.639969992086378E-10
         1.000206112861633E+00         8.052860493990011E-07        -3.350565380699777E-10
         1.000281691551208E+00         3.648504218745074E-07        -2.174695146184291E-10
         1.000445246696472E+00         4.743230874737492E-07        -3.140004645185712E-10
         1.000356912612915E+00         6.800554501751321E-07        -3.916715562990447E-10
         9.996348023414612E-01         1.494553202974203E-06        -6.344713088246579E-10
         9.996914863586426E-01         1.381905690323038E-06        -5.929640667368119E-10
         9.999389648437500E-01         1.154844881057215E-06        -4.795560615278305E-10
         9.996590018272400E-01         1.243509927917330E-06        -5.235050171137345E-10
         9.999033808708191E-01         1.651727217222287E-07        -1.050849823824862E-10
         9.997930526733398E-01        -5.574777972583433E-08         1.289855722230726E-11
         9.999511241912842E-01        -1.049790085971836E-07         6.141371439172261E-11
         1.000435948371887E+00        -2.653233366345376E-07         1.364282575799791E-10
         1.000724554061890E+00        -5.976664283480204E-07         2.582576374976497E-10
         1.000621199607849E+00        -8.142931733345904E-07         2.837182988546516E-10
         1.000651836395264E+00        -8.963905315795273E-07         2.862626802269119E-10
         1.000398755073547E+00        -4.866714107265580E-07         1.662891352394169E-10
         9.998610019683838E-01        -2.179669280621965E-07         5.115328646776440E-11
         9.993042349815369E-01         3.113201501037111E-07        -1.497639096070813E-10
         9.990772008895874E-01         5.641539360112802E-07        -2.266388188232327E-10
         9.990667104721069E-01         5.156121574145800E-07        -1.847583752656590E-10
         9.992653131484985E-01         2.847430096153403E-07        -6.331103696854967E-11
         9.996013641357422E-01         5.197217589625325E-08         4.942941195240635E-11
         9.999516606330872E-01        -4.275399305697647E-07         2.484674410663246E-10
         9.999243021011353E-01        -1.208435378430295E-07         1.829383589058153E-10
         9.995028972625732E-01         5.875410238331824E-07        -3.927051392405012E-11
         9.994691014289856E-01         7.046120344966766E-07        -6.892374865286044E-11
         9.997099637985229E-01         6.365382319017954E-07        -1.482600847646509E-10
         1.000192642211914E+00        -8.796934736210460E-08         1.235322434622876E-11
         1.000229120254517E+00        -3.098303125170787E-07         7.663637086041675E-11
         1.000554800033569E+00        -4.658474779262178E-07         1.295669405099176E-10
         1.000598788261414E+00        -2.259696962880753E-08        -5.216409248998133E-11
         1.000094771385193E+00         6.424199909815798E-07        -3.081586930075986E-10
         9.997398257255554E-01         7.268553190442617E-07        -3.522806213407392E-10
         9.997331500053406E-01         4.330147760356340E-07        -1.783234532259925E-10
         9.998784065246582E-01         5.930923521191289E-07        -2.110372571140218E-10
         9.998085498809814E-01         8.928360557547421E-07        -2.723595793341360E-10
         9.996649026870728E-01         1.059350779542001E-06        -3.847914209487158E-10
         1.000176787376404E+00         6.838094464001188E-07        -2.753363370633366E-10
         1.000250458717346E+00         1.006957745630643E-06        -4.135115860837146E-10
         1.000303864479065E+00         4.537822348993359E-07        -1.723536868780684E-10
         1.000047922134399E+00         5.354924041967024E-07        -1.489724871239773E-10
         9.997925758361816E-01         3.408321731512842E-07        -1.626343504312899E-11
         1.000089645385742E+00        -6.717151990187631E-08         1.122300516409602E-10
         1.000403285026550E+00        -5.046488809057337E-07         2.118237113490906E-10
         1.000401616096497E+00        -7.946063647068513E-07         2.835125467726130E-10
         1.000097990036011E+00        -5.643146323563997E-07         1.703246571560513E-10
         9.999290108680725E-01        -5.897258006370976E-07         1.686137063305893E-10
         9.999480247497559E-01        -4.537012614491687E-07         5.576706110788088E-11
         1.000020980834961E+00        -1.539891769652968E-08        -1.382219616541391E-10
         1.000061869621277E+00         5.728418983608208E-08        -1.635333257699045E-10
         1.000339269638062E+00        -1.756358471993735E-07        -8.446578853016362E-11
         1.000378727912903E+00        -1.876443889159418E-07        -4.693868210781105E-11
         1.000493526458740E+00        -1.842177965727387E-07        -6.979618966118650E-11
         1.000744819641113E+00        -6.419620035558182E-07         1.324748366560158E-10
         1.000606656074524E+00        -8.315002446579456E-07         2.467035464803757E-10
         1.000657320022583E+00        -8.763410619394563E-07         3.374049650783917E-10
         1.000048995018005E+00        -5.461378691506980E-07         2.910998109229013E-10
         9.998930692672729E-01        -2.462228678723477E-07         1.470045335461023E-10
         9.997045993804932E-01        -2.004424572987773E-07         1.248746800408540E-10
         9.998987317085266E-01        -6.012820108480810E-07         2.625799300215448E-10
         1.000158190727234E+00        -9.586672149453079E-07         3.869794762412226E-10
         1.000478982925415E+00        -1.780632260306447E-06         6.758330561851267E-10
         1.000624299049377E+00        -1.925763854160323E-06         7.617587671759907E-10
         1.000532507896423E+00        -1.753131073201075E-06         7.308274541095727E-10
         1.000573396682739E+00        -9.611668474462931E-07         3.163077855194985E-10
         1.000645518302917E+00        -9.538840686218464E-07         3.183693308983493E-10
         1.000306606292725E+00        -2.251606616709978E-07         1.388009845948446E-11
         1.000046014785767E+00        -4.329743603648240E-07         1.260123255741874E-10
         9.995476007461548E-01        -1.779612404106956E-07         2.495067000229945E-11
         9.995772838592529E-01        -6.153656499918725E-07         1.495362861314575E-10
         9.994702935218811E-01        -2.165036079304627E-07        -6.871204299985223E-11
         9.996019005775452E-01        -5.704745831280889E-08        -1.522352660598969E-10
         9.997608661651611E-01        -4.068982946137112E-07         3.813708723821030E-11
         9.999299049377441E-01        -8.263579047707026E-07         2.130810389244786E-10
         9.999762177467346E-01        -6.770254117327568E-07         1.275003574940925E-10
         1.000152826309204E+00        -3.159561856591608E-07        -7.115427604759139E-12
         9.996594786643982E-01         3.825581416094792E-07        -1.707773228387666E-10
         9.992060065269470E-01         1.020117451844271E-06        -3.388164471207489E-10
         9.991248250007629E-01         1.133543719333829E-06        -3.727240738271576E-10
         9.995868802070618E-01         4.778667630489508E-07        -1.668177401770166E-10
         9.997370839118958E-01         6.067186291147664E-07        -2.067465781907529E-10
         1.000196933746338E+00         4.512205293849547E-07        -1.291962509197830E-10
         1.000236392021179E+00         7.379763360404468E-07        -3.089048461468735E-10
         1.000231623649597E+00         8.504346169502242E-07        -3.400742465409223E-10
         1.000111341476440E+00         8.743978128222807E-07        -3.644707036176698E-10
         9.996138215065002E-01         1.370401150779799E-06        -4.643215256727729E-10
         9.984453320503235E-01         2.249993031000486E-06        -6.432135934986150E-10
         9.987174868583679E-01         2.000193035200937E-06        -5.545712777887957E-10
         9.992458224296570E-01         1.217186309077078E-06        -3.109601465212108E-10
         9.998371005058289E-01         5.114516739013197E-07        -1.142573813339709E-10
         9.996172785758972E-01         5.834011176375498E-07        -9.131943812246135E-11
         9.993594884872437E-01         7.900342779976199E-07        -3.552329957967615E-11
         9.992614984512329E-01         8.181576731658424E-07        -4.029500691449250E-11
         9.997208118438721E-01         4.509409166075784E-07         1.133805896391671E-11
         1.000053763389587E+00        -6.114084953878773E-07         3.874332243913869E-10
         1.000547289848328E+00        -1.392978333569772E-06         6.417324449614625E-10
         1.000329375267029E+00        -1.271981204808981E-06         5.817920589734626E-10
         1.000414848327637E+00        -9.089404784390354E-07         4.178371537655323E-10
         9.997729659080505E-01         1.654061954070585E-08         1.069277652532286E-10
         9.995515346527100E-01         4.725867484012269E-07        -6.650806988472979E-11
         9.994468688964844E-01         2.928113076450245E-07         1.561418702666906E-11
         9.992486834526062E-01         4.684129706333806E-08         1.719675790656794E-10
         9.995673894882202E-01        -1.715287396564236E-07         2.018287759142368E-10
         1.000936508178711E+00        -2.465315446897876E-06         1.017945505665807E-09
         1.001212835311890E+00        -1.774124939402100E-06         6.898108195763086E-10
         1.000967025756836E+00        -1.034856495607528E-06         4.957074750677748E-10
         1.001250147819519E+00        -9.127106181949785E-07         3.939823745024995E-10
         1.001063585281372E+00        -1.294326807510515E-06         4.281884569135030E-10
         1.000903010368347E+00        -1.135834963861271E-06         3.547967475370228E-10
         1.001056432723999E+00        -1.281956656384864E-06         4.006045217774812E-10
         1.000612139701843E+00        -1.035123432302498E-06         3.447761243169367E-10
         1.000599503517151E+00        -1.431800910722814E-06         5.011519532693853E-10
         9.996305108070374E-01        -7.491243536605907E-08        -4.280277521306886E-11
         9.998410344123840E-01        -4.662472008476470E-07         1.517894004932074E-10
         1.000232458114624E+00        -1.521572812634986E-06         6.127865437299818E-10
         1.000084757804871E+00        -8.694985922375054E-07         4.811276377303386E-10
         9.995636940002441E-01         8.261690709332470E-07        -2.118121927852101E-10
         9.999961853027344E-01         1.154330334429687E-06        -3.685773353190314E-10
         1.000213146209717E+00         1.614926532056415E-06        -6.887639347752383E-10
         9.997076392173767E-01         2.047041107289260E-06        -8.028852027663902E-10
         9.993482828140259E-01         3.084415084231296E-06        -1.240579972083822E-09
         9.994885325431824E-01         2.251161731692264E-06        -9.485495722216797E-10
         9.996770024299622E-01         1.140640847552277E-06        -5.785128487367786E-10
         9.999801516532898E-01         6.262161491576990E-07        -4.065786041174135E-10
         9.998186230659485E-01         6.233003091438150E-07        -3.757376354496245E-10
         9.994813799858093E-01         1.093854052669485E-06        -5.378000267342031E-10
         9.993068575859070E-01         1.101204588849214E-06        -4.551233556693290E-10
         9.989662766456604E-01         1.242236976395361E-06        -3.815904814352677E-10
         9.981106519699097E-01         2.383733317401493E-06        -6.914429029336588E-10
         9.984734058380127E-01         2.060422502836445E-06        -5.911143241554839E-10
         9.988934993743896E-01         1.656355948398414E-06        -5.354051091366330E-10
         9.986986517906189E-01         1.922451701830141E-06        -6.736741720025918E-10
         9.989289045333862E-01         8.102548463284620E-07        -1.999137105856974E-10
         9.989159107208252E-01         1.382413529427140E-06        -4.691566024561666E-10
         9.992750287055969E-01         9.364363222630345E-07        -2.970711177052721E-10
         9.989292025566101E-01         1.604629119356105E-06        -5.192763441463910E-10
