         1.000880837440491E+00         2.035827009194691E-07         1.762981288733201E-10
         1.001678586006165E+00        -6.627862489949621E-07         4.934994080052491E-10
         1.001934409141541E+00        -5.581397317655501E-07        -4.501619216279451E-11
         1.001576542854309E+00         1.238477835840968E-07        -3.887875577035516E-10
         1.002165198326111E+00        -1.270703251066152E-06        -6.208390052053758E-11
         1.001731395721436E+00        -6.413061441890022E-07        -1.949708172688247E-10
         1.001859068870544E+00        -1.162704393209424E-06        -1.331208476784695E-10
         1.001399278640747E+00        -9.939934670910588E-07         4.469915756977194E-11
         1.001036286354065E+00        -4.463688014766376E-07        -2.863915771200709E-10
         1.000584840774536E+00         1.164715683898976E-07        -3.227936529182074E-10
         1.000023961067200E+00         9.166926702164346E-07        -1.339347383000344E-10
         1.000109314918518E+00         1.109778736463340E-06        -6.751650905023610E-10
         1.000295758247375E+00         8.947900909106465E-08        -3.629629929946532E-10
         1.000738501548767E+00        -1.023475419970055E-06        -7.068592672992979E-12
         1.000544548034668E+00        -8.936311814977671E-07         3.143539595296119E-11
         1.000385403633118E+00        -2.476037934684427E-07        -2.641618590537576E-10
         1.000066995620728E+00         5.735942067985889E-07        -5.797704538679227E-10
         9.996618032455444E-01         8.134679774229880E-07        -1.655510173392827E-10
         1.000530838966370E+00         3.693906762691768E-07        -4.493573846353627E-10
         1.001328945159912E+00        -3.926120655250998E-07        -2.867950044116441E-10
         1.000985622406006E+00         3.904925733877462E-07        -3.660683700612566E-10
         1.000744104385376E+00         8.567766940359434E-07        -1.695559803671642E-10
         1.000460982322693E+00         1.271465407626238E-06        -3.020645122919774E-10
         1.000344276428223E+00         1.263296667275426E-06        -1.341997901693759E-10
         1.000054836273193E+00         1.167892037301499E-06         2.062446602391077E-10
         1.000357151031494E+00         3.599045896862663E-07         4.209127490995002E-10
         1.000238537788391E+00         5.308986601448851E-07         3.895158362521300E-10
         1.000466585159302E+00         3.320967607578496E-07         8.599407297360528E-11
         1.000297784805298E+00        -4.367887029843587E-08         5.631342614442758E-10
         9.997636079788208E-01         5.091020511827082E-07         4.125221830797443E-10
         9.997684955596924E-01         6.623593549193174E-07        -3.041848240306622E-12
         1.000681519508362E+00        -6.802611665079894E-07         2.005119542625167E-10
         1.000819087028503E+00        -9.735908861330245E-07         1.453639986159772E-10
         1.000386476516724E+00        -4.452355994999380E-07         2.620962648303138E-11
         1.000655055046082E+00        -3.190911286310438E-07        -1.005905289619413E-10
         1.000461578369141E+00         7.753733370918781E-07        -3.068337528500109E-10
         1.000776648521423E+00         1.460311125356384E-07        -1.449782741774763E-11
         1.000475645065308E+00         4.881256927546929E-07         3.178885210619598E-10
         1.000526666641235E+00         4.570671592318831E-07         4.029983291520267E-10
         1.000100731849670E+00         9.265601192964823E-07         1.848750041943958E-10
         9.999515414237976E-01         6.532976044582028E-07        -2.106007590541026E-10
         9.999076724052429E-01        -3.158061474550777E-07        -7.116170847032421E-11
         9.999207854270935E-01        -5.043676765126293E-07        -9.732827738195837E-11
         9.994544386863708E-01        -3.214813375507219E-07        -1.666865256932937E-10
         9.992400407791138E-01        -1.218655540924374E-07        -2.629831352685130E-10
         9.995477199554443E-01        -5.098798396829807E-07        -2.240735791358972E-10
         9.997390508651733E-01        -3.657208651475230E-07        -2.514295438516001E-10
         9.990383386611938E-01         8.140564204950351E-07        -4.187355323592712E-11
         1.000383019447327E+00        -6.742312166352349E-07        -2.078829053342446E-10
         1.000088810920715E+00         3.538153805493494E-07        -3.628658762355741E-10
         9.999725818634033E-01         7.381816544693720E-07        -5.190715635094989E-10
         1.000000357627869E+00         2.399409595454927E-07        -3.221937161512756E-10
         1.000272512435913E+00        -2.153845635177731E-08        -2.939859189421412E-10
         1.000266194343567E+00         1.346429172599528E-07        -1.438330149428069E-10
         1.000385761260986E+00         5.769993194348899E-08        -2.404607624129085E-10
         9.997213482856750E-01         5.302800900608418E-07        -2.810786048357272E-10
         9.996388554573059E-01         4.684140435529116E-07        -2.435167067993405E-10
         9.992272853851318E-01         9.332257491223572E-07        -2.884578409467764E-10
         9.989155530929565E-01         1.153399352915585E-06        -1.543428024275428E-10
         9.988262057304382E-01         9.277050025957578E-07         2.186115177771342E-10
         9.986765384674072E-01         9.232248316948244E-07         3.201904019700663E-10
         9.986978173255920E-01         9.268864573641622E-07         1.146599065693366E-10
         9.985696673393250E-01         8.677677101331938E-07         2.739734827894580E-10
         9.986709356307983E-01         9.263261517844512E-07        -2.572875523743079E-10
         9.992681741714478E-01         4.558707544788376E-08        -2.163001860955305E-10
         9.990586638450623E-01         1.481625986343715E-07        -1.231995894190874E-10
         9.992923140525818E-01        -1.699715284075864E-07        -1.737183660810437E-11
         9.997247457504272E-01        -2.905239853134844E-07         6.438299199329478E-11
         9.995766878128052E-01         3.271340176524973E-07        -9.911820669783467E-11
         9.996590018272400E-01         4.968164262209029E-07        -1.708502089803332E-10
         9.998929500579834E-01         4.156922841502819E-07        -2.164845247509817E-10
         1.000432968139648E+00        -7.874180028011324E-07         1.478395322829229E-10
         1.000227332115173E+00        -9.318896445620339E-07         2.338825244585507E-10
         9.998496770858765E-01        -2.179033060656366E-07         1.840002802899754E-11
         9.988838434219360E-01         7.476695031982672E-07        -6.348500891650843E-11
         9.992554187774658E-01         1.705870289470113E-07         1.011187522603763E-10
         9.991739988327026E-01         3.624113276146090E-07         4.772022707544288E-11
         9.989275336265564E-01         2.785380956993322E-07         2.881919876351891E-11
         9.991366267204285E-01        -4.305885852318170E-07         1.377563757509748E-10
         9.990078210830688E-01        -7.244784114845970E-07         1.789962067455519E-10
         9.988776445388794E-01        -4.880809569840494E-07         5.917432516211463E-11
         9.988338947296143E-01        -2.868841022518609E-07        -2.029359458255442E-10
         9.987607002258301E-01         4.518508944784116E-07        -4.130585595785163E-10
         9.992377758026123E-01        -1.657416426326108E-08        -3.004607673773307E-10
         9.996447563171387E-01        -3.699212243191141E-07        -5.386435394938438E-11
         9.997770190238953E-01        -4.613196153968602E-07        -9.668556233410897E-11
         9.995830655097961E-01         7.556304382205781E-08        -1.098775445629308E-10
         9.995448589324951E-01         5.667134814757446E-07        -1.727569476361879E-10
         9.998534321784973E-01         8.130250250815152E-08         2.404273481693142E-11
         9.995431900024414E-01         3.930038872113073E-07         1.886667488903981E-10
         9.994326829910278E-01         7.337754368563765E-07        -3.379415358661930E-10
         9.993967413902283E-01         1.020270815388358E-06        -6.543379033052688E-11
         9.994441866874695E-01         1.595218463990022E-06        -3.271426740614203E-10
         9.998599290847778E-01         8.447145773970988E-07        -4.280935883560488E-10
         1.000544786453247E+00        -1.920394510079859E-07        -1.684492406672788E-10
         1.000259160995483E+00         7.822515080135872E-09        -1.580447855920042E-10
         1.000324726104736E+00        -4.903238846054592E-07        -6.663651574978502E-11
         1.000743269920349E+00        -1.254599737876561E-06         9.195053052302171E-11
         1.000547528266907E+00        -9.866820391835063E-07         1.399980409377832E-10
         1.000508666038513E+00        -4.703744025391643E-07        -5.009701334324212E-11
         1.000440716743469E+00        -4.414201004721008E-09         7.135508850453220E-11
         1.000421047210693E+00         5.079037919131224E-07        -6.405517782859249E-11
         1.000736355781555E+00         3.505544725612708E-07         5.751768505923849E-11
         1.000749588012695E+00         9.710569059961927E-08         5.828441063115974E-10
         1.000832200050354E+00        -4.122285304219986E-07         7.380944744284079E-10
         1.000661373138428E+00        -7.136255248951784E-07         7.804261681343405E-10
         1.000349521636963E+00        -1.174076260213042E-06         4.690235977378165E-10
         9.998850822448730E-01        -1.085180656446028E-06         9.305607395759807E-10
         9.999706149101257E-01        -1.192853915199521E-06         3.379702073758040E-10
         1.000013232231140E+00        -1.572044766362524E-06         4.444986878571200E-10
         9.994627237319946E-01        -8.979517360785394E-07         5.699148375448715E-10
         9.992391467094421E-01        -1.659553134913949E-07         2.654746700248012E-10
         9.998754262924194E-01        -7.162227575463476E-07        -1.183744491317640E-10
         9.995973706245422E-01         3.031293260846724E-07        -4.090610905560510E-10
         9.998814463615417E-01        -5.857103815287701E-07        -3.195246150999864E-11
         9.995844960212708E-01        -2.389062672136788E-07         7.561082315810097E-11
         9.998648762702942E-01        -3.551221823272499E-07        -1.085014131492479E-12
         9.994205832481384E-01         3.928654734863812E-08         1.644899633168606E-10
         9.997802972793579E-01        -2.535607279696706E-07        -7.996237699758879E-11
         9.995579719543457E-01         5.715793918170675E-07        -2.972741497409004E-10
         9.995998144149780E-01         3.429541663990676E-07        -3.972296935828012E-10
         9.999619126319885E-01        -1.605475574706361E-07        -3.267587034283537E-10
         1.000036478042603E+00        -6.655815099065876E-08        -3.164530859578463E-10
         1.000147461891174E+00         1.461016125858805E-07        -4.105500106543758E-10
         1.000396013259888E+00         1.222183243498876E-07        -3.297940531776788E-10
         1.000314831733704E+00         9.219144203598262E-08        -2.682975508427887E-10
         1.000093579292297E+00         3.989750751998145E-08        -3.069607901196036E-10
         9.995816349983215E-01         4.982362611372082E-07        -3.392247316380548E-10
         9.993032813072205E-01         1.223730464516848E-06        -4.901500871845599E-10
         9.993888735771179E-01         1.247538648385671E-06        -4.665492436828345E-10
         9.997420907020569E-01         1.500327925896272E-06        -6.461715607031238E-10
         1.000019311904907E+00         1.320308570029738E-06        -4.504587258757908E-10
         1.000118732452393E+00         1.116310386350960E-06        -4.514959239809713E-10
         1.000152230262756E+00         6.929220717211138E-07        -2.594440218217642E-10
         1.000536561012268E+00         5.093601771477552E-07        -2.946304589190873E-10
         1.000549197196960E+00         6.972076675992867E-07        -3.526155756272686E-10
         1.000722765922546E+00        -3.846613338964744E-08        -1.194708221241569E-10
         1.000615239143372E+00         1.155216011738958E-08        -4.195320132960312E-11
         1.000382900238037E+00         3.567767805634503E-07        -1.478179662006696E-10
         1.000114679336548E+00         2.676310089100298E-07        -5.722873216984503E-11
         9.997076392173767E-01         4.435720200035576E-07        -8.406338992961171E-12
         9.992715120315552E-01         8.573824175073241E-07        -7.857327982696560E-11
         9.992182850837708E-01         4.908534947389853E-07        -6.109886208083282E-11
         9.992967247962952E-01         3.501370429148665E-07        -8.391806693985870E-11
         9.991084337234497E-01         3.196062152710510E-07         4.526902463997118E-10
         9.990990757942200E-01         5.280336949908815E-07         4.531459096845936E-10
         9.996103048324585E-01         3.758042907975323E-07        -2.327800105450528E-11
         1.000327110290527E+00        -1.060280965248239E-06         4.351231319699167E-10
         1.000247001647949E+00        -8.338435009136447E-07         3.073010457210756E-10
         9.998028874397278E-01        -6.079845888962154E-07         2.891114847525245E-10
         9.995797276496887E-01        -3.160492951792548E-07         1.009363287396425E-10
         9.996016025543213E-01         1.967226950227996E-07        -1.163284607530457E-10
         1.000107884407043E+00        -3.086161086685024E-07        -1.076147573830788E-10
         1.000045537948608E+00         7.111179911589716E-08        -1.636648733205348E-10
         1.000187516212463E+00         5.285584734338045E-07        -3.031684348009378E-10
         1.000814557075500E+00         5.774706490768722E-09        -7.339484575652477E-11
         1.000597834587097E+00         5.824528557241138E-07        -3.132694451069007E-11
         1.000365614891052E+00         3.938266672776081E-07         4.316459967235176E-10
         1.000222682952881E+00         3.303771052287630E-07         4.134890208007391E-10
         1.000169157981873E+00         5.984659878777165E-07         1.114047118444539E-10
         1.000249266624451E+00         4.109124347451143E-07         1.062062868206759E-10
         1.000319123268127E+00         2.105247034478452E-07         6.509533190257599E-11
         1.000342845916748E+00        -2.314196478891972E-07         7.264533419260033E-11
         1.000470757484436E+00        -6.619565056098509E-07         1.313895797716569E-10
         1.000463247299194E+00        -5.351890877136611E-07        -2.298691965940680E-11
         1.000208616256714E+00         9.361563257925809E-08        -1.677617350592797E-10
         1.000382065773010E+00        -7.668518264836166E-07         2.550794124533962E-11
         1.000226378440857E+00        -7.157058803386462E-07        -2.194117110221327E-11
         1.000695228576660E+00        -1.364205900244997E-06         7.441773586247535E-11
         1.000650763511658E+00        -1.497909124736907E-06         9.938260631114915E-11
         1.000250697135925E+00        -1.116271505452460E-06        -7.706188465128605E-11
         1.000188708305359E+00        -1.239851258105773E-06         8.551038349624562E-12
         9.997560381889343E-01        -9.996751941798721E-07         1.146493577158791E-11
         9.994309544563293E-01        -7.608326768604456E-07         1.687650540149743E-11
         9.995777606964111E-01        -8.280445626951405E-07        -2.978126209182697E-12
         9.993920326232910E-01        -3.749236725525407E-07        -6.797380713852164E-11
         9.998695254325867E-01        -9.928880899678916E-07         4.506473319509929E-11
         9.980480074882507E-01         1.001634018393815E-06        -4.920331364566266E-10
         9.993897676467896E-01        -6.023341825311945E-07        -1.164555257782141E-10
         9.999511837959290E-01        -1.465116042709269E-06         1.375107389067765E-10
         1.002680063247681E+00        -4.811200597032439E-06         8.491569669644150E-10
         1.002948641777039E+00        -5.105317995912628E-06         9.148369839451220E-10
         0.000000000000000E+00         0.000000000000000E+00         0.000000000000000E+00
         0.000000000000000E+00         0.000000000000000E+00         0.000000000000000E+00
         0.000000000000000E+00         0.000000000000000E+00         0.000000000000000E+00
         1.000328063964844E+00         3.773575940613227E-07        -5.933297186899722E-10
         1.000369668006897E+00         2.857416632195964E-07        -4.800255748449445E-10
         9.996494650840759E-01         1.597544496689807E-06        -1.368310686977736E-09
         9.993316531181335E-01         8.630530032860406E-07        -1.718165054676035E-10
         9.987789988517761E-01         1.720517502690200E-06         2.238540325327776E-10
         9.994330406188965E-01         6.513739094771154E-07         2.286273531604266E-10
         9.994573593139648E-01         4.108343887310184E-07         1.855025855146408E-10
         9.997118115425110E-01        -4.957696120300170E-08         3.304609363929956E-10
         1.000084757804871E+00        -4.632969705653522E-07         4.559191080222291E-10
         1.000377774238586E+00        -6.201183850862435E-07         5.573651540302649E-10
         1.000720381736755E+00        -1.049136244546389E-06         5.399314328968785E-10
         1.000969767570496E+00        -1.572317387399380E-06         6.246677619614616E-10
         1.000682115554810E+00        -8.003130460565444E-07         4.380628915168217E-10
         1.000869870185852E+00        -1.216891291733191E-06         4.522016372465743E-10
         1.000993609428406E+00        -1.069618292603991E-06         4.466562675276009E-10
         1.000496983528137E+00         4.804519093681847E-08         2.254604142271077E-10
         1.000246644020081E+00         5.276238539408951E-07         2.150165046010954E-10
         1.000087738037109E+00         7.488167739211349E-07         1.696268819850744E-10
         9.998184442520142E-01         1.066105710378906E-06         1.123643105643835E-11
         1.000281572341919E+00         1.129031943492009E-06        -7.766221693517039E-11
         1.000969409942627E+00         6.088192776587675E-07        -2.429839662809741E-11
         1.001307845115662E+00         1.230903734494859E-07         1.930442437847457E-11
         1.001050472259521E+00         1.250318319989674E-07         3.249835817120683E-11
         1.000857830047607E+00         4.066199608132592E-07        -1.279985058916244E-11
         1.000973820686340E+00         4.765219330238324E-07        -2.635217998675499E-12
         1.001168727874756E+00         1.467922174924752E-07         2.606816151828895E-11
         1.000878334045410E+00         4.951924665874685E-07        -1.045166245217111E-10
         1.000692248344421E+00         1.114382541800296E-07        -8.285636066140967E-11
         1.000216245651245E+00         3.636176302279637E-07        -7.037313093372077E-11
         1.000176906585693E+00         1.992275855400294E-07        -4.612336901299585E-11
         1.000236272811890E+00         1.383250349817899E-07         2.527637647797842E-11
         1.000618934631348E+00        -2.764985822523158E-07        -1.405062090981124E-11
         1.000715017318726E+00        -3.301441608982714E-07         6.160995325021901E-11
         1.000059247016907E+00         2.602143069907470E-07        -2.715993055457666E-11
         9.993672966957092E-01         7.748472512503213E-07        -2.017801481457582E-10
         9.994702339172363E-01         6.735912734256999E-07        -3.002772475113602E-10
         9.999288916587830E-01        -4.752664040097443E-07         9.384008153867640E-11
         9.999661445617676E-01        -9.597478083378519E-07         1.619762241000799E-10
         9.999881982803345E-01        -5.435093157757365E-07         1.069698080113923E-10
         1.000330567359924E+00        -6.920168402757554E-07         7.997677520243940E-11
         1.000553488731384E+00        -9.334178230346879E-07         1.639100383199477E-10
         1.000258445739746E+00        -2.548980830852088E-07         2.796301558360970E-11
         9.999725222587585E-01         1.833199263501228E-07        -2.926999267960362E-11
         9.997926354408264E-01         2.085363206560942E-07        -1.019989023798296E-10
         9.993744492530823E-01         4.815502165911312E-07        -1.944381600171852E-10
         9.991053938865662E-01         3.068444698328676E-07        -2.243652763578297E-10
         9.991274476051331E-01         7.921123312826239E-08        -2.476241434123949E-10
         9.986549019813538E-01         4.008763880847255E-07        -7.636893895046626E-11
         9.980695247650146E-01         8.773001241024758E-07        -1.918120107191612E-10
         9.982513189315796E-01         4.402771764944191E-07        -9.385313359810965E-11
         9.978656172752380E-01         1.433504507986072E-06        -2.126268189295288E-10
         9.980966448783875E-01         1.377398007207375E-06        -1.851316738799014E-10
         9.988453388214111E-01         8.508686164532264E-07        -9.860344485357331E-11
         9.994325041770935E-01         2.409443311535142E-07        -5.463716631903814E-11
         1.000080227851868E+00        -2.352311554432163E-07        -7.864647821875792E-11
         1.000645637512207E+00        -2.231303852795463E-07        -1.949592744188156E-11
         1.000723838806152E+00        -1.496459418603990E-07        -3.166173920265969E-11
         1.000298261642456E+00         4.161459230545006E-07        -1.040040900623929E-10
         1.000016331672668E+00         3.478361918496375E-07        -6.113760192549833E-11
         9.999844431877136E-01         6.440423589992861E-07        -1.256925119541563E-10
         9.997299909591675E-01         1.017626004795602E-06        -8.337132373359424E-11
         9.994547963142395E-01         1.290380623686360E-06        -3.014807015144783E-10
         9.994077086448669E-01         5.836697027916671E-07        -2.194805968913638E-11
         9.996910095214844E-01        -4.717084891581180E-07         1.808962840632589E-10
         1.000036954879761E+00        -9.393825735060091E-07         2.878058069644140E-10
         9.999102354049683E-01        -8.426875410805224E-07         2.397523291008952E-10
         9.997171759605408E-01        -5.854399205418304E-07         8.715880100984563E-11
         9.993189573287964E-01         4.082928661830465E-09         5.969863492438776E-11
         9.992507696151733E-01         1.883070126496023E-07         8.502365478335605E-12
         9.992860555648804E-01         5.079839411337161E-07        -7.758225312182176E-11
         9.995507001876831E-01         5.948622288087790E-07        -1.080406805686884E-10
         9.997575879096985E-01         2.925144428900239E-07         3.206993318908419E-13
         1.000090241432190E+00         6.788326345485984E-08        -5.603312258628534E-11
         1.000253200531006E+00         1.027452256607830E-07        -2.063644047312074E-11
         1.000446319580078E+00         2.127523259787267E-07        -9.757479546568248E-11
         1.000531435012817E+00         1.627727073127971E-07        -5.236368283423332E-11
         1.000500321388245E+00        -1.143688379556806E-07         1.105171926196746E-10
         1.000343084335327E+00         5.054677743032698E-08         1.870740541642935E-11
         1.000244259834290E+00        -2.554289153522404E-07        -5.245268802633873E-11
         9.999095201492310E-01         1.922971364365367E-07        -1.089185061586839E-10
         1.000160217285156E+00        -9.303827397388886E-08         3.621411504006744E-11
         1.000040411949158E+00        -1.040270163343848E-07        -1.398355389814476E-11
         1.000022649765015E+00        -9.628595165622755E-08        -1.620789440159864E-11
         9.997705817222595E-01        -3.423304804073268E-07         5.363234856226029E-11
         9.995135664939880E-01        -3.493687472655438E-07         1.588413844899605E-10
         9.993452429771423E-01         2.800225615828822E-07        -7.707245258670170E-11
         9.993867278099060E-01         2.988327310049499E-07        -5.789324575289356E-11
         9.995119571685791E-01         1.947624213016752E-07        -1.329906879066201E-10
         9.995930790901184E-01        -6.611964664671177E-08         5.691589907708128E-11
         9.992091059684753E-01         5.756752443630830E-07        -1.272865007839741E-10
         9.995179176330566E-01         3.180884391440486E-07        -1.079725892028094E-10
         9.997371435165405E-01         4.503358468355145E-07        -1.940871074967987E-10
         9.999462962150574E-01         1.376723446355754E-07        -1.543807616466442E-11
         9.995922446250916E-01         6.203810585247993E-07        -1.404034805085885E-10
         9.995734095573425E-01         3.200042044682050E-07        -6.152182929763939E-11
         9.989151954650879E-01         1.013707105812500E-06        -1.254712861387119E-10
         9.990207552909851E-01         8.660226740175858E-07        -1.399202143037570E-10
         9.992498755455017E-01         3.901830325503397E-07        -5.286312186603137E-12
         9.989959001541138E-01         4.165563041169662E-07        -7.650217959120909E-11
         9.991168975830078E-01         5.851972559867136E-07        -4.580888446348297E-11
         9.991747736930847E-01         9.115690318139968E-07        -1.446450181852299E-10
         9.994116425514221E-01         9.760220791577012E-07        -2.501924778464115E-10
         9.998860359191895E-01         1.809209777547949E-07        -8.482566732359587E-11
         9.997177720069885E-01         1.675269487577680E-07         2.257599662769394E-11
         1.000010371208191E+00        -1.896269026246955E-07        -2.190239135890781E-11
         1.000246524810791E+00        -6.077513603486295E-07         7.411234126397659E-11
         1.000357747077942E+00        -6.270634003158193E-07         6.524780021832655E-11
         1.000519633293152E+00        -1.046643092195154E-06         6.820283227071400E-11
         1.000722289085388E+00        -9.601604915587814E-07         1.587856512941244E-10
         1.000867009162903E+00        -7.213267281258595E-07         1.176946734515738E-10
         1.000490307807922E+00        -4.267313897798886E-07         7.437209875726936E-11
         1.000178456306458E+00        -1.189705187698564E-07         1.123304366190681E-10
         1.000223040580750E+00        -1.686426998048773E-07        -1.199622866321359E-11
         1.000523209571838E+00        -3.802535104568960E-07        -3.168591430902090E-11
         1.000506997108459E+00        -3.282070792920422E-07         1.495343709967401E-10
         1.000081181526184E+00        -4.116154528333027E-08         4.094642333529741E-11
         9.998197555541992E-01         2.111744521471337E-07        -2.810697161126363E-11
         9.997968077659607E-01         3.934477490474819E-07        -1.170056551647036E-10
         9.996557235717773E-01         2.982067144330358E-07        -1.513234537675601E-10
         9.995903968811035E-01         4.235329527091380E-07        -2.124264930625230E-10
         9.998859167098999E-01        -2.882553076233307E-07        -4.323051291943436E-11
         9.996366500854492E-01         3.387457923054171E-07        -1.222757728402968E-10
         9.994589686393738E-01         8.618096671852982E-07        -2.205786941988919E-10
         9.993400573730469E-01         1.302805003433605E-06        -2.976793256337373E-10
         9.997758865356445E-01         9.317088256466377E-07        -2.714336255760230E-10
         1.000053286552429E+00         2.684013509224314E-07        -9.575751996893089E-11
         9.998614788055420E-01         6.556358016496233E-07        -1.189805615142703E-10
         9.998812079429626E-01         1.074288434210757E-06        -2.180350761049610E-10
         1.000313520431519E+00         1.096861069527222E-06        -3.078835242309452E-10
         1.000374197959900E+00         8.198886121135729E-07        -1.437550217753270E-10
         1.000180721282959E+00         8.805888001006679E-07        -1.804087712553581E-10
         1.000411987304688E+00         4.258746741925279E-07        -7.718096300957100E-11
         1.000710487365723E+00        -3.117027347343537E-07        -1.488556083950598E-10
         1.000407338142395E+00        -1.707380903326339E-07        -5.558058180366032E-11
         1.000601887702942E+00        -6.676939392491477E-07         5.877348607796762E-11
         1.000526309013367E+00        -5.460804004542297E-07         5.822813065048393E-11
         1.000376224517822E+00        -5.019589366384025E-07        -1.880713813851020E-11
         9.997889995574951E-01         1.063244212673453E-07        -1.271165672722674E-10
         9.993392229080200E-01         4.518300045219803E-08        -4.167081957273666E-11
         9.991880059242249E-01        -3.225679847673746E-07         1.263164850495713E-10
         9.989222884178162E-01         4.953713883537603E-08         4.310759041392664E-11
         9.990386962890625E-01        -2.743494178503170E-07        -1.127843478332391E-11
         9.990930557250977E-01        -5.928092718932021E-07         1.567092566823192E-10
         9.992216229438782E-01        -5.011183361602889E-07         1.139433269958801E-10
         9.991028308868408E-01        -2.130092724428323E-07         1.568327828715965E-10
         9.993071556091309E-01        -5.655021482198208E-07         2.488374228892809E-10
         9.997808933258057E-01        -9.018554578688054E-07         2.438365620527350E-10
         9.995636940002441E-01        -7.353305591095705E-07         2.342956939571650E-10
         9.993553161621094E-01        -3.033945858987863E-07         9.863554417677278E-11
         9.994674921035767E-01         6.562824950151480E-08         2.475471563845311E-11
         9.992781281471252E-01         7.662133612029720E-07        -2.070582767743634E-11
         9.995912313461304E-01         6.187850658534444E-07         4.218272953160351E-11
         9.996241331100464E-01         6.847109261798323E-07         5.433736446902593E-11
         9.997627139091492E-01         7.158789117056585E-07         1.962825952120384E-12
         1.000047922134399E+00         8.406634606217267E-07        -1.667383314751802E-10
         1.000262379646301E+00         8.779050517659925E-07        -4.918451756985576E-11
         1.000442981719971E+00         9.819486876949668E-07        -1.587931036661772E-10
         1.000592827796936E+00         2.467836850428284E-07         2.021702423526950E-11
         1.000699281692505E+00         3.989543984062038E-07        -1.947794009415915E-10
         1.000942587852478E+00        -6.653551736235386E-07         1.040081996223075E-11
         1.000865697860718E+00        -9.584392728356761E-07        -9.374264559047774E-11
         1.000679731369019E+00        -7.976935876286007E-07        -8.106844362476551E-11
         1.000525236129761E+00        -9.249972663383232E-07         8.028407105786783E-11
         1.000124692916870E+00        -3.014718004124006E-07         6.216358677813005E-11
         1.000152587890625E+00        -9.653910382212416E-08         2.592181851113207E-11
         9.999238848686218E-01         1.471656361218265E-07        -5.190277461292192E-12
         9.995569586753845E-01         9.405422929376073E-07        -1.406645633306169E-10
         9.995645880699158E-01         9.972607131203404E-07        -1.799116827738700E-10
         9.996795058250427E-01         1.383809944854875E-06        -3.549746052655678E-10
         1.000081300735474E+00         9.257719284505583E-07        -1.937939114737830E-10
         1.000467181205750E+00         6.430288976844167E-07        -1.525887194375741E-10
         1.000550985336304E+00         6.487288146672654E-07        -1.823815404256024E-10
         1.000200271606445E+00         1.039724907059281E-06        -1.893672163522098E-10
         9.996196627616882E-01         1.592548414919293E-06        -2.500453177844975E-10
         9.992204308509827E-01         1.773762278389768E-06        -2.973434554132126E-10
         9.987016916275024E-01         2.286644757987233E-06        -4.303127854043964E-10
         9.985867738723755E-01         2.240706407974358E-06        -4.344211657070218E-10
         9.985044598579407E-01         2.264766635562410E-06        -4.241958451167704E-10
         9.979431629180908E-01         2.696016963454895E-06        -4.941541065228705E-10
         9.983066916465759E-01         2.380518708378077E-06        -4.404782372180449E-10
         9.988449811935425E-01         1.879127012216486E-06        -3.627363687197516E-10
         0.000000000000000E+00         0.000000000000000E+00         0.000000000000000E+00
         0.000000000000000E+00         0.000000000000000E+00         0.000000000000000E+00
         0.000000000000000E+00         0.000000000000000E+00         0.000000000000000E+00
         0.000000000000000E+00         0.000000000000000E+00         0.000000000000000E+00
         1.001316547393799E+00        -3.451537850196473E-06         1.461586740525433E-09
         1.001752018928528E+00        -4.374362106318586E-06         2.581246327792996E-09
         1.001867413520813E+00        -4.907527909381315E-06         3.188556974009771E-09
         1.000728607177734E+00        -1.231229930453992E-06         2.691087352957311E-10
         1.000522851943970E+00        -1.093155788112199E-06         1.920255066067966E-10
         1.000468015670776E+00        -1.125132257584482E-06         2.617229488688366E-10
         1.000303506851196E+00        -8.736702739042812E-07         1.721206371874118E-10
         1.000274538993835E+00        -9.143944339484733E-07         1.657217002515310E-10
         1.000108718872070E+00        -6.484050913968531E-07         1.536026583703887E-10
         1.000188708305359E+00        -6.126365974523651E-07         7.979531618795832E-11
         1.000575304031372E+00        -6.751787964276446E-07         1.291076412446301E-10
         1.000502347946167E+00        -1.777571441152759E-07        -3.593415842662040E-11
         1.000995993614197E+00        -9.094670758713619E-07         7.550293723568302E-11
         1.001207470893860E+00        -1.016490159599925E-06         7.051655787071454E-11
         1.001000881195068E+00        -7.939698321024480E-07         6.972115940140355E-11
         1.000647783279419E+00        -5.019957711738243E-07        -8.403642365317765E-11
         1.000222086906433E+00        -3.542776028098160E-07        -1.027934942027242E-11
         9.999663829803467E-01        -6.834754628926021E-08        -7.926588552198410E-11
         9.993909597396851E-01         3.243395951813000E-07        -1.694110823846628E-10
         9.989391565322876E-01         3.194670625816798E-07        -5.351102894124438E-11
         9.989628195762634E-01         6.947817041691451E-07        -1.697348095408557E-10
         9.991036057472229E-01         5.769286985923827E-07        -4.800997099874138E-11
         9.993103742599487E-01         5.800466738037358E-07        -4.991359756068015E-11
         9.994300603866577E-01         7.613895292024608E-08         5.992464857662583E-11
         9.995293617248535E-01        -4.051557596085331E-07         1.358679696528142E-10
         9.998884201049805E-01        -8.400662068197562E-07         1.930749310430357E-10
         1.000059962272644E+00        -6.722790431012982E-07         2.036206342426183E-10
         1.000241041183472E+00        -5.384017072174174E-07         1.661569354327597E-10
         1.000517129898071E+00        -2.962679559459502E-07         5.514813605778102E-11
         1.000686287879944E+00        -2.418161102468730E-07         5.596751534442390E-11
         1.000686645507812E+00        -2.428320158287534E-07         4.321324201250754E-11
         1.000635266304016E+00        -3.745333287952235E-07        -1.266870983118729E-11
         1.000597238540649E+00        -5.219986292104295E-07         4.315271057153680E-11
         1.000524759292603E+00        -6.792193403271085E-07         1.681700473321612E-10
         1.000532984733582E+00        -2.216470278426641E-07        -1.111922359742223E-11
         1.001004815101624E+00        -6.704452175654296E-07        -3.680628718472079E-11
         1.001169800758362E+00        -7.922885174593830E-07         6.860362278260368E-11
         1.000880837440491E+00        -4.831181854569877E-07         1.451497602666940E-11
         1.000591158866882E+00        -2.600327491109056E-07        -3.012153720893807E-11
         1.000620007514954E+00        -1.131447930902141E-07         8.868066003753228E-12
         1.000721931457520E+00        -3.498373075672134E-07         7.333890439387147E-11
         1.000727772712708E+00        -2.751275474111026E-07         6.069812708009437E-11
         1.000688076019287E+00        -2.318109579846350E-07         1.590362286307823E-10
         1.000673055648804E+00        -4.863751996708743E-07         8.460029204959696E-11
         1.000529766082764E+00        -6.777463568141684E-07         1.378950426067505E-10
         1.000273227691650E+00        -5.489891918841749E-07         7.457825329515444E-11
         1.000311017036438E+00        -7.297235242731404E-07         1.937454224831825E-10
         1.000165224075317E+00        -2.625402828471124E-07         9.786096932806743E-11
         9.998847842216492E-01         1.268971772105942E-07         1.145770839316995E-10
         9.992926716804504E-01         4.437935956502770E-07         6.181246053199585E-12
         9.994004964828491E-01         3.817495723978936E-07        -3.645313651629012E-12
         9.995254874229431E-01         3.083627575506398E-07         1.655648361464923E-11
         9.996015429496765E-01         6.027847234690853E-07        -1.201145433116224E-10
         9.999364614486694E-01         3.539678914421529E-07         2.881296590206972E-11
         1.000047445297241E+00         6.811956154706422E-07        -7.457098133434314E-11
         1.000725030899048E+00        -3.460404585098331E-08         5.846347711502276E-11
         1.000078320503235E+00         3.338126361995819E-07        -1.649045310025965E-11
         9.996772408485413E-01         3.780170629852364E-07        -3.746869080192144E-13
         9.994019269943237E-01         2.995761008151021E-07         2.322492025086387E-11
         9.993647336959839E-01         2.658562436863576E-07        -6.160561210472038E-12
         9.993518590927124E-01        -1.383951229172453E-07         6.945350544684814E-11
         9.992691874504089E-01         1.421444864035948E-07        -9.418097551838756E-11
         9.993479847908020E-01         2.845366395831661E-07        -1.925573173133799E-10
         9.995080828666687E-01         2.482036620676809E-07        -5.184863302587495E-11
         9.995986223220825E-01         2.917454366979655E-07        -1.100392416075735E-10
         9.992526173591614E-01         6.706326303174137E-07        -1.391191190025509E-10
         9.996500611305237E-01         1.109270471033597E-07        -5.913888823094737E-11
         9.999132156372070E-01        -2.163418173495302E-07        -4.120359262116402E-11
         9.999680519104004E-01        -3.274618904924864E-07         2.759358193327177E-11
         9.997222423553467E-01        -1.317198172756662E-08        -9.649566562464074E-11
         9.999089837074280E-01        -2.337555145004444E-07        -1.221010879209894E-11
         9.998927116394043E-01         3.735205211796711E-07        -1.207442479334020E-10
         1.000199913978577E+00         2.756681851678877E-07        -1.061708013172513E-10
         9.999454617500305E-01         3.579688439003803E-07        -8.389162281519091E-11
         9.998536705970764E-01         2.726497143612505E-07        -1.274780003779341E-10
         9.999501109123230E-01         8.893578495872134E-08        -5.505451303178255E-11
         9.999615550041199E-01         1.204135884336210E-07        -1.388021780845961E-10
         1.000234127044678E+00        -3.611150489746251E-08        -7.522203693266505E-11
         9.994500279426575E-01         8.605719585830229E-07        -2.623608552632106E-10
         9.993870258331299E-01         9.073108344637149E-07        -1.983850306253032E-10
         9.998759627342224E-01         7.333371172535408E-07        -2.140110033632681E-10
         9.998952150344849E-01         8.085352760645037E-07        -2.193605713740610E-10
         9.999861121177673E-01         3.832892332411575E-07        -1.520135128885158E-10
         9.996547102928162E-01         4.361631908977870E-07        -1.096576718317976E-10
         9.995035529136658E-01         4.887107820650272E-07        -8.566104076068726E-11
         9.992694258689880E-01         5.949572141616954E-07        -9.257859756583997E-11
         9.991949200630188E-01         4.766705217207345E-07        -7.835249116183718E-11
         9.994458556175232E-01         3.552428324837820E-07        -1.371399868665968E-11
         9.998146891593933E-01        -2.022995033712505E-07         3.378716750823685E-11
         9.996560811996460E-01        -2.129073948253790E-07         4.969934880305615E-11
         9.995870590209961E-01        -4.854097142015235E-07         5.456004051329622E-11
         9.997617006301880E-01        -3.522595761751290E-07        -9.679431735298838E-12
         1.000246524810791E+00        -4.502566355313320E-07         7.516236244509145E-11
         1.000004172325134E+00         9.007578682940220E-08        -8.672137313814332E-11
         9.998785853385925E-01         2.180791796035919E-07        -1.089104431639676E-10
         1.000085830688477E+00         2.205836437951803E-07        -1.726721127193187E-10
         1.000295758247375E+00         2.814318520449888E-07        -1.639031133038316E-10
         1.000518918037415E+00         1.010278367630235E-07         4.629198066541385E-12
         1.000552058219910E+00         2.617838212870538E-08        -6.358697596242635E-11
         1.000219106674194E+00         1.764217216759789E-07        -6.476985614511932E-11
         1.000391602516174E+00        -3.246683988322729E-08         3.770444026440778E-12
         1.000567078590393E+00        -1.146364141391132E-07        -2.566610292353833E-11
         1.000702738761902E+00        -4.213299575894780E-07         5.664464730603669E-11
         0.000000000000000E+00         0.000000000000000E+00         0.000000000000000E+00
         1.000276923179626E+00        -6.287514224823099E-07         9.638061876371395E-11
         1.000100493431091E+00        -1.979557566755830E-07        -1.710579247693467E-11
         9.998289346694946E-01        -7.444148764079728E-08         1.979546734864890E-11
         9.996253848075867E-01         4.029593299037515E-07        -1.432005347634657E-10
         9.994552731513977E-01         7.326625564019196E-07        -1.832610729834983E-10
         9.991972446441650E-01         8.362188168575813E-07        -1.867747206896198E-10
         9.988163709640503E-01         1.257667236131965E-06        -3.176221785583522E-10
         9.989160299301147E-01         1.036100798046391E-06        -2.802047205374691E-10
         9.990110993385315E-01         7.882470072217984E-07        -1.360726115118283E-10
         9.992845058441162E-01         1.723326334968078E-07        -6.901106075485330E-11
         9.994418621063232E-01         3.405396498123991E-08         1.792965602376295E-11
         9.999037384986877E-01        -3.258204515077523E-07         1.066836827212647E-10
         9.999266862869263E-01        -5.873293957847636E-07         2.156142209219780E-10
         9.997432231903076E-01        -1.409462839774278E-07         6.819109513167554E-12
         9.998931884765625E-01        -4.309258372359182E-07         2.405578340691772E-11
         9.997606873512268E-01        -1.115772221282896E-07        -4.719050237383948E-12
         9.994682669639587E-01         6.690077043458587E-07        -1.659589687896812E-10
         9.994453191757202E-01         8.849921755427204E-07        -1.640408503478241E-10
         9.996224641799927E-01         6.449203056035913E-07        -1.168564273124062E-10
         1.000088691711426E+00         1.508298197450131E-08         2.847132252181694E-12
         1.000250458717346E+00        -2.511608840904955E-07         8.977867754778046E-11
         1.000247120857239E+00        -3.254983766964870E-07         2.255061831712979E-10
         1.000102162361145E+00        -2.113380901391793E-07         1.957580209044352E-10
         1.000078558921814E+00         4.499304040450625E-08         7.666106638382075E-11
         1.000140666961670E+00        -6.386476769648652E-08         1.930135773431374E-10
         1.000094771385193E+00        -2.851919589375029E-07         1.517279635265822E-10
         9.999498128890991E-01        -2.349851087046773E-07         9.712458615140918E-11
         1.000012874603271E+00         9.128827826998531E-08         3.358952352372491E-11
         1.000027894973755E+00         1.709106527414406E-07        -9.158258873487313E-11
         9.999818801879883E-01         3.639252383891289E-07        -7.414290015272940E-11
         9.997802972793579E-01         4.320808102420415E-07        -7.461116446894067E-11
         9.996529221534729E-01         3.065439670990600E-07        -3.807751683404526E-11
         9.993441700935364E-01         5.353360279514163E-07        -1.290014900456882E-10
         9.992806315422058E-01         2.867700743536261E-07        -1.219163103804988E-10
         9.992138147354126E-01         4.114529303933523E-07        -1.927698695114444E-10
         9.992855787277222E-01         1.705054728518007E-07        -1.708468505556837E-10
         9.997998476028442E-01        -9.935777001146562E-08        -3.773630366521452E-11
         1.000071406364441E+00        -1.241585181332994E-07         1.291478046467481E-13
         1.000060439109802E+00        -2.498183278021315E-07         4.895863922604882E-11
         9.999209642410278E-01        -2.009272890290958E-07        -9.731168648663413E-11
         1.000046610832214E+00        -2.894373949402507E-07        -2.273541077624230E-11
         1.000002980232239E+00        -2.146433786265334E-07        -9.099200559692378E-12
         1.000122308731079E+00        -5.578765893687887E-08        -4.550146717741121E-11
         1.000208973884583E+00        -2.371301661696634E-07        -7.068865891940446E-12
         9.999980926513672E-01        -7.990273331870412E-08        -5.410697931362840E-11
         9.999113678932190E-01        -1.127851376736544E-07        -1.207298427896575E-10
         1.000213980674744E+00        -5.773927682639624E-07         1.232995151291549E-12
         1.000218987464905E+00        -6.829420726717217E-07         4.638995090844311E-11
         1.000560402870178E+00        -8.558875492781226E-07         1.221020506925186E-10
         1.000813126564026E+00        -9.545368584440439E-07         1.713673508652036E-10
         1.000716328620911E+00        -8.805179732007673E-07         1.706211422147774E-10
         1.000840544700623E+00        -9.117569561567507E-07         2.703909596224463E-10
         1.000722169876099E+00        -1.235884838024504E-06         3.780653290430536E-10
         1.000909447669983E+00        -8.875533126229129E-07         3.373462897915402E-10
         1.001034617424011E+00        -6.768063940398861E-07         2.761909867476930E-10
         1.000880837440491E+00        -4.660564627556596E-07         2.821373135120098E-10
         1.000555276870728E+00        -5.403310865403910E-07         2.447962665907966E-10
         1.000648260116577E+00        -5.835832439515798E-07         1.795813220351050E-10
         1.001066446304321E+00        -6.848924272162549E-07         1.583187053677548E-10
         1.001247406005859E+00        -9.571064083502279E-07         1.338246319315672E-10
         1.001413702964783E+00        -1.012879124573374E-06         1.649469588693719E-10
         1.001371264457703E+00        -1.072243890121172E-06         2.191163361864312E-10
         1.001058578491211E+00        -8.208111239582649E-07         2.267938337130460E-10
         1.000816464424133E+00        -6.532720249197155E-07         1.540301497460206E-10
         1.000718832015991E+00        -1.013752125800238E-06         1.864347703994795E-10
         1.000335097312927E+00        -4.294203961308085E-07         1.003097743756953E-10
         1.000303745269775E+00        -8.286249908451282E-07         1.751976896890994E-10
         1.000329256057739E+00        -1.093412492991774E-06         1.855933046135405E-10
         1.000436544418335E+00        -1.085174517356791E-06         2.531710674436027E-10
         1.000799536705017E+00        -1.353086190647446E-06         2.748545835373761E-10
         1.001200318336487E+00        -1.839461674535414E-06         3.553873861861234E-10
         1.000976204872131E+00        -1.564280637467164E-06         2.748815619568745E-10
         1.000271081924438E+00        -1.043307975123753E-06         8.036522836096793E-11
         1.000303030014038E+00        -1.310873244619870E-06         1.195916143892362E-10
         1.000442624092102E+00        -1.384926235914463E-06         2.114977221134851E-10
         1.000545859336853E+00        -2.060512315438245E-06         4.037169765158666E-10
         1.001909017562866E+00        -3.741159616765799E-06         8.590581024314758E-10
         0.000000000000000E+00         0.000000000000000E+00         0.000000000000000E+00
         0.000000000000000E+00         0.000000000000000E+00         0.000000000000000E+00
         0.000000000000000E+00         0.000000000000000E+00         0.000000000000000E+00
         0.000000000000000E+00         0.000000000000000E+00         0.000000000000000E+00
         9.981126189231873E-01         1.722856723063160E-06        -4.562333288937737E-10
         9.991901516914368E-01         3.765827898405405E-07        -7.953507991098618E-11
         9.987100958824158E-01         1.716143174235185E-06        -5.631836663688716E-10
         9.989356994628906E-01         9.216699368153058E-07        -3.244637336585754E-10
         9.990032315254211E-01         5.079064635538089E-07         8.122406913724234E-11
         9.984446167945862E-01         1.627863980502298E-06         4.595489613845594E-11
         9.991281628608704E-01         8.360123615602788E-07         9.794499933324374E-11
         9.993420839309692E-01         4.165589757576527E-07         2.020244943556904E-10
         9.993885159492493E-01         3.855883221604017E-07         2.044475838625104E-10
         9.987590909004211E-01         2.058467771348660E-06        -1.858473271110217E-11
         9.993680715560913E-01         1.246125179932278E-06         1.546100400484640E-11
         9.998242259025574E-01         4.124616737044562E-07         1.472160171545056E-10
         1.000431776046753E+00        -2.152910241193240E-07         2.208893068456064E-10
         9.998683929443359E-01         7.510917612307821E-07         6.398030022447543E-11
         9.998540878295898E-01         7.584609988953162E-07         7.591772349657688E-11
         9.998721480369568E-01         6.406406782843987E-07         7.464380502586465E-11
         9.999529719352722E-01         4.824892130272929E-08         1.664356708008796E-10
         9.999415278434753E-01         1.484469294155133E-07         1.149242090381364E-10
         1.000699520111084E+00        -9.233380069417763E-07         2.453864611506873E-10
         1.001069664955139E+00        -1.356728148493858E-06         2.267569881864162E-10
         1.000703215599060E+00        -7.065084446367109E-07         1.827921147778966E-10
         1.000508069992065E+00        -1.815924548509429E-07         2.176314684021463E-11
         9.999141097068787E-01         7.446056997650885E-07        -1.884999656365238E-10
         9.994889497756958E-01         9.720434945847956E-07        -9.954659319078019E-11
         9.992643594741821E-01         1.479559614381287E-06        -3.238172507913362E-10
         9.992436766624451E-01         1.937375827765209E-06        -3.895166689193985E-10
         9.996784329414368E-01         1.403026885782310E-06        -1.205844452067950E-10
         9.998458623886108E-01         1.442340931134822E-06        -2.938883580938523E-10
         1.000601172447205E+00         2.545994526315098E-08         7.634635285080904E-11
         1.000468015670776E+00         3.195151521140360E-07         2.487378358839720E-11
         1.000907421112061E+00        -1.821171480287376E-07         4.491536656492379E-11
         1.001176238059998E+00        -4.004916434041661E-07         4.095624533961839E-11
         1.000874757766724E+00         1.862068543800888E-08         6.899949361871549E-11
         1.000713825225830E+00         5.019740356715374E-08        -1.965012787902287E-12
         1.000564694404602E+00         5.724578500121424E-07        -9.312583482135040E-10
         1.000270962715149E+00         1.576653687607177E-07        -3.243266766261854E-11
         1.000339031219482E+00         6.124319611444662E-07        -9.243203979991677E-10
         1.000916719436646E+00        -1.559230099701381E-06         2.018908928924645E-10
         1.000650525093079E+00        -9.801864280234440E-07         1.993140791300974E-10
         1.001000046730042E+00        -1.445076804884593E-06         2.208443011797456E-10
         1.001118898391724E+00        -1.412712208548328E-06         2.464947967961706E-10
         1.000822305679321E+00        -5.352919743017992E-07         1.701000451603818E-10
         1.000635981559753E+00         3.130266463813314E-07        -1.498287327539316E-10
         1.000703215599060E+00         3.342447030263429E-07        -8.470690260331537E-10
         1.000145077705383E+00         4.052628526096669E-07        -9.444686005499747E-11
         1.000057101249695E+00         2.584453113740892E-07         4.395349362251721E-11
         1.000301837921143E+00        -6.023494734108681E-07         1.654785752869259E-10
         1.000131726264954E+00        -8.362706580555823E-07         2.997478654176433E-10
         9.999350905418396E-01        -1.054242943610006E-06         2.786597064208252E-10
         9.997320175170898E-01        -5.315061457622505E-07         1.820979339539619E-10
         9.995584487915039E-01         6.161753773881173E-09         6.874642521914609E-11
         9.997629523277283E-01        -1.652660870377076E-07         1.200664151435049E-10
         9.996074438095093E-01         4.318574440276279E-07         4.493657182469413E-11
         9.993172287940979E-01         8.958990065366379E-07        -1.031940921603081E-10
         9.994896054267883E-01         8.681142844579881E-07        -2.789561463767409E-11
         9.995405077934265E-01         6.740548883499287E-07         6.473713926036240E-11
         9.993025064468384E-01         9.718208957565366E-07        -1.820114753359192E-10
         9.991881847381592E-01         7.328179663090850E-07        -1.447487962824567E-11
         9.996392130851746E-01         3.859935304717510E-07         7.583315052295259E-12
         9.995905756950378E-01         5.438844254967989E-07        -3.911482249208120E-11
         9.992938041687012E-01         4.473276646876911E-07        -3.994095679193954E-11
         9.993561506271362E-01         3.706886673171539E-07        -1.123256765378500E-10
         9.994710683822632E-01         1.007844474543163E-07        -9.611693385647158E-12
         9.993302822113037E-01         5.012369115320325E-07        -1.035912813862616E-10
         1.000000238418579E+00        -4.745603519040742E-07         6.651447448380310E-11
         9.995791912078857E-01         1.068532128556399E-06        -3.296925787932281E-10
         1.000545859336853E+00        -3.836988753391779E-07        -1.573507990570988E-11
         1.000140070915222E+00         1.179956484520517E-06        -1.743340610760313E-10
         1.000945925712585E+00        -2.455290939451515E-07        -3.764437372932861E-11
         1.000340461730957E+00         1.143256440627738E-06        -2.400029341931287E-10
         1.000718712806702E+00         8.650004446053572E-08        -3.072571364004517E-11
         1.000355243682861E+00         7.405963629025791E-07        -1.478046990355253E-10
         1.000409722328186E+00         4.861415732193564E-07        -1.196128196490065E-10
         1.000435590744019E+00         4.521683081293304E-07        -4.212263524094872E-11
         1.000896811485291E+00        -5.985349957882136E-07         8.899492948133414E-11
         1.000280499458313E+00         2.290588554387796E-07        -1.046597045140096E-10
         1.000605463981628E+00        -9.092901223084482E-07         1.945930916402716E-10
         1.000380396842957E+00         1.459974754425275E-07        -8.417867514154409E-10
         1.000564455986023E+00        -9.398445399710909E-07         1.072604019491941E-10
         1.000335097312927E+00        -2.518486326152924E-07         8.793250849681300E-11
         1.000505924224854E+00        -5.931320856689126E-07         2.712870206256213E-11
         9.998019337654114E-01         4.724768132291501E-07        -1.804626309498403E-10
         9.997564554214478E-01         3.697351314002617E-10        -6.894274734436934E-11
         9.995362758636475E-01         2.262121867602218E-08        -4.926213603706486E-11
         9.995428919792175E-01         4.683778627168067E-07        -6.379210354401366E-11
         9.998804330825806E-01        -2.455988976635126E-07         2.115609770703131E-12
         9.993295669555664E-01         8.184789521692437E-07        -1.538877775209002E-10
         9.995313882827759E-01         6.118702344792837E-07        -8.272235674233741E-11
         1.000099778175354E+00        -4.628719523225300E-07         6.853002193496494E-11
         9.999775886535645E-01         7.176633687322465E-08        -1.315435867871306E-11
         1.000322937965393E+00        -1.865073215867596E-07         7.742633617580097E-11
         1.000046849250793E+00         5.051818448009726E-07        -3.310280868862314E-11
         1.000694394111633E+00        -5.503559918906831E-07         1.502562102517757E-10
         1.000638723373413E+00        -3.709324971623573E-07         1.488326649423666E-11
         1.000307321548462E+00        -7.804634094554785E-08        -1.442519823209587E-12
         9.998324513435364E-01         6.473822509178717E-07        -9.729435312966217E-11
         9.998198747634888E-01         1.971176430970445E-07         3.186335570393162E-11
         9.997143745422363E-01         2.547035364841577E-07        -1.928091193648118E-11
         9.994963407516479E-01         8.168183853740629E-07        -1.303624430626371E-10
         9.994447827339172E-01         6.054648338249535E-07         1.130561529810725E-11
         0.000000000000000E+00         0.000000000000000E+00         0.000000000000000E+00
         0.000000000000000E+00         0.000000000000000E+00         0.000000000000000E+00
         9.986406564712524E-01         6.485522021648649E-07        -9.109950641073006E-12
         9.989047646522522E-01         5.873293957847636E-07        -5.496242697078380E-11
         9.988273978233337E-01         8.672263334119634E-07        -1.340271366112589E-10
         9.989117383956909E-01         8.505354003318644E-07        -2.335102250450305E-11
         9.994410872459412E-01        -5.707320127612547E-08        -5.392871045561964E-12
         9.992693066596985E-01         4.348325148839649E-07        -1.432025765329970E-11
         9.997284412384033E-01        -6.774325242986379E-07         2.027258916292851E-10
         9.992223978042603E-01         4.688737362812390E-07         2.899794336944095E-12
         0.000000000000000E+00         0.000000000000000E+00         0.000000000000000E+00
         9.993848800659180E-01         1.123084985010792E-07         8.169071669117400E-11
         9.998093247413635E-01        -2.574331858795631E-07         4.965594949113417E-11
         1.000237107276917E+00        -1.017629301713896E-06         1.327002951967415E-10
         9.999530315399170E-01        -4.844668310965972E-08         4.282767890328998E-11
         0.000000000000000E+00         0.000000000000000E+00         0.000000000000000E+00
         0.000000000000000E+00         0.000000000000000E+00         0.000000000000000E+00
         9.994472265243530E-01         9.078357265934756E-08         9.860538600914293E-12
         1.000231862068176E+00        -1.091598846869601E-06         1.094857746131161E-10
         9.994121789932251E-01         6.891349926263501E-07        -1.103218072451284E-10
         1.000106334686279E+00        -2.533525957915117E-07         9.071216867939658E-12
         9.997323751449585E-01         6.433513703996141E-07        -1.445568942326503E-10
         1.000382423400879E+00        -2.739509739058121E-07        -5.915489625918369E-11
         1.000516772270203E+00        -1.482481781778233E-08        -1.264083698826468E-10
         1.000322103500366E+00         8.534735229659418E-08        -1.543424416050598E-10
         1.000254392623901E+00        -4.338450594332244E-07         6.543481468473944E-12
         9.995622634887695E-01         8.132623747769685E-07        -1.471427285570925E-10
         1.000552535057068E+00        -1.270039888368046E-06         1.605268001858562E-10
         1.000402212142944E+00        -1.202231942443177E-06         2.195783277425534E-10
         1.000620245933533E+00        -1.489116243647004E-06         1.691301543260693E-10
         1.000148892402649E+00        -7.564205475318886E-07         1.002897695445704E-10
         1.000032305717468E+00        -2.160631424885651E-07        -4.966780459136899E-11
         9.997498393058777E-01         4.646658737783582E-07        -1.607756844324015E-10
         1.000178456306458E+00         5.209904543335142E-07        -2.307810331725335E-10
         1.000566601753235E+00         3.323755208839430E-07        -1.918053632588013E-10
         1.000380277633667E+00         2.862710459794471E-07        -1.931749066264032E-10
         1.000251054763794E+00         4.978232368557656E-07        -2.959450740025460E-10
         9.997307062149048E-01         9.410281336386106E-07        -2.713713698199172E-10
         9.991258382797241E-01         1.689618557065842E-06        -4.035615730479947E-10
         9.989566802978516E-01         1.512658968749747E-06        -3.328698428006760E-10
         9.993736147880554E-01         5.206966875448416E-07        -2.871768933765395E-10
         9.995330572128296E-01        -4.078329851608942E-08        -2.302784074537101E-10
         9.995403289794922E-01        -3.636664303030557E-07        -1.740697169738681E-10
         9.994173645973206E-01        -1.017428452598779E-08        -1.038261698838028E-10
         9.992520809173584E-01         5.924010793023626E-07        -9.143424212210149E-11
         9.992955327033997E-01         7.756137847536593E-07        -6.732860796665463E-11
         9.994534850120544E-01         5.393923174779047E-07        -5.063950994643740E-11
         9.999963641166687E-01        -3.463379698587232E-07         7.068336194127056E-11
         1.000519156455994E+00        -8.911073905437661E-07         1.411576411314286E-10
         1.000106215476990E+00        -2.957890501420479E-07         3.538942749958807E-11
         9.994454383850098E-01         7.969963462528540E-07        -9.219801311299847E-11
         9.991160631179810E-01         1.466493586121942E-06        -3.329154174558369E-10
         9.989233613014221E-01         1.203258193527290E-06        -1.463128507239730E-10
         9.991658926010132E-01         9.639539939598762E-07        -1.157409237895202E-10
         9.997940063476562E-01         4.561579771689139E-07         1.092717756556727E-11
         1.000128269195557E+00         1.518629915153724E-07        -8.542485468998606E-11
         1.000173330307007E+00        -7.139856705862258E-08        -7.150699303515307E-12
         1.000386238098145E+00        -7.779720476719376E-07         7.517488714858800E-11
         1.000188469886780E+00        -5.574494821303233E-07         6.024184623365514E-11
         9.994244575500488E-01         6.696254786220379E-07        -1.017931156033214E-10
         9.992829561233521E-01         9.831234137891443E-07        -1.345792921547684E-10
         9.996107816696167E-01         7.572228923891089E-07        -1.066870619625959E-10
         9.996592402458191E-01         6.254371101022116E-07        -9.250531590732081E-11
         9.993547201156616E-01         1.356841266897391E-06        -1.955979267442842E-10
         9.995303153991699E-01         1.834251747823146E-06        -2.833790979650530E-10
         9.996619820594788E-01         1.988389385587652E-06        -3.639318568726679E-10
         1.000085473060608E+00         1.115634518100705E-06        -2.691342426697219E-10
         1.000055670738220E+00         6.480784122686600E-07        -1.947176447858467E-10
         9.999740719795227E-01         2.465772013238166E-07        -1.835602086996957E-10
         9.995604753494263E-01         1.073590283340309E-06        -1.525684717451625E-10
         9.992708563804626E-01         1.863657530520868E-06        -2.239493174238660E-10
         9.994431734085083E-01         1.785408926480159E-06        -1.671808108616446E-10
         9.996159076690674E-01         1.479225602452061E-06        -5.889323057006735E-11
         9.994855523109436E-01         1.567389858792012E-06        -1.408205774211524E-10
         9.995895624160767E-01         1.504940883023664E-06        -4.825748828318766E-11
         1.000045061111450E+00         9.637518587624072E-07         1.146689826425629E-10
         1.000524759292603E+00         5.720910394302336E-07         1.068413899019127E-10
         9.988172650337219E-01         2.279891532452893E-06        -3.972763784609867E-10
         9.998180866241455E-01         6.842560082986893E-07        -3.122179945136416E-11
         1.000999808311462E+00         2.478253122717433E-07         1.394796778075857E-10
         1.001581072807312E+00        -1.026936260473121E-07         3.960471395281218E-10
         1.000381469726562E+00         1.225020469064475E-06         3.578512833279923E-11
         0.000000000000000E+00         0.000000000000000E+00         0.000000000000000E+00
         0.000000000000000E+00         0.000000000000000E+00         0.000000000000000E+00
         0.000000000000000E+00         0.000000000000000E+00         0.000000000000000E+00
         9.993118047714233E-01         1.810810772440163E-06        -2.448959257606020E-09
         9.993345737457275E-01         2.035194711424992E-06        -2.445975644249643E-09
         9.998216629028320E-01         1.567969320603879E-06        -1.831823026599011E-09
         1.000363707542419E+00         6.306951263468363E-07        -1.125829429682312E-09
         1.000814318656921E+00        -2.959733080842852E-07        -7.310455574227603E-10
         1.001381039619446E+00        -8.701871934135852E-07        -8.330994782923540E-10
         1.001664161682129E+00        -1.451173716304766E-06        -6.722296608252520E-10
         1.001543879508972E+00        -1.392780632158974E-06        -5.896181876074991E-10
         1.000807881355286E+00        -9.651932941778796E-07        -6.412723685400579E-10
         9.997981190681458E-01        -4.775127422362857E-07        -2.312680186244975E-10
         9.996750950813293E-01        -5.109500875732920E-07        -6.700531796077769E-10
         9.999396800994873E-01        -1.170859377452871E-06        -5.911396372404454E-10
         9.997526407241821E-01        -7.360366680586594E-07        -6.115100092962678E-10
         9.996917843818665E-01        -7.864356916797988E-07        -6.132209739995176E-10
         9.994341135025024E-01        -4.540011104836594E-07        -6.418447440204034E-10
         9.999498724937439E-01        -2.265622356389940E-07        -7.539179835980292E-10
         1.000164747238159E+00        -5.348733225218893E-07         3.958350314192671E-10
         1.000303626060486E+00        -8.562321909266757E-07         4.229462335914036E-10
         1.000471591949463E+00        -1.473960878684011E-06         7.153997394482303E-10
         1.000862598419189E+00        -1.765382535268145E-06         8.034341525409161E-10
         1.001343250274658E+00        -1.719993974802492E-06         7.623728315309108E-10
         1.001237630844116E+00        -1.084215227820096E-06         4.912914519650258E-10
         1.000871896743774E+00        -9.036187975652865E-07         4.419626609131200E-10
         1.000630021095276E+00        -7.881985766289290E-07         4.185694846281507E-10
         1.000616550445557E+00        -5.737430228691665E-07         4.787203966571951E-10
         1.001311421394348E+00        -6.876247198306373E-07        -3.251539593129849E-10
         1.001670360565186E+00        -1.072763666343235E-06        -2.504886575938059E-10
         1.000692129135132E+00         2.486144694557879E-07        -5.643833178581303E-10
         1.000013589859009E+00         6.313811695690674E-07         2.220887918014114E-10
         9.999479651451111E-01         6.023774972163665E-07         3.124064895665413E-10
         9.999899864196777E-01         5.855230824636237E-07         2.826185674376092E-10
         1.000298857688904E+00         3.758976276913018E-07         2.653763320203950E-10
         1.000605583190918E+00        -4.558313548841397E-07         6.067298330414417E-10
         1.000798463821411E+00        -9.039005988142890E-08        -3.607590615128942E-10
         1.000866889953613E+00        -3.748239123524399E-07        -2.814150856789155E-10
         1.001088142395020E+00        -1.070048369911092E-06        -1.015502959500481E-10
         1.000229239463806E+00        -2.080424792438862E-07        -2.391728759487677E-10
         9.993816614151001E-01        -3.490941082873178E-07         5.196527097517389E-10
         9.990858435630798E-01        -9.400753242516657E-08         3.924805758170891E-10
         9.990374445915222E-01         1.999405014885269E-07         2.652604247366241E-10
         9.989600181579590E-01         3.475499852356734E-07         2.651930897101806E-10
         9.988434314727783E-01         4.542904434856609E-07         2.705581314543792E-10
         9.990646243095398E-01         3.457844002241472E-07         2.931351272827953E-10
         9.990308284759521E-01         7.936970973787538E-07         1.433087537527911E-10
         9.991199970245361E-01         9.801416354093817E-07         1.252515591243508E-10
         9.993233084678650E-01         1.170917926174297E-06        -1.505888747033168E-10
         9.996251463890076E-01         9.019124718179228E-07        -1.086458423227299E-10
         9.998088479042053E-01         6.249422881410283E-07        -6.554169706962654E-11
         9.998450875282288E-01         1.276087999713127E-07         3.115220026383980E-10
         9.999986290931702E-01        -1.929845439008204E-07         4.089099614468239E-10
         1.000010371208191E+00        -1.866714143261561E-07         4.594126468138171E-10
         1.000324249267578E+00        -7.136116142447690E-09        -5.337688624429404E-10
         1.000435471534729E+00         1.810239496080612E-07        -6.748771541609244E-10
         1.000342488288879E+00         4.738007248761278E-07        -7.296367954268135E-10
         9.999281167984009E-01         1.315426970904809E-06        -7.175811056470138E-10
         1.000062584877014E+00         7.838598321541212E-07        -6.603503854840653E-10
         1.000051140785217E+00         5.094985340292624E-07        -6.173448974244877E-10
         1.000468254089355E+00        -1.125287170111733E-07        -4.217665106054369E-10
         1.000292301177979E+00        -2.574712993919093E-07         4.292958488694154E-10
         1.000396013259888E+00        -5.902837756366353E-07         5.285102355756521E-10
         1.000462293624878E+00        -6.008796731293842E-07         5.001105085611357E-10
         1.000657677650452E+00        -3.336417364607769E-07        -4.580648638174978E-10
         1.000532984733582E+00        -7.944523190417385E-07         5.736677799461631E-10
         1.000193715095520E+00        -4.687977934736409E-07         4.339741899173077E-10
         9.996299743652344E-01         2.943634456187283E-07         1.180532893663155E-10
         9.995437264442444E-01         6.602073767680849E-07         9.443197612757359E-11
         9.998781085014343E-01         5.666220204147976E-07        -8.305868215430223E-10
         9.994731545448303E-01         5.921208412473788E-07        -6.481201131336434E-10
         9.995207786560059E-01         2.659506321833760E-07         3.473795973096827E-10
         1.000290632247925E+00         8.799731432418412E-08        -4.861471780692739E-10
         1.000015377998352E+00         3.028866046861367E-07        -1.712324587677116E-10
         1.000630021095276E+00        -6.408065900131987E-08        -4.856855473356347E-10
         1.000584363937378E+00         6.933844787226917E-08        -4.112611640127994E-10
         1.000374436378479E+00         3.124390843822766E-07        -4.606264258910642E-10
         1.000431776046753E+00         5.034214041188534E-07        -5.052175899855627E-10
         9.999361634254456E-01         3.067931686473457E-07         3.656972502597000E-10
         9.999719858169556E-01        -1.916625933517935E-07         3.736834452983118E-10
         1.000366687774658E+00         6.034176891489551E-08        -4.622532912001986E-10
         1.000273108482361E+00         3.494251927804726E-07        -6.175456812584912E-10
         9.998618364334106E-01         1.642858791228718E-07         2.678192112526290E-10
         9.997552037239075E-01         2.378472316877378E-07         1.767592322510225E-10
         9.998016953468323E-01         5.577376427368108E-08         2.176323427027782E-10
         9.999722838401794E-01        -3.552976579612732E-07         4.916975160362824E-10
         9.993831515312195E-01         3.122091243312752E-07         2.833758783182816E-10
         9.993242621421814E-01         7.125209435798752E-07        -5.454102881136125E-12
         9.995694756507874E-01         6.468703190876113E-07         6.628271542741260E-11
         9.994199275970459E-01         1.073235921467131E-06        -7.390896228365307E-10
         9.996966719627380E-01         2.713258311359823E-07        -5.833474814309625E-10
         9.996144175529480E-01         5.862247576260415E-07        -8.336181744894589E-10
         9.996637105941772E-01         2.210108078770645E-07        -5.492512000770944E-10
         9.999641180038452E-01        -1.188773381954888E-07        -5.269838454502462E-10
         1.000148892402649E+00        -6.822739351264318E-07        -3.827103078890559E-10
         9.999045133590698E-01        -1.963337581400992E-08        -4.216716698035583E-10
         1.000194430351257E+00        -2.777235863504757E-07        -4.800324027165459E-10
         1.000283718109131E+00        -8.185800766113971E-07         5.518330237208602E-10
         1.000825762748718E+00        -1.497456992183288E-06         7.300016147127053E-10
         1.001180291175842E+00        -1.735700607241597E-06         7.923733336134831E-10
         1.001730918884277E+00        -2.552948217271478E-06         8.842721554991329E-10
         1.001652598381042E+00        -1.753155402184348E-06         6.766990856554855E-10
         1.001582264900208E+00        -1.641817902964249E-06         6.294321175381867E-10
         1.001362085342407E+00        -1.375109718537715E-06         5.611954789763729E-10
         1.000932693481445E+00        -9.716565045891912E-07         5.257290158766637E-10
         1.001108527183533E+00        -1.199907046611770E-06         5.578751904877777E-10
         1.000859498977661E+00        -1.005713670565456E-06         5.308753991961623E-10
         1.000747919082642E+00        -7.862766437938262E-07         3.769706213851975E-10
         1.000166058540344E+00        -3.390361200672487E-07         1.693727103013742E-10
         9.999054074287415E-01        -5.561946636589710E-08         2.134526444486085E-10
         9.999950528144836E-01         4.184470370205418E-08         3.226401923406286E-10
         1.000240445137024E+00        -7.781944759699400E-07         6.190064572031417E-10
         1.000243663787842E+00        -1.147483317254228E-06         7.949246816352229E-10
         1.000052690505981E+00        -1.165921844403783E-06         8.533010409372821E-10
         9.999657273292542E-01        -4.298053397633339E-07        -2.178450753120842E-10
         9.998817443847656E-01         8.546684426846696E-08        -5.425793703217607E-10
         9.998891353607178E-01        -3.676404389807431E-07         4.869539771412690E-10
         9.998016357421875E-01        -6.572599886567332E-07         5.401114000491702E-10
         9.994645714759827E-01        -3.973112825406133E-07         4.973969569554981E-10
         9.994345903396606E-01        -1.147917050303704E-08         3.252895175442916E-10
         9.998523592948914E-01        -1.906941662355166E-07         3.056827291292308E-10
         9.998011589050293E-01        -1.966574281198064E-08         2.181603508955021E-10
         9.993367195129395E-01         7.676533755329729E-07        -1.885366723852755E-10
         9.997603297233582E-01         3.179757754878665E-07         3.244100821309104E-11
         9.996488094329834E-01         4.275135836451227E-07         2.018677447424011E-10
         1.000205039978027E+00        -4.649292293379403E-07         3.082974153745255E-10
         9.999088644981384E-01        -3.317882857345467E-08         3.282064897636161E-10
         9.996899366378784E-01         6.195652417773090E-07         1.521520964775647E-10
         9.997283816337585E-01         1.018450120682246E-06        -8.042519428208550E-10
         9.992952942848206E-01         1.376753516524332E-06        -8.436337739503585E-10
         9.988543987274170E-01         1.309214326283836E-06         9.596275857282066E-11
         9.990569949150085E-01         9.640647249398171E-07         2.449171698781782E-10
         9.992269873619080E-01         6.855725018795056E-07         3.045285690284061E-10
         9.994739890098572E-01         1.209522793033102E-07         4.554660260058796E-10
         9.993100166320801E-01         6.681204212100056E-08         5.020566185010011E-10
         9.998952746391296E-01        -2.208556537652839E-07        -2.473551086179526E-10
         9.991624951362610E-01         9.004495495901210E-07        -5.302132066731247E-10
         9.988054037094116E-01         1.071580072675715E-06        -6.390340479001111E-10
         9.982916712760925E-01         1.452823653380619E-06        -6.205801983405479E-10
         9.985814094543457E-01         1.059790065482957E-06        -5.422730042781154E-10
         9.984131455421448E-01         1.343059466307750E-06        -6.829792842388827E-10
         9.988694787025452E-01         8.889421110325202E-07        -5.182369533507369E-10
         9.985390901565552E-01         7.997146553861967E-07        -2.978901292305380E-10
         9.986816644668579E-01         7.531266987825802E-07        -2.730417558716169E-10
         9.990427494049072E-01         8.345299420398078E-07        -3.063200526565169E-10
         9.996747970581055E-01         2.590047074590984E-07        -1.180794906296967E-10
         1.000029563903809E+00         3.262754262323142E-07        -5.298081071081207E-11
         1.000328421592712E+00         2.715675577746879E-07        -2.968460754981805E-10
         1.000552773475647E+00        -2.054878223134438E-07        -1.581019481999846E-10
         1.000051498413086E+00         8.419225423494936E-07        -5.301005745472764E-10
         1.000390172004700E+00         4.015314516436774E-07        -3.384286739738229E-10
         1.001968145370483E+00        -2.944176003438770E-06         1.886125144956452E-10
         1.001072883605957E+00        -2.132883082595072E-06         2.608274707327496E-10
         1.000720024108887E+00        -2.240030880784616E-06         4.065988656876129E-10
         1.000712394714355E+00        -1.931563247126178E-06         4.003081754966331E-10
         1.000862836837769E+00        -1.896334083539841E-06         5.815636860972972E-11
         9.998261332511902E-01         1.854654811950240E-07        -1.780983555077498E-10
         9.998736381530762E-01         4.418925811933150E-07        -3.394651226784617E-10
         1.000833511352539E+00        -1.240057031282049E-06        -2.567210550044607E-12
         1.000413894653320E+00        -1.814390770960017E-08        -6.585143541570915E-11
         1.000442028045654E+00        -7.087982112352620E-07         9.159132896563449E-10
         1.001013994216919E+00        -1.574071347931749E-06         1.207451805207427E-09
         1.000610828399658E+00        -1.190010607388103E-06         1.050159403881423E-09
         1.000114440917969E+00         9.608439199837449E-08        -3.362990164124113E-10
         9.998001456260681E-01         5.565711944655050E-07        -5.068113706485633E-10
         1.000102996826172E+00        -2.685183062567376E-07        -1.051599779477996E-10
         1.000355243682861E+00        -5.444252337838407E-07         1.589869624840645E-10
         1.000086426734924E+00        -4.275450464774622E-07         9.103976461588559E-10
         1.000294089317322E+00         1.933121609454247E-07         2.693562560496243E-11
         1.000550270080566E+00         8.908229176540772E-08        -2.003915366977083E-10
         1.000839114189148E+00        -1.469382908680927E-07         3.009671400988623E-10
         1.000964045524597E+00        -2.994453041083034E-07         7.988056327512538E-10
         1.000864863395691E+00        -1.474279969215786E-07        -2.367460116836639E-10
         1.001006960868835E+00        -3.257498804032366E-07        -1.565060303576615E-10
         1.001014113426208E+00        -5.404656917562534E-07         4.414483362191746E-11
         1.000886201858521E+00        -6.614043286390370E-07         1.215565148537934E-10
         1.000441074371338E+00        -1.396623332539093E-07         8.724963529438412E-10
         1.000441670417786E+00         5.492204309121007E-07         1.401658789035309E-10
         9.998635053634644E-01         1.340567905572243E-06        -5.031358663032393E-10
         9.990465044975281E-01         1.888781866909994E-06        -7.465617568591654E-10
         9.989181160926819E-01         1.511896016381797E-06        -5.759345222955403E-10
         9.991414546966553E-01         1.139061282628973E-06        -5.124800028788457E-10
         9.992740750312805E-01         1.197411165776430E-06        -4.979602286070417E-10
         9.993404746055603E-01         8.718401431906386E-07        -3.633247314116517E-10
         9.991845488548279E-01         1.078461764336680E-06        -4.696645294899326E-10
         9.991558790206909E-01         8.185093633983342E-07        -2.993064407430523E-10
         9.988570809364319E-01         1.235136323884944E-06        -4.630124617044373E-10
