         1.000732541084290E+00         2.678322061910876E-07        -1.132901966682809E-10
         1.001244783401489E+00         1.593764693552657E-07        -7.814707214670591E-11
         1.001262187957764E+00         1.472615167585900E-07        -8.433103521054974E-11
         1.001207232475281E+00         1.271177012540647E-07        -1.022220988411426E-10
         1.001167893409729E+00        -1.321690916711304E-07        -8.212304968002737E-12
         1.001194238662720E+00        -2.529690164010390E-07         6.597521834406095E-11
         1.001376748085022E+00        -4.279086169844959E-07         1.226492934991441E-10
         1.001033186912537E+00        -4.557314170483551E-08         2.387925577759797E-12
         1.000983476638794E+00        -2.383147261753038E-07         9.837474584939443E-11
         1.000639438629150E+00         3.527588035012741E-07        -1.337165517201200E-10
         1.000449776649475E+00         5.662744797518826E-07        -1.719982073433712E-10
         1.000551462173462E+00         5.486363079398870E-07        -1.800683491204325E-10
         1.000553011894226E+00         1.751815545958380E-07        -3.865765693666923E-11
         1.000710129737854E+00        -4.692777011428007E-08         3.543268456418502E-11
         1.000716686248779E+00        -1.851581430400984E-07         9.966920344606223E-11
         1.000451564788818E+00         1.982749751050505E-07        -3.433646769690490E-11
         1.000052928924561E+00         9.856789802142885E-07        -3.237838885894462E-10
         1.000101685523987E+00         7.218968676170334E-07        -2.267269150202367E-10
         1.000285744667053E+00         3.354930981913640E-07        -8.810204649156717E-11
         1.000282645225525E+00         2.273622641268958E-07        -5.254723392522642E-11
         1.000255584716797E+00         1.294415739039323E-07        -1.895173601385025E-11
         1.000379681587219E+00        -2.612829952397533E-08         3.947228308098794E-11
         1.000563740730286E+00        -2.195076547195640E-07         9.022545904846524E-11
         1.000583529472351E+00        -3.303835853785131E-07         1.223558199203723E-10
         1.000416040420532E+00        -9.107809262332012E-08         3.908500606497611E-11
         1.000339865684509E+00        -7.264159762598865E-08         1.784068899557401E-11
         1.000346302986145E+00         9.831055081122031E-08        -3.968751369209933E-11
         1.000285387039185E+00        -2.926740272357620E-08        -1.336298259546620E-12
         1.000509977340698E+00        -3.832353172583680E-07         1.288036483027000E-10
         1.000308156013489E+00        -8.540015272728851E-08         2.684813309172807E-11
         1.000367760658264E+00        -2.682753574845265E-07         8.966100778495800E-11
         1.000367283821106E+00        -2.746468794612156E-07         7.132799906273135E-11
         1.000495553016663E+00        -8.087690162028593E-07         2.681054267483773E-10
         1.000251412391663E+00        -4.858151214648387E-07         1.864405296814198E-10
         1.000231385231018E+00        -3.333149436457461E-07         1.313375103118020E-10
         1.000288009643555E+00        -2.274971251381430E-07         7.744609814563930E-11
         1.000091314315796E+00        -7.419920677875780E-08         3.180689739368248E-11
         9.998114109039307E-01        -1.081929852375652E-07         5.091278093560803E-11
         9.997687935829163E-01        -9.301570003117376E-08         6.458897999772617E-11
         9.996197819709778E-01         2.248401074211870E-07        -4.516867782577982E-11
         9.995446205139160E-01         4.637252004613401E-07        -1.365700330602237E-10
         9.993472695350647E-01         8.448488415524480E-07        -3.344167442964618E-10
         9.998101592063904E-01        -8.947824881033739E-08         5.011634857110536E-11
         9.996305108070374E-01         2.193509374137648E-08         5.166323618910340E-11
         9.995465874671936E-01         1.427842590828732E-07         2.048352806816034E-11
         9.993645548820496E-01         3.680211477785633E-07        -6.905739868834360E-11
         9.993774294853210E-01         5.497907977769501E-07        -1.460385146145882E-10
         9.992974400520325E-01         4.451744644029532E-07        -1.074247357735203E-10
         9.993506669998169E-01         5.974874852654466E-07        -2.177759084176500E-10
         9.992892146110535E-01         5.411961296886147E-07        -1.477855199327749E-10
         9.995284080505371E-01         3.505666938963259E-07        -1.031078417090825E-10
         9.994252324104309E-01         4.331358809395169E-07        -1.480437855638783E-10
         9.995723366737366E-01         2.652340356235072E-07        -9.455319860407485E-11
         9.994647502899170E-01         4.007120253390895E-07        -1.466181204223815E-10
         9.995155930519104E-01         2.987756602124136E-07        -1.030551199932006E-10
         9.991094470024109E-01         7.424614523188211E-07        -2.526653331003104E-10
         9.991134405136108E-01         6.399358767339436E-07        -2.029856699392596E-10
         9.990243315696716E-01         6.008477839714033E-07        -1.875635341486159E-10
         9.990592002868652E-01         8.221320513257524E-07        -2.780947694347446E-10
         9.990403056144714E-01         8.892259870663111E-07        -3.123742098321003E-10
         9.992182850837708E-01         6.480715342149779E-07        -2.150968986258661E-10
         9.992451071739197E-01         5.952195465397381E-07        -2.033878759855057E-10
         9.993653297424316E-01         4.618787556864845E-07        -1.263592563915950E-10
         9.994167685508728E-01         2.070074316407045E-07        -2.967593185077000E-11
         9.994487166404724E-01        -5.770430799856285E-09         4.972398881530893E-11
         9.991830587387085E-01         1.794273742916630E-07        -5.302601240042559E-12
         9.991017580032349E-01         4.058194633671519E-07        -7.985778011088129E-11
         9.993411302566528E-01         1.760068357725686E-07        -8.405636429953400E-12
         9.993655085563660E-01        -5.396471536300851E-08         8.000688306308845E-11
         9.993648529052734E-01        -1.301312835266799E-07         1.003608168792525E-10
         9.995533227920532E-01        -2.947534198938229E-07         1.405262017861730E-10
         9.996520876884460E-01        -2.569166497323749E-07         1.141982411412279E-10
         9.996179938316345E-01        -1.375528455582753E-07         6.342044944762648E-11
         9.995439052581787E-01         1.911433002987906E-07        -7.497983484094917E-11
         9.994638562202454E-01         1.095836950071316E-07        -3.655604985386418E-11
         9.995692372322083E-01        -3.498294098847055E-09         1.822825397568284E-11
         9.995812177658081E-01        -2.265096910036846E-08         3.436156220670838E-11
         9.996697306632996E-01        -1.477458653198482E-07         9.623249419554725E-11
         9.996345043182373E-01        -6.463380941568175E-08         5.800263394584171E-11
         9.995260238647461E-01        -1.335202259866719E-08         5.065558389416580E-11
         9.998588562011719E-01        -2.884710852413264E-07         1.243645325610387E-10
         9.997948408126831E-01        -6.997738921654673E-08         1.250246087214357E-11
         9.997963309288025E-01         1.135362452941990E-07        -4.220243945973756E-11
         9.998770356178284E-01        -3.190357844573555E-08         1.542084862582449E-11
         1.000123977661133E+00        -3.915612865057483E-07         1.526495457815358E-10
         1.000304341316223E+00        -5.350802325665427E-07         1.735819266102112E-10
         1.000272750854492E+00        -2.108298673419995E-07         3.847566362735755E-11
         1.000324368476868E+00        -1.662407811409139E-07         1.638698551853501E-11
         1.000361204147339E+00        -2.511779939595726E-07         4.596277872193077E-11
         1.000428080558777E+00        -1.459382161783651E-07         1.169287583424605E-11
         1.000035881996155E+00         3.117501421456836E-07        -1.230567592269693E-10
         1.000013828277588E+00         2.298856855986742E-07        -9.691961816438166E-11
         1.000031352043152E+00         2.045693037189267E-07        -7.441131738561424E-11
         9.996879100799561E-01         5.796749178443861E-07        -2.159616097063832E-10
         9.996965527534485E-01         6.782978516639560E-07        -2.419618949645042E-10
         9.997106194496155E-01         5.328179213393014E-07        -1.963478407640551E-10
         9.998111724853516E-01         3.032007782621804E-07        -1.353476358767480E-10
         1.000032663345337E+00         1.339170978553739E-07        -8.735049489283497E-11
         9.999311566352844E-01        -3.558795569347240E-08         4.649054578809153E-12
         1.000040411949158E+00        -1.235146527278630E-07         5.062503194430690E-11
         1.000020027160645E+00        -3.245179414079757E-08         1.576724341367797E-11
         9.998422265052795E-01         2.765170279417362E-07        -9.948609991372592E-11
         1.000057458877563E+00         1.797484969756624E-07        -7.838544396898683E-11
         1.000173926353455E+00        -2.094721551770817E-08        -1.776765540251191E-11
         9.999203085899353E-01         3.548869074165850E-07        -1.557718676270525E-10
         1.000293016433716E+00        -8.793340100510250E-08         8.333781581493227E-12
         1.000442981719971E+00        -4.420691084305872E-07         1.601781624005483E-10
         1.000499486923218E+00        -3.403651476219238E-07         1.323823550780645E-10
         1.000531435012817E+00        -3.077174142163130E-07         1.291001888725773E-10
         1.000528216362000E+00        -3.687612490921310E-07         1.401784938126482E-10
         1.000597834587097E+00        -4.842414682570961E-07         1.622001560841468E-10
         1.000446200370789E+00        -2.756100059286837E-07         8.945703205975875E-11
         1.000110030174255E+00         3.571100819499406E-07        -1.370920182930391E-10
         1.000362396240234E+00        -3.794520608835228E-08         1.085686106446458E-13
         1.000510931015015E+00        -5.539925496123033E-07         1.934340743137142E-10
         1.000101923942566E+00        -1.738597319445034E-07         6.952682179983682E-11
         1.000066757202148E+00        -2.075166349868596E-07         8.481178259689415E-11
         1.000041007995605E+00        -2.929694460362953E-07         1.124419793385734E-10
         9.999358654022217E-01        -9.109469090162747E-08         3.737054068975176E-11
         9.997756481170654E-01         5.873017627777699E-08         6.715339655877228E-12
         9.998466372489929E-01        -1.109343941152474E-07         5.520593010510666E-11
         9.996597766876221E-01         2.872007200949156E-07        -9.002107392852565E-11
         9.998401999473572E-01         2.877628446640301E-07        -1.044298258978671E-10
         9.998392462730408E-01         1.616393774384051E-07        -6.296830418195398E-11
         9.999768733978271E-01        -3.166838169477160E-08        -2.308220801994221E-11
         1.000076889991760E+00         1.086401546501747E-08        -4.509506656980022E-11
         1.000074505805969E+00        -5.356415400115111E-08        -1.596832388539582E-11
         1.000088453292847E+00        -1.136780056754105E-07         1.767605159463947E-11
         9.999409914016724E-01         5.643955347522933E-08        -2.547328493973655E-11
         9.997866749763489E-01         1.296831584340907E-07        -3.129181289085459E-11
         9.998685717582703E-01         7.983178562653848E-08        -3.845250853840021E-11
         9.999605417251587E-01        -1.126379345350870E-08        -1.051900407056383E-11
         1.000118851661682E+00        -1.409369190241705E-07         3.378989102409413E-11
         1.000060081481934E+00        -1.015604169651851E-07         3.420953104127378E-11
         1.000057816505432E+00         2.573117008353165E-08        -2.922659683712858E-11
         1.000239491462708E+00        -1.571030878722013E-07         3.536619261335083E-11
         1.000221252441406E+00        -1.999107297478986E-07         5.149141182880790E-11
         1.000246882438660E+00        -2.507850638266973E-07         5.279259668311553E-11
         1.000500202178955E+00        -5.316530860000057E-07         1.463118376454631E-10
         1.000323891639709E+00        -4.032127094433235E-07         1.002372004843544E-10
         1.000092506408691E+00        -1.836796315046740E-07         2.348224739656679E-11
         9.999840259552002E-01        -6.756563641907576E-10        -2.011464259044082E-11
         9.999828338623047E-01        -2.916779351380683E-08         3.712634366603851E-12
         9.999408125877380E-01         7.141440327984583E-09        -1.830397639013270E-11
         9.999537467956543E-01        -1.474917610266857E-07         3.852888147415356E-11
         9.999863505363464E-01        -1.906934272710714E-07         7.117755690400074E-11
         9.998598098754883E-01        -1.849876518633664E-08         5.921583536017128E-12
         9.998783469200134E-01        -2.125366194150047E-07         7.927503792304336E-11
         1.000132083892822E+00        -6.303786221906194E-07         2.321739051014404E-10
         1.000041842460632E+00        -4.475161290429241E-07         1.774375368857051E-10
         1.000027656555176E+00        -4.268276825314388E-07         1.746238154076707E-10
         1.000056028366089E+00        -3.507679480208026E-07         1.261775545158272E-10
         1.000199079513550E+00        -3.307378619865631E-07         1.080299044664557E-10
         1.000176787376404E+00        -7.987495820316326E-08         2.729915772603508E-11
         1.000037789344788E+00         1.753036542595510E-07        -5.910959222088508E-11
         9.999617934226990E-01         2.443161974952091E-07        -7.880537888915740E-11
         1.000046849250793E+00         1.616956808447867E-07        -4.699200403801562E-11
         1.000058650970459E+00         8.561541697815755E-09        -3.129102445903476E-12
         9.999378323554993E-01        -8.518404115420708E-08         3.812746646181253E-11
         9.998466372489929E-01        -2.883447223211988E-07         1.231375001964352E-10
         9.997639656066895E-01        -6.654494910662834E-08         3.260238606861421E-11
         9.999178647994995E-01        -3.643834816102753E-07         1.264616050766776E-10
         9.999147057533264E-01        -4.745260753225011E-07         1.615666767040835E-10
         9.996411204338074E-01        -2.105750809278106E-07         5.588537618783640E-11
         9.995995163917542E-01        -2.962176779419678E-07         9.469674350226498E-11
         9.993709325790405E-01        -2.991300505073013E-07         1.021950718493869E-10
         9.993566274642944E-01        -7.167753324210935E-07         2.583760427832260E-10
         9.990940690040588E-01        -6.255627909013128E-07         2.260772680173773E-10
         9.990846514701843E-01        -6.021164153935388E-07         2.069512894387060E-10
         9.991599917411804E-01        -7.702918765062350E-07         2.544051358466248E-10
         9.992399811744690E-01        -1.138492393693014E-06         3.812595794627782E-10
         9.991659522056580E-01        -1.154439473793900E-06         3.826898520298272E-10
         9.991922974586487E-01        -1.146649765360053E-06         3.654659908036706E-10
         9.991886019706726E-01        -1.376753516524332E-06         4.560684885301924E-10
         9.990818500518799E-01        -1.483062419538328E-06         5.066553843136035E-10
         9.988292455673218E-01        -1.458563360756671E-06         5.192836716183535E-10
         9.990376830101013E-01        -2.088090468532755E-06         7.491420261906967E-10
         9.989704489707947E-01        -2.052376430583536E-06         7.322978334833863E-10
         9.989146590232849E-01        -2.154799403797369E-06         7.705028282067872E-10
         9.987727403640747E-01        -2.122115574820782E-06         7.544535551851084E-10
         9.986881017684937E-01        -2.014815436268691E-06         6.930290785689408E-10
         9.987053275108337E-01        -2.163372755603632E-06         7.294408965741184E-10
         0.000000000000000E+00         0.000000000000000E+00         0.000000000000000E+00
         0.000000000000000E+00         0.000000000000000E+00         0.000000000000000E+00
         0.000000000000000E+00         0.000000000000000E+00         0.000000000000000E+00
         0.000000000000000E+00         0.000000000000000E+00         0.000000000000000E+00
         0.000000000000000E+00         0.000000000000000E+00         0.000000000000000E+00
         0.000000000000000E+00         0.000000000000000E+00         0.000000000000000E+00
         0.000000000000000E+00         0.000000000000000E+00         0.000000000000000E+00
         1.001661539077759E+00         1.136756623054680E-06        -3.595200526174125E-10
         1.001709222793579E+00         1.273257339562406E-06        -4.174974255199970E-10
         1.001673936843872E+00         1.374064822812215E-06        -4.486377380708007E-10
         1.001534700393677E+00         1.392067588312784E-06        -4.529075725567822E-10
         1.001404523849487E+00         1.436912612007291E-06        -4.856218760451725E-10
         1.001516580581665E+00         9.717695093058865E-07        -3.111014224010944E-10
         1.001478195190430E+00         8.428079354416695E-07        -2.753965666624225E-10
         1.001358985900879E+00         8.807668336885399E-07        -3.006513371595076E-10
         1.001190781593323E+00         9.716873137222137E-07        -3.429946604516232E-10
         1.000940918922424E+00         1.277227852369833E-06        -4.632037253760046E-10
         1.000952720642090E+00         1.136370997301128E-06        -4.329536451574967E-10
         1.000927090644836E+00         1.037964011629811E-06        -3.997185360482547E-10
         1.000777482986450E+00         8.836732376948930E-07        -3.260696435081201E-10
         1.000565171241760E+00         1.191662477140198E-06        -4.601243275281774E-10
         1.000485301017761E+00         9.509478786640102E-07        -3.276559301657045E-10
         1.000417828559875E+00         9.971919325835188E-07        -3.546779536733879E-10
         1.000481605529785E+00         8.814765237730171E-07        -3.093932332554061E-10
         1.000582098960876E+00         5.502878366314690E-07        -1.995237863816612E-10
         1.000466823577881E+00         6.848108000667708E-07        -2.680576594027428E-10
         1.000358939170837E+00         6.583169351870310E-07        -2.516658270668160E-10
         1.000509023666382E+00         4.254031296113681E-07        -1.925363757315779E-10
         1.000521659851074E+00         2.989949621223786E-07        -1.407722549640056E-10
         1.000360250473022E+00         4.581301027428708E-07        -1.859697118522519E-10
         1.000219225883484E+00         4.379202209747746E-07        -1.632005780516366E-10
         1.000166535377502E+00         2.926710465089855E-07        -1.069282509758018E-10
         1.000220656394958E+00         3.936516534963630E-08        -2.976383722819165E-11
         1.000158548355103E+00         7.581240879517281E-08        -2.557533004821089E-11
         1.000121951103210E+00         1.796023809674807E-07        -5.819911219617779E-11
         1.000117659568787E+00         1.100500028883289E-07        -2.180413141705806E-11
         1.000088334083557E+00         5.939764946560899E-08        -2.784077135498109E-11
         9.999971985816956E-01         1.160819067536067E-07        -4.782665236069406E-11
         1.000096559524536E+00         3.482897881212921E-08        -7.894260765917149E-12
         1.000285625457764E+00        -1.131030913370523E-07         4.032485109717321E-11
         1.000328302383423E+00        -4.870871634921059E-07         2.078455602072538E-10
         1.000066518783569E+00        -2.418179860796954E-07         1.345232952809639E-10
         9.999844431877136E-01        -6.334442304023469E-08         3.297299933091580E-11
         9.999129772186279E-01        -3.486238853156465E-08         2.020816500247768E-11
         9.998065829277039E-01         2.609936302633287E-07        -8.999057055092408E-11
         9.998070597648621E-01         3.023527881396149E-07        -1.045392314380500E-10
         9.995219111442566E-01         7.216708581836428E-07        -2.481222449723930E-10
         9.995685219764709E-01         7.435827455992694E-07        -2.747719551887684E-10
         9.994962811470032E-01         8.689102628522960E-07        -3.272455917358030E-10
         9.995780587196350E-01         5.910586082791269E-07        -2.308484237101283E-10
         9.997246265411377E-01         4.159952595728100E-07        -1.702793461788588E-10
         9.996748566627502E-01         5.429793077382783E-07        -2.095447149130791E-10
         9.996647834777832E-01         5.097624580230331E-07        -1.891963807842956E-10
         9.995886683464050E-01         5.955515121058852E-07        -2.093670237179879E-10
         9.996573925018311E-01         3.856964951864938E-07        -1.262525084477772E-10
         9.996161460876465E-01         4.882660391558602E-07        -1.606990790437024E-10
         9.997286796569824E-01         3.556594663223223E-07        -1.319599984839215E-10
         9.998391270637512E-01         2.777646841423120E-07        -1.206070382453461E-10
         9.999513626098633E-01         1.155233775307352E-08        -1.299705482127322E-11
         9.998733401298523E-01         1.540266509891808E-07        -7.173666521920197E-11
         9.997361898422241E-01         2.066536382017148E-07        -7.813438090975566E-11
         9.996206164360046E-01         2.625087063279352E-07        -7.973284532614144E-11
         9.998059868812561E-01        -1.710931059051291E-07         7.963655429543692E-11
         9.996013641357422E-01         4.199603722554457E-07        -1.431881002655899E-10
         9.996006488800049E-01         2.584110347925161E-07        -8.514936672421314E-11
         9.994181990623474E-01         3.927322609342809E-07        -1.307485092416627E-10
         9.995480775833130E-01         7.409764180010825E-08        -2.249435880619099E-11
         9.994281530380249E-01         1.006611469733798E-07        -7.003640722924587E-12
         9.995422363281250E-01        -1.786157639571684E-07         6.614336856003433E-11
         9.994394779205322E-01        -7.499944842948025E-08         3.145261828763068E-11
         9.995353817939758E-01        -1.377134850599759E-07         5.156645596637865E-11
         9.995695948600769E-01        -2.331003834399326E-08         1.726566112303374E-11
         9.995889663696289E-01        -2.915596439834189E-07         1.421436301995982E-10
         9.994733333587646E-01        -2.824157085967727E-08         2.162196116595183E-11
         9.995598793029785E-01        -1.552278661165474E-07         8.383111566034884E-11
         9.994664788246155E-01         2.181161704584156E-07        -7.811900432086460E-11
         9.993982315063477E-01         2.964268617233756E-07        -8.793977351873039E-11
         9.994461536407471E-01         3.087657205469441E-07        -1.065993265880749E-10
         9.995246529579163E-01         1.617311369273011E-07        -7.134542262532406E-11
         9.994984865188599E-01         3.420661016662052E-07        -1.439460911578649E-10
         9.997380375862122E-01         1.355298593352927E-07        -6.687501941105012E-11
         9.998855590820312E-01         3.887369359745207E-08        -5.108214198856764E-11
         9.998833537101746E-01        -1.138820948654029E-07         3.551856378458673E-11
         9.996393322944641E-01         2.677199120171281E-07        -9.815799562051808E-11
         9.998443126678467E-01        -8.984521571164805E-08         3.734462392102067E-11
         9.998959898948669E-01        -2.363843663033549E-07         9.080036028619176E-11
         9.999662041664124E-01        -3.385880518180784E-07         1.259571058565001E-10
         1.000130176544189E+00        -5.175421051717422E-07         1.850856551355307E-10
         9.999055862426758E-01        -2.415823807666584E-08         1.060425293582246E-12
         9.998543262481689E-01         1.317094842079314E-07        -8.716328353530756E-11
         9.997902512550354E-01         4.024324482543307E-07        -1.817954120575394E-10
         9.998663067817688E-01         2.933816745098738E-07        -1.421961576264508E-10
         1.000080823898315E+00         1.797291275806856E-07        -8.123449135588601E-11
         1.000170826911926E+00        -4.011078402754720E-08         2.036836324603719E-11
         1.000152587890625E+00        -1.079669047499010E-07         4.533695641129043E-11
         1.000018954277039E+00         3.319378905075610E-08         8.542806219369314E-12
         1.000115156173706E+00         5.186121310174485E-09         6.138577059860983E-12
         1.000241279602051E+00        -2.914638628226385E-07         1.094927412625957E-10
         1.000111937522888E+00        -2.828035974289378E-07         1.226194423775695E-10
         9.999751448631287E-01        -1.963287132866753E-07         8.884250279894701E-11
         1.000034213066101E+00        -2.321255720971749E-07         9.872757472662030E-11
         1.000095248222351E+00         1.250672276853493E-08         1.445513847508906E-12
         1.000168681144714E+00        -9.049556126683456E-08         5.635559380268162E-11
         9.998165369033813E-01         4.048021082780906E-07        -1.206018618304938E-10
         9.997922778129578E-01         1.498575983305273E-07        -1.330136088079081E-11
         9.998736977577209E-01         1.526249775452015E-07        -2.852790573215636E-11
         9.996508955955505E-01         6.033982913322689E-07        -2.044985708549163E-10
         9.995452165603638E-01         4.950763923261547E-07        -1.679344580063358E-10
         9.996847510337830E-01         3.045454093353328E-07        -1.012732675498285E-10
         9.997807741165161E-01         3.140384592370538E-07        -1.139393440707792E-10
         9.999805688858032E-01         1.450737272534752E-07        -5.286505608270708E-11
         9.998277425765991E-01         4.089663150352862E-07        -1.530631316137843E-10
         9.999577999114990E-01         9.350820562303852E-08        -4.380537252379746E-11
         1.000038027763367E+00        -3.931366521214841E-08        -7.906357860076874E-12
         9.998891949653625E-01         1.902045170254496E-07        -7.978879362768865E-11
         9.997251629829407E-01         3.314810044230398E-07        -1.236279828509268E-10
         9.997717738151550E-01         7.264304713316960E-08        -3.234518555772503E-11
         9.996937513351440E-01         2.006525079423227E-07        -8.455063038592669E-11
         9.998519420623779E-01         9.693610536487540E-08        -5.558955032403112E-11
         1.000066518783569E+00        -1.105452511751537E-07         2.259290844686124E-11
         9.999368190765381E-01         3.690609560180746E-07        -1.572334207278203E-10
         1.000143051147461E+00         4.382726359608569E-08        -1.581889480517518E-11
         1.000116467475891E+00         1.742091484402408E-07        -8.165790266190243E-11
         1.000110626220703E+00         3.633060998708970E-07        -1.789116355066511E-10
         9.999676346778870E-01         6.704116799483018E-07        -2.804662058153440E-10
         1.000034213066101E+00         7.031379709587782E-07        -3.054046182615622E-10
         1.000065326690674E+00         1.223414329842853E-07        -5.448654374906603E-11
         9.999105334281921E-01         2.737485260695394E-07        -1.075102715186738E-10
         1.000031948089600E+00         6.258623130861452E-08        -4.140315174039344E-11
         1.000000238418579E+00         1.595646352825497E-07        -6.986240752571149E-11
         1.000099420547485E+00        -5.198025121444516E-08         1.074879855261779E-11
         1.000160455703735E+00        -2.148389626199787E-07         8.140149665436525E-11
         1.000323534011841E+00        -3.170667639551539E-07         1.074238753506762E-10
         1.000149130821228E+00        -2.676755173069978E-07         1.062984977817649E-10
         1.000041246414185E+00        -1.766828461313708E-07         8.575912896491289E-11
         9.998192787170410E-01         3.116487619081454E-07        -8.858486166829493E-11
         1.000108242034912E+00         4.702288336488891E-08         2.064088136521924E-11
         1.000246405601501E+00        -1.523370656286716E-07         8.537260481888964E-11
         1.000142455101013E+00        -1.181779936132443E-07         7.184403766347103E-11
         1.000130772590637E+00        -1.011100465575510E-07         5.337716033060325E-11
         1.000074267387390E+00        -1.851634294780524E-07         8.696421360809836E-11
         1.000048875808716E+00         5.968405503153917E-08        -3.159276659725485E-11
         9.998201131820679E-01        -3.901933780525724E-07         1.563163903872677E-10
         9.999040365219116E-01        -2.528421418901416E-07         9.045574012045421E-11
         1.000004768371582E+00        -2.888480139517924E-07         1.348297862246994E-10
         1.000050067901611E+00        -1.021097730813381E-07         5.469087335785439E-11
         1.000135064125061E+00        -2.264407328311790E-07         9.519102867061591E-11
         9.999549388885498E-01         2.966310530538863E-09         1.262598272461224E-11
         1.000007271766663E+00        -1.674607545965046E-07         6.914018663151111E-11
         1.000359058380127E+00        -5.126297537572100E-07         1.924715942180910E-10
         9.998147487640381E-01        -1.079020517380513E-08         1.749226111180668E-11
         9.998025894165039E-01        -2.145690416455182E-07         1.005387370578426E-10
         9.995916485786438E-01         1.287061053290017E-07        -3.245572213761427E-11
         9.996820688247681E-01         3.581135672447999E-07        -1.297263685362537E-10
         9.999656081199646E-01         2.213746341794831E-07        -6.793245133085435E-11
         1.000009059906006E+00         1.663811701746454E-07        -4.502858502730689E-11
         1.000386118888855E+00        -4.742849455396936E-07         2.026015605283149E-10
         1.000001072883606E+00         1.203299433427674E-07        -2.271362438410751E-11
         9.999464154243469E-01         3.600214029120252E-07        -1.283546879893294E-10
         1.000331163406372E+00        -5.978828880870424E-07         2.210551047765463E-10
         9.998119473457336E-01        -6.085145543011095E-08         1.156795579465575E-11
         9.996903538703918E-01        -1.759828620606640E-07         6.298134236359942E-11
         9.993162751197815E-01         1.912474232312888E-07        -8.271815177263164E-11
         9.990119338035583E-01         5.428064469015226E-07        -2.240644336737319E-10
         9.990855455398560E-01         2.932592622073571E-07        -1.434264512711891E-10
         9.989527463912964E-01         1.079694840200318E-07        -6.861746587594197E-11
         9.987392425537109E-01         4.723446522802988E-08        -1.928789072902504E-11
         9.986379742622375E-01         1.158630098530011E-07        -3.818274862954496E-11
         9.988027215003967E-01        -1.295186393690528E-07         5.661544497104209E-11
         9.986026883125305E-01         8.454424005321926E-08        -3.788478905586423E-11
         9.987434744834900E-01        -4.199842464913672E-07         1.680845185259017E-10
         9.983758330345154E-01        -1.539602045852462E-08        -3.276875949406732E-12
         9.982526302337646E-01         1.150884259004670E-07        -9.025014069408144E-11
         9.982558488845825E-01        -4.765924543903566E-09        -4.039671028244207E-11
         9.980112314224243E-01         2.070587612479358E-07        -1.111075467741252E-10
         9.979591965675354E-01         1.921395131887493E-08        -6.437534533221267E-11
         9.977281689643860E-01         5.537945213518469E-08        -6.715086126041214E-11
         9.975985884666443E-01         1.805905327501023E-07        -1.120420492495278E-10
         9.973335266113281E-01         3.798453462877660E-07        -2.012325306388618E-10
         9.969698190689087E-01         6.333429496407916E-07        -2.952373345799231E-10
         9.968551397323608E-01         4.707037817297532E-07        -2.379973162991433E-10
         9.966688156127930E-01         5.413911594587262E-07        -2.645852703597740E-10
         9.964281320571899E-01         7.379014164143882E-07        -3.281236671259791E-10
         9.963021278381348E-01         7.095945875335019E-07        -3.190726294288737E-10
         0.000000000000000E+00         0.000000000000000E+00         0.000000000000000E+00
         0.000000000000000E+00         0.000000000000000E+00         0.000000000000000E+00
         0.000000000000000E+00         0.000000000000000E+00         0.000000000000000E+00
         0.000000000000000E+00         0.000000000000000E+00         0.000000000000000E+00
         0.000000000000000E+00         0.000000000000000E+00         0.000000000000000E+00
         0.000000000000000E+00         0.000000000000000E+00         0.000000000000000E+00
         0.000000000000000E+00         0.000000000000000E+00         0.000000000000000E+00
         1.003567457199097E+00        -7.259825451910729E-07         3.059650865999686E-10
         1.003489136695862E+00        -7.033859219518490E-07         2.913686236727386E-10
         1.003289461135864E+00        -6.833687962171098E-07         2.991488168291312E-10
         1.003179669380188E+00        -6.201621545187663E-07         2.711843527514191E-10
         1.003105759620667E+00        -6.398169034582679E-07         2.755847494650965E-10
         1.002788901329041E+00        -3.394890200070222E-07         1.620322626072479E-10
         1.002617955207825E+00        -2.541684409607115E-07         1.176533453994821E-10
         1.002482533454895E+00        -3.260558116835455E-07         1.397798266022932E-10
         1.002371907234192E+00        -2.484670460489724E-07         1.057227291823004E-10
         1.002234339714050E+00        -3.303569258150674E-07         1.506903768433432E-10
         1.002098321914673E+00        -4.891630851489026E-07         2.039844404500002E-10
         1.001932263374329E+00        -4.299375859773136E-07         1.843791230804470E-10
         1.002093791961670E+00        -5.143517682881793E-07         2.098339141332062E-10
         1.001944303512573E+00        -2.910377077114390E-07         1.341897010176396E-10
         1.001705527305603E+00        -1.108389469095528E-07         6.618872810948417E-11
         1.001522779464722E+00        -1.947242083133460E-07         8.221371500249930E-11
         1.001477479934692E+00        -3.276257984907716E-07         1.398779009287310E-10
         1.001201391220093E+00        -2.176096955963658E-07         1.118379486242382E-10
         1.000849127769470E+00         9.378018006600541E-08         4.998452606680415E-12
         1.000773787498474E+00         1.072372839416857E-07        -2.482438039852486E-11
         1.000839114189148E+00        -1.503925091128622E-07         6.017500386867880E-11
         1.000651359558105E+00        -8.374773585728690E-08         3.789581148883059E-11
         1.000527977943420E+00        -6.236761151967585E-08         4.035283218684071E-11
         1.000584721565247E+00        -2.139346122476127E-07         9.774412529361953E-11
         1.000484704971313E+00        -1.203779476099953E-07         5.466601477044364E-11
         1.000422596931458E+00        -2.230693212368351E-07         9.292216995859803E-11
         1.000349760055542E+00         1.686741235573663E-08         5.876295110229801E-12
         1.000252008438110E+00         6.941056795994882E-08        -4.232948193350072E-12
         1.000260114669800E+00        -6.028069066132957E-08         5.138904926593746E-11
         1.000051975250244E+00         6.385396034147561E-08        -5.795589268914325E-12
         1.000001430511475E+00         3.976153806206639E-08         1.817034912289517E-12
         9.999665021896362E-01         4.508037321215852E-08        -8.429127187903340E-12
         9.999381899833679E-01         7.817226332917926E-08        -1.161039060032509E-11
         9.998549222946167E-01         3.536966062256397E-07        -1.090583873208928E-10
         1.000007390975952E+00         3.065811711167044E-07        -1.028005527925480E-10
         9.999419450759888E-01         2.755153332145710E-07        -8.817310770403708E-11
         1.000030279159546E+00         1.431418326092171E-07        -4.842341805311179E-11
         1.000111222267151E+00         9.402602074715105E-08        -2.760689940539685E-11
         1.000216841697693E+00        -1.031466112522139E-07         1.912641399426374E-11
         1.000087738037109E+00         7.981022953629235E-09         1.366359282661822E-12
         1.000177741050720E+00        -1.346852229744400E-07         6.516464451378212E-11
         1.000168204307556E+00         5.098844013673443E-09         3.545772616492249E-12
         1.000268220901489E+00        -1.327172327592052E-07         6.252502682269068E-11
         1.000013113021851E+00         6.617538161890479E-08        -1.862670608032690E-11
         1.000018954277039E+00        -1.671848792739183E-07         6.932482365940018E-11
         9.998229742050171E-01        -2.527961617815322E-09         8.956609759414036E-12
         9.999438524246216E-01        -2.355005364051976E-07         7.340530960853187E-11
         9.998487830162048E-01        -2.701959012085808E-08        -9.549436762179564E-12
         9.998188018798828E-01        -9.652487165112689E-08         3.066231296644517E-11
         9.998658299446106E-01        -5.435354211158483E-08         2.452655960272221E-11
         9.999207854270935E-01        -1.432933487421906E-07         6.397788548939687E-11
         9.999769926071167E-01        -1.618352456489447E-07         5.837496458438451E-11
         9.999818801879883E-01        -1.220480214669806E-07         5.447860218499301E-11
         1.000051140785217E+00        -1.254820034546356E-07         5.512027986820378E-11
         1.000124931335449E+00         1.543990748587021E-07        -4.967578431935848E-11
         1.000197529792786E+00        -1.034252576914696E-07         5.460890073472058E-11
         1.000174522399902E+00        -8.040845500545402E-08         4.888930232871402E-11
         9.999723434448242E-01         1.420903146254204E-07        -3.230036377255274E-11
         9.998281002044678E-01         2.523728710457362E-07        -7.502726218078237E-11
         9.998103380203247E-01         1.302214229781384E-07        -2.391577387517163E-11
         9.996880888938904E-01         2.888220649310824E-07        -8.919592842104862E-11
         9.994828104972839E-01         6.059897827981331E-07        -1.967691426463247E-10
         9.995862841606140E-01         5.348654781300866E-07        -1.834793844635030E-10
         9.997336268424988E-01         4.370364479200362E-07        -1.299503005203206E-10
         9.998614788055420E-01         3.616548269747000E-07        -1.221101136872349E-10
         9.996514320373535E-01         5.646061822517368E-07        -1.832452245498217E-10
         9.997043013572693E-01         5.012952897232026E-07        -1.620052286765983E-10
         9.997605085372925E-01         4.658630530229857E-07        -1.459887211119337E-10
         9.997228384017944E-01         4.268664781648113E-07        -1.323085807580782E-10
         9.997032284736633E-01         3.677410234104173E-07        -1.292210088932322E-10
         9.997652769088745E-01         2.766277304999676E-07        -1.058752668869900E-10
         9.998124241828918E-01         3.175169069891126E-07        -1.203640798141947E-10
         9.999516010284424E-01         1.096656419008468E-07        -4.849387558181206E-11
         1.000066161155701E+00         8.507699789106482E-08        -3.608985332803627E-11
         9.999592900276184E-01         3.174824314555735E-07        -1.325055482004345E-10
         1.000056505203247E+00         2.560823020303360E-07        -9.253777605300328E-11
         9.999760985374451E-01         1.595920480212953E-07        -5.548827369805664E-11
         9.998995065689087E-01         2.271542882681388E-07        -9.184333155110025E-11
         9.999009370803833E-01         1.666878830519636E-07        -5.734580171834480E-11
         9.998489022254944E-01         2.562426288932329E-07        -9.679077678237391E-11
         9.999374151229858E-01         2.362359339258546E-07        -9.319697097387447E-11
         9.999785423278809E-01         4.099383232869513E-08        -2.216796191056858E-11
         9.998582005500793E-01        -5.683830295311054E-08         1.341793863518514E-11
         9.997452497482300E-01         3.190742114966838E-09        -3.452181899718521E-12
         9.996051192283630E-01         2.050753238336256E-07        -8.574164295227504E-11
         9.996071457862854E-01         1.415439498941851E-07        -7.397554097066106E-11
         9.995290040969849E-01         1.340751794032258E-07        -4.986700635756236E-11
         9.995357394218445E-01         1.532980888896418E-07        -6.283280840069239E-11
         9.995562434196472E-01         1.624562173674349E-07        -7.026012410760174E-11
         9.996753931045532E-01        -6.545489927844983E-09         5.094914941328188E-12
         9.995679855346680E-01         2.675242782856913E-08        -1.352726524544989E-11
         9.995419383049011E-01         7.983327066085621E-08        -3.178671215131601E-11
         9.996929764747620E-01        -5.851143569657324E-09        -2.069876171503782E-12
         9.997998476028442E-01         5.669411962117010E-08        -1.691054241081957E-11
         9.997107386589050E-01         5.427652283174211E-08        -7.559101782017574E-12
         9.995741248130798E-01         7.272531377111591E-08         3.219253639705211E-12
         9.996246099472046E-01         1.757952219350045E-07        -3.681899923835275E-11
         9.996897578239441E-01         5.038671346824231E-08        -2.203581588033909E-11
         9.997721314430237E-01         1.896873769169360E-08         7.001732960781881E-12
         9.998501539230347E-01        -9.770877085202301E-08         6.504371347082483E-11
         0.000000000000000E+00         0.000000000000000E+00         0.000000000000000E+00
         9.994953870773315E-01         1.144398886765430E-08         1.098556055151301E-11
         9.997243881225586E-01         2.627855266723600E-08         1.381799449168275E-11
         9.997372627258301E-01         2.413785864519014E-07        -7.603083440610447E-11
         9.997842907905579E-01         2.185957441724895E-07        -6.605741648124663E-11
         9.997798800468445E-01         3.299293780401058E-07        -1.119876760768967E-10
         9.996733069419861E-01         4.085210889570590E-07        -1.597128124197766E-10
         9.996533989906311E-01         3.558888579391351E-07        -1.307039199094362E-10
         9.996625185012817E-01         3.868206306378852E-07        -1.442788388761329E-10
         9.997970461845398E-01         1.122673580766786E-07        -4.365077396761841E-11
         9.998507499694824E-01         1.150723178966473E-07        -5.537888897455545E-11
         1.000106334686279E+00        -2.223845143589642E-07         5.235476288611984E-11
         9.999321699142456E-01        -1.421688011760125E-07         2.507434017362531E-11
         9.999586343765259E-01        -2.694402212455316E-07         8.283062430392008E-11
         9.999452233314514E-01        -7.481568076173062E-08         3.964108121617960E-12
         1.000011920928955E+00        -1.583800610660546E-07         5.079457340850801E-11
         9.999074339866638E-01        -1.614294831142615E-08         5.514481666440973E-12
         1.000040054321289E+00        -1.816001571341985E-07         8.349942265395427E-11
         9.998790025711060E-01         1.613624363017152E-07        -6.487121950726760E-11
         9.999514222145081E-01         3.318913499583687E-08        -1.459517229296381E-11
         1.000208377838135E+00        -3.662386802716355E-07         1.355365125688124E-10
         1.000237703323364E+00        -3.157749972615420E-07         1.139390318205535E-10
         1.000419259071350E+00        -5.062097443442326E-07         1.810714217453935E-10
         1.000321865081787E+00        -3.659233982489241E-07         1.270006183551331E-10
         1.000297665596008E+00        -4.022737698505807E-07         1.445981667735907E-10
         1.000224947929382E+00        -2.607171154522803E-07         8.376794397024767E-11
         1.000174880027771E+00        -3.411685725041025E-07         1.139595917631908E-10
         1.000101447105408E+00        -3.109005888290994E-07         1.050167591776230E-10
         1.000023007392883E+00        -3.089598124006443E-07         1.091224402505198E-10
         1.000026702880859E+00        -2.275783970162593E-07         7.652035949323732E-11
         9.999948143959045E-01        -1.113377905426205E-07         3.613892518572470E-11
         9.998942613601685E-01        -9.626690555819550E-09         4.256917301298513E-12
         1.000000596046448E+00        -2.788552251331566E-07         1.107603800343249E-10
         9.999088644981384E-01        -1.104893172509946E-07         2.019484059145871E-11
         9.996833205223083E-01         6.740710034591757E-08        -1.874251795430659E-11
         9.996665716171265E-01         8.752656555088834E-08        -2.709367452613520E-11
         9.996552467346191E-01        -2.047777236668935E-08         4.688556400761490E-12
         9.998217225074768E-01        -7.197855467211411E-08         3.391394456930819E-11
         1.000050902366638E+00        -1.349224589830555E-07         2.976381988095689E-11
         9.999536275863647E-01        -2.825619205282237E-08        -6.271050952827428E-12
         1.000082731246948E+00        -1.680209607002325E-07         4.606707029730650E-11
         1.000102877616882E+00        -5.246709733341959E-08         6.480449423612589E-12
         1.000128149986267E+00        -1.882329137004035E-08        -1.254758623392416E-11
         1.000119566917419E+00         9.211069595949084E-08        -4.873525541460033E-11
         1.000172257423401E+00        -2.903292894984588E-08         1.360110982173701E-11
         1.000100493431091E+00         1.701039593626774E-07        -6.236791638691841E-11
         9.999110698699951E-01         6.877455120957165E-07        -2.598690429511663E-10
         1.000389814376831E+00        -3.442057732172543E-07         1.358837348197639E-10
         1.000572443008423E+00        -7.638402621523710E-07         2.812925448125725E-10
         1.000331997871399E+00        -3.974815570018109E-07         1.385087600169754E-10
         1.000267982482910E+00        -1.463740346707709E-07         4.725578262032570E-11
         1.000396966934204E+00        -2.970980972349935E-07         1.031498150783072E-10
         1.000262022018433E+00        -1.831150910902579E-07         6.601266061556643E-11
         9.998339414596558E-01         2.199767266120034E-07        -7.949697844455983E-11
         1.000170946121216E+00        -6.050929641787661E-07         2.411776056643333E-10
         9.998092651367188E-01        -1.537961082931361E-07         6.933792429109076E-11
         9.994459152221680E-01         2.754367471879959E-07        -8.432037013061944E-11
         9.992161393165588E-01         4.797970518666261E-07        -1.693788442835853E-10
         9.990584850311279E-01         5.315275188877422E-07        -1.763260926157528E-10
         9.988436698913574E-01         7.004304620750190E-07        -2.456428949138001E-10
         9.987133145332336E-01         6.219163992682297E-07        -2.064559218029061E-10
         9.984687566757202E-01         6.063827413527179E-07        -2.007404381609845E-10
         9.982834458351135E-01         6.797796459068195E-07        -2.383743757938817E-10
         9.981890916824341E-01         4.279883398794482E-07        -1.415620815015117E-10
         9.979018568992615E-01         4.817377998733718E-07        -1.789918074868169E-10
         9.976660609245300E-01         4.457511693090055E-07        -1.657486370376660E-10
         9.974652528762817E-01         4.503168327119056E-07        -1.602924182275700E-10
         9.971327185630798E-01         6.545859037032642E-07        -2.426040479619473E-10
         9.969241023063660E-01         7.802916570653906E-07        -2.854012026709540E-10
         9.967175722122192E-01         9.525618906991440E-07        -3.555304106672708E-10
         9.966009259223938E-01         8.895761425264936E-07        -3.474918408574723E-10
         9.966034889221191E-01         8.188816877918725E-07        -3.363775091802523E-10
         9.963392615318298E-01         9.823185109780752E-07        -3.963539496609769E-10
         9.961374402046204E-01         9.858140401775017E-07        -3.923971703123641E-10
         9.957516789436340E-01         1.304230636378634E-06        -5.020807103406355E-10
         9.955938458442688E-01         1.269608901566244E-06        -4.957634303082159E-10
         9.955494403839111E-01         9.938850098478724E-07        -3.822041294565537E-10
         9.954039454460144E-01         8.618529250270512E-07        -3.389483416160743E-10
         0.000000000000000E+00         0.000000000000000E+00         0.000000000000000E+00
         0.000000000000000E+00         0.000000000000000E+00         0.000000000000000E+00
         0.000000000000000E+00         0.000000000000000E+00         0.000000000000000E+00
         0.000000000000000E+00         0.000000000000000E+00         0.000000000000000E+00
         0.000000000000000E+00         0.000000000000000E+00         0.000000000000000E+00
         0.000000000000000E+00         0.000000000000000E+00         0.000000000000000E+00
         0.000000000000000E+00         0.000000000000000E+00         0.000000000000000E+00
         0.000000000000000E+00         0.000000000000000E+00         0.000000000000000E+00
         1.004233717918396E+00        -1.437923970115662E-06         5.157106408582024E-10
         1.004152655601501E+00        -1.381319862048258E-06         5.012178450058968E-10
         1.003980278968811E+00        -1.231230839948694E-06         4.485142535148867E-10
         1.003873467445374E+00        -1.244546069756325E-06         4.535963826768352E-10
         1.003801345825195E+00        -1.368198468298942E-06         4.898756400528725E-10
         1.003551125526428E+00        -1.134050421569555E-06         4.093844152563975E-10
         1.003399848937988E+00        -1.042661665451305E-06         3.773275580876145E-10
         1.003259539604187E+00        -1.100236318052339E-06         3.941718063060762E-10
         1.003086924552917E+00        -1.071177848643856E-06         3.986733998484482E-10
         1.002857923507690E+00        -9.086815566661244E-07         3.334820197764543E-10
         1.002812504768372E+00        -1.065808532985102E-06         3.817065830080679E-10
         1.002634048461914E+00        -8.735230494494317E-07         3.036263740430201E-10
         1.002631306648254E+00        -1.078324203263037E-06         3.797187286824766E-10
         1.002508044242859E+00        -9.967953928935458E-07         3.496017919601968E-10
         1.002339005470276E+00        -8.081447617769300E-07         2.927947329034453E-10
         1.002076148986816E+00        -4.639981625587097E-07         1.601624943781133E-10
         1.001848697662354E+00        -4.398894759560790E-07         1.572373203861943E-10
         1.001701951026917E+00        -3.353467832312162E-07         1.336848687305547E-10
         1.001451015472412E+00        -3.171684568314959E-07         1.258724374730846E-10
         1.001225948333740E+00        -4.572948455461301E-07         1.866031634767396E-10
         1.000819444656372E+00        -2.399679033260327E-07         1.041246325272915E-10
         1.000549674034119E+00        -1.692388593710348E-07         8.468547391116132E-11
         1.000404477119446E+00        -1.721194564652251E-07         7.508317578786006E-11
         1.000271916389465E+00        -6.556216192166175E-08         3.372720158711928E-11
         1.000118017196655E+00        -7.212929631350562E-08         2.925811329324013E-11
         9.997747540473938E-01         5.237047062678357E-08         3.994318764632965E-12
         9.997850656509399E-01         1.164696499245110E-07        -2.641562142635667E-11
         9.998100399971008E-01         1.530051179088332E-07        -3.415874527679108E-11
         9.997584223747253E-01         2.999268531311827E-07        -9.055219074571852E-11
         9.999023675918579E-01         3.417862899368629E-07        -9.726029009948789E-11
         1.000117659568787E+00         1.106009221985005E-07        -2.361175491238932E-11
         1.000175714492798E+00         2.101023852674189E-07        -7.028976012346533E-11
         1.000255823135376E+00         1.327995988731345E-07        -4.793718200168939E-11
         1.000218152999878E+00         1.829386206964045E-07        -6.810219055353173E-11
         1.000359058380127E+00         1.234557203133591E-07        -5.427949756331429E-11
         1.000287175178528E+00         1.082700862298225E-07        -5.138861905451542E-11
         1.000289440155029E+00        -1.586625586469381E-07         5.982021128447812E-11
         1.000221133232117E+00        -5.254245039054695E-08         1.210872808271590E-11
         1.000138998031616E+00         1.357885537345283E-07        -4.305071923949022E-11
         1.000236392021179E+00        -6.358931159411441E-08         3.034854312300439E-11
         1.000252842903137E+00        -1.277875014693564E-07         5.396995697570794E-11
         1.000293612480164E+00        -1.453036446719125E-07         6.004024361017102E-11
         1.000301480293274E+00         3.469794673804927E-09         1.268547680094434E-11
         1.000274896621704E+00         2.495040796191006E-08         1.253331097759991E-12
         1.000285744667053E+00        -1.124281610032085E-07         3.217354854756493E-11
         1.000204682350159E+00         5.707403882837525E-09        -1.541987024178404E-11
         1.000224113464355E+00        -2.076620830848697E-08        -7.993938844208515E-12
         1.000111579895020E+00         1.496120063393391E-07        -7.406170815515978E-11
         1.000099897384644E+00         1.088271872617952E-07        -4.169359996142319E-11
         1.000005841255188E+00         1.924758379345803E-07        -6.709766769974479E-11
         1.000091910362244E+00        -9.826923275113586E-08         5.207897654790905E-11
         1.000047445297241E+00        -7.965660842046418E-08         4.247817028679712E-11
         1.000180006027222E+00        -2.247310106895384E-07         8.998816275473942E-11
         1.000219941139221E+00        -7.332878482202432E-08         4.864912292457113E-11
         1.000104784965515E+00         1.243229235114995E-07        -3.368931869585090E-11
         9.998925328254700E-01         2.710322632992757E-07        -8.228411008115444E-11
         9.999614953994751E-01         1.976974743911342E-07        -7.029882231890383E-11
         9.998445510864258E-01         3.612504713146336E-07        -1.297142254719219E-10
         9.999350905418396E-01         2.668818126494443E-07        -8.747886443005726E-11
         9.999333620071411E-01         2.430035976885847E-07        -7.462087892040614E-11
         9.998996257781982E-01         2.326219998849410E-07        -7.851159306015987E-11
         9.997411966323853E-01         4.596373059939651E-07        -1.709818675532659E-10
         9.997413158416748E-01         4.484166709062265E-07        -1.646135033839258E-10
         1.000019431114197E+00         2.037604787119562E-07        -6.599577134780432E-11
         1.000008463859558E+00         2.860186611997051E-07        -1.011903616454646E-10
         9.999210834503174E-01         4.890731020168460E-07        -1.701029178624580E-10
         9.999992847442627E-01         4.190625588762487E-07        -1.448047515228978E-10
         1.000164866447449E+00         6.078249015217807E-08        -1.795773078849816E-11
         1.000042557716370E+00         2.481658043507196E-07        -9.806506301446305E-11
         1.000090122222900E+00         6.099030969153318E-08        -2.523890818562080E-11
         1.000052094459534E+00         2.181855620619899E-07        -9.516184368285607E-11
         9.999088644981384E-01         2.339584455057775E-07        -8.365248771458056E-11
         9.998167753219604E-01         2.328115016325683E-07        -7.297728393806935E-11
         9.997692704200745E-01         2.877759754937870E-07        -8.732733286498373E-11
         9.998626112937927E-01         1.038441599376938E-08         2.279882012345968E-11
         9.996865987777710E-01         3.338583667300554E-07        -9.135998207954188E-11
         9.998896121978760E-01        -2.183667646704635E-08         2.828813572275379E-11
         9.997050762176514E-01         2.484077299413912E-07        -6.605208047183453E-11
         9.997168779373169E-01         1.610166293630755E-07        -1.927701748227761E-11
         9.997664690017700E-01         4.194760805376063E-08         2.394629460000797E-11
         9.997702240943909E-01         2.380531896051252E-07        -6.125815132929091E-11
         9.999303221702576E-01         1.495115924399215E-07        -2.637551982376252E-11
         1.000084638595581E+00         1.280136956438582E-07        -2.705148431647597E-11
         1.000160694122314E+00        -3.102250545339302E-08         2.860415897198987E-11
         1.000215053558350E+00        -8.044596455647479E-08         4.096649408591446E-11
         1.000077247619629E+00         4.853318458231115E-08         7.677718703857916E-12
         1.000145435333252E+00        -1.042006658735772E-07         5.254367080320677E-11
         1.000138044357300E+00        -1.709861692233972E-07         7.849302458007301E-11
         1.000162005424500E+00        -1.481531199942765E-07         5.317923185144124E-11
         1.000264525413513E+00        -2.753876628958096E-07         9.822612861976054E-11
         1.000422120094299E+00        -2.103535905462195E-07         8.694000380726763E-11
         1.000363349914551E+00        -1.195872414427868E-07         3.997098832475565E-11
         9.999074339866638E-01        -8.832322606622256E-08         1.772601510019456E-11
         9.999750256538391E-01        -2.143893027550803E-07         5.913410039415368E-11
         1.000024795532227E+00        -4.926054089082754E-07         1.756104150985038E-10
         1.000023841857910E+00        -5.342197937352466E-07         1.805305488433717E-10
         0.000000000000000E+00         0.000000000000000E+00         0.000000000000000E+00
         0.000000000000000E+00         0.000000000000000E+00         0.000000000000000E+00
         9.995827674865723E-01        -1.938277875979111E-07         6.878205643934265E-11
         9.998471736907959E-01        -9.040542892080339E-08         2.806425057622075E-11
         9.997817277908325E-01         1.024478635258674E-07        -5.155456617167431E-11
         9.995689392089844E-01         5.355618100111315E-07        -2.078898719837241E-10
         9.999647140502930E-01        -2.443620132908109E-07         8.048936517290883E-11
         9.998484253883362E-01        -1.494647676736349E-07         4.463966002399289E-11
         9.997276067733765E-01        -1.331685979266695E-07         3.926755795524706E-11
         9.996691346168518E-01        -6.832691923364109E-08         2.472211324544560E-11
         0.000000000000000E+00         0.000000000000000E+00         0.000000000000000E+00
         9.993058443069458E-01         9.616309171178727E-08        -2.266286290575348E-11
         9.995076060295105E-01         2.073748959219301E-07        -5.802204203209094E-11
         9.994044899940491E-01         4.076541415543034E-07        -1.326262849543625E-10
         9.994815587997437E-01         2.569970263266441E-07        -8.030958537075250E-11
         0.000000000000000E+00         0.000000000000000E+00         0.000000000000000E+00
         0.000000000000000E+00         0.000000000000000E+00         0.000000000000000E+00
         9.995268583297729E-01         2.033645358778813E-07        -6.640833022375503E-11
         9.995906352996826E-01         4.240951341216714E-07        -1.363669316356564E-10
         9.996655583381653E-01         1.535132696517394E-07        -4.036952369612656E-11
         9.996613860130310E-01         2.407967372164421E-07        -9.047186610988689E-11
         9.995905756950378E-01         2.811481749631639E-07        -1.043104561060382E-10
         9.996556043624878E-01         2.876412850127963E-07        -1.162793680786756E-10
         9.996764659881592E-01         3.216214565782138E-07        -1.195176319024327E-10
         9.996471405029297E-01         3.879954704189004E-07        -1.549607386852614E-10
         9.996094107627869E-01         3.822491976279707E-07        -1.410105504584536E-10
         9.996401667594910E-01         2.890880637096416E-07        -1.220896855835818E-10
         9.996832013130188E-01         1.556623487886100E-07        -7.453248435096427E-11
         9.996282458305359E-01         1.959709550192201E-07        -8.880494256624516E-11
         9.997101426124573E-01         1.651222589771351E-07        -6.225300136497580E-11
         9.997436404228210E-01         2.635536873185629E-07        -9.310833354314596E-11
         9.996926784515381E-01         3.244260540213872E-07        -1.202721533477558E-10
         9.997056126594543E-01         3.011055582646804E-07        -1.165259416735509E-10
         9.996451735496521E-01         4.973744012204406E-07        -2.141551241896522E-10
         9.996318817138672E-01         4.532664661383023E-07        -1.829030260580566E-10
         9.998201131820679E-01         3.303784694708156E-07        -1.450221054355438E-10
         9.999537467956543E-01         2.897434683291067E-07        -1.241218239300679E-10
         9.999167323112488E-01         3.522935685396078E-07        -1.473493826953387E-10
         1.000044703483582E+00         1.121260453373907E-07        -5.835919941743484E-11
         9.998363256454468E-01         3.550370308857964E-07        -1.508290436991189E-10
         9.998978972434998E-01         2.780585646178224E-07        -1.164150650878604E-10
         9.999646544456482E-01         2.286453195665672E-07        -9.629345931738698E-11
         9.998918771743774E-01         3.471968739177100E-07        -1.330735382998327E-10
         9.997505545616150E-01         4.803765705219121E-07        -1.724129311542200E-10
         9.998031258583069E-01         2.276471491313714E-07        -7.403234275615844E-11
         9.996880888938904E-01         1.871629962124643E-07        -4.577114381953962E-11
         9.996464848518372E-01         9.013430712911941E-08         6.653442987530900E-12
         9.997873902320862E-01         1.424662343652017E-08         2.141070480632390E-11
         9.998871088027954E-01        -5.739171626828465E-08         4.306391007680155E-11
         9.998065233230591E-01        -1.168320551414581E-07         8.005725943283082E-11
         9.996326565742493E-01         1.189598961559568E-07        -1.153411220700118E-11
         9.996711611747742E-01        -9.163784397969721E-08         6.566110849481888E-11
         9.996469616889954E-01        -4.072410320077324E-08         4.641785220083072E-11
         9.997900724411011E-01        -1.473600264034758E-07         9.666462075230697E-11
         9.998931884765625E-01        -2.084479717723298E-07         1.133511756679084E-10
         9.999714493751526E-01        -2.232745259789226E-07         1.069078506277243E-10
         9.998940825462341E-01        -1.644811931100776E-07         8.743472612593450E-11
         9.997092485427856E-01        -1.683068688862477E-07         7.473825031079073E-11
         9.996622800827026E-01        -1.712548112209333E-07         5.546306816595070E-11
         9.995648264884949E-01        -1.162691773970437E-07         3.491811007005907E-11
         9.993998408317566E-01        -1.295590550398629E-07         3.130842807230749E-11
         9.992377758026123E-01        -2.236703622315872E-08        -3.668425632707972E-11
         9.991368651390076E-01        -1.503069171349125E-07         1.173882865912468E-11
         9.991904497146606E-01        -1.769738133816645E-07         1.298503665703166E-11
         9.992062449455261E-01        -3.881962697960262E-07         9.601393291536198E-11
         9.990057349205017E-01        -3.306169844563556E-07         6.879120884040191E-11
         9.987836480140686E-01        -1.555875712710986E-07        -1.524070258017429E-12
         9.986412525177002E-01        -2.445372331294493E-07         2.665784606947774E-11
         9.985011816024780E-01        -2.083821186715795E-07         3.664139738152050E-12
         9.984328150749207E-01        -2.425801710614905E-07         3.712373464193064E-11
         9.982413053512573E-01        -2.738023283654911E-07         6.389449386245971E-11
         9.980728626251221E-01        -4.254098087130842E-07         1.286459827554154E-10
         9.977235794067383E-01        -3.030550317362213E-07         9.315433147083496E-11
         9.976400136947632E-01        -4.012532315300632E-07         1.294377521832146E-10
         9.974429607391357E-01        -4.157967339324387E-07         1.421240902743648E-10
         9.972857236862183E-01        -4.526115162661881E-07         1.157363579973314E-10
         9.971203207969666E-01        -5.952314836576988E-07         1.862416887377094E-10
         9.968178868293762E-01        -4.574694685288705E-07         1.254783082993427E-10
         9.968165159225464E-01        -4.951702976541128E-07         1.334799631935724E-10
         9.967990517616272E-01        -5.185518148209667E-07         1.382516184866844E-10
         9.966727495193481E-01        -6.507666512334254E-07         1.794643184060973E-10
         9.962929487228394E-01        -5.622947014671809E-07         1.331632998313736E-10
         0.000000000000000E+00         0.000000000000000E+00         0.000000000000000E+00
         0.000000000000000E+00         0.000000000000000E+00         0.000000000000000E+00
         0.000000000000000E+00         0.000000000000000E+00         0.000000000000000E+00
         0.000000000000000E+00         0.000000000000000E+00         0.000000000000000E+00
         0.000000000000000E+00         0.000000000000000E+00         0.000000000000000E+00
         0.000000000000000E+00         0.000000000000000E+00         0.000000000000000E+00
         0.000000000000000E+00         0.000000000000000E+00         0.000000000000000E+00
         1.003365278244019E+00         6.382422839124047E-07        -2.500792628534754E-10
         1.003286719322205E+00         6.497912750091928E-07        -2.597290715833367E-10
         1.003384351730347E+00         4.064206677867332E-07        -1.640853564133238E-10
         1.003274202346802E+00         4.665118353841535E-07        -1.771697510921655E-10
         1.003019690513611E+00         5.704256977878686E-07        -2.208465632591583E-10
         1.002881050109863E+00         4.352018834197224E-07        -1.804485449952153E-10
         1.002628684043884E+00         4.949959588884667E-07        -1.918474684670102E-10
         1.002504944801331E+00         6.466663649007387E-07        -2.713493874040296E-10
         1.002417683601379E+00         5.616549287879025E-07        -2.258198211757545E-10
         1.002104520797729E+00         7.500556762352062E-07        -2.985839075986263E-10
         1.001983404159546E+00         5.357604777600500E-07        -2.159174089522153E-10
         1.001934051513672E+00         4.986071644452750E-07        -2.192802606160171E-10
         1.001969695091248E+00         2.069933913162458E-07        -8.092202602449916E-11
         1.001817584037781E+00         5.665438962410008E-08        -1.418411221809635E-11
         1.001685976982117E+00         3.160310413363732E-08        -7.139266174766012E-12
         1.001634478569031E+00        -1.050860234386164E-07         4.143117099397742E-11
         1.001638531684875E+00        -2.396793377101858E-07         9.035228815124086E-11
         1.001536011695862E+00        -1.758613024094302E-07         7.154791342722788E-11
         1.001401066780090E+00        -3.183713772614283E-07         1.310031944035117E-10
         1.000986576080322E+00         3.551768656961940E-08        -1.811275088248188E-11
         1.000940442085266E+00        -8.968715548007822E-08         1.971789571897364E-11
         1.000939011573792E+00        -3.060660844766971E-07         1.151238965269030E-10
         1.000646948814392E+00        -9.416043411647479E-08         1.020743819329928E-11
         1.000291109085083E+00        -5.545818382302059E-08         1.518660544541639E-11
         1.000213980674744E+00        -8.176989751973451E-08         3.044512905669983E-11
         1.000203251838684E+00        -1.912206641918601E-07         8.239094823059290E-11
         1.000035881996155E+00        -1.671130007707688E-07         1.015892509004246E-10
         1.000036954879761E+00        -1.475822983820763E-07         7.843135862994899E-11
         1.000230073928833E+00        -2.438930835069186E-07         1.186629683402884E-10
         1.000209689140320E+00        -2.109133419025966E-07         9.621656249514388E-11
         1.000283360481262E+00        -4.335739731686772E-07         1.702508689582771E-10
         1.000258564949036E+00        -4.041235683871491E-07         1.661736581670681E-10
         1.000283598899841E+00        -3.722569772435236E-07         1.525698178905799E-10
         1.000216126441956E+00        -2.802544543101249E-07         1.154728951346939E-10
         9.998704791069031E-01         1.113787995166149E-08         2.815742864564763E-12
         9.999446272850037E-01        -1.062155661202269E-07         5.496067836952001E-11
         9.999665617942810E-01        -7.429501636124769E-08         4.229329039762142E-11
         9.998852014541626E-01        -1.730744769723458E-09         1.584292072531746E-11
         9.998093843460083E-01         1.634408306472324E-07        -5.967135813245150E-11
         9.999701380729675E-01         8.329131873097140E-08        -3.902803427657808E-11
         9.997875094413757E-01         2.469459161602572E-07        -8.961623804148999E-11
         9.997090697288513E-01         2.791986162264948E-07        -1.051589371137140E-10
         9.998863339424133E-01         6.193759816142119E-08        -3.898276146330204E-11
         9.998702406883240E-01         2.319998486655095E-07        -1.056485246508920E-10
         9.999318718910217E-01        -1.096377566511819E-08        -1.098468625088111E-11
         9.999322891235352E-01        -2.318272152024292E-07         6.664268442646559E-11
         1.000072360038757E+00        -2.887609014123882E-07         8.698518988436987E-11
         1.000278353691101E+00        -5.174570674171264E-07         1.394570153800956E-10
         1.000183939933777E+00        -4.127871022774343E-07         1.187755865883489E-10
         1.000363230705261E+00        -5.803031513096357E-07         1.741023852863677E-10
         1.000241994857788E+00        -5.172173587197904E-07         1.794198539739611E-10
         1.000042319297791E+00        -2.758429786808847E-07         9.958675550869600E-11
         1.000267982482910E+00        -4.625366329946701E-07         1.594824411421669E-10
         1.000256538391113E+00        -1.954474839749309E-07         7.672770058197997E-11
         1.000257015228271E+00        -2.775451548586716E-07         1.140837355140256E-10
         1.000178933143616E+00        -1.280558166172341E-07         7.927580120137279E-11
         1.000203371047974E+00        -1.619402070218712E-07         8.631857728591541E-11
         1.000075459480286E+00        -1.210871261037028E-07         5.993554264005496E-11
         1.000212788581848E+00        -1.000122438199469E-07         3.533061690430550E-11
         9.999657273292542E-01         4.063150527144899E-07        -1.484454503763999E-10
         9.999129176139832E-01         3.802353205628606E-07        -1.446475994537622E-10
         9.997964501380920E-01         4.511153690600622E-07        -1.716083525282741E-10
         9.996191263198853E-01         8.489176366310858E-07        -3.234216505720866E-10
         9.996244907379150E-01         7.339071999012958E-07        -2.600627768689634E-10
         9.997173547744751E-01         5.811789947074431E-07        -1.642350977437701E-10
         9.998175501823425E-01         4.917856699648837E-07        -1.377123415302606E-10
         9.996525645256042E-01         6.378044190569199E-07        -1.756185058487958E-10
         9.999741315841675E-01         3.198216234068241E-07        -5.954880338832069E-11
         1.000036835670471E+00         3.309292253561580E-07        -6.887489190088303E-11
         9.999398589134216E-01         3.015929053162836E-07        -5.942534658798238E-11
         1.000115394592285E+00         1.231404382906476E-07         6.313718645123423E-12
         1.000169992446899E+00         1.589358049614020E-07        -2.985281119527450E-11
         1.000307559967041E+00        -1.648312917268413E-07         7.737202545321509E-11
         1.000322699546814E+00        -1.723479137183404E-08         5.681573267413143E-12
         1.000255346298218E+00        -1.785776082563473E-09         1.722626208344735E-11
         1.000042438507080E+00         3.972560307374806E-07        -1.710358382700505E-10
         1.000094413757324E+00         3.305008249299135E-07        -1.501544166782054E-10
         1.000066637992859E+00         1.225136117000147E-07        -4.368834113921416E-11
         1.000213742256165E+00        -2.837296051438898E-07         1.334169996702883E-10
         1.000144243240356E+00        -2.613720972988176E-08         2.818642021173989E-11
         9.999237060546875E-01         1.079451479313320E-07        -2.618806733967194E-11
         1.000026226043701E+00         5.178882389600403E-08        -1.754292371092259E-11
         1.000002980232239E+00         2.151591331767122E-07        -1.150582545905721E-10
         1.000033974647522E+00        -1.049513471684804E-07         2.419848869894548E-11
         1.000102996826172E+00        -1.526404957985505E-07         4.462208727518124E-11
         1.000119566917419E+00        -2.494585089607426E-07         9.347084911626169E-11
         9.998660087585449E-01         1.804912415082072E-07        -7.313823158217048E-11
         9.998731613159180E-01         4.117756873256440E-07        -1.840646524087219E-10
         9.999935030937195E-01         1.308718964310174E-07        -8.978655319236140E-11
         1.000147342681885E+00        -7.445927252547335E-08         4.554006477475170E-12
         9.999580979347229E-01         1.605851451813578E-07        -8.351259267458389E-11
         1.000134468078613E+00        -2.462765564814617E-07         7.129073720246737E-11
         1.000191092491150E+00        -2.419470774839283E-07         7.829062398378994E-11
         1.000116229057312E+00        -3.535011501298868E-07         1.239295888133540E-10
         9.999728202819824E-01        -3.067826170877197E-08        -1.116140686818756E-11
         9.998818039894104E-01        -5.680591996792828E-08         1.532217755451093E-11
         9.999109506607056E-01        -1.025342939442453E-07         4.422393007352809E-11
         9.998583197593689E-01        -6.376181005407489E-08         1.767614353498370E-11
         9.998288154602051E-01        -2.041275593001046E-07         7.467918644588067E-11
         9.998286366462708E-01        -1.752966909407405E-07         8.251877653409068E-11
         9.996297955513000E-01         3.168981166368212E-08         1.563296367357303E-11
         9.997850656509399E-01        -1.088843717411692E-07         5.450667348028126E-11
         9.995388984680176E-01         2.751581575921591E-07        -1.007055411283986E-10
         9.995429515838623E-01         5.128798079567787E-07        -2.058207354549424E-10
         9.996626973152161E-01         4.038035399389628E-07        -1.648630260087103E-10
         9.996883869171143E-01         1.476320221627248E-07        -4.784986296080262E-11
         9.998292922973633E-01        -1.134262461732760E-07         6.106272432138127E-11
         9.998051524162292E-01        -2.821431905886129E-07         1.465379206866402E-10
         9.999651908874512E-01        -2.588258212199435E-07         1.249975817296800E-10
         9.996653795242310E-01         1.790223365105703E-07        -3.703389331310980E-11
         1.000136137008667E+00        -5.923067760704726E-07         2.357993800217173E-10
         9.999226331710815E-01        -2.427920833270036E-07         8.046888155810450E-11
         9.999586939811707E-01        -2.228695734629582E-07         6.431809251861154E-11
         9.996681809425354E-01         1.079933369396713E-07        -5.817352502490714E-11
         9.996396899223328E-01         1.630488526416229E-07        -8.716215249560122E-11
         9.994744062423706E-01         4.687044850015809E-07        -1.834946916634550E-10
         9.997141957283020E-01         1.688224386953152E-07        -8.876424595349874E-11
         9.999418258666992E-01        -1.428693110483437E-07         2.483039988898650E-11
         9.999458193778992E-01        -1.800556503894768E-07         1.041401947315945E-11
         9.998717308044434E-01        -1.474716881944005E-08        -4.243421586336282E-11
         9.994747042655945E-01         4.127925876673544E-07        -1.731228216339531E-10
         9.996241927146912E-01         2.617163659124344E-07        -9.621081709099144E-11
         9.995628595352173E-01         2.832827021848061E-07        -1.017729511776366E-10
         9.998326301574707E-01        -8.251738137232678E-08         2.698412847335074E-11
         9.998908638954163E-01        -1.589944247371022E-07         3.825357738906909E-11
         1.000035881996155E+00        -2.892238057938812E-07         8.848062560407044E-11
         9.999631643295288E-01        -2.031879517971902E-07         3.390381378420848E-11
         1.000097632408142E+00        -2.444788265165698E-07         4.858663471551949E-11
         9.999057650566101E-01        -3.175507572450442E-07         9.454641236583683E-11
         9.997534751892090E-01        -6.287801568305440E-08        -7.106106610262064E-13
         9.996063113212585E-01         4.179327106612618E-08        -1.078910398522037E-11
         9.997902512550354E-01         1.112675818149000E-07        -3.188116090568904E-11
         9.997624754905701E-01         2.289755371975843E-07        -8.417136432292693E-11
         1.000075340270996E+00        -1.986958437782960E-07         8.063048839712650E-11
         9.996789097785950E-01         1.117794212746048E-07        -2.444462340878140E-11
         9.996897578239441E-01        -1.184743965154667E-07         9.815908502686099E-11
         9.995445013046265E-01         1.801367659481912E-07        -2.513977741258611E-11
         9.996094107627869E-01         7.476622698732172E-08         1.730354921847255E-11
         9.997709989547729E-01        -2.877615372653963E-07         1.429028562149881E-10
         1.000060796737671E+00        -6.738998195032764E-07         2.868902893027325E-10
         1.000033497810364E+00        -5.889152134841424E-07         2.478499350200281E-10
         1.000065088272095E+00        -5.131420834914024E-07         2.326122627849259E-10
         1.000129103660583E+00        -3.736218729954999E-07         1.897436097131333E-10
         1.000117063522339E+00        -2.007852373253627E-07         1.137628463654394E-10
         9.995805621147156E-01         9.056798262463417E-07        -3.151191252381835E-10
         9.990093111991882E-01         1.691187662800075E-06        -5.944801872992400E-10
         9.988855123519897E-01         2.113946720783133E-06        -7.462601092633747E-10
         9.993321895599365E-01         1.243255610461347E-06        -4.696673050474942E-10
         1.000013589859009E+00         1.916428260528846E-08        -3.323636721744294E-12
         9.995780587196350E-01         7.397903232231329E-07        -2.335124038577163E-10
         1.000464439392090E+00        -8.344295565620996E-07         3.335000886561801E-10
         9.999426007270813E-01        -4.106989024421637E-07         1.108401009863869E-10
         1.000159502029419E+00        -8.622316727269208E-07         2.838618506917356E-10
         1.000293135643005E+00        -7.403273798445298E-07         1.905375301980428E-10
         1.000433444976807E+00        -1.095059019462497E-06         3.405160042824207E-10
         1.000263571739197E+00        -8.134457516462135E-07         2.410593114010595E-10
         9.999040365219116E-01        -2.601269386559579E-07         5.526660726284938E-11
         1.000048756599426E+00        -2.749421241787786E-07         2.848627583817986E-11
         1.000356078147888E+00        -7.294074180208554E-07         2.080833561013407E-10
         1.000134229660034E+00        -2.393342413142818E-07         5.596409446972928E-11
         1.000291228294373E+00        -2.306621524894581E-07         6.260005014357972E-11
         9.995350837707520E-01         1.277927367482334E-06        -4.911742124136254E-10
         1.000316381454468E+00         1.333607002607096E-07        -1.061980711702937E-10
         9.993253946304321E-01         1.843450831984228E-06        -7.304368221383584E-10
         1.000056505203247E+00         3.417772518332640E-07        -1.701763591155370E-10
         1.000123620033264E+00         2.179780409505838E-07        -1.318391923410545E-10
         1.000185489654541E+00         1.466160313157161E-07        -1.169180446902729E-10
         1.000335574150085E+00        -1.661400261809831E-07         2.850197161619050E-11
         1.000399112701416E+00        -1.488135552563108E-07         2.411415685188434E-11
         1.000534296035767E+00        -7.007974289763297E-08        -1.118693072205135E-11
         1.000651955604553E+00        -2.672092236366552E-08        -3.953787817978505E-12
         1.000522255897522E+00         3.491209952244390E-07        -1.616269895698963E-10
         1.000339388847351E+00         3.471768366125616E-07        -1.202885013817934E-10
         1.000331163406372E+00         2.409816772797058E-07        -2.750341447643745E-11
         1.000212311744690E+00         4.356469389676931E-07        -8.621768576855260E-11
         1.000400543212891E+00         1.568612191249485E-07         6.701090377037033E-11
         1.000852346420288E+00        -3.646668460532965E-07         2.670328402842870E-10
         1.000765442848206E+00        -8.027757303352701E-08         1.219463835466783E-10
         1.000860333442688E+00        -4.347648712155205E-07         2.732847559361318E-10
         1.000795483589172E+00        -4.357495981821558E-07         2.725238368306293E-10
