         1.001881241798401E+00        -1.961928433047433E-07         4.607660433753047E-11
         1.002214193344116E+00        -4.359223453320737E-07         1.634907764724858E-10
         1.001888513565063E+00        -3.003527808687068E-07         1.179432662645752E-10
         1.001724362373352E+00        -3.223366036309017E-07         1.230790469541887E-10
         1.001258611679077E+00        -2.088500394847870E-07         1.315085818021089E-10
         1.001324057579041E+00        -5.513479095498042E-07         2.580570479526756E-10
         1.001288771629333E+00        -5.185193572287972E-07         2.494829620669492E-10
         1.000845432281494E+00        -2.731460710947431E-07         2.094032863775297E-10
         1.000695824623108E+00        -1.185803952807873E-07         1.158379503429785E-10
         1.000577330589294E+00        -5.988236040366246E-08         8.656481781388337E-11
         9.998968243598938E-01         9.916329872794449E-07        -2.713532454290402E-10
         9.998036623001099E-01         1.158647819465841E-06        -3.782856805578660E-10
         9.999816417694092E-01         5.793353921035305E-07        -2.019013845000472E-10
         1.000213742256165E+00        -3.567836515117051E-08         7.519944389411393E-11
         1.000316143035889E+00        -3.142623583585191E-08         1.102633609417758E-10
         9.998981952667236E-01         7.699171078456857E-07        -1.860546577914235E-10
         9.992240071296692E-01         1.969364575415966E-06        -6.359404669531443E-10
         9.991916418075562E-01         1.488868520027609E-06        -4.885159499146141E-10
         9.998115897178650E-01         5.485259180204594E-07        -1.356987716638614E-10
         1.000008344650269E+00         6.116719646342972E-07        -2.275817173602590E-10
         9.998441934585571E-01         7.102015047166788E-07        -2.665075660157612E-10
         9.997746944427490E-01         9.336614539279253E-07        -3.438408446854169E-10
         1.000034451484680E+00         3.848423091312725E-07        -1.482407946395981E-10
         1.000442385673523E+00        -1.773151581119237E-07         1.791795184447054E-11
         1.000310897827148E+00         1.186178408829619E-07        -6.671892205378782E-11
         1.000240087509155E+00         4.518777174666866E-08        -6.908928290583205E-11
         9.999851584434509E-01         3.899993430422910E-07        -1.948771283233341E-10
         1.000055909156799E+00         5.274178249692341E-08        -7.274972291249071E-11
         1.000239968299866E+00        -5.828734970236837E-07         2.165932017073047E-10
         1.000035524368286E+00        -4.575838374876184E-07         1.819414202630654E-10
         9.998017549514771E-01        -1.010396477596487E-08        -3.763325068240064E-11
         1.000387787818909E+00        -9.558059446135303E-07         2.866601400697277E-10
         1.000127315521240E+00        -6.406611419151886E-07         1.707802094186306E-10
         1.000053882598877E+00        -6.575265274477715E-07         2.072107763151365E-10
         9.997640848159790E-01         1.033235079717088E-07        -1.079693071059928E-10
         9.999871850013733E-01         2.523184861047412E-08        -5.715187698096535E-11
         1.000280022621155E+00        -1.089466010739670E-07        -1.258210723109610E-11
         1.000541687011719E+00        -5.295635787661013E-07         1.673928079481968E-10
         1.000581502914429E+00        -4.465739209535968E-07         1.725986575884519E-10
         1.000205874443054E+00         1.225993457865115E-07        -3.255688774128629E-11
         9.998494982719421E-01         6.531001872644993E-07        -2.230528400870568E-10
         1.000150442123413E+00        -4.098173747024703E-07         1.857806825045216E-10
         1.000261783599854E+00        -3.158646961765044E-07         7.708474136780552E-11
         9.996554255485535E-01         1.330865284643323E-08         3.798540301747089E-11
         9.990975260734558E-01         8.629759804534842E-07        -2.546070021480773E-10
         9.990243315696716E-01         7.198558478194172E-07        -2.173386609571892E-10
         9.989939928054810E-01         8.371055173483910E-07        -2.404618171247819E-10
         9.987862706184387E-01         1.192792865367664E-06        -3.763694911285143E-10
         9.993345141410828E-01         3.819909579760861E-07        -1.154868076169713E-10
         9.989649653434753E-01         8.636575330456253E-07        -2.517619446251729E-10
         9.987648129463196E-01         1.463664830225753E-06        -5.419141801965566E-10
         9.988127946853638E-01         7.448562655554269E-07        -2.621190209328716E-10
         9.989393353462219E-01         2.663175564521225E-07        -1.142394165376537E-10
         9.989318847656250E-01         2.490359207740767E-08        -3.028407039029624E-11
         9.987964034080505E-01         5.102537556922471E-07        -2.154077471949734E-10
         9.985104799270630E-01         7.365420060523320E-07        -2.289764905460956E-10
         9.983927607536316E-01         1.105209094021120E-06        -3.375189017162938E-10
         9.984101653099060E-01         1.271807036573591E-06        -4.365504902015260E-10
         9.987587928771973E-01         1.112399104385986E-06        -3.709469398316401E-10
         9.989063143730164E-01         1.085729877559061E-06        -3.656681901720304E-10
         9.988790154457092E-01         1.224158950208221E-06        -4.482161308771992E-10
         9.989240169525146E-01         1.219327259605052E-06        -4.367875228172835E-10
         9.990385770797729E-01         1.184694042422052E-06        -3.786490287982502E-10
         9.991107583045959E-01         9.978876960303751E-07        -2.911589580545382E-10
         9.994227886199951E-01         6.546302415699756E-07        -1.893567525002027E-10
         9.991919994354248E-01         1.005627495942463E-06        -2.920219899227305E-10
         9.993228912353516E-01         3.122399050425884E-07         1.135470970720087E-11
         9.994042515754700E-01         9.853754789901359E-08         5.186616067187622E-11
         9.995062947273254E-01        -3.790255220792460E-08         1.121938791870392E-10
         9.998717308044434E-01        -2.932674192379636E-07         1.895242851546186E-10
         9.997965693473816E-01         6.661347384806504E-08        -4.406764883557734E-12
         1.000231623649597E+00        -6.900524454067636E-07         2.728522408013134E-10
         9.998739361763000E-01        -5.376745662033500E-07         2.454299541376770E-10
         9.994164109230042E-01         4.216994042849365E-08         4.332276551388681E-11
         9.993637204170227E-01         1.082726974743764E-08         1.061289042758595E-10
         9.997383952140808E-01        -2.081207810533670E-07         1.622095374687049E-10
         9.996488094329834E-01        -7.196638307505054E-08         1.080646822027020E-10
         9.996586441993713E-01        -2.176234659145848E-08         6.743559877175898E-11
         9.996482729911804E-01        -2.245484296281575E-07         1.386910308820433E-10
         9.996935725212097E-01        -5.095172923574864E-07         1.949517075550133E-10
         9.999650120735168E-01        -5.582941184911761E-07         1.801999521822140E-10
         9.993765950202942E-01         4.987795705346798E-07        -2.077187866156294E-10
         9.990358948707581E-01         1.174960630123678E-06        -4.389230645607256E-10
         9.996997714042664E-01         1.354835461597759E-07        -5.633975230789900E-11
         1.000152111053467E+00        -5.363633590604877E-07         1.837212187938420E-10
         1.000373125076294E+00        -5.944632448517950E-07         1.687193856847458E-10
         1.000231266021729E+00        -8.917681526554588E-08        -1.382482843481636E-11
         1.000213503837585E+00         7.187622941273730E-08        -8.304815862780757E-11
         1.000546574592590E+00        -4.660732031425141E-07         1.074338049078527E-10
         1.000532031059265E+00        -1.220694088033270E-07        -2.238467224080498E-12
         1.000159382820129E+00         6.524925879602961E-07        -2.398341247822344E-10
         1.000442624092102E+00         3.478183430161153E-07        -1.504396884843828E-10
         1.000428557395935E+00         4.123351402540720E-07        -1.724069498276748E-10
         9.998754858970642E-01         9.760461807672982E-07        -3.623098487892662E-10
         1.000022292137146E+00         8.322481335198972E-07        -3.238264656424406E-10
         1.000127315521240E+00         4.212205055864615E-07        -1.746576216987705E-10
         1.000236153602600E+00         1.175982902168471E-07        -4.718622367838599E-11
         1.000735640525818E+00        -8.971308602667705E-07         3.372752632735398E-10
         1.000677704811096E+00        -1.140107087849174E-06         4.712513157478782E-10
         1.000512957572937E+00        -6.883734613438719E-07         2.446546021328544E-10
         1.000594854354858E+00        -7.073967367432488E-07         2.339481941504573E-10
         1.000287652015686E+00        -3.378562212219549E-07         1.008428271442874E-10
         1.000554919242859E+00        -8.029329592318390E-07         2.750375205362587E-10
         1.000780701637268E+00        -9.204485422742437E-07         2.982480096225260E-10
         1.000602722167969E+00        -6.616335213038838E-07         2.263578213757000E-10
         1.000748991966248E+00        -9.365542155137518E-07         3.501326450994213E-10
         1.000896930694580E+00        -1.439245579604176E-06         5.837805239217175E-10
         1.000946760177612E+00        -1.117418719331909E-06         4.811541165494759E-10
         1.000782608985901E+00        -8.239527460318641E-07         3.496563039107059E-10
         1.000645160675049E+00        -8.974427032626409E-07         3.185169628050488E-10
         1.000389337539673E+00        -6.275401460698049E-07         1.875978955512281E-10
         9.999682307243347E-01        -1.923106296430888E-08        -5.903490890579732E-11
         9.994788169860840E-01         5.131506668476504E-07        -2.375793450859476E-10
         9.996779561042786E-01         2.473138351888338E-07        -1.207179772810818E-10
         1.000002980232239E+00        -2.786297272905358E-07         3.382319771483289E-11
         9.999865293502808E-01        -4.621891491751740E-07         1.645891756218987E-10
         1.000074982643127E+00        -7.467346563316823E-08         2.475568144574836E-12
         1.000031352043152E+00         1.283701180909702E-07        -1.220154255410222E-10
         9.999598264694214E-01         1.310265957954471E-07        -1.155715662060075E-10
         9.998375773429871E-01         3.755031343644077E-07        -1.808027061400708E-10
         1.000018715858459E+00         4.020245398805855E-07        -2.375748486826978E-10
         9.995676875114441E-01         8.593816573920776E-07        -4.007980058950977E-10
         9.995215535163879E-01         9.291848073189612E-07        -3.932029701836370E-10
         9.997324943542480E-01         1.014884560390783E-06        -4.614196802421588E-10
         1.000090718269348E+00         5.138103915669490E-07        -2.880607141708680E-10
         1.000219345092773E+00         6.072364158171695E-07        -3.300539841433192E-10
         1.000167608261108E+00         5.989642772874504E-07        -3.187419217454135E-10
         1.000153660774231E+00         3.161307802201918E-07        -1.909652297404918E-10
         1.000214576721191E+00         2.018104083845174E-07        -8.478021062963137E-11
         1.000200748443604E+00         4.301298304199008E-07        -1.828515810986531E-10
         9.999428391456604E-01         8.901497494662181E-07        -3.586084762474684E-10
         1.000094652175903E+00         7.005180009400647E-07        -2.606397875304367E-10
         1.000058412551880E+00         8.226392651522474E-07        -3.214270793971963E-10
         1.000005602836609E+00         7.666080819035415E-07        -3.154316530196155E-10
         9.996856451034546E-01         1.134421381721040E-06        -4.446568946381291E-10
         9.997546672821045E-01         3.723369843555702E-07        -1.190237075565648E-10
         9.995965957641602E-01         1.170392351923510E-07        -1.409506886207446E-11
         9.994370937347412E-01         5.328913843527516E-08        -1.081263464181026E-11
         9.997962117195129E-01        -4.341595456480718E-07         1.127370558018370E-10
         9.997470378875732E-01        -4.484359124035109E-07         1.238479319098928E-10
         9.995394349098206E-01        -2.591311556443543E-07         7.132777007923252E-11
         9.994019865989685E-01         1.454146882906571E-07        -2.893350663224492E-11
         9.995651245117188E-01         2.022531191414600E-07        -3.455728411760894E-11
         9.995276331901550E-01         3.256020306707796E-07        -8.977022597500550E-11
         9.993118643760681E-01         5.559361966334109E-07        -1.699682478095710E-10
         9.994802474975586E-01         5.118689614391769E-07        -1.315726000372663E-10
         9.998617172241211E-01         7.908440835535657E-08         2.678500997388422E-11
         1.000011086463928E+00        -3.290812742307025E-07         1.763664631004858E-10
         1.000178337097168E+00        -5.607283242170524E-07         2.496259587925209E-10
         1.000342965126038E+00        -6.073136091799824E-07         2.588049496932143E-10
         1.000064849853516E+00        -1.028908016564856E-07         7.478705155161691E-11
         1.000040292739868E+00        -8.270475149174672E-08         6.241301225839990E-11
         1.000346899032593E+00        -3.998385977865837E-07         1.702904067757416E-10
         1.000387787818909E+00        -5.132899900672783E-07         2.319078540313768E-10
         1.000187993049622E+00        -1.399610312091681E-07         8.098335196882189E-11
         1.000056862831116E+00        -3.567323858533200E-08         3.941769133319895E-11
         1.000134468078613E+00         1.707152534891065E-07        -4.088736293983430E-11
         1.000187635421753E+00         1.856531781641024E-07        -5.338283287636969E-11
         1.000326037406921E+00        -6.050360639164865E-07         2.632528361967701E-10
         9.999217391014099E-01        -4.655433087918937E-07         2.213931538097569E-10
         9.997657537460327E-01        -1.439390331370305E-07         8.321092426211152E-11
         9.996773004531860E-01        -3.504649441765650E-07         1.482026307231266E-10
         9.996604919433594E-01        -5.617485498987662E-07         2.336429383298366E-10
         9.994471669197083E-01        -3.159661901008803E-07         1.362521484526980E-10
         9.993460178375244E-01        -2.527197011659155E-07         1.167838742377469E-10
         9.991283416748047E-01        -2.940745105206588E-07         1.658253812042432E-10
         9.993566870689392E-01        -5.265433742351888E-07         2.107747726354248E-10
         9.994992017745972E-01        -7.270396622516273E-07         3.010480753573574E-10
         9.997637867927551E-01        -1.007510263661970E-06         3.956796557069708E-10
         9.996406435966492E-01        -9.206342497236619E-07         3.813432902788350E-10
         9.994484186172485E-01        -7.403971835628909E-07         3.195628761609726E-10
         9.992641210556030E-01        -5.837636649630440E-07         2.415791455767646E-10
         9.990698099136353E-01        -7.349757993324602E-07         3.394418912616715E-10
         9.990244507789612E-01        -9.314253475167789E-07         4.299083034009499E-10
         9.988185167312622E-01        -9.070709552361222E-07         3.944886917128798E-10
         9.987770915031433E-01        -1.278672016269411E-06         5.530006452758585E-10
         9.990647435188293E-01        -1.713127403490944E-06         6.924640860717091E-10
         9.991512894630432E-01        -1.670488927629776E-06         6.832096000053411E-10
         9.992368221282959E-01        -1.501192514297145E-06         5.883873943623996E-10
         9.989776015281677E-01        -1.216288637806429E-06         4.546494847268434E-10
         9.989538192749023E-01        -1.461778538214276E-06         5.548739245853085E-10
         9.987866282463074E-01        -1.542636027807021E-06         6.134806551649774E-10
         0.000000000000000E+00         0.000000000000000E+00         0.000000000000000E+00
         0.000000000000000E+00         0.000000000000000E+00         0.000000000000000E+00
         0.000000000000000E+00         0.000000000000000E+00         0.000000000000000E+00
         0.000000000000000E+00         0.000000000000000E+00         0.000000000000000E+00
         0.000000000000000E+00         0.000000000000000E+00         0.000000000000000E+00
         0.000000000000000E+00         0.000000000000000E+00         0.000000000000000E+00
         0.000000000000000E+00         0.000000000000000E+00         0.000000000000000E+00
         1.002169013023376E+00         2.517095083476306E-07        -1.258195769793247E-10
         1.001915693283081E+00         5.321473395270004E-07        -2.453909297983614E-10
         1.001716256141663E+00         6.402203212019231E-07        -2.945306776247492E-10
         1.001539707183838E+00         6.578159741366107E-07        -3.235177403748679E-10
         1.001471519470215E+00         4.246777791649947E-07        -2.597841108897825E-10
         1.001494288444519E+00         1.736342341018826E-07        -1.593467996441333E-10
         1.001521348953247E+00         1.737730848105912E-08        -8.789593358704550E-11
         1.001514673233032E+00        -1.223822598817037E-09        -7.244279481843918E-11
         1.001259565353394E+00         8.227988246289897E-08        -7.342965124834677E-11
         1.001042604446411E+00         3.828861849797249E-07        -1.784463410370307E-10
         1.001079201698303E+00         2.347525622781177E-07        -1.394369897322889E-10
         1.001015305519104E+00         1.465745782525119E-07        -9.650313187448134E-11
         1.001010060310364E+00         6.018019860221102E-08        -6.006782571343905E-11
         1.000817537307739E+00         3.136482575882837E-07        -1.584141012811457E-10
         1.000825047492981E+00         2.580029843102238E-07        -1.070420418969320E-10
         1.001018285751343E+00         2.108357506358516E-07        -1.199957355701997E-10
         1.000715613365173E+00         7.290419148375804E-07        -3.388604674636753E-10
         1.000555634498596E+00         5.951781076873885E-07        -2.706103674476878E-10
         1.000390648841858E+00         5.859632778992818E-07        -2.477398841627121E-10
         1.000267982482910E+00         5.538248615266639E-07        -2.310007601868946E-10
         1.000410914421082E+00         1.986437325740553E-07        -9.637155656827545E-11
         1.000456571578979E+00         1.410829142400871E-08         3.192658594095010E-12
         1.000198125839233E+00         3.419765732814994E-07        -1.373547109384532E-10
         1.000107049942017E+00         3.529843581873138E-07        -1.607804861469830E-10
         1.000040650367737E+00         3.236801831008052E-07        -1.643499225600920E-10
         1.000150203704834E+00         1.076501909835770E-08        -5.937639963038421E-11
         1.000145912170410E+00         3.111657917997945E-07        -1.769608209967188E-10
         1.000001788139343E+00         5.642330620503344E-07        -2.570903767651345E-10
         1.000064611434937E+00         3.564783810361405E-07        -1.668400417820237E-10
         1.000098466873169E+00         2.275594681577786E-07        -1.043591255078802E-10
         1.000110149383545E+00         2.984844797992992E-07        -1.084475981238953E-10
         1.000167489051819E+00         2.221014909764563E-07        -9.893322272525040E-11
         1.000219106674194E+00         2.196924953068446E-07        -1.134773594535510E-10
         1.000333189964294E+00        -1.520993038184315E-07         4.484566537565904E-11
         1.000093221664429E+00         2.517350878861180E-07        -1.192319298848332E-10
         1.000054717063904E+00         3.624945179581118E-07        -1.884471051427639E-10
         1.000229954719543E+00        -7.781601851775122E-08         4.550968109306996E-12
         9.999859333038330E-01         3.375226924617891E-07        -1.306711683302098E-10
         9.997773170471191E-01         6.046019507266465E-07        -2.195019582762470E-10
         9.995396137237549E-01         8.184993021131959E-07        -3.080054822302003E-10
         9.993781447410583E-01         9.166014933725819E-07        -3.467941211976466E-10
         9.993516802787781E-01         8.281897407869110E-07        -3.510935986383856E-10
         9.993925690650940E-01         5.709190986635804E-07        -2.510321950310868E-10
         9.995945692062378E-01         4.181111989964847E-07        -1.821405665181075E-10
         9.996529817581177E-01         4.871133683082007E-07        -2.131629178725447E-10
         9.993935823440552E-01         8.409306815337914E-07        -3.295988204587985E-10
         9.994241595268250E-01         6.406492047972279E-07        -2.321496328505646E-10
         9.992525577545166E-01         5.689676640940888E-07        -1.925402753899519E-10
         9.996078610420227E-01        -1.403039817660101E-07         4.644561124589330E-11
         9.994700551033020E-01         2.866943020762847E-07        -1.199851884514658E-10
         9.997507929801941E-01         1.396744124804172E-07        -1.028850477036158E-10
         9.999781250953674E-01        -7.149747460744038E-08        -5.512851286582077E-11
         1.000019431114197E+00        -4.085374030182720E-07         8.504551229915336E-11
         9.997481703758240E-01         1.692161220034905E-07        -1.404880656252772E-10
         9.997350573539734E-01         1.767660648965830E-07        -1.012177008874460E-10
         9.998173713684082E-01         2.500828344409456E-08        -1.770770682862910E-11
         9.998061060905457E-01         3.225711679988308E-07        -1.367676250030314E-10
         9.997245073318481E-01         3.610462329106667E-07        -1.317877751372265E-10
         9.998011589050293E-01        -1.682201755670576E-08         3.481728794163530E-11
         9.995694160461426E-01         1.948479564362060E-07        -2.923275163602135E-11
         9.995355010032654E-01        -2.164967938256268E-08         1.610077869640403E-11
         9.995331168174744E-01        -3.447564438374684E-07         1.491204937309476E-10
         9.994769096374512E-01         2.888351957608393E-07        -1.344095945654544E-10
         9.997645616531372E-01         3.567206476873253E-07        -1.566063112523608E-10
         9.999339580535889E-01         2.843725042112055E-07        -1.213665418164922E-10
         9.998316168785095E-01         1.762057593168720E-07        -2.944530730353279E-11
         1.000042080879211E+00        -6.177818363539700E-07         2.822116984546597E-10
         9.995356798171997E-01         1.894400014634812E-07         1.175403524511509E-11
         9.992568492889404E-01         6.922705324541312E-07        -2.013260808064743E-10
         9.990826249122620E-01         9.127935527430964E-07        -2.865434001186884E-10
         9.995312094688416E-01         4.605230685683637E-07        -1.396056464875173E-10
         9.997732639312744E-01         1.280846220197418E-07        -3.359367645172640E-11
         9.996529221534729E-01         4.480252471239510E-07        -1.773075991584605E-10
         9.999102950096130E-01         7.773719090664599E-08        -3.796270242606425E-11
         9.999390840530396E-01         3.260518042225158E-07        -1.612338040857253E-10
         9.998828768730164E-01         3.487027413484611E-07        -1.412724937033261E-10
         9.997947812080383E-01         3.982957537118637E-07        -1.243108671555859E-10
         9.999966621398926E-01         3.160974131333205E-07        -7.294519849265768E-11
         1.000244021415710E+00         2.611971865462692E-07        -6.258455559349230E-11
         1.000328063964844E+00         1.566224625548784E-07        -2.637536196392620E-11
         1.000321984291077E+00         3.287608478785842E-07        -9.928236704981330E-11
         1.000314593315125E+00         2.372390639493460E-07        -6.469112051599168E-11
         1.000064730644226E+00         6.168309596432664E-07        -2.223259493172591E-10
         1.000164270401001E+00         4.281638723568904E-07        -1.701529056541418E-10
         1.000016689300537E+00         2.121499136364946E-07        -7.139576430059691E-11
         9.997883439064026E-01         2.236883887007934E-07        -9.431411207572182E-11
         9.995167851448059E-01         2.805506369440991E-07        -1.079865155628745E-10
         9.994033575057983E-01         2.695190914892009E-07        -1.087305592784027E-10
         9.997507333755493E-01        -3.141734339351387E-08         1.244736865663176E-11
         9.998884797096252E-01        -2.249472998983038E-07         1.001224866903350E-10
         9.995180964469910E-01         1.721453202208068E-07        -5.244507605972615E-11
         9.993538260459900E-01         2.280009141486516E-07        -6.390798307220891E-11
         9.993644952774048E-01         9.490184282867631E-08        -7.744476067383932E-12
         9.995257258415222E-01        -4.067868530910346E-07         2.187766912076228E-10
         9.993861913681030E-01        -4.371146999915254E-08         9.607161594038516E-11
         9.996592402458191E-01        -1.773815512251531E-07         1.612371208770114E-10
         9.995930194854736E-01         1.767527066931507E-07         7.633127636907933E-12
         9.995518326759338E-01         2.010642390359862E-07        -1.177383451150815E-11
         9.996028542518616E-01         1.157668876317075E-07        -1.463805292256648E-11
         9.997438788414001E-01        -2.309482596274393E-07         1.452707121263330E-10
         9.999287128448486E-01        -3.833593495983223E-07         1.949018585412077E-10
         9.999292492866516E-01        -2.273771002592184E-07         9.913263265826089E-11
         1.000056147575378E+00        -6.609919864786207E-07         2.593699421904461E-10
         9.998668432235718E-01        -2.257219051671200E-07         1.062612012270314E-10
         1.000176310539246E+00        -6.620459203077189E-07         2.715146163456694E-10
         1.000199794769287E+00        -6.884141043883574E-07         2.809678045778696E-10
         1.000022649765015E+00        -7.390134015849981E-08         1.678394749571321E-11
         1.000180125236511E+00        -9.780571730289012E-08         3.595292466518352E-11
         1.000232815742493E+00         1.120827519685008E-08         6.690002826888197E-13
         1.000307202339172E+00        -5.576643857807539E-08         1.017134293457289E-11
         1.000400424003601E+00        -3.692961456636112E-07         1.491428092137426E-10
         1.000314116477966E+00        -1.435615075706664E-07         7.373461563542349E-11
         1.000094294548035E+00         2.225506392505849E-07        -7.092679915610134E-11
         9.998930692672729E-01         1.576480883613840E-07        -4.661328961708122E-11
         9.997504949569702E-01         4.883792712462309E-07        -1.805713772951023E-10
         1.000063419342041E+00         6.844799571581461E-08        -2.152594422155651E-11
         1.000236988067627E+00        -3.942101400866704E-08         2.569639108700866E-13
         1.000557899475098E+00        -4.012432839317626E-07         1.177830610821218E-10
         1.000083684921265E+00         5.968622076579777E-07        -2.725302761241721E-10
         1.000142812728882E+00         3.040666172182682E-07        -1.415034200924481E-10
         1.000116825103760E+00         7.290122283620804E-08        -3.261576078661399E-11
         9.999097585678101E-01         5.143035650689853E-07        -2.054796055528385E-10
         9.998639822006226E-01         7.252742761920672E-07        -2.534617238314496E-10
         1.000123381614685E+00         5.176466970624460E-07        -1.825065237825996E-10
         1.000239491462708E+00         2.915647883128258E-07        -9.233889347592950E-11
         1.000410079956055E+00         1.429696681043424E-07        -2.952910138631637E-11
         1.000325798988342E+00         2.966744148125144E-07        -8.709763466008269E-11
         1.000321149826050E+00         2.353962713641522E-07        -6.944560898558549E-11
         1.000289320945740E+00        -1.172419850092865E-08         4.763370600735506E-11
         9.999499320983887E-01         6.584275524801342E-07        -2.098032442221509E-10
         1.000211238861084E+00         2.675562029708090E-07        -9.106271292580459E-11
         1.000111460685730E+00         3.039570799501234E-07        -1.214928019299677E-10
         1.000463366508484E+00        -1.898600174854437E-07         3.537633033734444E-11
         1.000472307205200E+00         8.569676168690421E-08        -9.307476317443886E-11
         1.000384330749512E+00        -6.819908637822891E-09        -1.562784276987195E-11
         1.000388622283936E+00        -4.280978771475930E-07         1.379800163014977E-10
         1.000550627708435E+00        -6.735615443176357E-07         2.399883070047792E-10
         1.000284790992737E+00        -3.646512993782380E-07         1.618824241322869E-10
         9.999293684959412E-01        -2.565873025162091E-08         4.016051033395307E-11
         9.998870491981506E-01        -8.738351198189775E-08         5.081086940084134E-11
         9.998618364334106E-01        -3.858327346506485E-08         7.790285777575789E-12
         9.998959898948669E-01        -2.882452463381924E-07         1.069071914328035E-10
         9.997934699058533E-01        -2.213977552401047E-07         7.937966950422037E-11
         9.998840689659119E-01        -6.033202453181730E-07         2.327280729241821E-10
         9.995028376579285E-01        -3.601968501243391E-07         1.678435307406190E-10
         9.993942379951477E-01        -9.464370975820202E-08         9.011533186331633E-11
         9.994643926620483E-01         1.023172302438979E-07         2.032438800592118E-11
         9.996919035911560E-01         6.810371377952151E-09         4.675918333085782E-11
         9.995989799499512E-01         3.360850442390984E-08         3.722744681966539E-11
         9.999579191207886E-01        -5.447471380648494E-07         2.281211469723488E-10
         9.998413920402527E-01        -1.993815317291592E-07         8.322602329524642E-11
         9.999437928199768E-01        -3.960482501952356E-07         1.597065812930509E-10
         9.992588162422180E-01         2.660107156771119E-07        -1.024022602824637E-10
         9.992489218711853E-01        -1.853320981126672E-07         8.269627344015262E-11
         9.991851449012756E-01        -1.222247902887830E-07         7.456143341633137E-11
         9.989669322967529E-01         1.683188628476273E-07        -5.459369067928321E-11
         9.987134337425232E-01         2.426434093649732E-07        -8.889908947873337E-11
         9.988552331924438E-01        -6.570937927108389E-08         1.899534696203631E-11
         9.990433454513550E-01        -9.948402635018283E-08         1.610032593357680E-11
         9.992746114730835E-01        -3.972084812176035E-07         1.271150684711841E-10
         9.992097020149231E-01        -5.086723717795394E-07         1.755764422739503E-10
         9.988485574722290E-01        -1.474574702342579E-07         2.711327863613722E-11
         9.989984631538391E-01        -5.601744419436727E-07         1.606252630903526E-10
         9.989205002784729E-01        -4.915814884043357E-07         1.506784697014041E-10
         9.986107349395752E-01        -6.104363592385198E-08        -1.412842412507054E-11
         9.989830255508423E-01        -6.529574534397398E-07         2.212366262410725E-10
         9.984255433082581E-01        -3.336634790684911E-08        -1.197769661231973E-11
         9.983680844306946E-01        -4.263918071956141E-07         1.659727494329744E-10
         9.981264472007751E-01        -2.052866818758048E-07         9.322257549237989E-11
         9.978428483009338E-01         1.510644267455064E-07        -6.054584611447922E-11
         9.976698756217957E-01         1.164831253674947E-08        -9.783847343403096E-12
         9.974865913391113E-01        -1.213898457308460E-07         6.717949807555357E-11
         9.973906278610229E-01        -2.450115914598427E-07         1.227036944273507E-10
         9.970665574073792E-01         7.709167704206266E-08        -2.167526748364512E-11
         9.967492818832397E-01        -2.048329328374621E-08         3.843636173228582E-11
         9.963412284851074E-01         2.970402022128837E-07        -8.543062784971411E-11
         9.963567256927490E-01         1.870293289130132E-07        -6.113586026312845E-11
         0.000000000000000E+00         0.000000000000000E+00         0.000000000000000E+00
         0.000000000000000E+00         0.000000000000000E+00         0.000000000000000E+00
         0.000000000000000E+00         0.000000000000000E+00         0.000000000000000E+00
         0.000000000000000E+00         0.000000000000000E+00         0.000000000000000E+00
         0.000000000000000E+00         0.000000000000000E+00         0.000000000000000E+00
         0.000000000000000E+00         0.000000000000000E+00         0.000000000000000E+00
         0.000000000000000E+00         0.000000000000000E+00         0.000000000000000E+00
         1.003112435340881E+00         2.562084091550787E-07        -8.821472718967271E-11
         1.003006100654602E+00         7.349363073672066E-08        -4.106060977338011E-12
         1.002670884132385E+00         6.105093319774824E-08         1.817440512322244E-12
         1.002545237541199E+00         6.583017153616311E-08         1.105930798328547E-11
         1.002460479736328E+00         3.421252756652393E-07        -9.285485574883623E-11
         1.002494812011719E+00         2.185211656069441E-07        -5.017466303547380E-11
         1.002325534820557E+00         2.034445287790732E-07        -3.558618677512726E-11
         1.002201676368713E+00         8.055114619764936E-08         3.421708055784123E-11
         1.002059459686279E+00         5.074140929650639E-08         5.865522650916333E-11
         1.002014398574829E+00         1.569959948710675E-07         1.164137709841473E-11
         1.002059102058411E+00         7.055880502093714E-08         1.953654946151850E-11
         1.001924395561218E+00         2.137645083166717E-07        -4.988963062113605E-11
         1.001946091651917E+00         2.793658495647833E-07        -7.480499553125242E-11
         1.002165675163269E+00         1.734464234459665E-07        -4.620310731229260E-11
         1.001928448677063E+00         3.139814737096458E-07        -1.047978093193791E-10
         1.001750826835632E+00         2.842431001681689E-07        -9.514124210685537E-11
         1.001684308052063E+00         2.507730130218988E-07        -8.020677871867221E-11
         1.001465320587158E+00         1.982065640504516E-07        -5.476990735941989E-11
         1.001143932342529E+00         2.077125031973992E-07        -7.193581147424410E-11
         1.000781059265137E+00         2.702570895962708E-07        -9.631853647995570E-11
         1.000762104988098E+00        -2.606990356923689E-08         9.452623579708774E-12
         1.000697851181030E+00        -1.919963210639253E-07         7.493076992215464E-11
         1.000682115554810E+00        -2.824005207457958E-07         1.123549447923367E-10
         1.000409483909607E+00        -9.709729198448258E-08         5.419089829650225E-11
         1.000183820724487E+00        -3.483873811660487E-08         4.220821261946561E-11
         9.999273419380188E-01         3.218958681827644E-07        -8.406041140940346E-11
         9.999433159828186E-01         4.192110623080225E-07        -1.202765942398543E-10
         9.998987317085266E-01         4.711626218067977E-07        -1.533805721321002E-10
         9.998269081115723E-01         4.579761707645957E-07        -1.604123084364417E-10
         9.998892545700073E-01         1.854655522492976E-07        -5.927867224864158E-11
         9.998663067817688E-01         2.030715364753632E-07        -5.830200211498493E-11
         9.999614357948303E-01         2.024240899345386E-07        -4.456102500882686E-11
         1.000004649162292E+00         2.983402112022304E-07        -7.068969021251092E-11
         9.999158978462219E-01         4.510973496962833E-07        -1.368622021269417E-10
         9.999115467071533E-01         6.417196800612146E-07        -2.237470625443549E-10
         9.999983310699463E-01         3.171500964072038E-07        -1.135181462719181E-10
         1.000017285346985E+00         3.935612937766564E-07        -1.585195030795461E-10
         1.000435948371887E+00         3.364450762433080E-08        -3.929929992541048E-11
         1.000620841979980E+00        -2.311273874511244E-07         7.507953286856051E-11
         1.000600576400757E+00        -2.185518894748384E-07         9.377513349173583E-11
         1.000285148620605E+00        -1.872864885399395E-07         1.089988793667729E-10
         1.000104069709778E+00        -2.401729659595730E-07         1.167568125515217E-10
         1.000105142593384E+00        -3.586194452509517E-07         1.566282936682484E-10
         1.000033259391785E+00        -2.765460749287740E-07         1.050963968629581E-10
         9.998161196708679E-01        -4.838254952233001E-08         1.165439359601672E-11
         9.999551177024841E-01        -8.688851949045784E-08         1.034112726006065E-11
         1.000232696533203E+00        -5.403613840826438E-07         1.724999448837750E-10
         1.000255346298218E+00        -5.977897217235295E-07         1.909715857673078E-10
         1.000094413757324E+00        -3.844145908260543E-07         1.083666351098245E-10
         1.000033378601074E+00        -2.517545567570778E-07         7.151358671908525E-11
         1.000185608863831E+00        -2.220014465592612E-07         5.414379361523558E-11
         1.000116705894470E+00        -1.980421302505420E-07         5.052613535894146E-11
         9.998897314071655E-01         7.538887558666829E-08        -3.764179593024330E-11
         9.996501207351685E-01         1.629677655046180E-07        -7.573634080992875E-11
         9.995971322059631E-01         1.398886411152489E-07        -6.655246492792699E-11
         9.994454979896545E-01         9.396281797080519E-08        -5.517241871699774E-11
         9.995491504669189E-01        -7.860876394261140E-08         1.011123736821551E-11
         9.996404051780701E-01        -1.315046063155023E-07         4.873507500335883E-11
         9.996467232704163E-01         2.235765350633301E-08         8.094782656675736E-12
         9.996249675750732E-01         1.518529018085246E-07        -2.736725950025498E-11
         9.993868470191956E-01         3.558520234037132E-07        -6.932956986283045E-11
         9.992945194244385E-01         3.093920781793713E-07        -3.163662387617450E-11
         9.994432330131531E-01         1.616456017927703E-07        -1.211622469021734E-11
         9.995834827423096E-01         2.864867099106050E-07        -9.988243565572930E-11
         9.998739361763000E-01        -3.118154845438426E-09         1.100190858555061E-11
         1.000076532363892E+00         4.192034808170320E-08        -1.327724388766605E-11
         1.000024318695068E+00         1.807334797376825E-07        -4.783045487455340E-11
         1.000004172325134E+00         4.541846578831610E-07        -1.440416813602852E-10
         9.999468922615051E-01         5.439558208308881E-07        -1.893298434696433E-10
         1.000029563903809E+00         5.621168384095654E-07        -2.103184570945160E-10
         9.999695420265198E-01         7.060062330310757E-07        -2.735431603451133E-10
         9.999802708625793E-01         7.047538019833155E-07        -2.757908901251938E-10
         9.998669624328613E-01         6.375592533913732E-07        -2.438424462347655E-10
         9.999572634696960E-01         5.169385417502781E-07        -2.182842656628381E-10
         9.998356699943542E-01         4.594950837599754E-07        -2.045477259793316E-10
         9.997127652168274E-01         3.768680016946746E-07        -1.586271530795713E-10
         9.995862841606140E-01         3.844956495413498E-07        -1.691621287491785E-10
         9.995080828666687E-01         6.300806489889510E-07        -2.608619709132398E-10
         9.995558857917786E-01         5.190025831325329E-07        -2.328296999642987E-10
         9.995509386062622E-01         3.926222404970758E-07        -1.933317950175706E-10
         9.995326399803162E-01         3.037524720639340E-07        -1.442261587936144E-10
         9.996588230133057E-01         1.269274889637018E-07        -4.575147552476899E-11
         9.999333620071411E-01        -1.684079506958369E-07         7.002839974568076E-11
         9.998890757560730E-01        -1.354689658228381E-07         5.460801949519478E-11
         9.998489618301392E-01        -2.124869666886298E-07         6.750146969158877E-11
         9.996764659881592E-01        -1.662131410284928E-07         1.780514451155124E-11
         9.997013211250305E-01        -1.627623475997098E-07         4.943204873208984E-11
         9.998066425323486E-01        -9.316740090525855E-08         3.664196029928846E-11
         9.997802972793579E-01        -7.140575064568111E-08         4.555061536293259E-11
         9.997884631156921E-01        -1.987687596738397E-07         9.464976025164162E-11
         9.996819496154785E-01        -1.182351212491994E-07         5.736772515363420E-11
         9.997809529304504E-01        -1.541837519880573E-07         7.077170099956120E-11
         9.996824264526367E-01         1.115838159648774E-07        -4.346257034826273E-11
         9.995429515838623E-01         1.976189878405421E-07        -7.670608592746930E-11
         9.996066093444824E-01         2.402644838639389E-07        -9.098083397773848E-11
         9.996034502983093E-01         3.901854199739319E-07        -1.412611000395358E-10
         9.998232722282410E-01         5.519370347428776E-07        -1.834889185037269E-10
         1.000026702880859E+00         2.063425768028537E-07        -4.905265776899981E-11
         9.998229146003723E-01         4.253282099853095E-07        -1.252117992622814E-10
         1.000046372413635E+00         3.517014022236253E-07        -9.021190044977700E-11
         0.000000000000000E+00         0.000000000000000E+00         0.000000000000000E+00
         1.000012040138245E+00         1.498254817988709E-07        -1.704044717831810E-11
         1.000147938728333E+00         2.042270921265299E-07        -5.014372944645018E-11
         9.999902248382568E-01         2.811673311953200E-07        -7.673827545628953E-11
         9.998494982719421E-01         4.365433881048375E-07        -1.354477086046302E-10
         1.000086069107056E+00         1.455282330198315E-07        -4.152575505678158E-11
         1.000063300132751E+00         2.387102995271562E-07        -8.720420913155280E-11
         1.000021696090698E+00         4.563870845686324E-07        -1.704362345700261E-10
         1.000082015991211E+00         4.766961296809313E-07        -1.781958192115241E-10
         1.000094294548035E+00         3.144971003621322E-07        -1.403781674236271E-10
         9.999469518661499E-01         2.788077324566984E-07        -1.340032251828660E-10
         9.998556971549988E-01         2.713211983973451E-07        -1.183547981842281E-10
         9.997883439064026E-01         3.401544574899162E-07        -1.245474695599214E-10
         9.998810887336731E-01         1.531423521328179E-07        -1.545581197748280E-11
         9.998179078102112E-01         1.148499748637732E-07        -2.384905641028556E-12
         9.998239874839783E-01         1.958058675199936E-07        -3.749943064401684E-11
         9.997327923774719E-01         2.930893572283821E-07        -8.762481712443204E-11
         9.998629689216614E-01         4.432317837199662E-07        -1.419094702859169E-10
         9.999690055847168E-01         4.427000419582328E-07        -1.501715279905724E-10
         1.000047922134399E+00         9.221657393254645E-08        -3.582842009186571E-11
         9.999760389328003E-01        -8.347716118350945E-08         3.989692604067230E-11
         1.000106453895569E+00        -3.841980174001947E-07         1.474820821023570E-10
         1.000214695930481E+00        -5.886051894776756E-07         2.263155080006740E-10
         1.000161290168762E+00        -6.357402071444085E-07         2.441500890348891E-10
         1.000140547752380E+00        -6.670545076303824E-07         2.509357444058224E-10
         9.999312758445740E-01        -5.876121917935961E-07         2.262321163737369E-10
         9.998421072959900E-01        -4.619243441084109E-07         1.734873217307253E-10
         9.997676610946655E-01        -2.136105194949778E-07         6.878125846654370E-11
         9.998120665550232E-01        -7.966786341739862E-08         3.765046954762319E-11
         9.998103976249695E-01         1.368617859043297E-07        -3.065114828615378E-11
         9.997113347053528E-01         2.943129118193610E-07        -8.510813581663612E-11
         9.996930956840515E-01         2.833795917922544E-07        -8.583976585097020E-11
         9.998390078544617E-01         1.468168306928419E-07        -4.190791463853927E-11
         9.999730587005615E-01        -4.002457743013110E-08         1.312493863592223E-11
         9.997070431709290E-01         1.004963507966750E-07        -3.156519490232768E-11
         9.995434284210205E-01         2.994347028106858E-07        -9.976891535146137E-11
         9.997352957725525E-01         2.622142574182362E-07        -1.039989136475405E-10
         1.000013470649719E+00         1.692305602318811E-07        -6.828460713537154E-11
         1.000261664390564E+00         6.017979359285164E-08        -4.137571188445044E-11
         1.000224828720093E+00         6.044525946435897E-08        -2.749225326559301E-11
         1.000217199325562E+00        -2.962558198760235E-08         1.081331638813632E-11
         1.000282764434814E+00        -2.178347955350546E-07         7.993886802504235E-11
         1.000336647033691E+00        -2.894443298373517E-07         8.375486415523881E-11
         1.000223994255066E+00        -4.259736954281834E-07         1.221015094587941E-10
         1.000053644180298E+00        -4.268130737727915E-07         1.317826681113132E-10
         1.000041961669922E+00        -4.274139087101503E-07         1.202297150726395E-10
         9.998700022697449E-01        -4.670787632221618E-07         1.341181332659147E-10
         9.999070167541504E-01        -6.397372658284439E-07         2.214874533779110E-10
         1.000090599060059E+00        -6.041085498509347E-07         2.175125773939968E-10
         1.000318050384521E+00        -7.565981263724098E-07         2.867346915458313E-10
         1.000427961349487E+00        -5.973515726509504E-07         2.347904370925136E-10
         1.000562548637390E+00        -5.804751594951085E-07         2.277884963985954E-10
         1.000572681427002E+00        -6.217177883627301E-07         2.372688434615355E-10
         1.000306963920593E+00        -6.369239144987660E-07         2.457658798693529E-10
         1.000042438507080E+00        -4.952553922521474E-07         1.903829177640759E-10
         9.996404647827148E-01        -3.206084215889859E-07         1.370202701300727E-10
         9.995255470275879E-01        -4.329500598032610E-07         1.749659583882845E-10
         9.995795488357544E-01        -4.810326572624035E-07         1.936059923490774E-10
         9.993872046470642E-01        -2.258674811628225E-07         8.513577343105538E-11
         9.992428421974182E-01        -5.603352448702026E-09         3.797820131296037E-12
         9.991075396537781E-01        -4.497042382922700E-08         3.226347314311262E-11
         9.987675547599792E-01        -7.821812531005889E-09         3.144746268946008E-11
         9.985100030899048E-01         3.548708491507568E-07        -1.270012289777966E-10
         9.984910488128662E-01         3.536841006734903E-07        -1.336389054973353E-10
         9.983633756637573E-01         2.073121549983625E-07        -8.454808381186396E-11
         9.980831742286682E-01         4.433844367213169E-07        -1.623684936502556E-10
         9.982208013534546E-01         2.802960921144404E-07        -1.275305971937257E-10
         9.980015754699707E-01         4.439440601800015E-07        -2.028901352479906E-10
         9.975138306617737E-01         7.819740517334139E-07        -3.172379858806806E-10
         9.972282648086548E-01         8.448870403299225E-07        -3.473104581708242E-10
         9.970297813415527E-01         8.744319757170160E-07        -3.580368779232401E-10
         9.969392418861389E-01         6.016459224156279E-07        -2.701920631675847E-10
         9.966277480125427E-01         6.662593818873574E-07        -2.965531709087088E-10
         9.965869188308716E-01         3.795288421315490E-07        -1.900997276260696E-10
         9.963241815567017E-01         4.146713763475418E-07        -1.874476823759963E-10
         9.962601661682129E-01         3.425578540827701E-07        -1.583492642565076E-10
         9.959972500801086E-01         5.154760174264084E-07        -2.207743432514064E-10
         9.956324696540833E-01         7.463545443897601E-07        -3.072013199378887E-10
         0.000000000000000E+00         0.000000000000000E+00         0.000000000000000E+00
         0.000000000000000E+00         0.000000000000000E+00         0.000000000000000E+00
         0.000000000000000E+00         0.000000000000000E+00         0.000000000000000E+00
         0.000000000000000E+00         0.000000000000000E+00         0.000000000000000E+00
         0.000000000000000E+00         0.000000000000000E+00         0.000000000000000E+00
         0.000000000000000E+00         0.000000000000000E+00         0.000000000000000E+00
         0.000000000000000E+00         0.000000000000000E+00         0.000000000000000E+00
         0.000000000000000E+00         0.000000000000000E+00         0.000000000000000E+00
         1.004063129425049E+00        -7.904852168394427E-07         3.521939406780916E-10
         1.003769636154175E+00        -7.765329996800574E-07         3.707000817421147E-10
         1.003728866577148E+00        -9.416290822628071E-07         4.260317654214418E-10
         1.003497123718262E+00        -8.183425279639778E-07         3.459046937770438E-10
         1.003414750099182E+00        -8.067390240285022E-07         3.584364471898027E-10
         1.003327012062073E+00        -8.300533522742626E-07         3.468390852301440E-10
         1.003236413002014E+00        -8.448974426755740E-07         3.309137130980133E-10
         1.002931237220764E+00        -8.987661317405582E-07         3.533752179762928E-10
         1.002683401107788E+00        -7.067178557917941E-07         2.938080889691719E-10
         1.002675652503967E+00        -7.612088097630476E-07         3.230900269546311E-10
         1.002556800842285E+00        -7.279141414073820E-07         2.815188915317179E-10
         1.002523779869080E+00        -8.135385769492132E-07         3.056172814819291E-10
         1.002267718315125E+00        -8.602776233601617E-07         3.105750934206952E-10
         1.001929283142090E+00        -6.377170507221308E-07         2.318178704552309E-10
         1.001819491386414E+00        -6.888360530865612E-07         2.605311522074771E-10
         1.001294851303101E+00        -5.199610200179450E-07         2.033001267331969E-10
         1.001113057136536E+00        -2.910899183916626E-07         1.184838338552652E-10
         1.001042723655701E+00        -3.084810629161439E-08         1.939784270710287E-11
         1.001067757606506E+00        -3.166161377521348E-08         1.387558297427649E-11
         1.001034259796143E+00         4.526004815375018E-08        -1.953172519553181E-11
         1.001049041748047E+00         1.434099630159835E-07        -6.446095046630518E-11
         1.001010298728943E+00         2.251983630685572E-07        -8.708513077326785E-11
         1.000851273536682E+00         2.039296873590501E-07        -5.611257292148508E-11
         1.000656366348267E+00         1.911761273731827E-07        -3.823686159365458E-11
         1.000493407249451E+00         2.416129518678645E-07        -6.826539333815163E-11
         1.000211119651794E+00         6.011344453327183E-07        -2.098482221324360E-10
         1.000277280807495E+00         6.004747774568386E-07        -1.959507001103589E-10
         1.000196218490601E+00         4.907865900349861E-07        -1.540198107941038E-10
         1.000178933143616E+00         6.563206511600583E-07        -2.190888026554205E-10
         1.000250816345215E+00         7.552591227977246E-07        -2.717235048077526E-10
         1.000430822372437E+00         2.734772124313167E-07        -1.060445550815636E-10
         1.000347852706909E+00         2.897994306749752E-07        -9.903355219220700E-11
         1.000531673431396E+00         3.620881159349665E-07        -1.238530250580183E-10
         1.000904083251953E+00        -9.758087315958619E-08         3.556992200781650E-11
         1.000622749328613E+00         2.357628261506761E-07        -1.011623909641379E-10
         1.000580668449402E+00         5.896469801314197E-08        -4.001664624664336E-11
         1.000517487525940E+00        -1.852600348684064E-07         5.762818000576431E-11
         1.000706195831299E+00        -2.516720769563108E-07         8.517448552014528E-11
         1.000702619552612E+00        -1.951600268057518E-07         8.167416742921318E-11
         1.000559806823730E+00         7.589973449739773E-08        -3.615585608685024E-11
         1.000551462173462E+00        -4.740039827311193E-08         1.914532551591797E-12
         1.000692605972290E+00        -2.600570496724686E-07         6.097066601595813E-11
         1.000648975372314E+00        -4.427210456015018E-07         1.104947036645321E-10
         1.000364780426025E+00        -3.720947461260948E-07         6.991635742581437E-11
         1.000011682510376E+00        -2.290176297492508E-07         2.060498820177781E-11
         9.998775720596313E-01        -4.106604762910138E-07         1.229120832890729E-10
         9.995718002319336E-01        -1.464826340225045E-07         4.380251023006210E-11
         9.992731809616089E-01        -5.711930839424895E-08         7.616720622272144E-12
         9.990845322608948E-01        -3.000641513040136E-08         9.827457424227415E-12
         9.990918636322021E-01         5.629606647516994E-08        -2.476418896335542E-11
         9.993492364883423E-01         2.804087806396183E-08        -8.067271677070220E-12
         9.996609687805176E-01        -2.359712283350746E-07         9.946084233991570E-11
         9.994844794273376E-01         1.719619433515618E-07        -3.104888221527879E-11
         9.995875358581543E-01         7.812997893097418E-08         1.363653807928689E-11
         9.995869398117065E-01         4.217369848902308E-07        -1.155482654002782E-10
         9.996497631072998E-01         4.600400131948845E-07        -1.488359713253118E-10
         9.997517466545105E-01         4.390397521092382E-07        -1.544533251296443E-10
         9.998308420181274E-01         4.956845032211277E-07        -1.846553882023372E-10
         9.999530911445618E-01         3.960543608627631E-07        -1.388947429292742E-10
         9.999539852142334E-01         2.910222747232183E-07        -8.186667316278928E-11
         1.000023603439331E+00         2.047681135763924E-07        -4.687178076223653E-11
         9.999492764472961E-01         5.031158707424765E-07        -1.667526672299857E-10
         1.000030517578125E+00         4.963886794939754E-07        -1.811467642554021E-10
         1.000203609466553E+00         3.663558061361982E-07        -1.299248347796933E-10
         1.000450968742371E+00         2.622240629079897E-07        -9.050467320026456E-11
         1.000574707984924E+00         2.924194291153981E-07        -1.129994778303889E-10
         1.000512838363647E+00         6.367765763570787E-07        -2.636660612065356E-10
         1.000891447067261E+00         1.506136584339401E-07        -1.036094057771386E-10
         1.000831127166748E+00         8.297016762526255E-08        -7.045528743754303E-11
         1.000664830207825E+00        -6.971752952722454E-08         3.177734496980639E-13
         1.000610470771790E+00         1.223240886361054E-08        -4.661044814002757E-11
         1.000651597976685E+00        -2.540190848776547E-07         5.099835484467796E-11
         1.000405669212341E+00        -2.285482594288624E-07         4.000845141294285E-11
         1.000183820724487E+00        -2.141183301773708E-07         4.069471495893318E-11
         1.000086903572083E+00         2.639665375170352E-08        -2.327044112959697E-11
         9.999364614486694E-01         1.052319689165415E-07        -2.870117685183082E-11
         9.997835755348206E-01         1.181095399260812E-07        -1.510502486978815E-11
         9.993059039115906E-01         5.208584639149194E-07        -1.556961087834097E-10
         9.993332624435425E-01         2.804266614475637E-07        -4.572122888624186E-11
         9.993544220924377E-01         1.867148284873110E-07        -2.245656958999032E-11
         9.994167685508728E-01         1.698362126489883E-07        -2.553337055677396E-11
         9.995052814483643E-01         3.070746004141256E-07        -1.029148849474026E-10
         9.996931552886963E-01         2.401766607817990E-07        -8.290715336478627E-11
         1.000033974647522E+00        -5.718855788927613E-08        -5.967299571141282E-12
         1.000073671340942E+00        -3.572417739405864E-08        -3.482969468393549E-11
         1.000067949295044E+00        -2.606644500247057E-07         6.253293022284723E-11
         1.000042557716370E+00        -5.717112685488246E-07         1.892286605187365E-10
         9.998981356620789E-01        -1.910954381401098E-07         3.592152963971529E-11
         9.999425411224365E-01        -1.868941410521074E-07         5.242301384655867E-11
         1.000210642814636E+00        -1.612447277921092E-07         2.416803389360123E-11
         1.000522017478943E+00        -2.759135213636910E-07         7.089431819373715E-11
         1.000456452369690E+00        -1.474715105587165E-07         2.740487697883154E-11
         9.999746084213257E-01        -1.977633132810297E-07         4.769421316219713E-11
         1.000015377998352E+00        -5.016955242354015E-07         1.591387160937430E-10
         1.000205993652344E+00        -6.873915481264703E-07         2.056415038254045E-10
         1.000191450119019E+00        -4.529363764049776E-07         1.323867543367996E-10
         0.000000000000000E+00         0.000000000000000E+00         0.000000000000000E+00
         0.000000000000000E+00         0.000000000000000E+00         0.000000000000000E+00
         9.995318055152893E-01         1.722030589235146E-07        -2.809346158483272E-11
         9.997412562370300E-01         5.650769594467420E-07        -1.793496046120779E-10
         1.000220060348511E+00         1.309821442418979E-07        -1.881836179939977E-11
         1.000399231910706E+00        -2.176530244923924E-08         2.850253366659672E-11
         1.000425815582275E+00        -1.949283188196205E-07         7.655352046720409E-11
         1.000153422355652E+00        -2.061952955045854E-07         7.023506082282083E-11
         9.999926090240479E-01        -4.231324624015542E-07         1.632610574509030E-10
         9.999667406082153E-01        -4.676291496252816E-07         1.873730615109537E-10
         0.000000000000000E+00         0.000000000000000E+00         0.000000000000000E+00
         9.995614290237427E-01        -7.095305676330099E-08         3.447503740816593E-11
         9.997992515563965E-01         2.718703484561047E-08        -1.437637118725799E-12
         9.996535778045654E-01         5.205797606322449E-07        -1.868947080430061E-10
         9.997435808181763E-01         2.668546983386477E-07        -7.865545714746958E-11
         0.000000000000000E+00         0.000000000000000E+00         0.000000000000000E+00
         0.000000000000000E+00         0.000000000000000E+00         0.000000000000000E+00
         9.992475509643555E-01         4.540783606898913E-07        -1.412781419629638E-10
         9.994776844978333E-01         4.138477152082487E-07        -1.201820448715196E-10
         9.994654059410095E-01         3.305758866645192E-07        -8.867386686040035E-11
         9.993745684623718E-01         4.020681956262706E-07        -1.435912083680435E-10
         9.994694590568542E-01         1.549669121914121E-07        -5.206548039926595E-11
         9.995141029357910E-01         4.700970919202518E-07        -1.846879593703221E-10
         9.996678233146667E-01         5.741622999266838E-07        -2.141477550843263E-10
         9.996968507766724E-01         5.288018769533664E-07        -1.895285040021122E-10
         9.996784329414368E-01         3.990282095855946E-07        -1.335876131935976E-10
         9.995309114456177E-01         3.463288464899961E-07        -8.739227397303040E-11
         9.995648860931396E-01         2.793850057969394E-07        -5.329012231491959E-11
         9.997454881668091E-01         4.948179821440135E-08         4.660913668907973E-11
         9.998083710670471E-01        -3.354785960141271E-08         8.398075984628051E-11
         9.998614788055420E-01         1.201749171286792E-07         9.287185603890080E-12
         9.997879266738892E-01         3.767614771277294E-07        -1.116259584765800E-10
         9.995315670967102E-01         8.358912850781053E-07        -3.071146947863923E-10
         9.995312094688416E-01         7.448572318935476E-07        -2.790856989953738E-10
         9.994964599609375E-01         6.718008194184222E-07        -2.712721158815157E-10
         9.995145201683044E-01         7.852939347685606E-07        -3.263286862953407E-10
         9.997358322143555E-01         3.740559577636304E-07        -1.568405544327689E-10
         9.996916055679321E-01         5.484040457304218E-07        -2.428564294110203E-10
         9.998092055320740E-01         3.937039991797064E-07        -1.625985041053823E-10
         9.998903274536133E-01         3.965660084759293E-07        -1.658802123438718E-10
         9.999427795410156E-01         5.004023932997370E-07        -2.113034747175391E-10
         9.998557567596436E-01         3.759343769615953E-07        -1.541339417210352E-10
         9.996024966239929E-01         5.074376190350449E-07        -2.003925358984304E-10
         9.995062947273254E-01         6.338125899674196E-07        -2.278111588260856E-10
         9.997056126594543E-01         5.041442250330874E-07        -1.654421738495060E-10
         9.999201297760010E-01         1.518472600992027E-07        -2.675521783290780E-11
         9.999103546142578E-01         2.418676459114977E-08        -1.528148961538189E-11
         1.000050663948059E+00        -5.784547241205473E-08        -5.193973289657761E-12
         1.000078678131104E+00        -2.469132311944122E-07         6.641351357750125E-11
         9.999484419822693E-01        -1.373259834736018E-07         4.137576392615472E-11
         9.998708367347717E-01         1.705616909930541E-07        -7.161730236626696E-11
         9.997567534446716E-01         2.339576496979134E-07        -6.340069441668206E-11
         9.999103546142578E-01         7.741004282024733E-08        -6.813746615541572E-12
         1.000010609626770E+00         1.037172214779503E-08         2.941700355529875E-11
         1.000040411949158E+00        -8.478530588718058E-08         7.079568875578701E-11
         1.000004172325134E+00        -2.029401287018118E-07         1.203692562290470E-10
         9.998764991760254E-01        -4.825148280929170E-08         5.215455844975736E-11
         9.996767044067383E-01         2.669467669136338E-08         9.314442446506366E-12
         9.996370673179626E-01         3.051656847219419E-07        -1.216021033867420E-10
         9.994364380836487E-01         2.867171815523761E-07        -1.146751582581373E-10
         9.991389513015747E-01         9.546553059180951E-08        -5.176802736484021E-11
         9.988136291503906E-01         3.632532639130659E-07        -1.715809438973537E-10
         9.988590478897095E-01         3.436794600020221E-07        -1.868176585650971E-10
         9.988800287246704E-01         2.645453207605897E-07        -1.528768639458278E-10
         9.986343383789062E-01         4.191527978036902E-07        -1.986566883216412E-10
         9.982792139053345E-01         5.178962396712450E-07        -2.458796222182258E-10
         9.982302784919739E-01         5.711203812097665E-07        -2.735521531516127E-10
         9.981025457382202E-01         8.453238820038678E-07        -3.832458794761351E-10
         9.983549714088440E-01         5.141966994415270E-07        -2.695496326143854E-10
         9.983877539634705E-01         3.329399760332308E-07        -1.608449207157747E-10
         9.978941679000854E-01         5.015687634113419E-07        -2.034198087752515E-10
         9.974157810211182E-01         5.883980520593468E-07        -2.061706222411530E-10
         9.972169399261475E-01         2.814357458191807E-07        -7.563941140098507E-11
         9.970938563346863E-01         3.063275073600380E-07        -1.099914881397268E-10
         9.971590042114258E-01        -3.566323414361250E-08         1.127482135432345E-11
         9.970523118972778E-01        -4.368924422237797E-08        -2.194851288564448E-12
         9.968443512916565E-01        -1.245214864553645E-08         1.137277229855405E-12
         9.967340826988220E-01         6.684409470381070E-08        -4.560964453337313E-11
         9.965885877609253E-01         1.036260357523133E-07        -6.488190540387961E-11
         9.965119957923889E-01         8.447998567362447E-08        -7.510442268099382E-11
         9.964327216148376E-01         1.434870142702493E-07        -1.169849356275066E-10
         9.966475963592529E-01        -4.224719987178105E-07         1.023677045908222E-10
         0.000000000000000E+00         0.000000000000000E+00         0.000000000000000E+00
         0.000000000000000E+00         0.000000000000000E+00         0.000000000000000E+00
         0.000000000000000E+00         0.000000000000000E+00         0.000000000000000E+00
         0.000000000000000E+00         0.000000000000000E+00         0.000000000000000E+00
         0.000000000000000E+00         0.000000000000000E+00         0.000000000000000E+00
         0.000000000000000E+00         0.000000000000000E+00         0.000000000000000E+00
         0.000000000000000E+00         0.000000000000000E+00         0.000000000000000E+00
         1.003672838211060E+00         6.914144705660874E-07        -3.277891014175083E-10
         1.003595113754272E+00         5.221089054430195E-07        -2.730498604996967E-10
         1.003488302230835E+00         3.204849008398014E-07        -1.969569368709401E-10
         1.003522276878357E+00         1.915168184041249E-07        -1.390994264216516E-10
         1.003283739089966E+00         4.291885602469847E-07        -2.271560717304055E-10
         1.003103613853455E+00         2.455240348808729E-07        -1.467413829336905E-10
         1.003111362457275E+00        -7.521435030355406E-09        -6.399629437492393E-11
         1.002886176109314E+00        -8.822179609069281E-08        -6.009891889702246E-11
         1.002510070800781E+00         2.035710977565941E-08        -8.849955490664030E-11
         1.002345800399780E+00        -4.911624884584853E-08        -4.185485638630304E-11
         1.002072691917419E+00         2.025783345516174E-07        -1.286580147974448E-10
         1.001987218856812E+00         5.237700406723889E-07        -2.478281468931698E-10
         1.001935005187988E+00         4.666148356591293E-07        -2.014243632997292E-10
         1.001926779747009E+00         1.657219712569713E-07        -8.515183003154903E-11
         1.001904606819153E+00        -4.231161199186317E-08        -9.442775554535654E-12
         1.001834988594055E+00        -1.107084699469851E-07         1.200021505776139E-11
         1.002043128013611E+00        -4.369689463601389E-07         1.314060665835726E-10
         1.001884698867798E+00        -3.542261595157470E-07         1.012468442418424E-10
         1.001622915267944E+00        -4.336500865065318E-07         1.373459679321343E-10
         1.001302242279053E+00        -3.177797509579250E-07         9.499039055338443E-11
         1.001133680343628E+00        -3.242195418806659E-07         9.778139409277742E-11
         1.000887513160706E+00        -4.035811969060887E-07         1.458077408811320E-10
         1.000454187393188E+00        -1.239419447074397E-07         3.132564693753004E-11
         1.000201702117920E+00        -2.891741246457968E-07         1.231204166396438E-10
         9.998298287391663E-01         1.011541357343049E-07        -1.059392417540606E-11
         9.997437596321106E-01         1.747767015558566E-07        -1.793716911113741E-11
         9.998818635940552E-01         1.275904821795848E-07         2.676261816325631E-11
         9.999298453330994E-01         3.911744883566826E-08         8.277483559693266E-11
         1.000162363052368E+00        -2.613371918869234E-07         1.900524598807962E-10
         1.000203847885132E+00        -3.594330166833970E-07         1.942757343886825E-10
         1.000354528427124E+00        -4.761215848247957E-07         2.062251758250255E-10
         1.000505328178406E+00        -4.974282887815207E-07         2.128969778247836E-10
         1.000309109687805E+00        -1.316726638833643E-07         9.281797552773696E-11
         9.999703168869019E-01         6.625261050885456E-08         2.879772462160979E-11
         9.998035430908203E-01        -5.022700921841761E-09         6.328672308431038E-11
         9.998611211776733E-01         3.953009652946093E-08         4.381784171614278E-11
         9.999891519546509E-01        -3.328754161202596E-08         8.820993935287902E-11
         9.997968077659607E-01         1.691705620032735E-07         2.985687391765524E-11
         9.999501705169678E-01         3.120786473687076E-08         5.160199698095447E-11
         1.000076889991760E+00         9.833507164103139E-08        -1.130199753229810E-11
         1.000102758407593E+00         2.266748992951761E-07        -8.606960977264322E-11
         9.998236298561096E-01         5.786366727988934E-07        -2.417896438622336E-10
         9.999343752861023E-01         4.141479905683809E-07        -1.906967361797740E-10
         1.000001788139343E+00         4.130266688662232E-07        -2.067129106775312E-10
         1.000149726867676E+00        -5.138697645179491E-08        -4.466233285982391E-11
         1.000077486038208E+00        -1.909904341346191E-07         5.698763943379204E-12
         1.000229239463806E+00        -3.364102099112642E-07         3.233466272511976E-11
         1.000318288803101E+00        -4.209738335703150E-07         6.708308908365268E-11
         1.000285983085632E+00        -3.527107139689178E-07         6.952911163482511E-11
         1.000454306602478E+00        -1.917507290727372E-07         1.973923455245163E-11
         1.000647544860840E+00        -3.470213698619773E-07         1.046488243283683E-10
         1.000370383262634E+00         6.433279509110434E-08        -6.865590040927572E-11
         1.000578403472900E+00        -4.120197445445228E-07         1.000599880729425E-10
         1.000512480735779E+00        -3.546583684510551E-07         6.831153004371870E-11
         1.000554919242859E+00        -4.932465458296065E-07         1.561989426690502E-10
         1.000557780265808E+00        -4.614970521288342E-07         1.890563122719513E-10
         1.000424742698669E+00        -2.891306962737872E-07         1.316692033181965E-10
         1.000276565551758E+00         5.582383266755642E-08        -8.361438277870725E-12
         1.000269412994385E+00        -5.233470901089277E-08         1.896660779820980E-11
         1.000193715095520E+00         2.156237002282069E-07        -9.895890357158876E-11
         9.996477365493774E-01         8.234710549004376E-07        -3.201781340056442E-10
         9.991641044616699E-01         1.205804323944903E-06        -4.381065787928407E-10
         9.990352988243103E-01         1.454923108212824E-06        -5.201641894991837E-10
         9.991355538368225E-01         1.382715595354966E-06        -4.944488707359085E-10
         9.994849562644958E-01         7.649348958693736E-07        -2.453691139159275E-10
         9.998324513435364E-01         4.397608677209064E-07        -1.220243905919460E-10
         9.998141527175903E-01         5.458398888436022E-08         2.697168703658104E-11
         9.999132156372070E-01         1.813595815747249E-07        -1.700601118259648E-11
         1.000076770782471E+00         1.877917128467743E-07        -2.274385887957031E-11
         9.999902844429016E-01         2.718349492170091E-07        -2.917669231217168E-11
         1.000222325325012E+00         7.228088350075268E-08         3.847095558784375E-11
         1.000546216964722E+00        -2.710204682898620E-07         1.106990957233656E-10
         1.000793695449829E+00        -5.128702014189912E-07         1.494718238070902E-10
         1.000861167907715E+00        -5.801542215522204E-07         1.554675554960028E-10
         1.000650525093079E+00        -2.960397864626430E-07         6.618085940379714E-11
         1.000372409820557E+00         6.538508756648298E-08        -8.678958246521873E-11
         1.000294923782349E+00         2.025460901222687E-07        -1.302676300163341E-10
         1.000187993049622E+00        -4.384572704907441E-08        -5.290747440850341E-12
         1.000135302543640E+00         5.840259476030951E-08         2.882394409958744E-12
         1.000093817710876E+00         1.997172773826605E-07        -3.063299613970116E-11
         9.999577403068542E-01         2.960235008231393E-07        -1.027367843575711E-10
         1.000149965286255E+00        -3.578736240683611E-08        -8.988080245353469E-12
         9.997792840003967E-01         5.179034587854403E-07        -2.333068460647070E-10
         9.999844431877136E-01        -9.949090440386499E-08        -6.333375664191454E-12
         1.000295042991638E+00        -4.245402180913516E-07         1.302550567405802E-10
         1.000250816345215E+00        -4.243798059633264E-07         1.563853352370970E-10
         1.000305771827698E+00        -3.302672269001050E-07         1.038761160421231E-10
         1.000224828720093E+00        -1.417671882109062E-07        -4.544198350941997E-12
         1.000235319137573E+00        -4.452825805856264E-07         9.874596279546566E-11
         1.000122666358948E+00        -3.015655636318115E-07         6.245327865972428E-11
         1.000026702880859E+00        -1.731398242554860E-07         4.345077683071130E-12
         1.000095367431641E+00        -3.393753331693006E-07         7.085028397302295E-11
         1.000057697296143E+00        -2.008276567266876E-07        -1.187558558435331E-11
         9.997322559356689E-01        -1.403568319346959E-07        -3.819980096131381E-11
         9.997858405113220E-01         1.111667913278325E-07        -1.519960268758780E-10
         9.996524453163147E-01         1.879879931721007E-07        -1.458930337649988E-10
         9.995511174201965E-01         2.922582211795088E-07        -1.825518208820043E-10
         9.995300769805908E-01         2.180946694352315E-07        -1.289227197220910E-10
         9.996830821037292E-01        -2.418815370219818E-07         4.827962335474112E-11
         9.996104240417480E-01        -1.134677276581897E-07         3.276348983782817E-11
         9.993849992752075E-01         3.218258370907279E-07        -1.073217834046680E-10
         9.994836449623108E-01         2.496164768217568E-07        -8.678972124309681E-11
         9.991780519485474E-01         4.825644737138646E-07        -1.657075171523914E-10
         9.993871450424194E-01         3.391506879779627E-07        -1.207662581048652E-10
         9.995156526565552E-01         8.487008074098412E-08        -7.541551584611117E-12
         9.999096989631653E-01        -6.414888389372209E-07         2.541521715304640E-10
         1.000257730484009E+00        -1.168872813650523E-06         4.763728855827765E-10
         1.000321507453918E+00        -1.243461724698136E-06         5.420131565792019E-10
         1.000642299652100E+00        -8.601491572335362E-07         3.525597314091300E-10
         1.000776886940002E+00        -1.040341089719732E-06         3.691426886387461E-10
         1.000671505928040E+00        -1.094717504201981E-06         3.870274656314621E-10
         1.000330090522766E+00        -8.716572210687445E-07         3.174618345980207E-10
         1.000228643417358E+00        -7.123790624063986E-07         2.552772437880435E-10
         1.000212430953979E+00        -3.986222623098001E-07         1.032664856404075E-10
         1.000226259231567E+00        -3.021462191554747E-07         1.585968335826582E-12
         9.999857544898987E-01         2.668174090558750E-07        -2.215512495684635E-10
         9.999806284904480E-01         6.425916865282488E-08        -1.159907656034243E-10
         1.000316619873047E+00        -4.046119101985823E-07         5.787893775366371E-11
         1.000441908836365E+00        -7.578445320177707E-07         1.442497232773121E-10
         1.000321626663208E+00        -1.991947726764920E-07        -6.807852198642550E-11
         9.999412894248962E-01         3.569289503957407E-07        -2.252332348406938E-10
         9.997809529304504E-01         5.781474214927584E-07        -2.220843786648885E-10
         9.997583031654358E-01         3.904047503056063E-07        -1.353894635292008E-10
         9.997873306274414E-01         7.904588272822366E-08        -3.913273524669414E-11
         9.999940395355225E-01        -3.428562536100799E-07         1.359508061682391E-10
         1.000287890434265E+00        -4.876471848547226E-07         2.060905196499263E-10
         1.000117540359497E+00        -2.283923663526366E-07         8.184781324915846E-11
         1.000317096710205E+00        -2.470816866662062E-07         7.358302162030483E-11
         1.000240683555603E+00        -4.341709427535534E-07         1.482761552429324E-10
         9.997261762619019E-01         3.186367223406705E-07        -8.145470409282041E-11
         9.992057085037231E-01         8.570606269131531E-07        -2.182747455004019E-10
         9.993169307708740E-01         8.774140383138729E-07        -1.969355234443526E-10
         9.995058178901672E-01         6.374196459546511E-07        -1.534909421785358E-10
         9.999598264694214E-01         4.551128540697391E-08         4.285464691444751E-11
         9.997413754463196E-01         1.466771379909915E-07         4.943694065229209E-11
         9.992802143096924E-01         7.199993774520408E-07        -8.020693831323200E-11
         9.990590810775757E-01         9.624428685128805E-07        -1.987862235930393E-10
         9.994503855705261E-01         6.792305384806241E-07        -1.360660473181952E-10
         1.000096559524536E+00        -2.939782177691086E-07         2.498427853492302E-10
         1.000367641448975E+00        -8.027750482142437E-07         4.193979608047016E-10
         1.000237703323364E+00        -7.625155831192387E-07         3.969473638676391E-10
         1.000183820724487E+00        -6.295834964475944E-07         3.613019605719359E-10
         9.997587203979492E-01         2.958368270356004E-07         4.996808088825189E-12
         9.996013045310974E-01         7.374928827630356E-07        -1.978130298452285E-10
         9.994080662727356E-01         1.137536060014099E-06        -3.737268272629990E-10
         9.992530345916748E-01         9.179564131045481E-07        -2.541251098442388E-10
         9.992098808288574E-01         9.741602298163343E-07        -2.935260368097659E-10
         1.000218152999878E+00        -5.778557010671648E-07         2.225976764025361E-10
         1.000454664230347E+00        -6.799218112973904E-07         2.670279830585542E-10
         9.999937415122986E-01        -4.268489561809474E-08         7.014142044958760E-11
         1.000690221786499E+00        -1.205889930133708E-06         4.607582093640872E-10
         1.000380635261536E+00        -1.093636910809437E-06         3.330310194282760E-10
         1.000614047050476E+00        -1.021951788970910E-06         2.650209496302125E-10
         1.001089215278625E+00        -1.507115712229279E-06         4.431139344340806E-10
         1.000724077224731E+00        -1.323759420301940E-06         3.641355550421110E-10
         1.000589132308960E+00        -1.038332015923515E-06         2.690744571598458E-10
         9.997048974037170E-01         1.720264322102594E-07        -1.612047301202679E-10
         9.998350143432617E-01         4.489893612458218E-08        -1.165691571047844E-10
         1.000450849533081E+00        -8.483937108394457E-07         2.332594395415555E-10
         1.000049591064453E+00        -2.812553532294260E-07         1.095160351294311E-10
         1.000104188919067E+00        -6.647435668583057E-08         1.204253363695784E-11
         1.000054240226746E+00         5.877104740648065E-07        -2.541082066986888E-10
         1.000169515609741E+00         3.666976056138083E-07        -2.235138879536080E-10
         9.995902776718140E-01         1.534045168227749E-06        -6.730667689858194E-10
         9.996797442436218E-01         1.376724185320199E-06        -6.319038625690609E-10
         9.997596740722656E-01         9.074021818378242E-07        -4.534314590465272E-10
         9.997684359550476E-01         5.889979206585849E-07        -3.389979963408507E-10
         1.000004768371582E+00         3.472582221775156E-08        -1.004062458176413E-10
         1.000066995620728E+00         7.219838948913093E-08        -9.341030726695010E-11
         9.998666048049927E-01         2.148459969930627E-07        -1.554264356107282E-10
         9.998308420181274E-01         3.641113437424792E-07        -2.037870705517975E-10
         9.995452165603638E-01         6.627145694437786E-07        -2.911585694764796E-10
         9.989133477210999E-01         1.402647626491671E-06        -5.182649864821087E-10
         9.988064169883728E-01         1.330079044237209E-06        -4.617612126001092E-10
         9.986956715583801E-01         1.460931230212736E-06        -5.063867103416442E-10
         9.988369941711426E-01         1.243558813257550E-06        -4.171787082452028E-10
         9.992621541023254E-01         5.596211849479005E-07        -1.145763761645213E-10
         9.992246031761169E-01         5.676869818671548E-07        -1.315403203028254E-10
         9.994766712188721E-01         7.352058872811540E-08         6.149171449809643E-11
         9.991458058357239E-01         4.181262056590640E-07        -4.130709663208165E-11
