         1.001197814941406E+00        -9.172737946983034E-08        -2.773644508513584E-11
         1.002363681793213E+00        -1.003049533210287E-06         2.693141820664380E-10
         1.002380371093750E+00        -1.063891431840602E-06         2.238878527016652E-10
         1.002219557762146E+00        -3.093170164447656E-07         3.393828620912309E-11
         1.002444624900818E+00        -4.117228797895223E-07         1.453241971205443E-10
         1.002124428749084E+00         1.107313281067945E-07        -1.351122339010580E-11
         1.002305984497070E+00        -8.115948730846867E-07         2.636788565268944E-10
         1.001650214195251E+00         2.602001245577412E-07         5.059435509435772E-11
         1.001377820968628E+00         7.650391466995643E-07        -1.881445971241291E-10
         1.000721693038940E+00         1.013277710626426E-06        -9.773491738140905E-11
         9.997960329055786E-01         2.329945573364967E-06        -3.873791010189365E-10
         9.996100068092346E-01         2.578019802967901E-06        -6.286587361792328E-10
         1.000657439231873E+00         4.690772641424701E-07        -5.816194748042847E-11
         1.001358747482300E+00        -7.080301429596147E-07         4.231107963992287E-10
         1.001486897468567E+00        -8.721548994117256E-08         1.007107383599326E-10
         1.001781821250916E+00         2.571737311996003E-08        -4.768694814027974E-11
         1.001212120056152E+00         4.483665634325007E-07        -1.684914013866390E-10
         1.001051425933838E+00         2.618070311655174E-07        -2.798899445544123E-10
         1.001048445701599E+00         2.414305129150307E-07        -2.706374291339131E-10
         1.001860976219177E+00        -8.609812311988208E-07         4.569285227962183E-11
         1.001301527023315E+00        -1.811580716548633E-07         8.219473712767211E-11
         1.000863432884216E+00         2.102927965097479E-07         1.120209619509538E-10
         1.000680327415466E+00         2.671219760941312E-07         1.249018805049573E-10
         1.000563502311707E+00         4.083518945208198E-07         7.053908152032662E-11
         1.000212311744690E+00         4.821756078854378E-07        -1.190958876656767E-11
         1.000217676162720E+00         1.599613455027793E-07         6.535220975489864E-11
         9.997200965881348E-01         2.352439167907505E-07        -5.671691848813110E-12
         9.991896152496338E-01         9.474885018789792E-07        -1.991383724586626E-10
         9.989534020423889E-01         6.983806883908983E-07        -9.617793367278082E-11
         9.985009431838989E-01         1.618034048078698E-06        -3.173699081315817E-10
         9.987121224403381E-01         1.677846739767119E-06        -3.315516750035385E-10
         9.995886087417603E-01         8.063454401963099E-07        -1.483285716474825E-10
         9.997532367706299E-01         8.429451554547995E-07        -2.846408664325395E-10
         9.993970394134521E-01         1.401870008521655E-06        -3.996930564298395E-10
         9.996162652969360E-01         1.342204882348597E-06        -5.736978669901305E-10
         9.996733665466309E-01         1.811168203857960E-06        -5.165354255431964E-10
         1.000394105911255E+00         8.603870469414687E-07        -3.049749064398810E-10
         1.000330567359924E+00         5.448162028187653E-07        -1.777029634553173E-10
         9.998117685317993E-01         7.490754114769516E-07        -2.478166560848649E-10
         9.992172122001648E-01         9.735696266943705E-07        -2.279706284857852E-10
         9.986483454704285E-01         6.937120815564413E-07        -3.267294212960792E-10
         9.983942508697510E-01         2.697594823075633E-07        -1.925654219414596E-10
         9.983131289482117E-01         3.465669919933134E-07        -2.847826974239354E-10
         9.981622695922852E-01         6.917146038176725E-07        -3.864037978473789E-10
         9.981982707977295E-01         7.464647637789312E-07        -3.436603224216128E-10
         9.986376166343689E-01        -3.343532171129482E-07         2.067829848323433E-12
         9.989328980445862E-01        -4.265576762918499E-07        -1.100281254995394E-10
         9.991520643234253E-01        -4.478025346088543E-07        -1.103899679999465E-10
         9.998970627784729E-01        -5.517530894394440E-07         2.324945964915504E-11
         1.000095605850220E+00        -3.477187249245617E-07         2.051387532064908E-10
         1.000183582305908E+00         4.540577336342722E-08         8.171893023378729E-11
         1.000657916069031E+00        -4.410752580952249E-07         2.441368773808961E-10
         1.001168251037598E+00        -9.765678896656027E-07         4.817231613607476E-10
         1.000535368919373E+00        -1.127946873680230E-07         1.968992746625986E-10
         1.000066399574280E+00         9.805775391669158E-08         3.751605276436365E-11
         9.996372461318970E-01         1.901267978610122E-07        -1.181188896692831E-10
         9.997978806495667E-01         6.902053684143539E-08        -4.975566139653331E-11
         9.998152256011963E-01         5.583516582419179E-08         1.625682748140900E-11
         9.996752142906189E-01         2.730663481997908E-07        -4.897586156071831E-11
         9.996379613876343E-01         3.165298210205947E-07        -1.331860871589541E-10
         9.994812011718750E-01         1.037208676279988E-06        -2.425366851799282E-10
         9.997529983520508E-01         9.212047302753490E-07        -2.906030693861084E-10
         9.994907975196838E-01         9.911329925671453E-07        -2.274400806578925E-10
         9.993513822555542E-01         1.037708670992288E-06        -3.086496336290878E-10
         1.000183224678040E+00         7.262594436951986E-08        -1.897516171966984E-10
         1.000681281089783E+00         2.242622798576122E-08        -6.820734255175154E-11
         1.001098155975342E+00        -2.053382814892757E-07        -7.155418185050832E-12
         1.001336216926575E+00        -3.216633785996237E-07         2.112401226161964E-10
         1.001216888427734E+00        -3.791272717990068E-07         2.156417128196253E-10
         1.001071810722351E+00        -1.808757872368005E-07         1.936373283939474E-10
         1.001630067825317E+00        -8.233543553615164E-07         2.496742812496677E-10
         1.001900196075439E+00        -1.691411625870387E-06         4.708324286006871E-10
         1.001224279403687E+00        -1.338770630354702E-06         4.323569835484875E-10
         1.000925183296204E+00        -8.197181387004093E-07         1.009548694641538E-10
         1.000447988510132E+00        -3.992210508840799E-07         9.365657555049367E-11
         1.000445246696472E+00        -8.530068953405134E-07         2.118005076878759E-10
         9.999647140502930E-01        -9.163549634649826E-07         2.399967446997664E-10
         9.999563097953796E-01        -1.316516090810183E-06         4.288414623410119E-10
         1.000005602836609E+00        -1.825100184760231E-06         7.288861736398644E-10
         1.000242233276367E+00        -2.078832494589733E-06         7.085746989154984E-10
         9.996744394302368E-01        -8.247153004958818E-07         3.428619610446049E-10
         9.991466999053955E-01         6.643144701001802E-08        -1.122493764604826E-10
         9.986410140991211E-01         1.102796204577317E-06        -2.659606701538308E-10
         9.989771246910095E-01         1.056779183272738E-06        -1.784483533162629E-10
         9.996430873870850E-01         5.095450319458905E-07         2.128363674538947E-12
         9.995031952857971E-01         1.870011345772582E-07         1.389445086763530E-10
         9.989587068557739E-01         7.117885729712725E-07        -1.077944608574022E-10
         9.987939596176147E-01         6.761105169061921E-07        -1.873938226815142E-10
         9.990217685699463E-01        -3.372305545923382E-09         1.154469748965159E-11
         9.987303018569946E-01         9.761512131944983E-08         1.120854884600897E-11
         9.982134103775024E-01         8.868201462064462E-07        -8.933145889677974E-11
         9.983763098716736E-01         6.960613063711207E-07        -7.473265170761245E-13
         9.981987476348877E-01         1.206589899993560E-06        -2.228892764799539E-10
         9.984865784645081E-01         7.777915698170546E-07        -1.712017194677173E-10
         9.991983771324158E-01         8.078761482011032E-08        -1.514684905279395E-11
         9.991332292556763E-01         2.002884826879381E-07        -6.357261245204526E-11
         9.989964365959167E-01         3.728358990429115E-07         1.308163473379143E-11
         9.991400837898254E-01        -6.417173494810413E-07         3.862421493749935E-10
         9.988284111022949E-01        -4.923647907162376E-07         4.530429642546352E-10
         9.986661672592163E-01         1.167441325833352E-07         2.834348311608892E-10
         9.987701773643494E-01        -3.607810867833905E-07         3.492804934168703E-10
         9.983898997306824E-01         3.477314010069676E-07         1.265281213136404E-10
         9.992620944976807E-01        -2.613302569898224E-07         6.435112859248804E-11
         9.998729228973389E-01        -8.475961408294097E-07         1.637231739071154E-10
         1.000489711761475E+00        -1.572578867126140E-06         2.703598178666056E-10
         1.001082777976990E+00        -2.417587666059262E-06         3.867768882948042E-10
         1.001430034637451E+00        -2.181153604396968E-06         3.132786807746868E-10
         1.001625537872314E+00        -1.663613602431724E-06         1.602889626584059E-10
         1.001762151718140E+00        -1.438154981769912E-06         2.807162002849140E-10
         1.002291798591614E+00        -1.447621116312803E-06         3.500478518159156E-10
         1.002110242843628E+00        -1.101705493056215E-06         3.095604883540659E-10
         1.001327514648438E+00        -4.834962510358309E-07         2.679078833778270E-11
         1.000426650047302E+00         3.472560550221715E-08        -1.452795245215910E-10
         1.000051975250244E+00        -1.724784226553311E-07         1.034604485417034E-10
         1.000200629234314E+00        -1.131678232013655E-06         2.703758050781602E-10
         1.000038504600525E+00        -1.338209926871059E-06         2.538887988734473E-10
         9.996584653854370E-01        -5.353793426365883E-07        -2.117155201153409E-10
         9.997105598449707E-01        -4.596683140789537E-07        -2.371609297835420E-10
         1.000140905380249E+00        -5.093249910714803E-07        -3.262203562837129E-10
         1.000108599662781E+00         3.467356748387829E-07        -5.377313039289788E-10
         9.999147653579712E-01         8.572309866394789E-07        -6.810373931465108E-10
         9.999899864196777E-01         9.882311360343010E-07        -7.087454512166858E-10
         9.997820854187012E-01         1.252182414646086E-06        -7.011703440085171E-10
         9.997826218605042E-01         1.185806809189671E-06        -6.033373800562458E-10
         9.998760223388672E-01         1.159733642452920E-06        -4.353957749891890E-10
         9.999967217445374E-01         3.427750527862372E-07        -1.894258916390612E-10
         9.995287060737610E-01         9.941844609784312E-07        -3.980702156791693E-10
         9.996320009231567E-01         1.295121478506189E-06        -4.976266065881418E-10
         9.997395277023315E-01         1.834667955336045E-06        -5.248780854394397E-10
         9.996462464332581E-01         2.363556404816336E-06        -6.607477343045787E-10
         9.999619126319885E-01         2.341189883736661E-06        -6.799303342575058E-10
         1.000094294548035E+00         2.118125166816753E-06        -6.855859213672488E-10
         1.000252246856689E+00         1.731348447719938E-06        -5.730499408329592E-10
         1.000539422035217E+00         9.579291599948192E-07        -4.637913941785143E-10
         1.000648975372314E+00         1.107699631575088E-06        -3.601534348529611E-10
         1.000658988952637E+00         1.066827735485276E-06        -3.084398014774337E-10
         1.000714778900146E+00         7.063707698762300E-07        -2.760834616477581E-10
         1.000407695770264E+00         5.342850499800988E-07        -1.890483602995374E-10
         1.000005841255188E+00         4.624063763003505E-07        -1.002683353013012E-10
         1.000065326690674E+00         1.608977129308187E-07        -5.728184593323249E-11
         9.997393488883972E-01        -5.771079258920508E-08         1.226224122241604E-10
         9.995693564414978E-01        -8.591479883079955E-08         8.408061746845163E-11
         9.990605711936951E-01         4.210448594221816E-07        -1.116290809788367E-10
         9.987707734107971E-01         3.939458963486686E-07        -9.566597731006099E-13
         9.989765882492065E-01         3.840291356027592E-07        -1.169014884894182E-10
         9.989421963691711E-01         6.883664696033520E-07        -8.914496224532442E-11
         9.993268847465515E-01         4.640089201757291E-08         9.304913783925173E-11
         9.999523758888245E-01        -8.812116902845446E-07         3.223914468719613E-10
         1.000345826148987E+00        -8.332639254149399E-07         2.125662978968990E-10
         9.998268485069275E-01        -4.863854385916966E-08         7.822147790603751E-11
         9.993552565574646E-01         9.288099249715742E-07        -1.694958479125930E-10
         9.990938901901245E-01         1.576404542902310E-06        -3.561410055752390E-10
         9.993541240692139E-01         1.092257548407360E-06        -2.509071561629383E-10
         9.993906617164612E-01         1.022756464408303E-06        -1.040311725652998E-10
         9.995689392089844E-01         5.374977263272740E-07         6.620373086546616E-12
         9.996880888938904E-01         4.554356394237402E-07        -1.701669360976155E-10
         1.000571846961975E+00        -7.456453943177621E-08        -2.928170206306646E-11
         1.000954866409302E+00         2.805204779576798E-08        -1.509534858223915E-10
         1.000947952270508E+00         2.395683225131506E-07        -1.314807013264030E-10
         1.001304984092712E+00         1.066660502146988E-07        -4.085730365144258E-11
         1.001702547073364E+00        -5.371007887333690E-07         2.662620957050166E-10
         1.001347780227661E+00        -6.885271091050527E-07         3.879619958624403E-10
         1.001580595970154E+00        -1.863228476395307E-06         5.369123479148641E-10
         1.001311063766479E+00        -1.919009946504957E-06         6.223681014994042E-10
         1.000993609428406E+00        -1.761159978741489E-06         6.876147984336001E-10
         1.000781893730164E+00        -1.589191697348724E-06         5.372465805564275E-10
         1.000856637954712E+00        -1.517817622698203E-06         5.935222313624422E-10
         1.000272631645203E+00        -5.868537868991552E-07         3.917669799680112E-10
         1.000334024429321E+00        -7.265859949256992E-07         4.657181307266001E-10
         1.000465750694275E+00        -7.536914949923812E-07         2.135715077011824E-10
         1.000153541564941E+00        -6.030729196027096E-07         1.816726630243792E-10
         1.000292658805847E+00        -8.809737437331933E-07         3.096909395594594E-10
         1.000267267227173E+00        -7.627200488968811E-07         3.461729236597932E-10
         1.000126481056213E+00        -1.162406306320918E-06         3.514918356373187E-10
         9.997509121894836E-01        -9.203217814501841E-07         3.124862590908606E-10
         9.997619390487671E-01        -6.434689225898182E-07         2.594391923516071E-10
         1.000235319137573E+00        -1.381302695335762E-06         4.448200141560221E-10
         9.971819519996643E-01         1.989855036299559E-06        -3.990003605292003E-10
         9.981557726860046E-01         9.470051622884057E-07        -1.866489046653541E-10
         1.001163125038147E+00        -2.604620931379031E-06         8.201830326015624E-10
         1.001319885253906E+00        -3.352482508489629E-06         1.072597233253703E-09
         1.003420829772949E+00        -5.700842848455068E-06         1.627068924037189E-09
         0.000000000000000E+00         0.000000000000000E+00         0.000000000000000E+00
         0.000000000000000E+00         0.000000000000000E+00         0.000000000000000E+00
         0.000000000000000E+00         0.000000000000000E+00         0.000000000000000E+00
         9.995242357254028E-01         1.098940970223339E-06        -1.151217565720231E-09
         9.994758963584900E-01         2.412238472970785E-06        -2.413017785585225E-09
         9.994797706604004E-01         2.330598363187164E-06        -1.971438345904630E-09
         9.990723729133606E-01         2.385651669101208E-06        -1.341029620682832E-09
         9.993519186973572E-01         1.097030803975940E-06         4.676501807326927E-12
         9.999396800994873E-01         2.475963469805720E-07        -1.976583896556861E-10
         1.000000357627869E+00        -1.638329649722436E-07        -9.218712598846324E-11
         1.000268578529358E+00        -5.451601623462921E-07        -1.074088110120108E-10
         1.000264763832092E+00        -4.780469566867396E-07         5.568268936217979E-12
         1.000584244728088E+00        -6.320244096968963E-07         6.982720651693697E-11
         1.001113295555115E+00        -1.059917963175394E-06         1.077832267881718E-10
         1.000913381576538E+00        -9.673533440945903E-07         7.346990377188334E-11
         1.000638127326965E+00        -3.988565140389255E-07        -1.497845319997637E-10
         1.001146316528320E+00        -9.636340791985276E-07        -1.614954836526294E-10
         1.000959753990173E+00        -7.469395200132567E-07         2.489423667206836E-10
         1.000213027000427E+00         2.802253504796681E-07         2.693463785341521E-10
         9.994001984596252E-01         1.178245724986482E-06         5.474696043727967E-11
         9.992940425872803E-01         1.279073444493406E-06        -1.846400671245974E-10
         9.993460178375244E-01         8.182735768968996E-07        -2.332781467995204E-10
         9.990761876106262E-01         1.495509991400468E-06        -1.857357045942365E-10
         9.992769360542297E-01         1.428994096386305E-06        -1.019828943515932E-10
         9.998537898063660E-01         2.983663875966158E-07         8.414394181421869E-11
         9.998109936714172E-01         5.037384198658401E-07        -6.061698365478208E-11
         1.000067472457886E+00         5.911956577620003E-07        -2.269066323723479E-10
         1.000241994857788E+00         7.607422389810381E-07        -2.635796858552197E-10
         1.000352144241333E+00         7.798326464580896E-07        -3.179423668786541E-10
         1.000254750251770E+00         7.215938921945053E-07        -2.286363043335626E-10
         1.000230669975281E+00         4.186560147445562E-07        -2.098539814143763E-10
         1.000403285026550E+00         2.573874269273801E-07        -1.910553104611523E-10
         1.000793695449829E+00        -3.665541115083215E-08        -1.623483153467831E-10
         1.001120924949646E+00        -2.238593452830173E-07         7.637387944292584E-11
         1.001290321350098E+00        -2.155543370463420E-07         1.184020104183503E-10
         1.001369714736938E+00        -2.827482319389674E-07        -5.295915789238492E-11
         1.000906705856323E+00         1.228349901793990E-07        -1.102723676260631E-10
         1.000768780708313E+00         2.384683170930657E-07        -1.736064347834798E-10
         1.000886440277100E+00        -2.659248536929226E-07         9.301553971496901E-11
         1.000562787055969E+00        -5.647283956022875E-07         1.435983554287645E-10
         1.000495076179504E+00        -8.707051506462449E-07         1.260716669948536E-10
         1.000254034996033E+00        -3.487092783416301E-07        -1.349927027799458E-11
         1.000178575515747E+00        -7.219318831630517E-07        -9.473950096650086E-11
         1.000074386596680E+00        -6.951637487873086E-07        -1.737505833654396E-10
         9.999032020568848E-01        -6.507845995429307E-08        -2.177784341750311E-10
         1.000095129013062E+00         3.054994479612105E-08        -1.549232270248169E-10
         1.000139236450195E+00         4.843413137223251E-08        -6.343769953787159E-11
         1.000154495239258E+00         6.024414744842943E-08        -8.416375929520825E-11
         9.999688863754272E-01        -7.795952683409269E-08        -7.429139248227301E-11
         9.999452233314514E-01        -3.484887542981596E-07        -9.140823514774965E-11
         9.999796748161316E-01         1.862578073996701E-07        -2.379186431200608E-11
         1.000078439712524E+00         6.742579898855183E-07        -7.989045536227479E-11
         1.000417590141296E+00         1.309633574919644E-07         1.894331913554481E-11
         9.998960494995117E-01         5.417685429165431E-07         9.863222044659281E-11
         9.999446272850037E-01         3.191606197106012E-07         2.307387614308709E-10
         9.998626112937927E-01         2.398935095015986E-08         1.891704848322462E-10
         9.998348951339722E-01        -1.583039050956359E-07         1.577421943066426E-10
         9.998102188110352E-01        -4.664973971557629E-07        -7.418545638904206E-11
         9.992805719375610E-01        -1.395215463162458E-07        -1.511865910241994E-10
         9.990233182907104E-01        -1.416632766648718E-08         1.364152714400380E-11
         9.987048506736755E-01         4.884250301984139E-07        -3.050667357618053E-11
         9.988329410552979E-01         5.924391075495805E-07         4.379296404677380E-12
         9.988132715225220E-01         6.765745297343528E-07         4.297868658187376E-11
         9.987917542457581E-01         1.164447326118534E-06        -1.473603183921313E-11
         9.989577531814575E-01         7.228996423691569E-07         1.033844884701374E-10
         9.993734955787659E-01         1.014364343632224E-07         2.309488017493422E-10
         9.998072385787964E-01        -5.807812044622551E-07         2.678190447191753E-10
         1.000176191329956E+00        -1.153632297246077E-06         3.386474156652497E-10
         1.000017881393433E+00        -7.044918106657860E-07         1.372161273494044E-10
         9.999676942825317E-01        -9.674035936768632E-07         1.465532833977434E-10
         9.994419217109680E-01        -7.113856099749682E-07         1.591349829688227E-10
         9.992818832397461E-01        -4.065058760716056E-07         1.379597824868739E-10
         9.992148876190186E-01        -4.030646394426185E-08         4.834968189704192E-11
         9.995935559272766E-01        -5.408085712588218E-07         2.297855794530790E-10
         9.999578595161438E-01        -7.242289825626358E-07         3.123561964635257E-10
         9.996770024299622E-01        -4.655564396216505E-07         2.348511107808093E-10
         9.995587468147278E-01        -5.451082643048721E-07         1.960463597017181E-10
         9.995173215866089E-01        -3.143196920518676E-07         2.337691984433121E-10
         1.000060439109802E+00        -6.772718847969372E-07         3.177961782618866E-10
         1.000603914260864E+00        -7.291072847692703E-07         2.253165154453285E-10
         1.001088142395020E+00        -3.860877200168034E-07         1.497748036705104E-10
         1.001624345779419E+00        -5.266654738989018E-07         9.577942605698553E-11
         1.001452565193176E+00        -2.674438270844348E-08         1.012197339833598E-10
         1.001495599746704E+00         4.375102236053863E-08         1.494124685086362E-10
         1.001416683197021E+00         8.313433141893256E-08         5.029648572629775E-11
         1.001031637191772E+00        -8.081359226252971E-08         6.866829327378809E-11
         1.000198602676392E+00         2.090707198476593E-07        -1.535386401352312E-11
         9.995343685150146E-01         1.882426090560330E-07        -3.541378128246730E-12
         9.991104602813721E-01         5.486035092872044E-07        -1.561304835417943E-10
         9.989575743675232E-01         6.689035672025057E-07        -2.306797253215365E-10
         9.990139007568359E-01         9.117979260508946E-08        -1.598594590035418E-10
         9.994472861289978E-01        -2.190682408809153E-07        -1.263852356103712E-10
         9.990469813346863E-01         4.054858209201484E-07        -1.851652581263963E-10
         9.989403486251831E-01         3.909838710569602E-07        -2.267571269642943E-10
         9.984661936759949E-01         5.391328272708051E-07        -2.362524065269156E-10
         9.983579516410828E-01         5.241051894699922E-07        -1.574176622387569E-10
         9.980821013450623E-01         1.157321548816981E-06        -3.170618767533995E-10
         9.981415271759033E-01         7.361250595749880E-07        -2.763496931290632E-10
         9.981941580772400E-01         1.110109224100597E-06        -2.146109123746243E-10
         9.982349276542664E-01         1.000772613224399E-06        -1.854308512294622E-10
         9.985702037811279E-01         7.148717600102827E-07        -2.327261022783134E-10
         9.991219639778137E-01         5.720868330172380E-07        -1.440415009490437E-10
         9.993421435356140E-01         9.525395512355317E-07        -1.153941386888846E-10
         9.992870688438416E-01         8.774014190748858E-07        -5.943365938287926E-11
         9.993963837623596E-01         7.798149113114050E-07        -1.763726248382724E-10
         1.000117301940918E+00        -5.116483947631423E-08         1.036363096035275E-11
         9.999604225158691E-01         2.605925430998468E-07        -1.326411810248507E-11
         1.000265717506409E+00        -7.084062669804325E-09         7.784967982760183E-12
         1.000740051269531E+00        -7.587991035507002E-08         1.940017937962502E-11
         1.001022577285767E+00         2.406995633918996E-07        -2.011092334330833E-11
         1.001401305198669E+00        -3.367448755398073E-07         5.203302372303042E-11
         1.001211047172546E+00        -1.297889582474454E-07         5.428289762132721E-11
         1.001144528388977E+00        -6.686197480121336E-07         2.829158296524525E-10
         1.000996828079224E+00        -6.887732979521388E-07         4.076725623747279E-10
         1.000383615493774E+00        -2.832975098954194E-07         3.130703751796915E-10
         1.000486016273499E+00        -3.019764847067563E-07         1.371039809461294E-10
         1.000681519508362E+00        -5.704587238142267E-07         1.853360798165227E-10
         1.000724554061890E+00        -3.712873706263053E-07         4.856022528532122E-11
         1.000605225563049E+00        -3.321279473667005E-09        -3.872946061078686E-11
         1.000306606292725E+00         4.510231974563794E-07        -1.352704198653853E-10
         1.000220060348511E+00         3.237414603063371E-07        -1.870328475428451E-10
         1.000000476837158E+00         1.646017011580625E-07        -1.989632347765280E-10
         9.999235272407532E-01        -3.242719515128556E-08        -2.455578240745382E-10
         1.000043988227844E+00        -8.660529715598386E-07        -1.646618952300116E-11
         9.998027682304382E-01        -3.144004665500688E-07        -1.072374480881599E-10
         1.000009655952454E+00         1.337362647291229E-07        -1.246251712938573E-10
         9.997566938400269E-01         7.154010859267146E-07        -2.488650951981697E-11
         9.994498491287231E-01         8.306890890708019E-07        -2.485698591403462E-10
         9.994919896125793E-01         5.621378136311250E-07        -2.410814603504008E-10
         9.995506405830383E-01         8.806905498204287E-07        -3.460725594983671E-10
         1.000006198883057E+00         8.527668455826642E-07        -2.881751504091312E-10
         1.000310540199280E+00         5.088993475510506E-07        -1.960552276081273E-10
         9.998996257781982E-01         7.351712838499225E-07        -2.580052282930012E-10
         9.991949796676636E-01         1.158973645942751E-06        -2.942864008037560E-10
         9.988913536071777E-01         1.103532554225239E-06        -2.660797138176463E-10
         9.995245337486267E-01         4.264532833531121E-07        -3.495440881184919E-10
         9.996412992477417E-01         3.879067378420586E-07        -2.642859542323350E-10
         9.995589256286621E-01         2.050742722303767E-07        -2.549777888827265E-10
         9.990608096122742E-01         1.266791684884083E-07        -4.608838310993235E-11
         9.990724921226501E-01        -6.732228285954989E-08        -1.426292972617205E-10
         9.984441995620728E-01         5.344717237676377E-07        -1.318579551101706E-10
         9.981417059898376E-01         1.808329415098342E-07        -4.508178899631510E-11
         9.984946846961975E-01        -2.342004847832868E-07         1.513408426356833E-10
         9.987065196037292E-01        -4.088549587777379E-07         1.818098033234961E-10
         9.991953372955322E-01        -7.101743335624633E-07         1.900327534221091E-10
         9.993829727172852E-01        -5.740649271501752E-07         1.984697267642943E-10
         9.995198249816895E-01        -5.137205789651489E-07         2.226559076001777E-10
         1.000022649765015E+00        -2.757767845196213E-07         1.355105472278240E-10
         1.000797152519226E+00        -8.641295039524266E-07         1.930564458296757E-10
         1.000890970230103E+00        -7.182098897828837E-07         2.479410565747742E-10
         1.000959396362305E+00        -4.515651426117984E-07         2.630596851460609E-10
         1.000736951828003E+00        -3.110808961537259E-07         3.995322128691470E-10
         1.000683426856995E+00        -5.679872927544238E-08         2.570593460315962E-10
         1.001106977462769E+00        -1.640733131580419E-07         2.493793782587517E-10
         1.001245498657227E+00        -2.343158200801554E-07         1.999345133896213E-10
         1.000713586807251E+00        -1.502119175711414E-07         2.347559369120233E-10
         1.000191688537598E+00         2.235418428142566E-08         2.693823497601500E-10
         1.000082850456238E+00         1.485105656229280E-07         1.249716996554184E-10
         1.000304341316223E+00         1.574706089968458E-07         9.766998321225628E-11
         1.000616192817688E+00         2.204707385544680E-07        -5.281635805792773E-12
         1.000642776489258E+00        -1.475833641961799E-07         3.940428192072964E-11
         1.000416874885559E+00        -3.373774859483092E-07         7.411620622788107E-11
         1.000413537025452E+00        -4.828576720683486E-07        -8.050594219044527E-11
         1.000833272933960E+00        -5.209855657994922E-07        -9.657247918015699E-11
         1.000972151756287E+00        -6.663420037966716E-08        -2.095948276048532E-10
         1.000767350196838E+00        -7.427656356640000E-08        -1.672840060917835E-10
         1.000047206878662E+00         2.652950570336543E-07         4.366083536377907E-11
         9.995906352996826E-01         3.074000005653943E-07         7.791842865367826E-11
         9.998286366462708E-01         4.972087594978802E-07         2.106018831549150E-11
         9.995846152305603E-01         1.175107968265365E-06        -8.397462586406945E-11
         9.997482299804688E-01         1.095514903681760E-06        -1.991140169410599E-10
         9.996578693389893E-01         7.634574217263435E-07        -2.149391081784913E-10
         9.993856549263000E-01         1.068872052201186E-06        -3.295715367279684E-10
         9.993408918380737E-01         8.360673859897361E-07        -3.039050400222010E-10
         9.995034337043762E-01         8.316108051076299E-07        -3.882670296384561E-10
         9.991492033004761E-01         1.280837750528008E-06        -2.826874290207115E-10
         9.992780089378357E-01         1.244673740075086E-06        -4.881526294298055E-10
         9.986477494239807E-01         2.260446308355313E-06        -5.038039985194587E-10
         9.986485838890076E-01         2.115569031957421E-06        -3.213301569271465E-10
         9.988235831260681E-01         2.204929614890716E-06        -4.784945217828351E-10
         9.989985823631287E-01         2.032323891398846E-06        -5.486223697559467E-10
         9.961560368537903E-01         5.173717454454163E-06        -1.219945811037348E-09
         9.975088834762573E-01         3.696827207022579E-06        -7.384430289469890E-10
         9.984870553016663E-01         2.900431127272896E-06        -5.640162781261893E-10
         0.000000000000000E+00         0.000000000000000E+00         0.000000000000000E+00
         0.000000000000000E+00         0.000000000000000E+00         0.000000000000000E+00
         0.000000000000000E+00         0.000000000000000E+00         0.000000000000000E+00
         0.000000000000000E+00         0.000000000000000E+00         0.000000000000000E+00
         1.000541448593140E+00        -1.892818431770138E-06         5.671339439738965E-11
         1.000999212265015E+00        -2.482134505044087E-06         1.014471617821755E-09
         1.001107096672058E+00        -2.496114802852389E-06         1.322897902333864E-09
         1.001023650169373E+00        -1.124602931668051E-06         9.668817829711074E-11
         1.000875592231750E+00        -1.172998167930928E-06         1.305965058318037E-10
         1.000712871551514E+00        -1.213259906762687E-06         1.015063987724885E-11
         1.000533223152161E+00        -1.382739128530375E-06         1.369016566776793E-10
         1.000120401382446E+00        -8.493156542499491E-07         3.219912531049474E-11
         1.000180482864380E+00        -5.394265372160589E-07         5.408342176882464E-11
         1.000226259231567E+00        -4.951531309416168E-07         3.906405754428022E-11
         1.000116705894470E+00        -2.163740902005884E-07         1.761292153790173E-11
         1.000400304794312E+00        -3.174672826844471E-07         5.054939800075431E-11
         1.000878572463989E+00        -5.784081054116541E-07         2.394640388758695E-11
         1.001127362251282E+00        -3.420746281790343E-07        -5.927895674329164E-11
         1.001341223716736E+00        -2.573786161974567E-07        -8.400218021176187E-11
         1.001300930976868E+00        -1.961214479706541E-07        -1.418856698798265E-10
         1.001063108444214E+00        -2.550600397555058E-09        -8.132976236918665E-11
         1.000876665115356E+00        -2.555719902375131E-07        -1.642804364765382E-10
         1.000907421112061E+00        -5.347488354345842E-07        -3.197648743014092E-11
         1.000705838203430E+00        -4.794086976289691E-07         5.154857096734133E-11
         1.000233173370361E+00        -3.200574667516776E-07         1.372518071418583E-10
         1.000079989433289E+00         2.389018334270077E-07        -2.106487380360011E-11
         1.000150799751282E+00         6.260852387640625E-07         1.300050778835216E-11
         1.000431418418884E+00         2.262496110461143E-07         7.112505723272378E-11
         1.000380992889404E+00        -7.321467165866125E-08         1.565765433975130E-10
         1.000260949134827E+00        -2.145850386270354E-09         1.110449301955363E-10
         9.999882578849792E-01         2.291205731808077E-07         1.105031482984131E-10
         9.997822046279907E-01        -6.808048169659742E-08         1.400860122346970E-10
         9.996317028999329E-01        -1.292629150384528E-07         8.860308320368659E-11
         1.000130176544189E+00        -6.235642899810045E-07         8.807710116798262E-11
         1.000092029571533E+00        -7.253070180013310E-07         1.035554766937175E-10
         1.000140309333801E+00        -6.491492285931599E-07        -6.045806910659479E-11
         1.000155329704285E+00        -6.596040407202963E-07         1.813785927007316E-11
         1.000031113624573E+00        -5.197897507969174E-07         1.133177648937611E-10
         9.997173547744751E-01         2.202884417101814E-07        -6.089959092570041E-11
         9.999198913574219E-01        -3.305038376311131E-08        -4.482870238214920E-12
         9.996242523193359E-01        -1.786191319297359E-07         4.724296648328519E-11
         9.995096921920776E-01        -1.806109253266186E-07        -5.244525733832939E-12
         9.995620250701904E-01        -1.308570460878400E-07         1.197791033025197E-10
         9.997379183769226E-01        -3.190330915003869E-07         1.715129288593076E-10
         9.998034834861755E-01        -6.754552828169835E-07         2.031660950585490E-10
         9.998318552970886E-01        -6.655890842921508E-07         1.895453655142987E-10
         9.999898076057434E-01        -7.232791858768906E-07         1.862409393371678E-10
         1.000532984733582E+00        -9.102604394684022E-07         2.423507783344547E-10
         1.000888466835022E+00        -1.366233391308924E-06         2.228035256290894E-10
         1.001061320304871E+00        -1.577314492351434E-06         2.923166986246173E-10
         1.001029610633850E+00        -1.574204247845046E-06         3.551867688855737E-10
         1.000763773918152E+00        -1.249783167622809E-06         3.246191648820229E-10
         1.000386714935303E+00        -9.157000135928683E-07         3.870250786519591E-10
         9.997400045394897E-01        -6.027473204994749E-07         2.362201823036258E-10
         9.996711611747742E-01        -4.378994162834715E-07         2.360223128050620E-10
         9.996994137763977E-01        -3.336953398047626E-07         2.339805293960495E-10
         9.995438456535339E-01         4.326435032453446E-07        -3.054595812401750E-11
         9.997769594192505E-01         3.027660966381518E-07         1.051605504065467E-11
         9.994534254074097E-01         9.791267530090408E-07        -7.062340295904690E-11
         9.994795322418213E-01         5.674702947544574E-07        -1.374699572925797E-11
         9.999010562896729E-01         3.192851920630346E-07         8.426900843794272E-11
         1.000339865684509E+00         2.692678435778362E-07         4.633290279221214E-11
         1.000873327255249E+00        -1.752947582644993E-07         1.074651964638740E-10
         1.000999450683594E+00        -5.476044862007257E-07         9.343665424710323E-11
         1.000756978988647E+00        -6.490329269581707E-07         3.584819940893880E-11
         1.000639915466309E+00        -3.835847053323960E-07        -3.903345702216399E-11
         1.000232577323914E+00         1.992450222587649E-07        -6.358352039326221E-11
         9.999033212661743E-01         5.916771783631702E-07        -9.652072890942165E-11
         9.999610185623169E-01         9.254505357603193E-07        -1.660617476861859E-10
         1.000102162361145E+00         1.237363676409586E-06        -9.040815318606121E-11
         1.000372409820557E+00         8.562620905649965E-07        -2.670797263903957E-11
         1.000270128250122E+00         7.945350262161810E-07        -3.379687849025537E-11
         9.998373389244080E-01         5.117884711580700E-07        -5.056187066254658E-11
         9.996437430381775E-01         4.671878741646651E-07        -1.145072647812384E-10
         9.999650120735168E-01         4.070281818258081E-07        -1.151672993082720E-10
         9.999543428421021E-01         5.498375799106725E-07        -1.569611662866066E-10
         1.000031352043152E+00         1.310870345605508E-07        -1.146053946188275E-10
         9.998887777328491E-01         2.902289075734643E-08        -1.460007531539631E-10
         9.997301101684570E-01        -1.005989105351546E-07        -8.455484923342027E-11
         9.997026920318604E-01        -1.609607522823353E-07        -1.193763143891857E-10
         9.996124505996704E-01        -1.440561447907385E-07        -1.738135607665114E-10
         9.996395707130432E-01        -1.974921701730636E-07        -1.778529545859442E-10
         9.994351267814636E-01         3.378020210220711E-07        -2.963382039755658E-10
         9.992307424545288E-01         7.990444146344089E-07        -3.788889757494474E-10
         9.995316863059998E-01         7.011627189967840E-07        -3.310972607195595E-10
         9.994261860847473E-01         6.695377123833168E-07        -3.413116733685939E-10
         9.993893504142761E-01         5.253850758890621E-07        -2.847123647953254E-10
         9.993138909339905E-01         7.368083174696949E-07        -2.404920984577785E-10
         9.986972808837891E-01         1.094512299459893E-06        -2.498644346982104E-10
         9.988218545913696E-01         8.694300959177781E-07        -2.159540185564524E-10
         9.990282058715820E-01         3.890998243605281E-07        -1.089734344428273E-10
         9.992373585700989E-01         2.635891860336415E-07        -8.342792429116841E-11
         9.996100664138794E-01         9.433561487526276E-09        -4.244990123303261E-11
         9.998582601547241E-01        -5.184270346347830E-09        -1.330958260270521E-11
         9.998232722282410E-01         3.938238535283745E-07        -5.682464915279795E-11
         9.998496174812317E-01         5.597910899268754E-07        -8.418439556567847E-11
         9.996270537376404E-01         5.816363568555971E-07        -1.223016410367705E-10
         9.993213415145874E-01         6.664848228865594E-07        -1.591586029636716E-10
         9.995915293693542E-01         2.462725205987226E-07        -1.758427708997701E-10
         9.997926950454712E-01         1.424981377340373E-07        -1.291806800418627E-10
         9.998360872268677E-01        -1.050048297202011E-07         5.009558306373618E-12
         1.000258922576904E+00        -1.922423109590454E-07         2.641934761238307E-11
         1.000470399856567E+00        -3.142872344596981E-07        -1.412892025598467E-11
         1.000567674636841E+00        -3.005340829531633E-07         1.655278344947497E-11
         1.000711560249329E+00        -5.624946197713143E-07         1.005038482992937E-10
         1.000509142875671E+00        -3.551723182226851E-07         1.297570384473090E-10
         1.000445961952209E+00        -5.428759664027893E-07         1.926316328670907E-10
         0.000000000000000E+00         0.000000000000000E+00         0.000000000000000E+00
         9.993893504142761E-01        -1.890021295025690E-08         6.512007599823733E-11
         9.992875456809998E-01         1.647278509153693E-07         2.078086834556014E-11
         9.994084239006042E-01         3.545229958490381E-07        -1.237078356419730E-10
         9.994742870330811E-01         2.925387718732964E-07        -9.877455103834976E-11
         9.992358684539795E-01         4.120681182939734E-07        -4.856073529402316E-11
         9.994103908538818E-01         2.520307020859036E-07        -1.352278705679666E-10
         9.993985891342163E-01         6.931506959517719E-07        -2.269569532309390E-10
         9.995376467704773E-01         6.012456310600101E-07        -1.405426747203009E-10
         9.999837279319763E-01         2.732195980570395E-07        -7.226649140212871E-11
         1.000295996665955E+00        -1.674620051517195E-07        -3.741318713168518E-11
         1.000071287155151E+00        -7.140474878042369E-08        -3.754540428557718E-11
         1.000005483627319E+00        -3.535991197622934E-07        -6.755820208814711E-11
         9.999462962150574E-01        -6.838401418463036E-07         1.259921056373514E-10
         9.998377561569214E-01        -4.571161298372317E-07         1.468965227235941E-11
         9.994569420814514E-01         6.190580847942329E-08        -1.332303295464854E-10
         9.995230436325073E-01         1.306222827679449E-07        -1.336513122396354E-10
         9.993606805801392E-01         5.154911377758253E-07        -8.473406698517039E-11
         9.991113543510437E-01         9.331893124908675E-07        -1.370711599779639E-10
         9.990712404251099E-01         5.942262646385643E-07        -5.157980986769672E-11
         9.991261959075928E-01        -1.242443126159287E-08         1.767740641367421E-11
         9.991981983184814E-01        -5.155017106517334E-07         1.374827196531925E-10
         9.990115761756897E-01        -5.044358886152622E-07         1.798293319810185E-10
         9.990915656089783E-01        -3.449128485044639E-07         1.456683107470269E-10
         9.992209076881409E-01        -8.572166620979260E-08         1.885309408589109E-10
         9.996697306632996E-01        -3.273219135735417E-07         2.565564982681678E-10
         1.000004887580872E+00        -2.352494306023800E-07         2.464767279164448E-10
         1.000118136405945E+00        -2.824390890054929E-07         1.436278179722805E-10
         1.000424385070801E+00        -9.206926421256867E-08         1.005774283302507E-11
         1.000915527343750E+00        -2.194088040141651E-07        -2.518330856349227E-11
         1.000921487808228E+00         3.545699485130172E-07        -4.420707550023550E-11
         1.001091480255127E+00         3.918083848475362E-07        -3.754677471712320E-11
         1.001619935035706E+00         1.376204323833008E-07        -3.267353401725792E-12
         1.001867175102234E+00        -2.076403120554460E-07         5.662014260221504E-11
         1.001884698867798E+00        -2.245466390604633E-07        -5.188270646439008E-11
         1.001689434051514E+00         1.185560378758055E-07        -8.865591594187094E-11
         1.001142024993896E+00         2.332116011416474E-08        -1.589121056966292E-10
         1.000714421272278E+00         2.532854281867003E-08        -1.092645557365657E-10
         1.000615239143372E+00         1.363987855995674E-08        -3.246013180469021E-11
         1.000538945198059E+00         3.730135844648430E-08        -6.623197823518723E-11
         1.000414252281189E+00         9.739987660850602E-08        -5.805845387785169E-11
         9.997754096984863E-01         4.058442470977752E-07        -1.592713599896101E-10
         9.995850324630737E-01         4.751408937408996E-07        -1.565513968460053E-10
         9.999344944953918E-01         3.349890391746158E-07        -8.518141747515529E-11
         1.000495672225952E+00         3.342000809425372E-07        -8.624166658588450E-11
         1.000495076179504E+00         3.299808497558843E-07        -4.470300865588861E-11
         1.000146389007568E+00         1.807321439173393E-07        -2.875935253832118E-11
         9.999436736106873E-01        -3.251428779549315E-07         1.922078295135687E-11
         1.000081896781921E+00        -5.932366775596165E-07        -4.887168447709200E-11
         1.000184297561646E+00        -6.174831241878564E-07        -2.472493564054101E-11
         1.000372171401978E+00        -9.600942121323897E-07         9.534448924819472E-11
         1.000280857086182E+00        -8.073543540376704E-07         4.260046135295958E-11
         1.000605940818787E+00        -1.099313635677390E-06         2.230900325583818E-10
         1.000614047050476E+00        -1.191882574858028E-06         2.595866577248529E-10
         1.000547647476196E+00        -9.665593552199425E-07         2.166487267363237E-10
         1.000125765800476E+00        -6.106629939495178E-07         2.017089689720919E-10
         1.000149726867676E+00        -4.679480412050907E-07         3.406156190433052E-10
         1.000039458274841E+00        -3.319645998089982E-07         2.198684845300392E-10
         9.999293684959412E-01        -4.465952656573791E-07         2.578935121011483E-10
         9.998920559883118E-01        -2.859505912056193E-07         2.282870142922278E-10
         1.000135540962219E+00        -3.538896464760910E-07         2.088087619478429E-10
         1.000454783439636E+00        -5.753791469942371E-07         3.023897521270413E-10
         1.000552296638489E+00        -6.378774628501560E-07         2.182838770847795E-10
         1.000677824020386E+00        -7.805153359186079E-07         1.351522921355652E-10
         1.000881791114807E+00        -3.898497027421399E-07         1.064368523873149E-10
         1.000845432281494E+00        -2.518547148611106E-07         6.161311738583919E-11
         1.000348210334778E+00         8.312797561416119E-09         4.971688338795133E-11
         1.000294446945190E+00        -1.382815497663614E-07         1.095265614314833E-10
         1.000365257263184E+00        -3.823887482212740E-07         2.706167061272691E-11
         1.000382184982300E+00        -5.231563022789487E-07         1.018355191839682E-10
         9.998160004615784E-01        -4.767872781030746E-07         9.018642777025576E-11
         9.994136095046997E-01        -1.047278374244343E-06         2.145532501662828E-10
         9.988337755203247E-01        -1.147277544077951E-06         2.625405171041706E-10
         9.977360367774963E-01         1.798996009938492E-07        -1.746370131838759E-10
         9.978064298629761E-01         3.571151694359287E-07        -2.457719860959884E-10
         9.981763362884521E-01        -7.417017400257464E-08        -2.559622652720250E-11
         9.995050430297852E-01        -1.654863126532291E-06         3.628388145493489E-10
         1.000627875328064E+00        -2.471468860676396E-06         6.164229127136878E-10
         0.000000000000000E+00         0.000000000000000E+00         0.000000000000000E+00
         0.000000000000000E+00         0.000000000000000E+00         0.000000000000000E+00
         0.000000000000000E+00         0.000000000000000E+00         0.000000000000000E+00
         0.000000000000000E+00         0.000000000000000E+00         0.000000000000000E+00
         9.989756941795349E-01         4.246296612109290E-07         7.866282625279553E-10
         9.999240636825562E-01        -1.796426772671111E-06         1.899975510255558E-09
         9.990335106849670E-01         1.048279500537319E-06        -6.247848158974501E-12
         9.995069503784180E-01         1.532008724325351E-07         5.169544653460534E-11
         9.995999336242676E-01         4.982354653293442E-07         4.658442381844097E-11
         9.989877939224243E-01         1.644868575567671E-06        -5.900661903535109E-11
         9.996113181114197E-01         7.396280352622853E-07        -4.155865582222695E-11
         9.997909665107727E-01        -2.243146468572377E-07         1.471009286602154E-10
         9.995744824409485E-01        -6.520017592492877E-08         7.870963603107128E-11
         9.990065097808838E-01         1.149957483903563E-06         6.786571304928657E-12
         9.992030262947083E-01         7.659578500351927E-07         9.805245504423965E-11
         9.992985129356384E-01         2.391966233972198E-07         3.043338636654624E-10
         9.993725419044495E-01        -3.716012386689727E-08         1.446426589613026E-10
         9.990844726562500E-01         9.601056945029995E-07        -3.847731508410668E-11
         9.994872212409973E-01         7.493753741982800E-07         6.120356998984278E-11
         9.994053244590759E-01         7.340625529650424E-07         1.759319634420109E-10
         9.995660781860352E-01         1.839440244566504E-07         2.319569814002165E-10
         9.994004964828491E-01         3.734065785465646E-07         2.110438906965939E-10
         1.000287413597107E+00        -5.868282642040867E-07         1.758742040891548E-10
         1.001394748687744E+00        -8.395984991693695E-07        -1.435205947142304E-11
         1.001347184181213E+00         4.195701563958210E-08        -2.532730969395658E-10
         1.001614332199097E+00         4.397562634039787E-07        -3.314459262604430E-10
         1.001539826393127E+00         1.330527311438345E-06        -5.418677728741272E-10
         1.001592874526978E+00         1.099415271710313E-06        -2.714912183954254E-10
         1.001438975334167E+00         5.488057581715111E-07        -1.062859938949501E-10
         1.000939369201660E+00         7.695416002206912E-07        -2.512470231863517E-10
         1.000550389289856E+00         5.677185868080414E-07        -8.229581599517033E-11
         1.000069618225098E+00         9.070500368579815E-07        -1.030711418992247E-10
         1.000801205635071E+00        -7.519540901057553E-08         3.126081685178583E-11
         1.000982046127319E+00        -1.472215558351309E-07         1.233354668395137E-10
         1.001497387886047E+00        -4.869901317761105E-07         5.320233142924735E-11
         1.001766443252563E+00        -6.306667046374059E-07        -1.301025953637236E-10
         1.001510024070740E+00        -2.392222029357072E-07        -2.192046544280402E-10
         1.001487612724304E+00        -9.278066670503904E-08        -1.332779997476052E-10
         1.001114368438721E+00         8.733579193176411E-07        -2.747952698722855E-10
         1.001269698143005E+00         3.039837110918597E-07        -1.400056875988653E-10
         1.000800132751465E+00         7.224791715998435E-07        -7.323210787779644E-11
         1.001213788986206E+00        -1.211743779094832E-06         6.538132535371943E-11
         1.000344157218933E+00        -5.872871611245500E-07         7.341017550788198E-12
         1.000437259674072E+00        -1.051740809998591E-06         1.751125806859211E-11
         1.000431180000305E+00        -1.059289388649631E-06         1.961150131180034E-10
         9.997310042381287E-01         1.236532654047551E-07        -1.907153740487999E-10
         9.993097186088562E-01         5.322604579305334E-07        -1.013308117969736E-10
         9.991289973258972E-01         5.258384589978959E-07        -1.018936185426256E-10
         9.988086223602295E-01         5.627663313134690E-07         2.983621683050330E-11
         9.986548423767090E-01         1.579336270651766E-07         1.311693947902981E-10
         9.990519285202026E-01        -9.047033699971507E-07         2.697865542078404E-10
         9.996785521507263E-01        -1.879573574115057E-06         4.035978218297487E-10
         9.996984004974365E-01        -1.646078089834191E-06         3.848945606677034E-10
         1.000025749206543E+00        -1.109723143599695E-06         4.067844949773303E-10
         1.000266551971436E+00        -8.062958727350633E-07         9.455840971339668E-11
         9.998920559883118E-01        -7.163244504226896E-07         8.395212303113908E-11
         1.000195860862732E+00        -4.343019384123181E-07         4.842811221483778E-11
         1.000491142272949E+00        -2.624516604043947E-08        -1.241983512562106E-11
         1.000689148902893E+00         2.904589848640171E-07         1.278119832193170E-10
         1.000910758972168E+00         3.392904943666508E-07         1.503432794924819E-10
         1.000927090644836E+00         7.678141855649301E-07         1.940073275641385E-11
         1.000764250755310E+00         7.635352403667639E-07        -1.731079515843170E-11
         1.000855922698975E+00         7.945073434711958E-07        -2.159030454418343E-10
         1.000514030456543E+00         9.459078569307167E-07        -3.419136085369701E-10
         1.000446319580078E+00         7.975224320944108E-07        -4.283170484953303E-10
         1.000597119331360E+00         5.100052931084065E-07        -3.893794731091305E-10
         1.000190377235413E+00         3.859939852191019E-07        -3.728833075644644E-10
         9.997460842132568E-01         7.974053346515575E-07        -3.583386087857576E-10
         1.000533342361450E+00        -1.859002054516168E-07        -2.579192692753196E-10
         1.000119090080261E+00         9.942302767740330E-07        -2.211975602683935E-10
         1.000556826591492E+00        -2.730032804265647E-07        -6.099918486990319E-11
         9.994569420814514E-01         1.310284346800472E-06        -2.207126564846007E-10
         1.000106096267700E+00         1.988732378777058E-08        -4.265045261409028E-11
         9.994248747825623E-01         1.317023247793259E-06        -2.859029957225090E-10
         9.997039437294006E-01         4.927091481476964E-07        -8.717120081325191E-11
         9.997767806053162E-01         6.326652055577142E-07        -3.187376751423443E-10
         9.992346763610840E-01         4.554908912268729E-07         3.869397857680923E-11
         9.992917776107788E-01         2.442891116061219E-07         2.170856203131954E-11
         1.000066161155701E+00        -5.638827929033141E-07         2.823255795814106E-10
         1.000493049621582E+00        -3.682507951907610E-07         1.810897265475120E-10
         1.001222133636475E+00        -1.151577066593745E-06         4.360812266845926E-10
         1.000805139541626E+00        -2.143484891803382E-07         1.863843940297372E-10
         1.001057744026184E+00        -9.735329058457864E-07         1.608336380742870E-10
         1.000490069389343E+00        -1.782023133500843E-07         2.061235036820985E-11
         1.001117467880249E+00        -6.045979716873262E-07         2.718531996737106E-11
         1.000592589378357E+00         2.488127677224838E-07        -2.572372870268680E-10
         1.000076651573181E+00         6.420137310669816E-08        -1.429031615263199E-10
         1.000282049179077E+00        -2.046769225216849E-07        -1.203989130615923E-10
         9.999930262565613E-01         1.656113255421587E-07         8.235747500640045E-11
         1.000332117080688E+00        -9.597010830475483E-07         1.126336454659871E-10
         9.998931288719177E-01         4.743537544982246E-07        -2.514234133388360E-11
         9.999604821205139E-01         7.072343919389823E-07         5.490955259923602E-11
         9.999164342880249E-01         1.372466300608721E-07        -9.974193693196298E-11
         9.993324279785156E-01         2.093149475967948E-07         9.072489981498677E-11
         9.993177652359009E-01        -2.018622637933731E-07         2.021380562933217E-10
         9.991800189018250E-01         3.767033831536537E-07         5.651172585441344E-11
         1.000007748603821E+00        -5.930100996920373E-07         1.961761447732968E-10
         1.000100135803223E+00        -2.780952570446971E-07         1.999906767968795E-10
         1.000083088874817E+00         1.749287719121639E-07         3.802699041072222E-12
         9.999631047248840E-01         5.655717814079253E-07        -1.066967070251224E-10
         1.000034689903259E+00         1.831914886452068E-07         9.215943980178665E-12
         1.000202655792236E+00         2.818880773247656E-07        -6.744452912821330E-11
         9.997146725654602E-01         1.008046865536016E-06        -1.148429198960521E-10
         9.996173977851868E-01         9.155072007160925E-07        -2.920381436677388E-10
         0.000000000000000E+00         0.000000000000000E+00         0.000000000000000E+00
         0.000000000000000E+00         0.000000000000000E+00         0.000000000000000E+00
         9.976002573966980E-01         1.225349137712328E-06        -4.094676264720931E-10
         9.979936480522156E-01         1.235300373991777E-06        -5.216561071996750E-10
         9.983500838279724E-01         1.566531295793538E-06        -5.146569281855307E-10
         9.984453916549683E-01         1.350035631730861E-06        -4.422086863353769E-10
         9.989543557167053E-01         5.454571123664209E-07        -4.466307046424589E-10
         9.990932345390320E-01         9.127869589065085E-07        -2.383233610459001E-10
         9.999276995658875E-01         7.420415926162605E-08        -1.415899758550054E-10
         9.997247457504272E-01         9.826597988649155E-07        -1.107730990268507E-10
         0.000000000000000E+00         0.000000000000000E+00         0.000000000000000E+00
         9.994760155677795E-01         9.256721114070388E-07        -6.463335422424166E-11
         9.995503425598145E-01         5.762775003859133E-07         6.799216745179137E-11
         1.000132441520691E+00        -2.341042062425913E-07        -4.860652245280983E-12
         9.999901652336121E-01         4.031807065985049E-07         5.853934004207417E-11
         0.000000000000000E+00         0.000000000000000E+00         0.000000000000000E+00
         0.000000000000000E+00         0.000000000000000E+00         0.000000000000000E+00
         1.000082015991211E+00        -2.588680914072938E-08         1.674134303408792E-10
         1.000949740409851E+00        -1.402664111083141E-06         7.971528992456456E-11
         1.000012636184692E+00        -1.004754945910236E-08        -3.914087456924342E-11
         1.000329494476318E+00        -9.717041393741965E-07         2.667890908192305E-10
         9.998252987861633E-01         1.111900083117234E-08         1.302305346895238E-10
         1.000512957572937E+00        -1.100376721296925E-06        -4.201548484128459E-11
         1.000809669494629E+00        -1.070237431122223E-06         2.374719032527395E-10
         1.001031517982483E+00        -6.214129939507984E-07        -4.957105212421986E-11
         1.000719904899597E+00        -6.064465196686797E-07        -1.104649982597294E-10
         9.998221397399902E-01         1.774291860101584E-07        -1.149297254587900E-10
         1.000705003738403E+00        -1.897940592243685E-06         1.792218456975192E-10
         1.000567197799683E+00        -1.502249915574794E-06         4.638103234810842E-10
         1.000817775726318E+00        -1.689382997938083E-06         2.003376214920749E-10
         1.000411152839661E+00        -6.078815317778208E-07         2.612934035806092E-10
         1.000118970870972E+00        -3.869683951052139E-07         6.975793553909426E-11
         9.998263716697693E-01         1.970007019735931E-07        -3.446196106260402E-11
         9.998490810394287E-01         1.988747015957415E-07         1.427373913509555E-10
         9.998474717140198E-01         5.830804283846192E-08        -9.400334677334143E-11
         9.997050762176514E-01         2.562976533226902E-07         2.286645178761759E-11
         9.996145367622375E-01         5.983582127555565E-07        -1.611464850448385E-10
         9.990478754043579E-01         1.186289409815799E-06        -3.369068357628180E-10
         9.984397888183594E-01         1.945000349223847E-06        -4.328559455313297E-10
         9.985394477844238E-01         2.042428604909219E-06        -5.016113080458240E-10
         9.989092350006104E-01         1.511409095655836E-06        -4.887793503272064E-10
         9.992540478706360E-01         6.586317908841011E-07        -5.458972718308530E-10
         9.997514486312866E-01         3.432989501561678E-07        -5.441218031698725E-10
         9.998513460159302E-01         5.183614462112018E-07        -2.537053622742036E-10
         9.995985627174377E-01         8.680756877765816E-07        -4.499528874490899E-11
         9.997089505195618E-01         8.994718996291340E-07         1.068558783123841E-10
         9.999259114265442E-01         7.529903882641520E-07         7.367827181692377E-11
         1.000133514404297E+00        -2.337983744382655E-07         3.926685365751581E-11
         1.000403523445129E+00        -6.700792596348037E-07        -7.101378513008072E-11
         1.000740408897400E+00        -3.829209731520677E-07         9.698954833714524E-11
         1.000254631042480E+00         8.033690050979203E-07        -4.602443079426699E-11
         9.999105334281921E-01         1.075125169336388E-06        -7.833921705779900E-11
         9.994103908538818E-01         1.189657496070140E-06         4.571380166767947E-12
         9.991136789321899E-01         8.856055728756473E-07        -5.643746234240687E-11
         9.996266961097717E-01         3.022826717824501E-07        -1.682976674688419E-10
         9.999155998229980E-01        -1.602449373194759E-07        -2.530313458759537E-10
         1.000163912773132E+00        -1.946857821621961E-07        -1.336322580369753E-10
         1.000590920448303E+00        -8.849692676449195E-07        -1.043606433909217E-11
         1.000989437103271E+00        -9.717396096675657E-07         7.413308161785537E-11
         1.000816464424133E+00        -5.830061766687322E-08        -9.221891306143704E-11
         1.000888347625732E+00         2.507360363779298E-07        -9.456837396504270E-11
         1.001178026199341E+00         2.886314973693516E-07        -1.941282967710123E-10
         1.001046180725098E+00         2.814844890508539E-07        -2.455652903243788E-10
         9.999355673789978E-01         1.354717710455589E-06        -4.238915052301451E-10
         9.995136260986328E-01         2.171955884477939E-06        -6.597045132394896E-10
         9.991083741188049E-01         2.346294422750361E-06        -8.030493492405810E-10
         9.990273118019104E-01         1.911940898935427E-06        -7.978247507089975E-10
         9.992804527282715E-01         1.693173089734046E-06        -9.088727548345332E-10
         9.995491504669189E-01         1.105956130231789E-06        -8.598882161869881E-10
         9.990930557250977E-01         1.863846591731999E-06        -7.267246249220705E-10
         9.986364245414734E-01         2.647467454153229E-06        -6.036920963126136E-10
         9.987217783927917E-01         2.487129677319899E-06        -4.444929979641188E-10
         9.991937279701233E-01         2.077619456031243E-06        -5.033155558997748E-10
         9.992361664772034E-01         1.923635636558174E-06        -4.541822751225055E-10
         9.994323849678040E-01         1.842574420152232E-06        -5.587347251534425E-10
         9.998934864997864E-01         1.662404542912554E-06        -5.989321816279869E-10
         1.000169634819031E+00         1.354749088022800E-06        -5.117973822521549E-10
         1.002814292907715E+00        -1.572951532580191E-06         3.478491938935235E-10
         1.003105640411377E+00        -1.783764446372516E-06         3.226093281405440E-10
         1.005250930786133E+00        -3.447109065746190E-06         7.875616270247576E-10
         1.004720568656921E+00        -2.298758090546471E-06         7.445151717355714E-10
         1.003095626831055E+00        -5.179335857974365E-07         4.360934113822879E-10
         0.000000000000000E+00         0.000000000000000E+00         0.000000000000000E+00
         0.000000000000000E+00         0.000000000000000E+00         0.000000000000000E+00
         0.000000000000000E+00         0.000000000000000E+00         0.000000000000000E+00
         1.000108480453491E+00         1.357435735371837E-06        -1.542467820137006E-09
         9.999952912330627E-01         2.870721118597430E-06        -2.620190064916983E-09
         1.000164270401001E+00         2.507474846424884E-06        -2.041462998647603E-09
         1.000154614448547E+00         1.553767333462019E-06        -1.211915234833327E-09
         1.000134944915771E+00         5.229832922282185E-08        -9.007927737059163E-11
         1.000252246856689E+00        -8.207890118683281E-07         5.783391821001516E-11
         1.000404238700867E+00        -1.588927489137859E-06         2.036182472631154E-10
         1.000954985618591E+00        -2.156849404855166E-06         4.542614895353125E-10
         1.001312375068665E+00        -2.475835572113283E-06         5.869305597094865E-10
         1.001275062561035E+00        -2.426893388474127E-06         5.448337891955646E-10
         1.001077294349670E+00        -1.943838014994981E-06         4.335903303065436E-10
         1.000936508178711E+00        -2.081447291857330E-06         4.565089695152125E-10
         1.000766038894653E+00        -1.796498963813065E-06         3.695254102709100E-10
         1.000572323799133E+00        -1.612104142623139E-06         2.593001924289240E-10
         1.000443935394287E+00        -1.359893644803378E-06         1.994043402619994E-10
         1.000124692916870E+00        -1.094473077500879E-06         9.845722848123017E-11
         1.000255346298218E+00        -1.516667225587298E-06         2.560907597093376E-10
         1.000235795974731E+00        -1.853633079917927E-06         4.625581029316095E-10
         1.000506877899170E+00        -1.772861310200824E-06         4.671698028424487E-10
         1.001200199127197E+00        -1.885033611870313E-06         5.037434358534654E-10
         1.001630425453186E+00        -1.814226948226860E-06         4.301924927396783E-10
         1.000999450683594E+00        -1.114782321565144E-06         2.505305685129855E-10
         1.000225305557251E+00        -3.987810828220972E-07         3.648143592771547E-11
         9.998979568481445E-01        -1.508357883039935E-08         2.337846409516953E-11
         1.000427484512329E+00        -1.903036483952292E-08         4.388860802562178E-11
         1.000785708427429E+00        -1.948163372844647E-07         1.276441591313571E-10
         1.000848889350891E+00        -7.821068948032917E-07         1.839077362619790E-10
         1.000114083290100E+00         1.659688848576479E-07        -3.989013286354037E-11
         9.997674822807312E-01         8.981416499409534E-07        -3.061422504391231E-10
         9.993295669555664E-01         7.855372814447037E-07        -3.050799612935862E-10
         9.992907643318176E-01         6.180308105285803E-07        -2.184414316097616E-10
         9.994407296180725E-01         4.766945664869127E-07        -1.641628083470792E-10
         9.998592138290405E-01         1.617669056486193E-07        -7.266016954776688E-11
         1.000338792800903E+00        -3.906137067133386E-07         1.755015160975759E-10
         1.000401020050049E+00        -2.273333734592597E-07         8.845718602046304E-11
         1.001157522201538E+00        -6.739203968209040E-07         1.731742665933567E-10
         1.000870108604431E+00        -6.442138555939891E-08         1.609245098288525E-10
         1.000079393386841E+00         4.287760475563118E-07        -3.666537559676719E-11
         9.996016025543213E-01         9.969688790079090E-07        -1.864023518871605E-10
         1.000006318092346E+00         9.939611800291459E-07        -2.122040321239638E-10
         1.000279784202576E+00         8.751750328883645E-07        -1.905287594361482E-10
         1.000211119651794E+00         6.337448326121375E-07        -1.726028903137333E-10
         1.000127792358398E+00         3.637711927240161E-07        -4.319809440711531E-11
         1.000308513641357E+00         4.666378004003491E-07        -3.904202655613531E-11
         1.000359654426575E+00         8.369387956008723E-07        -1.844694536012881E-10
         1.000243544578552E+00         1.206301931233611E-06        -3.164580542058815E-10
         1.000319480895996E+00         1.192832428387192E-06        -3.925150204864281E-10
         1.000395059585571E+00         7.819095912964258E-07        -3.812946625103564E-10
         9.997528791427612E-01         5.658727104673744E-07        -3.134070225563335E-10
         9.998313784599304E-01         2.814469723944057E-07        -2.001560583941853E-10
         9.996045231819153E-01         6.936168688298494E-07        -3.684518246060975E-10
         9.993036389350891E-01         8.768744805820461E-07        -4.276424769855680E-10
         9.986088275909424E-01         1.899557787510275E-06        -6.360817428330279E-10
         9.990577101707458E-01         1.758850544320012E-06        -5.763561294891417E-10
         9.990271925926208E-01         1.887659323074331E-06        -5.132606561986108E-10
         9.993862509727478E-01         1.384328243148047E-06        -4.814528775654026E-10
         1.000303626060486E+00         6.595459467462206E-07        -1.370515229082159E-10
         1.000664710998535E+00        -3.518492874832191E-08        -2.084253082623722E-11
         1.000629901885986E+00        -2.473869926689076E-07         3.354850425241196E-11
         1.000931143760681E+00        -4.164135418704973E-07         5.414316217589032E-11
         1.000585913658142E+00        -4.824271400138969E-07         2.355642902962529E-10
         1.000625371932983E+00        -7.646584663234535E-07         2.822792000145569E-10
         1.001024484634399E+00        -9.871808970274287E-07         3.394524661359810E-10
         1.000692486763000E+00        -8.222507403843338E-07         2.405924348636290E-10
         9.999546408653259E-01        -2.422026739168359E-07         1.464681986806937E-10
         9.996902346611023E-01        -5.667479818782795E-09        -6.546763131609623E-11
         9.994174838066101E-01         2.881116927255789E-07        -2.254117309474779E-10
         9.996469020843506E-01         2.166061960906518E-07        -1.864859100475513E-10
         9.999816417694092E-01         1.976888484023220E-07        -1.451605363689268E-10
         1.000132322311401E+00         3.472459653153237E-08        -8.573983883986003E-11
         9.997836351394653E-01        -1.327975667209103E-07         1.226481693983317E-10
         9.998633861541748E-01        -1.859049136854196E-09         7.960123532546604E-11
         9.995736479759216E-01         4.882457460553269E-07        -9.785034588150054E-11
         9.994442462921143E-01         7.064942906254146E-07        -1.581526437588465E-10
         9.994648694992065E-01         8.342239539160801E-07        -2.690900557933418E-10
         9.995562434196472E-01         3.770324497054389E-07        -1.631975110605310E-10
         9.996612668037415E-01         3.043510332645383E-07        -9.701400793815651E-11
         9.999076128005981E-01         1.540630591989611E-07        -9.613024959387317E-11
         9.997460246086121E-01         3.696266901442868E-07        -2.199190690665986E-10
         9.993755221366882E-01         7.705564826210320E-07        -4.689706400995419E-10
         9.994038939476013E-01         5.682517212335370E-07        -4.036595779854935E-10
         9.997165203094482E-01         3.339296767990163E-07        -1.127454241078851E-10
         1.000180482864380E+00         4.698361806276807E-07        -1.394035026303087E-10
         9.997599124908447E-01         1.354141659248853E-06        -3.075006638209032E-10
         1.000232338905334E+00         1.441759877707227E-06        -3.889645272536768E-10
         1.000998377799988E+00         1.098467009796877E-06        -3.588872532489518E-10
         1.000704407691956E+00         1.569960886627086E-06        -5.429963145786587E-10
         1.000742912292480E+00         9.087734724744223E-07        -2.591552528130592E-10
         1.000105261802673E+00         1.154728693109064E-06        -1.974419516770354E-10
         9.994564056396484E-01         7.384548439404170E-07         3.431873188408652E-11
         9.995810389518738E-01        -2.550538624745968E-07         2.689109490638941E-10
         1.000253558158875E+00        -1.141938696491707E-06         4.179923351887993E-10
         1.000322580337524E+00        -9.436685672881140E-07         5.178110162873395E-10
         9.997817277908325E-01        -6.900584708091628E-07         3.685690364019223E-10
         9.999740719795227E-01        -1.417416115145897E-06         3.860323449789149E-10
         1.000496864318848E+00        -1.903519887491711E-06         4.387597229982276E-10
         1.000805139541626E+00        -1.763074692462396E-06         3.317846830608318E-10
         1.001307606697083E+00        -1.790540295587562E-06         2.972306012427595E-10
         1.001225233078003E+00        -1.632581756894069E-06         2.000647147948342E-10
         1.001238465309143E+00        -1.447418298994307E-06         2.020466571828194E-10
         1.001262187957764E+00        -1.270108896278543E-06         7.743557184358707E-11
         1.000699996948242E+00        -1.380594426336756E-06         2.592202841267266E-10
         1.000428199768066E+00        -1.343354142591124E-06         2.957256661773044E-10
         9.998606443405151E-01        -7.902887091404409E-07         3.179638774497562E-10
         9.992194175720215E-01        -5.878815727555775E-07         2.744187654890595E-10
         9.988290667533875E-01        -4.270128428629505E-08        -9.836945494279270E-12
         9.987723231315613E-01         3.890762823033356E-09         3.489104491438688E-11
         9.992539286613464E-01        -2.635708824527683E-07         2.194244091979769E-10
         9.998238086700439E-01        -1.292050001211464E-06         3.840689710710166E-10
         1.000271558761597E+00        -1.908337935674354E-06         7.174808525078902E-10
         1.000179290771484E+00        -1.286121118937444E-06         6.694213516844627E-10
         1.000303506851196E+00        -7.806052622072457E-07         6.109444061763725E-10
         1.000315070152283E+00         5.132790903417117E-08         1.770285168456454E-10
         1.000707864761353E+00        -2.354057926368114E-07         2.674518939649317E-10
         1.000663995742798E+00        -2.258683338141054E-07         1.256666298798947E-10
         1.000272035598755E+00        -9.613584950329823E-08         1.607470268005784E-10
         9.999927282333374E-01        -2.354931467607457E-07         9.793201666274953E-11
         1.000095725059509E+00        -3.756881596927997E-07        -1.151050782466356E-11
         9.999173283576965E-01         8.687696606557438E-08        -2.011159710990640E-10
         9.996837377548218E-01         5.038806420998299E-07        -3.686220495513481E-10
         1.000084280967712E+00        -3.286914136424457E-07        -1.463260762557539E-10
         9.998703598976135E-01        -1.081953442394479E-07        -5.031564401236643E-11
         1.000237345695496E+00        -8.414765488851117E-07         8.386871058752021E-11
         9.996660351753235E-01         4.274156424344255E-07        -1.689005602045768E-10
         9.998843669891357E-01         8.129395041578391E-07        -3.009476001736289E-10
         9.996800422668457E-01         1.127908035414293E-06        -3.174592533294884E-10
         9.988968372344971E-01         1.341177039648755E-06        -3.278624594038604E-10
         9.983640909194946E-01         1.528171310383186E-06        -4.052906343865459E-10
         9.984869956970215E-01         1.728645770526782E-06        -4.263963904183043E-10
         9.986478090286255E-01         1.541910023661330E-06        -3.414086513497949E-10
         9.991266131401062E-01         7.544758204858226E-07        -2.845320090649750E-10
         9.991755485534668E-01         1.222550849888648E-06        -3.615074906093696E-10
         9.998900890350342E-01         5.410366270552913E-07        -2.291665329723358E-10
         9.993953704833984E-01         1.396952711729682E-06        -3.319772512444530E-10
         9.989609718322754E-01         1.944760469996254E-06        -5.183310447520739E-10
         9.988973140716553E-01         2.151394710381282E-06        -5.443609452093767E-10
         9.994916319847107E-01         1.654308107390534E-06        -3.652599056547245E-10
         9.995024204254150E-01         1.424772563041188E-06        -3.079112242954096E-10
         9.999436736106873E-01         6.407373689398810E-07        -1.812482941510041E-10
         9.995995759963989E-01         5.090783474770433E-07        -3.833445713641304E-11
         9.997168779373169E-01         3.683154261580057E-07         1.030600604856602E-10
         1.000175476074219E+00         3.605590563893202E-07         1.076002620337135E-10
         1.000518202781677E+00        -6.163942884995777E-07         4.820241428227234E-10
         9.999033808708191E-01        -7.135542432479269E-07         5.268495084642666E-10
         9.991078972816467E-01        -3.770123555568716E-07         3.815880111890380E-10
         9.988827705383301E-01        -9.196402572797524E-08         2.288370465342027E-10
         9.988852739334106E-01         3.269368562541786E-07         6.830938592550240E-11
         9.992365837097168E-01         5.337606694411079E-07        -6.342187192087678E-11
         1.000882625579834E+00        -3.090120117121842E-06         5.995924312607315E-10
         1.000076293945312E+00        -1.924525349750184E-06         6.475599501065687E-10
         1.000269532203674E+00        -1.883498953247909E-06         7.419504455263848E-10
         1.000658988952637E+00        -1.841699486249126E-06         7.450388084251358E-10
         1.001083850860596E+00        -1.810928552004043E-06         5.791604418270424E-10
         9.999777674674988E-01         1.032049908644694E-06         1.316143721785679E-10
         1.000370025634766E+00         9.000223712973821E-07         5.769340213901408E-11
         1.000952243804932E+00        -7.388343874481507E-07         2.680155264389583E-10
         1.000058412551880E+00         1.980025565728738E-08         1.819583511641909E-10
         1.000337123870850E+00        -7.853748797970184E-07         2.785567609908668E-10
         1.000817537307739E+00        -1.002623548629344E-06         2.469530135940090E-10
         1.000780940055847E+00        -1.291205876441381E-06         3.648808477585419E-10
         1.000025749206543E+00        -1.918823073765452E-07        -1.015227971135069E-10
         1.000365734100342E+00        -3.901729144217825E-07         9.855235377775884E-11
         1.001477479934692E+00        -1.441176209482364E-06         4.366279282574936E-10
         1.002048134803772E+00        -1.608730826774263E-06         5.394629742916379E-10
         1.001319885253906E+00        -8.301290108647663E-07         5.545003692319916E-11
         1.000942587852478E+00         8.042591304047164E-08        -4.584660776019156E-11
         1.001128911972046E+00         3.462819364585812E-08        -3.017747718381258E-10
         1.000827431678772E+00         9.640189801984889E-08        -3.426254002736329E-10
         1.000543713569641E+00         9.246725198863714E-07        -6.985984013496704E-10
         1.000048279762268E+00         8.150146868501906E-07        -5.375013767405790E-10
         1.000332832336426E+00        -3.556114052116754E-07        -9.765829117602820E-11
         1.000660657882690E+00        -6.452809770962631E-07        -3.628881570238995E-11
         1.000707626342773E+00        -6.483060701611976E-07        -1.558105901244833E-11
         1.000581741333008E+00         1.134587606088644E-07        -2.073575755545676E-10
         1.000298976898193E+00         5.050125650996051E-07        -2.423627964986963E-10
         9.998496770858765E-01         1.160564806923503E-06        -3.015991623112058E-10
         9.991793632507324E-01         2.248089685963350E-06        -6.550382458669901E-10
         9.992817640304565E-01         1.687842086539604E-06        -5.115143308920267E-10
         9.990372061729431E-01         1.075414616025228E-06        -4.199571246310541E-10
         9.983945488929749E-01         1.848609940680035E-06        -6.659847673340380E-10
         9.984562993049622E-01         1.855240043369122E-06        -5.131430280691518E-10
         9.983673691749573E-01         2.310671789018670E-06        -7.746142061115791E-10
         9.985505342483521E-01         1.978661202883814E-06        -6.010770770004115E-10
         9.984632730484009E-01         2.655984417287982E-06        -8.395817374662329E-10
