         1.000697493553162E+00        -2.280590507552915E-07         1.065138255373910E-11
         1.001533150672913E+00        -1.157798351414385E-06         3.091503442131938E-10
         1.001528143882751E+00        -6.484071946033509E-07         1.959291201503177E-10
         1.001483201980591E+00        -1.833090657044067E-08         1.767851490197536E-11
         1.002044558525085E+00        -3.839206783595728E-07         1.829669887820629E-10
         1.001932024955750E+00         2.373694059087939E-07        -1.544671508757478E-11
         1.002117156982422E+00        -5.307495030137943E-07         1.885216288632918E-10
         1.001689791679382E+00        -6.176848899031029E-08         1.106005911855057E-10
         1.001542925834656E+00         2.702788322039851E-07        -1.646869307592169E-10
         1.001223206520081E+00         3.324340696053696E-07        -8.700452164278616E-11
         1.000438690185547E+00         1.699445533631661E-06        -4.080996929278768E-10
         1.000205397605896E+00         2.227439381385921E-06        -6.800833785014504E-10
         1.000961542129517E+00         2.376740297904689E-07        -6.197588275913546E-11
         1.001527905464172E+00        -8.161251798810554E-07         3.269567949715224E-10
         1.001412153244019E+00        -2.295671919227971E-07         1.357025602999329E-10
         1.001542091369629E+00         2.114303612188451E-07        -1.333514132451086E-10
         1.001215457916260E+00         5.836644163537130E-07        -2.778766661215570E-10
         1.001324415206909E+00         3.923747158296464E-07        -2.909131269213105E-10
         1.001372814178467E+00         4.857975000049919E-07        -1.496325563454803E-10
         1.002015829086304E+00        -3.998910642621922E-07         4.974438569393946E-11
         1.001728892326355E+00         1.386226813337998E-07         3.897495867710710E-11
         1.001289725303650E+00         5.946104124632257E-07         7.063195514578346E-12
         1.001476526260376E+00         3.018167262780480E-07         1.174928904168482E-10
         1.001510977745056E+00         4.317932109643152E-07         1.033663640792604E-10
         1.001105785369873E+00         5.049112701271952E-07         6.450563000415244E-11
         1.001054048538208E+00         2.358580246664133E-07         4.943282588820708E-11
         1.000510334968567E+00         1.059648297996318E-06        -2.699436785214004E-10
         1.000281691551208E+00         9.261381137548597E-07        -1.870379962021218E-10
         1.000033259391785E+00         7.635878205292101E-07        -2.273026905585951E-11
         9.994555115699768E-01         1.539064442113158E-06        -2.454350889191659E-10
         9.992992281913757E-01         1.434407977285446E-06        -2.195629650314501E-10
         9.997341632843018E-01         4.500371915128198E-07         1.213219715662239E-11
         9.996392130851746E-01         4.000885951427335E-07        -9.832673564247330E-11
         9.995204806327820E-01         8.921280141294119E-07        -1.954135464554696E-10
         9.996406435966492E-01         8.556390866942820E-07        -4.015944521373882E-10
         9.994912743568420E-01         1.087986674974672E-06        -3.608915666308832E-10
         9.997287988662720E-01         5.282532811179408E-07        -3.221648503526353E-10
         9.996904134750366E-01         2.896406101626781E-07        -1.412189948313269E-10
         9.995997548103333E-01         3.873178684443701E-07        -1.385702386169640E-10
         9.994663000106812E-01         6.185122742863314E-07        -2.334776261214699E-10
         9.993167519569397E-01         3.654426166121993E-07        -2.093861056762236E-10
         9.991553425788879E-01         1.035277321648209E-07        -5.470671138319005E-11
         9.988850355148315E-01         5.132299065735424E-07        -2.463985959710868E-10
         9.984967112541199E-01         9.575927606420009E-07        -2.803626775182977E-10
         9.986037611961365E-01         1.019915771394153E-06        -3.135062764947349E-10
         9.994894266128540E-01         4.418949117734883E-08        -9.412148144205545E-11
         9.996155500411987E-01         2.410953356957179E-07        -2.053955200365110E-10
         9.996316432952881E-01         1.869184131919610E-07        -2.166469503794843E-10
         1.000291705131531E+00        -9.718499995869934E-07         9.874794731912218E-11
         1.000033140182495E+00        -5.426194320534705E-07         1.364476587273344E-10
         9.999462366104126E-01        -3.752605266527098E-07         1.341603217408505E-10
         1.000088334083557E+00        -7.919516633592139E-07         1.543944277981879E-10
         1.000369071960449E+00        -1.104407488128345E-06         3.028747808109244E-10
         1.000185847282410E+00        -9.304881700700207E-07         1.673836486082436E-10
         9.998953938484192E-01         3.391181024881007E-08        -7.528041384707862E-11
         9.997437596321106E-01         2.669053742465621E-07        -1.068473018395188E-10
         9.998273849487305E-01         2.728078811742307E-07        -1.414812156319556E-10
         9.997529387474060E-01         3.515139610499318E-07        -1.065050062032391E-10
         9.995174407958984E-01         5.273253691484570E-07        -5.732317051587721E-11
         9.993468523025513E-01         7.555200340902957E-07        -1.723604453607308E-10
         9.987428188323975E-01         1.071072688318964E-06        -1.952343009481439E-10
         9.984125494956970E-01         9.759835393197136E-07        -2.503916796126049E-10
         9.978981018066406E-01         1.167325308415457E-06        -2.687108036081298E-10
         9.978703856468201E-01         1.179196260636672E-06        -3.597823705625558E-10
         9.985747933387756E-01         3.258007268414076E-07        -2.119254216559341E-10
         9.991911053657532E-01         1.072437072480170E-07        -1.296020235574957E-10
         9.995855093002319E-01        -1.403296039370616E-07         2.214063351060891E-12
         9.999409914016724E-01        -4.635689947463106E-07         2.727457981688275E-10
         9.997121095657349E-01        -1.046204261001549E-07         1.853991404843214E-10
         9.998469948768616E-01        -8.394852812898534E-08         1.904942176222946E-10
         1.000133275985718E+00        -5.454573397400964E-07         2.350955818908318E-10
         1.000045537948608E+00        -1.065475430550578E-06         3.539921411555014E-10
         9.994581341743469E-01        -7.090046665325644E-07         3.343310073233852E-10
         9.994288086891174E-01        -1.889232095209081E-07         9.101338432904171E-11
         9.989743828773499E-01         3.914057913334545E-07         3.506075291204169E-11
         9.996339082717896E-01        -6.178744182960827E-09         7.013074843076339E-11
         9.998569488525391E-01        -2.391109035215777E-07         1.806559346562153E-10
         1.000222325325012E+00        -6.031153247931798E-07         3.728405639780163E-10
         1.000648617744446E+00        -1.145330656981969E-06         4.981477452759009E-10
         1.000903844833374E+00        -1.668470076765516E-06         6.085390524823708E-10
         1.000628352165222E+00        -6.047493457117525E-07         2.249483932459384E-10
         1.000247716903687E+00         1.784070349231115E-07        -9.889452451394831E-11
         9.999856352806091E-01         8.561215736335726E-07        -3.599425202338580E-10
         9.999818205833435E-01         5.472148245644348E-07        -2.850793767716908E-10
         1.000539422035217E+00        -3.752595318928797E-07         3.297813758185164E-11
         1.000444650650024E+00        -4.211770772144519E-07         5.816058745722330E-11
         9.995309114456177E-01         4.186031219433062E-07        -1.323421788823609E-10
         9.996436238288879E-01        -9.715410698163396E-08        -9.698834790849986E-11
         9.997599720954895E-01        -3.552212035629054E-07         3.509899315634613E-11
         9.998305439949036E-01        -3.756759952011635E-07         2.534729717784678E-11
         9.995145201683044E-01         4.456628346360958E-07        -1.758033579823959E-10
         9.998282790184021E-01         1.877756616863735E-08        -3.905995318853606E-11
         9.997630715370178E-01         5.110871370561654E-07        -1.629576196204852E-10
         9.998618960380554E-01         4.088653327016800E-07        -1.879880556776570E-10
         1.000435709953308E+00        -2.997587102981925E-07        -1.919452791154797E-11
         9.999437928199768E-01         1.217789531438029E-07         2.746412645915353E-11
         9.996546506881714E-01         5.452390183791067E-08         4.865639141593547E-11
         9.996369481086731E-01        -4.699893736415106E-07         3.181744034908007E-10
         9.992692470550537E-01        -5.322919491845823E-07         4.901070660423557E-10
         9.993806481361389E-01        -2.631173856570967E-07         2.321271092009525E-10
         9.995932579040527E-01        -5.011080475014751E-07         2.494018602750003E-10
         9.991629719734192E-01         1.698067677580184E-07         9.754399371564304E-11
         9.997099041938782E-01        -2.427671290661237E-07         9.937533435033785E-11
         9.998430013656616E-01        -5.845288342243293E-07         2.164722845421352E-10
         1.000176072120667E+00        -1.025510528052109E-06         2.902182105746220E-10
         1.000798821449280E+00        -1.375461692987301E-06         3.070252108106075E-10
         1.000795483589172E+00        -1.215295014844742E-06         3.240737400656002E-10
         1.000679135322571E+00        -8.811787779450242E-07         2.179198627105805E-10
         1.000951409339905E+00        -1.059585429175058E-06         3.113907187657361E-10
         1.000944614410400E+00        -9.059377816811320E-07         3.315522301150509E-10
         1.000778079032898E+00        -8.974583352028276E-07         3.450499053148093E-10
         9.999890923500061E-01         5.002693015399018E-08        -1.864576375243399E-11
         9.997102022171021E-01         3.998586066700227E-07        -1.023005222200446E-10
         9.998933076858521E-01         4.276863023733313E-07        -9.165318504145148E-11
         1.000627040863037E+00        -9.102266176341800E-07         3.048742924782744E-10
         1.000583171844482E+00        -6.874875566609262E-07         2.393439890724380E-10
         1.000897645950317E+00        -4.655736631775653E-07        -8.100572296276809E-11
         1.000771045684814E+00        -2.383229968927481E-07        -1.788882375564071E-10
         1.000602126121521E+00        -8.761381309341232E-08        -2.350115935190189E-10
         9.997799992561340E-01         8.880136874722666E-07        -4.859446178784310E-10
         9.994552135467529E-01         8.551894552510930E-07        -5.615611864406844E-10
         9.989850521087646E-01         1.275180693482980E-06        -6.651348360975362E-10
         9.987735748291016E-01         1.214082658407278E-06        -6.513974915023368E-10
         9.989247918128967E-01         8.952499683800852E-07        -4.928577546081669E-10
         9.991995096206665E-01         6.603073643418611E-07        -4.091222916002835E-10
         9.997007250785828E-01         1.579699215881192E-07        -2.415337096994818E-10
         9.995189309120178E-01         5.445295414574503E-07        -3.155641303820289E-10
         9.995164275169373E-01         9.520393291495566E-07        -4.520608609670518E-10
         9.995136857032776E-01         1.357151290903857E-06        -5.149645154745031E-10
         9.995471239089966E-01         1.611150537428330E-06        -5.827234805799719E-10
         9.993636012077332E-01         1.897694460240018E-06        -6.235104654805923E-10
         9.994978904724121E-01         1.870876417342515E-06        -7.436208315780846E-10
         9.998593330383301E-01         1.295952188229421E-06        -5.276572512258326E-10
         9.999736547470093E-01         8.981399446383875E-07        -4.329933078750514E-10
         9.999461770057678E-01         8.715213652976672E-07        -4.093754502054736E-10
         9.998089075088501E-01         1.125927383327507E-06        -4.493646565961740E-10
         9.999759197235107E-01         5.526666768673749E-07        -2.730890236168904E-10
         9.998928904533386E-01         6.417655527002353E-07        -1.699081986217266E-10
         1.000245571136475E+00         3.133089023776847E-07        -3.423879929576046E-11
         1.000479221343994E+00         9.042940263270793E-08         2.938682630571066E-11
         1.000783801078796E+00        -4.091515037885074E-08         9.912252962873680E-11
         1.000966548919678E+00         2.763917450465669E-07        -1.541830725593218E-11
         1.000970125198364E+00         4.470875296647137E-07        -1.312749492443643E-10
         1.000911474227905E+00         3.414793070533051E-07        -5.249390158668099E-11
         1.000637650489807E+00         5.363538093661191E-07        -1.695219520314595E-10
         1.000415444374084E+00         4.340333816799102E-07        -1.757002460189838E-10
         1.000319600105286E+00         2.202655053906710E-07        -5.069471318425167E-12
         1.000880599021912E+00        -9.453034408579697E-07         3.577942386812083E-10
         1.000630497932434E+00        -6.393178182406700E-07         2.801486265191500E-10
         1.000212192535400E+00        -1.846614168243832E-07         1.144911457306996E-10
         9.998424053192139E-01         6.571462449755927E-07        -1.065293755986296E-10
         9.994884133338928E-01         1.190661009786709E-06        -2.880949090400264E-10
         9.996490478515625E-01         6.414291533474170E-07        -1.250366893357224E-10
         9.992772340774536E-01         7.205069323390489E-07        -5.868057428859430E-11
         9.990296363830566E-01         7.177183647399943E-07        -2.013374883480523E-11
         9.992364645004272E-01         2.747901248767448E-07         2.796538521587788E-11
         9.993299841880798E-01         1.461592376017506E-07         2.790602297852995E-11
         9.992914795875549E-01         3.667746284463647E-08         1.803334716797556E-12
         9.989873170852661E-01         2.043900337866944E-07        -6.702187416163241E-11
         9.992174506187439E-01        -6.976255662038966E-08        -8.939466528135043E-11
         9.997001290321350E-01        -9.570767360855825E-07         2.812473864910459E-10
         9.998903274536133E-01        -1.142568180512171E-06         3.623247535333718E-10
         1.000220894813538E+00        -1.563944351801183E-06         4.325210467559515E-10
         1.000285387039185E+00        -1.777029865479562E-06         4.863309754910006E-10
         1.000265002250671E+00        -1.500834173384646E-06         4.093675953775744E-10
         1.000238060951233E+00        -1.203855504172680E-06         3.516652524737651E-10
         1.000429034233093E+00        -1.616108875168720E-06         4.518521112828466E-10
         1.000221252441406E+00        -1.024445168695820E-06         3.495297662414742E-10
         1.000227093696594E+00        -1.018902935356891E-06         3.925624270095796E-10
         1.000164747238159E+00        -5.514874601431075E-07         2.122315378993989E-10
         1.000064730644226E+00        -2.943020831480680E-07         2.241221791488002E-10
         1.000291705131531E+00        -7.762350264783890E-07         3.200121001523115E-10
         1.000057220458984E+00        -4.177096855073614E-07         3.164824791124232E-10
         9.998914003372192E-01        -2.353690149448084E-07         2.533781517932709E-10
         9.998832345008850E-01        -5.985358484394965E-07         2.184041281161342E-10
         9.999884366989136E-01        -6.236552394511818E-07         3.142689164459256E-10
         1.000800251960754E+00        -1.730595045046357E-06         4.605610059993381E-10
         9.980866312980652E-01         1.571927327859157E-06        -3.726367547862708E-10
         9.983738660812378E-01         1.303194153479126E-06        -4.024002242530855E-10
         1.001941204071045E+00        -2.783847548926133E-06         6.154344811548640E-10
         1.002173781394958E+00        -3.310290367153357E-06         8.989392563663046E-10
         1.004251837730408E+00        -5.417835382104386E-06         1.405776495211342E-09
         0.000000000000000E+00         0.000000000000000E+00         0.000000000000000E+00
         0.000000000000000E+00         0.000000000000000E+00         0.000000000000000E+00
         0.000000000000000E+00         0.000000000000000E+00         0.000000000000000E+00
         1.000411391258240E+00         8.139874694279570E-07        -1.212275058115608E-09
         1.000343203544617E+00         1.065629817276204E-06        -1.485450651372844E-09
         1.000040173530579E+00         2.095434410875896E-06        -2.190586601003019E-09
         9.998468756675720E-01         1.996461378439562E-06        -1.281752592952046E-09
         9.999825954437256E-01         1.042889266500424E-06         8.125503742073548E-11
         1.000620961189270E+00         3.554214345058426E-07         1.039237376709856E-10
         1.000715136528015E+00         2.172087789631405E-07        -1.363998775039121E-10
         1.000695586204529E+00         1.698890450541057E-08        -1.449251634498550E-12
         1.000662446022034E+00        -1.649154199867553E-07         4.897642014167758E-11
         1.000941753387451E+00        -4.796602866008470E-07         1.233118884780282E-10
         1.000935912132263E+00        -8.516124694324390E-07         2.756977424134277E-10
         1.000721216201782E+00        -1.056106270880264E-06         2.772734819522782E-10
         1.000188350677490E+00        -6.218764383447706E-07         1.219548351194533E-10
         1.000496506690979E+00        -1.284694690184551E-06         7.911321597831034E-11
         1.000577926635742E+00        -1.346306476079917E-06         9.704475417704472E-11
         1.000339627265930E+00        -6.148245006443176E-07        -4.548126111836304E-11
         1.000029206275940E+00         5.449165740856188E-08        -1.961196309518964E-11
         1.000055074691772E+00         4.557428212592640E-07        -6.529857904391534E-11
         1.000000476837158E+00         1.130320356423908E-06        -1.409974081933996E-10
         1.000168323516846E+00         1.058399902831297E-06        -1.325393267359587E-10
         1.000566005706787E+00         8.398682211918640E-07        -9.513917431647201E-11
         1.001050472259521E+00         9.117455590512691E-08        -3.033366613447441E-11
         1.000789403915405E+00         3.357026514549943E-07        -1.986781295038043E-10
         1.000422000885010E+00         5.206628657106194E-07        -2.010450694811539E-10
         1.000167131423950E+00         5.912172014177486E-07        -1.280100331291223E-10
         1.000054955482483E+00         2.775200869109540E-07        -1.865174403814507E-10
         9.996849894523621E-01         4.965914968124707E-07        -2.829099177148464E-10
         9.996911287307739E-01         2.103957967847236E-07        -1.408340666309016E-10
         9.997318387031555E-01         4.412057421632198E-07        -1.737083255015648E-10
         9.999362230300903E-01         1.304736088059144E-07        -1.112596733493509E-11
         1.000464200973511E+00        -4.532698199000151E-07         1.750577005403542E-12
         1.000426292419434E+00         3.299222726127482E-07        -1.008408495595248E-10
         1.000840663909912E+00         2.048321192660296E-07        -3.207905469038153E-11
         1.000514268875122E+00         7.260549068632827E-07        -1.351334322219344E-10
         1.000256061553955E+00         7.013875347183784E-07        -8.242995175322676E-11
         1.000307679176331E+00         3.671025865514821E-07         8.921931249350479E-11
         1.000277638435364E+00         2.748711835920403E-07         4.889711552324982E-11
         1.000054955482483E+00         2.441122504137638E-08         5.485493309587142E-11
         9.997704625129700E-01         1.754561225197904E-07         3.994750016889093E-11
         9.998643398284912E-01        -2.511888510525750E-07         2.294908360567227E-11
         9.998109340667725E-01        -3.909284771452803E-07         9.539296436100742E-11
         9.995823502540588E-01         1.965059936992475E-07        -2.061441729123148E-12
         9.996917843818665E-01         3.502009064959566E-07        -4.561354766119408E-11
         1.000145077705383E+00         5.845415884664362E-08         1.486073070156024E-11
         1.000550746917725E+00        -7.685128089462978E-09        -2.286473614609985E-11
         1.000672101974487E+00        -1.172718882003210E-07        -7.030513671235639E-11
         1.000954270362854E+00        -4.950629204358847E-07        -1.497342666523238E-10
         1.000669956207275E+00        -1.447212412131194E-07        -9.909846554467805E-11
         1.000257015228271E+00         2.516522101814189E-07        -1.377538638713816E-10
         1.000190258026123E+00        -2.483683090304112E-07        -2.832806732244730E-11
         9.994795918464661E-01         4.831332489629858E-07        -1.078231046114375E-10
         9.993300437927246E-01         2.362924789167664E-07         7.322567552314752E-11
         9.992333054542542E-01         2.032722790090702E-07         3.772788331746213E-11
         9.996508359909058E-01        -1.404376916980254E-07         4.093481456579617E-11
         9.999130964279175E-01        -4.632512116131693E-07        -2.842970130145783E-11
         9.997659325599670E-01        -2.742208948802727E-07        -1.643060340561497E-11
         9.993886947631836E-01        -1.090258194835769E-07         6.978145838942851E-11
         9.989066123962402E-01         3.306465714558726E-07        -7.802229695652585E-11
         9.987509250640869E-01        -2.411743871277849E-08         9.940072376313225E-11
         9.986941814422607E-01         2.102972587181284E-07         9.038345592793373E-12
         9.986039996147156E-01         6.089254611651995E-07         3.735444592534165E-11
         9.987890720367432E-01         5.697684741789999E-07         1.690397960496526E-10
         9.994801878929138E-01         1.225018451123105E-07         1.837774932234026E-10
         1.000357866287231E+00        -4.921903951071727E-07         1.910744618083271E-10
         1.001001238822937E+00        -1.696104277471022E-06         3.858828534486491E-10
         1.000367522239685E+00        -8.384079137613298E-07         2.289285289114318E-10
         1.000459671020508E+00        -7.222042199828138E-07         1.218283945947363E-10
         1.000317573547363E+00        -3.493246367725078E-07         1.414727363036050E-10
         9.999119043350220E-01         4.864734837184415E-09         4.515678803107548E-11
         9.995492696762085E-01         1.370018196666933E-07         9.767157221896028E-11
         9.993970990180969E-01         8.442522414497944E-08         1.319034187430290E-10
         9.997007846832275E-01        -6.701500865347043E-08         1.678747418853987E-10
         9.997643828392029E-01         1.685537398543602E-07         6.255152645850970E-11
         1.000119090080261E+00         6.732472712656090E-08         1.016266099052032E-10
         1.000207185745239E+00         9.133225375990150E-08         1.116373798959458E-10
         1.000202655792236E+00        -1.065318002702043E-07         1.293854745565426E-10
         1.000247001647949E+00        -8.917629656934878E-08         9.432577635637429E-11
         9.999451637268066E-01         9.447477111734770E-08         6.514622175046725E-11
         9.998764991760254E-01        -1.787295929034372E-07         4.328553487864539E-11
         9.995909929275513E-01         3.647173798526637E-07        -2.418454325692210E-11
         9.996207356452942E-01         1.508589519971792E-07        -8.894714825791183E-11
         9.993308186531067E-01         1.593933234289580E-07        -1.052154613434553E-10
         9.992798566818237E-01        -2.447987696996279E-07         1.261825366416502E-11
         9.992414116859436E-01         2.512284780209484E-08        -1.168994206990348E-10
         9.992396235466003E-01         1.283777208982428E-07        -8.380730831536454E-11
         9.992030262947083E-01         3.881476686729002E-07        -1.966071472292441E-10
         9.988799095153809E-01         7.127107437554514E-07        -2.891824002482224E-10
         9.992845058441162E-01         1.376423313104169E-07        -8.805469547956690E-11
         9.998311400413513E-01        -1.285137898321409E-07         8.569873977126719E-12
         1.000068783760071E+00        -2.339157560982130E-07        -1.076491187856909E-10
         9.996789693832397E-01         2.077056819871359E-07        -6.335182378691684E-11
         9.994973540306091E-01         1.820390167495134E-07        -6.077237324486617E-11
         9.991639852523804E-01         4.450476751571841E-07        -8.178803467817630E-11
         9.987069368362427E-01         9.608410209693830E-07        -1.441210345509703E-10
         9.988500475883484E-01         5.511986955752946E-07        -7.347436548066355E-11
         9.987688064575195E-01         1.140978497460310E-06        -9.832646502561104E-11
         9.995196461677551E-01         8.991358413368289E-07         1.522744257076436E-11
         1.000259876251221E+00         7.218096698125009E-07        -1.119755746459283E-10
         1.000785112380981E+00         2.518487178804207E-07         1.528247580567799E-12
         1.001103997230530E+00         5.362925890040060E-07        -4.725143540329491E-11
         1.001079559326172E+00         6.798978233746311E-07         2.326140495501061E-11
         1.001190304756165E+00         7.096613785506634E-07        -1.283568945575908E-10
         1.001397967338562E+00         2.211102696492162E-07         2.670237295165911E-11
         1.000738978385925E+00         2.860786878500221E-07         4.210423329431556E-11
         1.000422120094299E+00         3.678173499110926E-08        -2.739065224632853E-11
         1.000289916992188E+00        -3.189374808698631E-07         1.044140034850427E-11
         9.999241232872009E-01        -3.226699050173920E-07        -8.554401111082743E-12
         9.998772144317627E-01        -6.823834723945765E-07        -2.066809223766342E-11
         9.998157620429993E-01        -4.405606830459874E-07         9.228194597366013E-12
         1.000269889831543E+00        -9.473761792833102E-07         1.335883903497148E-10
         1.000228881835938E+00        -8.308183510052913E-07         2.036186219633862E-10
         9.996429085731506E-01        -3.819845346697548E-07         1.381516845366804E-10
         9.994713664054871E-01        -4.562341757718968E-07        -2.177451274842923E-11
         9.994581937789917E-01        -4.629245893283951E-07        -4.133368994296838E-11
         9.994040727615356E-01        -2.221872961172267E-07        -2.118213417168224E-11
         9.996557831764221E-01        -7.097996501670423E-08        -1.458446557967008E-11
         9.999197721481323E-01         3.758289608413179E-07        -1.544176453371904E-10
         1.000047802925110E+00         2.171827730990117E-07        -1.280067302156240E-10
         1.000074982643127E+00         1.704826217974187E-07        -1.275297228930938E-10
         9.999678730964661E-01         2.169702071341817E-07        -1.514963987592211E-10
         9.999871253967285E-01        -3.279018301327596E-07        -1.042454386701586E-10
         9.995698928833008E-01         2.976954860400838E-08        -5.255138685322791E-11
         9.994139075279236E-01         3.175005076627713E-07        -1.225688855965856E-10
         9.992055296897888E-01         6.820183102718147E-07        -1.267658339410005E-10
         9.994745850563049E-01         7.201265361800324E-07        -1.529400911470802E-10
         9.997373819351196E-01         9.058143746187852E-07        -2.481790606356782E-10
         9.999520778656006E-01         1.086344354916946E-06        -3.346667110104562E-10
         9.998267889022827E-01         9.754606935530319E-07        -2.675180632571994E-10
         9.998098015785217E-01         6.956157676540897E-07        -1.889368800300772E-10
         9.995256662368774E-01         7.872844207668095E-07        -1.735372817668335E-10
         9.992417693138123E-01         1.056560449796962E-06        -1.529076448791855E-10
         9.993408322334290E-01         1.006763682198653E-06        -2.090087269923657E-10
         1.000222682952881E+00         2.374829506379683E-07        -2.117137437585015E-10
         1.000550389289856E+00         2.097339972806367E-07        -1.069220892380152E-10
         1.000576257705688E+00         5.754472098828955E-08        -1.353474832210821E-10
         1.000247597694397E+00         2.164569821161422E-07        -2.563073538131011E-11
         1.000126957893372E+00        -1.851623743220898E-08         5.262994033639057E-12
         9.996837377548218E-01         4.622507958629285E-07        -4.792687080534819E-11
         9.995586872100830E-01         2.714365905376326E-07         9.223904626209922E-12
         9.993708133697510E-01         9.156837066370827E-09         8.412805174717874E-11
         9.994662404060364E-01        -1.264474036588581E-07         8.060493938977231E-11
         9.998418092727661E-01        -4.925707344227703E-07         1.612105449133594E-10
         9.999296069145203E-01        -4.299184297451575E-07         1.969410051705367E-10
         9.998844861984253E-01        -4.278334415630525E-07         1.794796949949884E-10
         9.995210170745850E-01        -1.038276931097926E-08         1.347871120271904E-10
         9.999716281890869E-01        -4.206558799069171E-07         1.598620402720741E-10
         1.000316619873047E+00        -7.626102842550608E-07         1.353326201103400E-10
         1.000331521034241E+00        -8.038087457862275E-07         8.606738932659397E-11
         1.000011563301086E+00        -7.602578193655063E-07         2.332687099038111E-10
         9.996638894081116E-01        -2.147478141978354E-07         9.050173110924931E-11
         9.999481439590454E-01        -1.617128475572827E-07         1.493432044696874E-10
         1.000071287155151E+00        -1.466576833308864E-07         1.155607970426686E-10
         1.000345945358276E+00        -2.110727308490823E-07         1.275791555732653E-10
         1.000193119049072E+00        -1.569564567205362E-08         1.528977916498420E-10
         1.000165700912476E+00        -1.275975449743783E-07         6.792672674338363E-11
         9.998196959495544E-01         1.322047893381750E-07         4.492826596869115E-11
         9.995200037956238E-01         3.749879340375628E-07        -1.786821558769081E-11
         9.997510313987732E-01        -3.706244644519074E-09        -3.443831331217950E-11
         9.998544454574585E-01         5.625171795031747E-08        -3.333633716295914E-11
         1.000124216079712E+00        -4.310078907110437E-07        -1.531002928600866E-11
         1.000369787216187E+00        -6.397933134394407E-07        -2.024134748701556E-10
         1.000344514846802E+00        -4.942227178617031E-07        -1.012051553672677E-10
         1.000118613243103E+00        -4.973200589120097E-07        -4.993613161863308E-11
         9.996032714843750E-01        -6.137200614375615E-08        -5.170361101064502E-12
         9.996576905250549E-01         7.762896814256237E-08         2.053787348521574E-11
         9.995661377906799E-01         7.451998271790217E-07        -1.147593478578735E-10
         9.995157122612000E-01         1.259113446394622E-06        -8.637666970567892E-11
         9.997105002403259E-01         1.017349745779939E-06        -1.065072197103945E-10
         9.996359944343567E-01         1.253166374226566E-06        -2.527399123319896E-10
         9.998787045478821E-01         1.067080916072882E-06        -2.426579215342173E-10
         1.000354170799255E+00         8.062172014433600E-07        -3.298949446950417E-10
         1.000717997550964E+00         5.596764935944520E-07        -3.485332578101463E-10
         1.000550150871277E+00         9.025393410411198E-07        -3.840623652440200E-10
         1.000201106071472E+00         1.441431322746212E-06        -4.390432184475657E-10
         1.000215053558350E+00         1.707525257188536E-06        -4.906559047945791E-10
         9.997439384460449E-01         2.246844360342948E-06        -4.251888285899952E-10
         9.992781281471252E-01         2.252156718896003E-06        -3.977421170198170E-10
         9.992706775665283E-01         1.880598233583441E-06        -4.279421539354900E-10
         9.969584345817566E-01         4.373411229607882E-06        -1.068418353789014E-09
         9.979634881019592E-01         2.986759000123129E-06        -7.318269878986428E-10
         9.980842471122742E-01         2.654147237990401E-06        -7.035399485211258E-10
         0.000000000000000E+00         0.000000000000000E+00         0.000000000000000E+00
         0.000000000000000E+00         0.000000000000000E+00         0.000000000000000E+00
         0.000000000000000E+00         0.000000000000000E+00         0.000000000000000E+00
         0.000000000000000E+00         0.000000000000000E+00         0.000000000000000E+00
         1.000615835189819E+00        -2.778597718133824E-06         9.818420521057192E-10
         1.000357031822205E+00        -2.738211378527922E-06         1.462749699143728E-09
         1.000386118888855E+00        -3.176669224558282E-06         2.131113285841479E-09
         9.999027252197266E-01        -7.805088557688578E-07         2.980740099189916E-10
         1.000002145767212E+00        -7.671990829294373E-07         2.358920836442735E-10
         1.000061869621277E+00        -7.360915219578601E-07         1.669251681324369E-10
         1.000211000442505E+00        -7.992047130755964E-07         2.066385951238203E-10
         1.000061392784119E+00        -7.623630153830163E-07         1.615926698006476E-10
         9.999483823776245E-01        -7.266110060299980E-07         1.268971455692380E-10
         1.000163435935974E+00        -1.006273919301748E-06         1.476257865951069E-10
         1.000296115875244E+00        -9.970098062694888E-07         1.431594010004034E-10
         1.000404596328735E+00        -1.070304278982803E-06         1.489689760436619E-10
         1.000602960586548E+00        -1.117359488489456E-06         8.273963458815814E-11
         1.000614523887634E+00        -9.308565154242388E-07         1.790231157761113E-11
         1.000624537467957E+00        -6.133210490588681E-07        -1.352071510307695E-10
         1.000881791114807E+00        -4.424007045145117E-07        -1.781531172584394E-10
         1.001092672348022E+00        -2.435795067867730E-07        -7.040627109100583E-11
         1.000997066497803E+00        -3.645179802447274E-08        -1.340117877779434E-10
         1.001041173934937E+00        -3.339283978220919E-07        -1.523161805017104E-11
         1.000493288040161E+00        -2.425863669941464E-07         1.609446083350452E-11
         1.000135660171509E+00        -7.085655795435741E-08         1.023870918603897E-10
         1.000296950340271E+00         7.330691431661762E-08         4.610946000016547E-11
         1.000370979309082E+00         2.861467578441079E-07        -3.759854406981677E-12
         1.000867486000061E+00        -6.929278839606923E-08         1.160769674823925E-10
         1.001041173934937E+00        -4.756345788337057E-07         1.750026790148240E-10
         1.000838994979858E+00        -5.041026724939002E-07         8.687976033039391E-11
         1.000448822975159E+00        -4.725476401290507E-07         1.031535482032275E-10
         1.000227451324463E+00        -4.073084198807919E-07         1.356188494838761E-10
         1.000054240226746E+00         1.177255959383672E-09         3.624099284560423E-11
         1.000258326530457E+00        -2.488175994130870E-07         1.166810398300910E-10
         1.000074386596680E+00        -3.251601299325557E-08         3.753765354108651E-11
         9.997896552085876E-01         2.491485133759852E-07        -6.858915518881403E-11
         9.999792575836182E-01        -6.858440571022584E-08         7.907400428885936E-11
         1.000351905822754E+00        -9.085807306519200E-08         1.041190952899562E-10
         1.000512361526489E+00         2.503632572370407E-07        -2.123150787125549E-11
         1.000783324241638E+00        -2.344588949654280E-07         5.151414884940753E-12
         1.000992298126221E+00        -3.704236064550059E-07         8.843716731155027E-11
         1.000762581825256E+00         1.828454969654558E-07        -1.615401215571133E-11
         1.000797152519226E+00         7.731915019348889E-08         7.753373637564565E-11
         1.000629901885986E+00         2.457615089213050E-08         1.344908351352814E-10
         1.000476241111755E+00        -3.499282570373907E-07         2.033013063451605E-10
         1.000102758407593E+00        -2.969625541027199E-07         1.978039815275778E-10
         9.998184442520142E-01        -1.069715764856483E-07         1.196892168708885E-10
         9.997512698173523E-01        -3.160296273563290E-07         1.776058883296017E-10
         9.999347329139709E-01        -7.143412972254737E-07         2.478977856323894E-10
         9.997416734695435E-01        -6.721771228512807E-07         2.588731728980775E-10
         9.997662901878357E-01        -5.712235520149989E-07         2.867305837206402E-10
         9.998381733894348E-01        -3.955962881718733E-07         2.531237996983293E-10
         9.995852112770081E-01        -3.425085139951989E-07         3.129853320960052E-10
         9.990991353988647E-01        -3.897193607826921E-07         1.519133985272703E-10
         9.993054270744324E-01        -7.471464869013289E-07         1.928344844914776E-10
         9.991683363914490E-01        -6.430552161873493E-07         1.530355009382589E-10
         9.987654089927673E-01        -1.904423356791085E-07         1.662958616296950E-12
         9.988600611686707E-01        -3.096422176440683E-07        -2.592214637386903E-12
         9.989235401153564E-01        -1.910007512151424E-07        -3.321352567975389E-11
         9.995505213737488E-01        -7.252407954183582E-07         9.661244720904349E-11
         1.000027537345886E+00        -8.011380145944713E-07         1.306666025380210E-10
         1.000051498413086E+00        -3.849980032555322E-07         1.372572611124667E-10
         1.000066995620728E+00        -2.022647294097624E-07         1.152741790910738E-10
         1.000021815299988E+00        -2.405583465758809E-08         5.624638949042193E-11
         9.999347329139709E-01         2.637458464960218E-07         1.836148594280829E-11
         9.998527765274048E-01         3.154769672164548E-07         6.504512640309601E-12
         9.995663762092590E-01         6.903306939420872E-07        -8.659870737171005E-11
         9.996339678764343E-01         6.910304364282638E-07        -1.323618159521089E-10
         1.000024080276489E+00         4.587813862144685E-07        -1.079977773876806E-10
         1.000421643257141E+00         4.838294671571930E-07        -6.961393267390648E-11
         1.000787854194641E+00         1.728532623701540E-07        -9.252166394135841E-11
         1.000409364700317E+00        -3.504510459606536E-08        -4.950423751481914E-11
         1.000233292579651E+00        -1.331244448010693E-07        -6.371057847953665E-11
         1.000434756278992E+00        -1.028549121429023E-07        -1.305778263294144E-10
         1.000330567359924E+00        -3.781269342084670E-08        -1.044241429437598E-10
         1.000377058982849E+00         2.675762971193762E-07        -1.658132103843357E-10
         1.000163793563843E+00         3.276964548604155E-07        -1.888793010884626E-10
         9.998614192008972E-01         2.934419001121569E-07        -1.002398511418257E-10
         9.996587038040161E-01         5.363735908758827E-07        -1.491750611926079E-10
         9.997906088829041E-01         3.873540492804750E-07        -1.563554424821589E-10
         9.999080300331116E-01         3.151152725422435E-07        -2.204188359611337E-10
         1.000067591667175E+00         3.002834887411154E-07        -1.972597224453310E-10
         9.997290968894958E-01         1.060835188582132E-06        -3.056290498459902E-10
         9.996625781059265E-01         1.206766910399892E-06        -3.267459913747217E-10
         9.995424747467041E-01         1.029058466883725E-06        -3.155740946336749E-10
         9.994464516639709E-01         9.619011507311370E-07        -2.121401665444722E-10
         9.996366500854492E-01         8.920941922951897E-07        -2.228018047834013E-10
         9.999858736991882E-01         7.888042432568909E-07        -1.748046707383821E-10
         9.999351501464844E-01         9.174314641313686E-07        -1.946623973125838E-10
         9.995548725128174E-01         8.916926503843570E-07        -1.814483563400415E-10
         9.995186328887939E-01         3.645362482984638E-07        -7.066208035366728E-11
         9.993810653686523E-01         6.188254815242544E-07        -1.281506012418276E-10
         9.998164772987366E-01         3.118562119652779E-08        -4.158817040744722E-11
         1.000203728675842E+00        -7.573704863261810E-08         1.077642402397272E-11
         1.000097632408142E+00        -1.280737649267394E-07        -4.210787968306207E-11
         9.998075962066650E-01        -9.595973438081273E-08        -1.368603841367388E-10
         9.995712637901306E-01        -1.130690492345821E-07        -6.367314314692507E-11
         9.992220401763916E-01         1.917020853170470E-08        -1.239016944598603E-10
         9.989482164382935E-01         1.608946575970549E-07        -1.293640611299551E-10
         9.992837905883789E-01         2.647963128765696E-07        -1.737696098125241E-10
         9.995329380035400E-01        -1.163449603325262E-08        -5.665880264960066E-11
         9.993709325790405E-01        -2.892022976652697E-08        -3.394848638316184E-11
         9.995485544204712E-01        -1.580496871156356E-07         1.586811953536993E-12
         9.995541572570801E-01        -1.781610023954272E-07         1.886388788230331E-11
         9.997609257698059E-01        -4.863098865826032E-07         1.005280303445488E-10
         9.998493194580078E-01        -4.646295508337062E-07         6.853831391318010E-11
         9.999145865440369E-01        -4.974801299795217E-07         9.066922213030182E-11
         0.000000000000000E+00         0.000000000000000E+00         0.000000000000000E+00
         9.995836019515991E-01        -2.396164120455069E-07         3.431565795408709E-11
         9.996805191040039E-01        -1.671694072058472E-08        -7.400616924835290E-11
         9.996706247329712E-01         8.412004603997048E-08        -1.094548340851986E-10
         9.998002052307129E-01         1.015442379070919E-07        -1.127490809049725E-10
         9.998695850372314E-01         3.178779479640070E-07        -1.487155398827156E-10
         1.000195384025574E+00         5.292312152960221E-07        -1.342755906463822E-10
         1.000088691711426E+00         9.464570212003309E-07        -2.356820849591656E-10
         9.999152421951294E-01         9.194181416205538E-07        -2.438471646826201E-10
         9.998245835304260E-01         6.573409336851910E-07        -8.200501389055148E-11
         9.998717308044434E-01         3.415631795178342E-07        -2.406864811621556E-11
         9.994768500328064E-01         4.125122643472423E-07        -1.514597995633249E-11
         9.996902346611023E-01         1.064238119852234E-07        -1.447198264004079E-11
         1.000163674354553E+00        -3.055799879803089E-07         4.745911302839190E-11
         1.000161409378052E+00        -1.222378926968304E-07         5.239236475218512E-11
         1.000266075134277E+00        -1.366840507444067E-07        -8.077068527900799E-12
         1.000270485877991E+00         6.836692989509174E-08        -4.635959671706047E-11
         1.000071525573730E+00         6.256686333472317E-07        -1.236333396770206E-10
         9.999391436576843E-01         8.159996127687918E-07        -1.092623908016677E-10
         9.999124407768250E-01         6.477167744378676E-07        -4.622438889989589E-11
         1.000277757644653E+00        -7.400639390198194E-08         7.511793270742473E-11
         1.000476479530334E+00        -4.947401066601742E-07         1.701864343894854E-10
         1.000603914260864E+00        -6.744479605913511E-07         2.136774646110950E-10
         1.000622868537903E+00        -7.804009669598599E-07         2.364503870477819E-10
         1.000358939170837E+00        -8.022205406632565E-07         2.438776958157973E-10
         1.000133633613586E+00        -9.595436267773039E-07         2.603611493068314E-10
         1.000213146209717E+00        -9.737664186104666E-07         2.757273576126096E-10
         1.000141382217407E+00        -7.049990813356999E-07         1.585784975555171E-10
         9.998168945312500E-01        -2.545356814209754E-08         3.058307426750950E-11
         9.995931386947632E-01        -2.670602938792399E-08        -9.394679478802459E-12
         9.991382360458374E-01         3.914688591066806E-07        -1.782519444548658E-11
         9.989335536956787E-01         5.473095825436758E-07        -5.835620875416225E-11
         9.992633461952209E-01         3.536653991886851E-07        -2.015914518649353E-11
         9.999765753746033E-01         3.466138309704547E-08         4.519633625688080E-11
         1.000540614128113E+00         1.359759664865123E-07        -7.620915704054099E-11
         1.000747203826904E+00         2.267684351409116E-07        -1.290784701346581E-10
         1.000675320625305E+00         2.322325514114709E-07        -1.956100142974648E-10
         1.000203132629395E+00         3.387906986063172E-07        -8.273004503678294E-11
         9.999590516090393E-01         4.128232546918298E-07        -6.732390339658778E-11
         9.997379183769226E-01         3.275470135122305E-07        -7.210938096635644E-11
         9.996217489242554E-01         2.803131451400986E-07        -9.181622129261768E-11
         9.995594620704651E-01         3.336100746764714E-07        -1.350621142703901E-10
         9.994972944259644E-01         3.147029019601177E-07        -1.351958822670696E-10
         9.996680021286011E-01         1.513466116875861E-07        -7.466630785879502E-11
         9.996240139007568E-01         1.920287928669495E-07        -8.119907524140046E-11
         9.997871518135071E-01         2.508907925857784E-07        -9.231133912823708E-11
         1.000073790550232E+00         1.799774764776885E-07        -1.047183104119220E-10
         1.000485777854919E+00        -1.172729398035699E-07        -7.573504323676872E-11
         1.001068830490112E+00        -3.015012168816611E-07        -6.406403185721388E-11
         1.001504421234131E+00        -5.503661668626592E-07         4.475690217747852E-12
         1.001586079597473E+00        -9.105598337555421E-07         9.137925138791303E-11
         1.001388549804688E+00        -9.922326853484265E-07         7.623047332261379E-11
         1.001781225204468E+00        -1.423115122634044E-06         2.912203256322243E-10
         1.001844763755798E+00        -1.531324414827395E-06         2.789850017670403E-10
         1.001185178756714E+00        -1.416628037986811E-06         2.616576122438374E-10
         1.000841259956360E+00        -1.206265551445540E-06         2.989760938820751E-10
         1.000361204147339E+00        -7.939451620586624E-07         3.252197677827695E-10
         9.999826550483704E-01        -7.932713401714864E-07         3.224540356949746E-10
         9.997863769531250E-01        -8.048544941630098E-07         3.255302138960303E-10
         9.994004368782043E-01        -6.697625281049113E-07         2.385920072622838E-10
         9.995763897895813E-01        -8.735667620385357E-07         2.879423088852917E-10
         9.999385476112366E-01        -9.236001119461434E-07         3.056161157477533E-10
         1.000034928321838E+00        -8.588124273956055E-07         2.760708606164286E-10
         1.000172495841980E+00        -7.028030495348503E-07         2.671741716753218E-10
         1.000324726104736E+00        -3.552287637376139E-07         2.336228988042421E-10
         1.000450730323792E+00        -4.954388828082301E-07         2.343547300664994E-10
         1.000336050987244E+00        -1.083232064047479E-07         1.433152346796973E-10
         1.000260353088379E+00        -2.704719292978552E-07         2.254831737991125E-10
         1.000208854675293E+00        -6.410458581740386E-07         2.649726271730657E-10
         1.000022888183594E+00        -6.615437655455025E-07         3.442038043477424E-10
         1.000288486480713E+00        -9.759501153894234E-07         3.819526639414761E-10
         1.000531554222107E+00        -1.292611045755621E-06         4.127159725086926E-10
         1.000669002532959E+00        -1.463705302739982E-06         4.535453401732781E-10
         9.994549155235291E-01        -2.808465637826885E-08        -1.468557740691434E-11
         9.999117255210876E-01        -5.164730509932269E-07         1.212732969602115E-10
         1.000499844551086E+00        -1.107751018025738E-06         3.718615138037507E-10
         1.001379370689392E+00        -1.989551037695492E-06         5.593265295367189E-10
         1.002617120742798E+00        -3.441453600316891E-06         1.020866613465898E-09
         0.000000000000000E+00         0.000000000000000E+00         0.000000000000000E+00
         0.000000000000000E+00         0.000000000000000E+00         0.000000000000000E+00
         0.000000000000000E+00         0.000000000000000E+00         0.000000000000000E+00
         0.000000000000000E+00         0.000000000000000E+00         0.000000000000000E+00
         9.983050227165222E-01         1.032081058838230E-06         2.972435630965720E-10
         9.991998076438904E-01        -3.645342019353848E-07         4.143119181065913E-10
         9.985136389732361E-01         1.668034201429691E-06        -6.693706144922373E-10
         9.991346597671509E-01         3.988139667399082E-07        -1.195984006274742E-10
         9.995586276054382E-01         3.805783705956856E-07        -2.375721008807119E-10
         9.991577267646790E-01         1.354342998638458E-06        -2.710001494043990E-11
         9.999097585678101E-01         4.794457595380663E-07        -5.703930036626836E-11
         1.000154614448547E+00         2.857797198885237E-07        -5.871297892312555E-11
         1.000542163848877E+00        -5.171002825932192E-08        -6.817676306315745E-13
         9.999235868453979E-01         1.003697661872138E-06         1.705080798775072E-10
         1.000244736671448E+00         3.716282890309230E-07         6.929354312568137E-11
         1.000363945960999E+00        -2.077723166848955E-07         5.102845576643311E-11
         1.000851154327393E+00        -5.070585302746622E-07         7.444387467581137E-11
         1.000279545783997E+00         4.570676992443623E-07         2.527856222955815E-11
         1.000084996223450E+00         5.064512151875533E-07         1.552648981606453E-10
         9.998933076858521E-01         5.674974090652540E-07         1.064818580531757E-10
         9.999971985816956E-01        -2.303253587854215E-08         1.055994805487792E-10
         9.999831914901733E-01         1.683071673141967E-07        -9.522244104331890E-12
         1.000671744346619E+00        -7.638997772119183E-07        -6.387651518835469E-11
         1.001136064529419E+00        -9.910036169458181E-07        -2.896234363447547E-10
         1.001027703285217E+00        -4.261536048488779E-07        -3.019563210582277E-10
         1.001021862030029E+00        -1.959791120498267E-07        -3.570631013083414E-10
         1.000436067581177E+00         4.100903367998399E-07        -3.431347705973309E-10
         1.000409483909607E+00         3.411618081372580E-07        -1.220979151117518E-10
         1.000421047210693E+00         2.668791410087579E-07         2.610886333520579E-11
         1.000175476074219E+00         8.314041224366520E-07        -2.980683061482026E-11
         1.000310659408569E+00         6.484925734184799E-07         7.218848782630793E-12
         1.000379920005798E+00         7.647637403351837E-07        -5.922962120763486E-11
         1.000611782073975E+00        -4.612401482972928E-08        -1.582077940875948E-10
         9.999943375587463E-01         1.088214105493535E-07        -1.000605778789243E-10
         9.996647238731384E-01        -1.879955817685186E-07        -1.149129125188608E-10
         9.996891021728516E-01        -1.642067530838176E-07        -3.354153621515366E-10
         9.997016191482544E-01         2.694922329737892E-07        -1.925409692793423E-10
         9.998718500137329E-01         3.187624315614812E-07        -1.978436303673448E-10
         9.996650218963623E-01         1.014946747091017E-06        -2.084011990755030E-10
         1.000107645988464E+00         5.490396119967045E-07        -1.331509763558003E-10
         1.000188469886780E+00         6.390857265614613E-07        -3.870154544061144E-11
         1.001385092735291E+00        -1.193387788589462E-06        -1.687022882501665E-10
         1.001148700714111E+00        -5.969429253127601E-07        -1.438067026571233E-10
         1.001393437385559E+00        -1.182757955575653E-06        -1.561315243758798E-10
         1.001468777656555E+00        -1.192093463942001E-06        -3.106966767196795E-11
         1.000917434692383E+00        -1.731062013732299E-07        -6.748541309109513E-11
         1.000413298606873E+00         4.099055956885422E-07         5.579202030925323E-11
         1.000142455101013E+00         6.211652703314030E-07         5.307856237868336E-11
         1.000015735626221E+00         5.978715762466891E-07         9.849612098156157E-11
         1.000036478042603E+00         3.980937890446512E-07         1.145352146458833E-10
         1.000380873680115E+00        -5.713100676985050E-07         1.303031155197587E-10
         1.000429987907410E+00        -8.902560466594878E-07         1.801134380530200E-10
         1.000621557235718E+00        -1.283375809180143E-06         2.990620251441811E-10
         1.000494241714478E+00        -8.144602929860412E-07         1.645381469961293E-10
         1.000356674194336E+00        -3.762072822155460E-07         2.171405416584449E-10
         1.000241160392761E+00        -3.046929748506955E-07         9.273791456987368E-11
         1.000004291534424E+00         5.374892708687184E-08         1.672287586185206E-10
         9.999872446060181E-01         3.296636066352221E-07         6.997917523232644E-11
         9.999986886978149E-01         2.175567885842611E-07         1.734706545075682E-10
         1.000268578529358E+00        -2.079762992934775E-07         1.348164635484039E-10
         9.999763369560242E-01         5.812517755998670E-08         9.487485796988437E-11
         9.998074769973755E-01         3.200108835699211E-07         6.180834316582562E-11
         1.000121116638184E+00         4.991402988707705E-07        -1.452511722010996E-10
         1.000162839889526E+00         9.802357681110152E-07        -2.443365787474505E-10
         1.000398039817810E+00         7.663095402676845E-07        -3.360798028761991E-10
         1.000660777091980E+00         4.062804919158225E-07        -2.481484739913498E-10
         1.000582695007324E+00         4.219880906930484E-07        -1.828314721841195E-10
         1.000227332115173E+00         6.480857450696931E-07        -1.676724453725242E-10
         1.000388383865356E+00        -1.377999296892085E-07        -1.870425619943106E-10
         9.995075464248657E-01         7.671378625673242E-07        -6.890144704785328E-11
         9.999902844429016E-01        -3.526157570377109E-07        -1.059461268715367E-10
         9.989523291587830E-01         1.161008412964293E-06        -4.539194714547889E-11
         9.996892213821411E-01        -1.551745185679465E-07        -7.404549889900025E-11
         9.991468787193298E-01         1.118590603255143E-06        -8.656843991650121E-11
         9.998543262481689E-01         2.480790612935380E-07        -1.753773654078472E-10
         9.996984601020813E-01         4.813543341697368E-07        -4.428393415856213E-11
         9.999239444732666E-01         3.910423913566774E-07        -1.000581006938006E-10
         9.999617338180542E-01         3.651900897239102E-07         1.434135588063157E-10
         1.000392556190491E+00        -3.207971985830227E-07         4.123458519078582E-11
         1.000208973884583E+00         7.812872127033188E-08         2.364883844307997E-10
         1.000650405883789E+00        -8.681594749759824E-07         8.978488091893055E-11
         1.000197291374207E+00         1.110557334982332E-07         1.751878642153315E-10
         1.000622272491455E+00        -5.305107038111601E-07        -1.017144146686633E-10
         9.999855160713196E-01         4.866107587986335E-07        -5.078942474923132E-11
         1.000338673591614E+00        -4.682397403144023E-08        -2.457382908271910E-10
         1.000305533409119E+00         3.560587344964006E-07        -2.533760978806754E-10
         1.000880718231201E+00         1.242903095999282E-07        -3.568118300822931E-10
         1.001168608665466E+00        -1.362479906674707E-07        -5.655119081349191E-11
         1.000996351242065E+00         1.143736838571385E-07        -1.016324871483398E-10
         1.001324057579041E+00        -7.184809760474309E-07        -1.501191532193857E-10
         1.000423789024353E+00         3.972663478180039E-07        -1.586341058512630E-10
         1.000152111053467E+00         4.332064804657421E-07        -1.471646415840411E-10
         1.000521659851074E+00        -3.199014884103235E-07        -2.119189684846035E-10
         1.000230193138123E+00        -3.238064394395224E-08        -1.019356474230015E-10
         1.000315308570862E+00        -3.545324886999879E-07        -4.392528007990393E-11
         9.999065995216370E-01         1.502129265418262E-08         1.197423965537681E-10
         1.000257134437561E+00        -6.889867449899612E-07         1.386141288556297E-11
         1.000147819519043E+00        -5.479643618855334E-07         1.418188483315319E-10
         9.996831417083740E-01        -1.485244496279847E-07         4.799015351775182E-11
         9.990561604499817E-01         2.691925544695550E-07        -1.085356630958767E-11
         9.991598129272461E-01        -9.177701087992318E-08         8.541552881657921E-11
         9.994120597839355E-01        -2.546033499584155E-07         8.458699712887707E-11
         9.991700053215027E-01         5.899560733269027E-07         1.023514606401932E-10
         9.992841482162476E-01         8.050178053053969E-07         2.024517489415678E-12
         0.000000000000000E+00         0.000000000000000E+00         0.000000000000000E+00
         0.000000000000000E+00         0.000000000000000E+00         0.000000000000000E+00
         9.986916780471802E-01         1.445204475203354E-06        -1.339597183180885E-10
         9.989988803863525E-01         1.521616354693833E-06        -2.338141624758094E-10
         9.988351464271545E-01         1.524105414318910E-06        -2.805491672308591E-10
         9.988231658935547E-01         1.581955416440906E-06        -1.328447768456087E-10
         9.992410540580750E-01         5.732988483941881E-07        -4.534564737590507E-11
         9.992045760154724E-01         7.297784918591788E-07         3.614157584319599E-11
         9.995985031127930E-01        -7.962113812709504E-08         6.845500555296979E-11
         9.991092681884766E-01         6.716325060551753E-07         1.353750306298807E-10
         0.000000000000000E+00         0.000000000000000E+00         0.000000000000000E+00
         9.989805221557617E-01         6.144692292764375E-07         3.680608248735062E-11
         9.995073676109314E-01         2.284994025103515E-07        -3.394587042016006E-11
         9.999234676361084E-01        -5.230101010056387E-07        -2.422717929051466E-11
         9.994407892227173E-01         3.660830145690852E-07        -5.030038538467174E-11
         0.000000000000000E+00         0.000000000000000E+00         0.000000000000000E+00
         0.000000000000000E+00         0.000000000000000E+00         0.000000000000000E+00
         9.989331364631653E-01        -9.426248936961201E-08         1.318605641342785E-10
         9.997687935829163E-01        -1.104834268517152E-06        -1.856506337549746E-10
         9.990817308425903E-01         9.171141357455781E-08         3.811530258079898E-11
         9.997048377990723E-01        -7.076751558088290E-07         7.124192902274729E-11
         9.993330836296082E-01         2.150006110923641E-07        -1.064783539117542E-10
         1.000186204910278E+00        -7.172352525230963E-07        -5.783551155352784E-12
         1.000113844871521E+00        -3.327831450405938E-07        -5.778449593818458E-11
         1.000044822692871E+00        -5.969928906779387E-08        -3.152426375496731E-10
         1.000042319297791E+00        -3.386797402527009E-07         1.544191207195067E-13
         9.995059370994568E-01         5.386319799072226E-07        -4.688282401188459E-11
         1.000808596611023E+00        -1.366973037875141E-06        -6.534529861657035E-11
         1.000794053077698E+00        -1.205189391839667E-06         2.680231314666770E-10
         1.001009106636047E+00        -1.308348487327748E-06         9.484684565519430E-11
         1.000529646873474E+00        -5.594176286649599E-07         2.092502386641382E-11
         1.000420928001404E+00        -2.195111648006787E-07         9.458917676896661E-11
         1.000146627426147E+00         2.047891314305161E-07        -2.583707414682834E-10
         9.998526573181152E-01         3.064815814468602E-07        -9.704920200803713E-11
         9.999710321426392E-01         5.252933377164481E-08        -5.381461248843422E-11
         9.999878406524658E-01         2.694738441277877E-07        -2.048086839012697E-10
         9.998111128807068E-01         4.869406211582827E-07        -6.362053939223955E-11
         9.996274709701538E-01         9.197400459015626E-07        -2.028013729171718E-10
         9.993365406990051E-01         1.717314376037393E-06        -3.302552398221081E-10
         9.993519783020020E-01         1.812070991036308E-06        -1.923800424519229E-10
         9.997780323028564E-01         9.982982192013878E-07        -3.798466541304890E-10
         9.999864101409912E-01         3.214415471575194E-07        -5.984602813313700E-10
         1.000001192092896E+00         7.501115817376558E-08        -4.496003846998775E-10
         9.996203184127808E-01         3.133725385850994E-07        -1.432226420794436E-10
         9.997612237930298E-01         6.111707762102014E-07        -7.261123646795653E-11
         9.998911619186401E-01         7.276062774508318E-07         8.956598657183790E-11
         9.998447299003601E-01         5.041923145654437E-07         1.489712658786502E-10
         1.000352978706360E+00        -5.248556931292114E-07         1.320005355021081E-10
         1.000470399856567E+00        -8.749595394874632E-07        -1.810294969484261E-11
         1.000270485877991E+00        -3.322078327983036E-07        -6.367196353496141E-11
         9.997761249542236E-01         6.561714371855487E-07        -1.147736350404216E-10
         9.993210434913635E-01         1.032759655572590E-06        -3.883102520085835E-11
         9.990289211273193E-01         1.115207282964548E-06         4.090950841972862E-11
         9.994791746139526E-01         7.974846880642872E-07         6.581304251573883E-11
         9.999684691429138E-01         1.046889011036001E-07         5.542317299545019E-11
         9.998970031738281E-01        -2.174274129629339E-07        -1.018744741343447E-10
         1.000059485435486E+00        -3.514984143748734E-07        -3.973511450428013E-11
         1.000825285911560E+00        -9.691913192000357E-07        -3.347117721874682E-11
         1.000855684280396E+00        -6.660547455794585E-07        -1.160882431849863E-10
         1.000180602073669E+00         3.822700307409832E-07        -2.699565293529105E-10
         9.998916387557983E-01         6.522679427689582E-07        -1.753570760820722E-10
         1.000122427940369E+00         4.292429025554156E-07        -1.641330543700192E-10
         1.000262260437012E+00         6.286077223194297E-07        -3.411250171225788E-10
         9.998244643211365E-01         1.471825839871599E-06        -3.357286393335102E-10
         9.994366765022278E-01         2.188864300478599E-06        -4.594812308411633E-10
         9.992533922195435E-01         2.359879317737068E-06        -5.682391224226535E-10
         9.998631477355957E-01         1.851177671596815E-06        -7.120995459963808E-10
         1.000219345092773E+00         1.684766061771370E-06        -7.942445590103375E-10
         1.000624775886536E+00         1.178220259134832E-06        -7.629972209599600E-10
         1.000352025032043E+00         1.820872512325877E-06        -7.569269655505195E-10
         9.997921586036682E-01         2.524579713281128E-06        -7.714557881399742E-10
         9.997315406799316E-01         2.234545036117197E-06        -5.903879607416229E-10
         9.995666742324829E-01         1.890417593131133E-06        -5.860865126550152E-10
         9.992281794548035E-01         1.697812194834114E-06        -4.454596969072355E-10
         9.991329908370972E-01         1.561319550091866E-06        -4.063475389504134E-10
         9.992842078208923E-01         1.103545741898415E-06        -3.429134476373719E-10
         9.997776746749878E-01         8.068192869359336E-07        -4.633954331367818E-10
         1.001673579216003E+00        -1.315134454671352E-06        -4.574567460946533E-11
         1.002257466316223E+00        -1.610677827557083E-06        -1.024592632958843E-10
         1.004372715950012E+00        -3.557732725312235E-06         5.979866046779136E-10
         1.003277182579041E+00        -2.090528596454533E-06         5.470969788312630E-10
         1.002430915832520E+00        -1.766899003996514E-06         3.574889828605876E-10
         0.000000000000000E+00         0.000000000000000E+00         0.000000000000000E+00
         0.000000000000000E+00         0.000000000000000E+00         0.000000000000000E+00
         0.000000000000000E+00         0.000000000000000E+00         0.000000000000000E+00
         9.989513754844666E-01         6.412211632778053E-07        -8.547011987047881E-10
         9.988867640495300E-01         1.451124944651383E-06        -1.420063733270638E-09
         9.993644356727600E-01         1.367683921671414E-06        -1.123283688286847E-09
         9.996831417083740E-01         1.393547563566244E-06        -1.126131077278103E-09
         1.000171422958374E+00         7.409874314134868E-08         4.425743452274311E-11
         1.000673532485962E+00        -5.921158958699380E-07         1.557093343151905E-10
         1.001027941703796E+00        -1.229960162163479E-06         2.447275160299967E-10
         1.001091361045837E+00        -1.769179220900696E-06         4.418068411116138E-10
         1.000572443008423E+00        -1.577611328684725E-06         4.623640359469050E-10
         1.000599384307861E+00        -1.632520024941186E-06         5.248084744557957E-10
         1.000598907470703E+00        -1.265268792849383E-06         4.665214325960676E-10
         1.001003503799438E+00        -1.499045652053610E-06         4.004309384075810E-10
         1.000900745391846E+00        -1.440794335394457E-06         3.646976887150544E-10
         1.000567674636841E+00        -1.400258156536438E-06         2.421377265360292E-10
         1.000302791595459E+00        -9.972650332201738E-07         1.852930586743184E-10
         1.000312805175781E+00        -8.477653068439395E-07         1.396625592953171E-10
         1.000528454780579E+00        -1.082398512153304E-06         2.246953456630507E-10
         1.000799775123596E+00        -1.275931026611943E-06         3.164407069711217E-10
         1.001168847084045E+00        -1.608341904102417E-06         4.654623075861508E-10
         1.001048207283020E+00        -1.722570573292614E-06         4.432277322941047E-10
         1.001133680343628E+00        -1.811852143873693E-06         4.918326856895305E-10
         1.000919222831726E+00        -1.233984335158311E-06         3.227736133926129E-10
         1.000812888145447E+00        -8.109233249342651E-07         1.369274693630018E-10
         1.000792503356934E+00        -6.556325047313294E-07         1.376562197563658E-10
         1.000787854194641E+00        -7.102737527020508E-07         1.874325139539224E-10
         1.000480413436890E+00        -6.963874170651252E-07         2.452920921935942E-10
         1.000361561775208E+00        -8.914413456295733E-07         2.738166082760785E-10
         9.996904730796814E-01        -1.204616211225584E-07         4.894436592128848E-11
         9.994341731071472E-01         5.038253334532783E-07        -1.209559397086224E-10
         9.992006421089172E-01         8.525810244464083E-07        -2.674895027698909E-10
         9.992315173149109E-01         5.912556844123174E-07        -2.099936474708741E-10
         9.991444349288940E-01         6.742723144270713E-07        -1.385343784132687E-10
         9.995450973510742E-01         2.674685504189256E-07         6.708907041019785E-11
         9.999689459800720E-01         4.940979891898678E-08         1.531742371829736E-10
         9.999638795852661E-01        -1.194219976241584E-07         9.531785083449762E-11
         1.000376582145691E+00        -9.157122349279234E-07         1.998424897786677E-10
         1.000087499618530E+00        -3.567912472135504E-07         5.455648086072351E-11
         9.998649358749390E-01         2.264280318797773E-08        -9.392891846260465E-12
         9.994841217994690E-01         5.419783519755583E-07        -1.080495137806281E-10
         9.995011687278748E-01         6.661414317932213E-07        -1.345919903306125E-10
         9.994279742240906E-01         8.333540222338343E-07        -1.572732777344044E-10
         9.995899200439453E-01         5.806152216791816E-07        -6.576009181635811E-11
         9.997324943542480E-01         4.806939273294120E-07        -2.730988525601052E-11
         9.996752142906189E-01         6.826178378105396E-07        -1.594251813896719E-10
         9.995559453964233E-01         9.831771876633866E-07        -2.153747319377786E-10
         1.000109076499939E+00         9.274639296563691E-07        -3.744934085059271E-10
         1.000471949577332E+00         1.026188556352281E-06        -3.982144336500681E-10
         1.000649094581604E+00         7.578130976071407E-07        -3.532374948100880E-10
         1.000359535217285E+00         8.972640443971613E-07        -3.164884188056050E-10
         1.000641226768494E+00         3.937802262043988E-07        -1.681547678877848E-10
         1.000625610351562E+00         4.005277389751427E-07        -2.765572215679413E-10
         1.000368356704712E+00         4.607868220318778E-07        -2.329898496356009E-10
         9.997627735137939E-01         1.231024839398742E-06        -4.371170092554166E-10
         9.995810389518738E-01         1.485936991230119E-06        -5.308334882769827E-10
         9.995553493499756E-01         1.413065547239967E-06        -4.412789023078290E-10
         9.997814297676086E-01         8.971747433861310E-07        -3.859254582572191E-10
         1.000137090682983E+00         2.313037157364306E-07        -4.264578967738686E-11
         1.000639200210571E+00        -2.727400669755298E-07         2.250699220095534E-13
         1.000734090805054E+00        -3.298694650766265E-07        -3.750552386022621E-12
         1.000957727432251E+00        -3.428862100918195E-07         9.303422615625223E-11
         1.000952482223511E+00        -5.030432816965913E-07         8.288623953855989E-11
         1.001150965690613E+00        -9.209994686898426E-07         2.449315750219228E-10
         1.001286387443542E+00        -1.079403205039853E-06         2.773317409054954E-10
         1.000757694244385E+00        -6.855692618046305E-07         9.852196836135363E-11
         1.000110864639282E+00        -2.241418712856103E-07         2.843789786988182E-11
         9.999415874481201E-01         3.336420775212900E-07        -1.747673811225425E-10
         9.998340606689453E-01         4.467747203307226E-07        -2.457876402406356E-10
         9.996919035911560E-01         5.636564424094104E-07        -2.610785199141930E-10
         9.997134208679199E-01         6.425833589673857E-07        -1.374164115830467E-10
         9.999873638153076E-01         4.211759687677841E-07        -5.269557706855110E-11
         9.997055530548096E-01         3.844045863843348E-07         7.535150281512415E-11
         9.994013905525208E-01         4.370784836282837E-07         5.213566037221007E-11
         9.989745020866394E-01         5.049166702519869E-07        -4.225244806810302E-11
         9.986675381660461E-01         9.059636454367137E-07        -1.557532158802388E-10
         9.989612102508545E-01         8.196610110644542E-07        -1.703751029147327E-10
         9.995397329330444E-01         5.166049277249840E-07        -1.396138066267483E-10
         9.999256134033203E-01         3.572960167730344E-07        -9.921700960813240E-11
         1.000107169151306E+00         2.394580747022701E-07        -8.646310750703989E-11
         9.997647404670715E-01         7.630500817867869E-07        -2.169469326407381E-10
         9.994251132011414E-01         1.181307425213163E-06        -4.299893496817475E-10
         9.997217059135437E-01         8.166733209691301E-07        -2.983115976462614E-10
         9.996250867843628E-01         4.539088536148483E-07        -1.324964998827838E-10
         9.993639588356018E-01         3.985859393651481E-07        -8.066514817217652E-11
         9.989781975746155E-01         9.907679441312212E-07        -2.718570923931907E-10
         9.988793134689331E-01         1.039911921907333E-06        -2.873734861186250E-10
         9.992169141769409E-01         1.008481945063977E-06        -3.209235377443775E-10
         9.992395639419556E-01         1.109570575863472E-06        -4.078366255821919E-10
         9.994784593582153E-01         7.801028800713539E-07        -2.460271153470472E-10
         9.996278882026672E-01         1.008528670354281E-06        -1.430411900038564E-10
         1.000016808509827E+00         4.944484999214183E-07         1.628740436791787E-12
         1.000512599945068E+00        -2.587062226666603E-07         1.843426244985125E-10
         1.000963091850281E+00        -9.485105465500965E-07         3.620542199378463E-10
         1.000825762748718E+00        -6.237589786906028E-07         4.099546535574206E-10
         1.000586748123169E+00        -3.966017345646833E-07         3.096427003690394E-10
         1.000670790672302E+00        -9.653088000050047E-07         2.850928382258644E-10
         1.000900387763977E+00        -1.539451886856114E-06         3.937814241350424E-10
         1.001089096069336E+00        -1.612048208698980E-06         3.158014960646938E-10
         1.001625061035156E+00        -2.170514108001953E-06         3.598596143294941E-10
         1.001618742942810E+00        -1.786663574421254E-06         2.345845184770212E-10
         1.001615524291992E+00        -1.838944399423781E-06         2.568823209703197E-10
         1.001664757728577E+00        -1.626069774829375E-06         1.859426501660266E-10
         1.001398444175720E+00        -1.265786977455718E-06         2.195384152248181E-10
         1.001476287841797E+00        -1.759881911311822E-06         3.925809677340908E-10
         1.000648021697998E+00        -1.088827389139624E-06         2.677609800549874E-10
         1.000137925148010E+00        -7.158542985052918E-07         2.113044877960490E-10
         9.998093247413635E-01        -2.007081718602421E-07         4.921886682940357E-12
         9.997108578681946E-01        -2.932160292345998E-08         6.587717871209264E-11
         9.998206496238708E-01        -9.836433889631735E-08         1.907087404662278E-10
         1.000225305557251E+00        -1.017851218421129E-06         4.384128338141835E-10
         1.000758528709412E+00        -1.490230488343514E-06         5.833571403712767E-10
         1.000586628913879E+00        -1.422647187609982E-06         6.550190390086641E-10
         1.000280976295471E+00        -1.042377448357001E-06         5.673720382404213E-10
         1.000068426132202E+00        -3.600866875785869E-07         1.904900542859522E-10
         1.000304460525513E+00        -6.634897431467834E-07         3.069079157480559E-10
         1.000009894371033E+00        -5.525669735106931E-07         1.402039040421243E-10
         9.995803833007812E-01        -4.930237196276721E-07         2.323146397475995E-10
         9.992869496345520E-01        -1.764485659805359E-07         2.219271121040034E-11
         9.992731809616089E-01        -1.615058096149369E-07        -5.257664789648508E-11
         9.994150996208191E-01         1.870160915018459E-08        -1.444633856984012E-10
         9.990888833999634E-01         8.395720101361803E-07        -4.267792785839220E-10
         9.994690418243408E-01         3.764868949929223E-07        -2.669314491665631E-10
         9.997230172157288E-01         1.999231642457744E-07        -7.107725519261976E-11
         1.000214934349060E+00        -5.151932782609947E-07         2.878277303997034E-11
         9.999044537544250E-01         1.696614759794102E-07        -7.115778799526851E-11
         9.996325373649597E-01         6.912745220688521E-07        -2.408861721203692E-10
         9.992864131927490E-01         9.849857178778620E-07        -3.102519074982268E-10
         9.992469549179077E-01         9.311664825872867E-07        -2.381893571268279E-10
         9.988277554512024E-01         1.327040195064910E-06        -4.047566448672768E-10
         9.990416765213013E-01         1.371039616060443E-06        -4.059278468915295E-10
         9.990376234054565E-01         1.325661060036509E-06        -2.896987372213999E-10
         9.993052482604980E-01         6.412969923985656E-07        -1.935218513215986E-10
         9.988245964050293E-01         8.921255698624009E-07        -2.681517230485042E-10
         9.993917346000671E-01         6.878466507487246E-08        -8.252962896415639E-11
         9.990877509117126E-01         9.170208272735181E-07        -3.195702868996619E-10
         9.988868236541748E-01         1.733351837174268E-06        -5.133791725064896E-10
         9.990931749343872E-01         1.665722038524109E-06        -4.406945919299687E-10
         9.995374083518982E-01         1.357062387796759E-06        -3.525004177440394E-10
         9.995001554489136E-01         1.173874693449761E-06        -3.137253234974935E-10
         9.997024536132812E-01         5.008733410249988E-07        -1.182572095803636E-10
         9.991921782493591E-01         6.911928949193680E-07        -9.447297805165178E-11
         9.994798898696899E-01         2.086922705757388E-07         5.795563681743054E-11
         9.996195435523987E-01         4.038633392156044E-07         1.159638912673344E-10
         9.998997449874878E-01        -2.077153027357781E-07         3.503241030600179E-10
         9.997980594635010E-01        -2.838704347141174E-07         4.186304081166270E-10
         9.995368123054504E-01        -1.884960738607333E-07         3.319159391779181E-10
         9.994398951530457E-01        -1.443919472876587E-07         2.674399868229926E-10
         9.991657137870789E-01         2.426421872314677E-07         9.193754785252750E-11
         9.991600513458252E-01         6.662216378572339E-07        -1.605360011591728E-10
         1.000823736190796E+00        -3.039720240849419E-06         6.781917805120941E-10
         1.000162243843079E+00        -1.957487938852864E-06         7.176922389717788E-10
         1.000376939773560E+00        -2.039791525021428E-06         7.958765868565365E-10
         1.000495433807373E+00        -1.946432121258113E-06         8.529393857870105E-10
         1.000657200813293E+00        -2.086414724544738E-06         6.591306389580609E-10
         9.995127320289612E-01         6.618005272684968E-07         1.330236892860270E-10
         9.998673796653748E-01         6.451940066654061E-07         6.271519414902116E-11
         1.001122593879700E+00        -1.048578951667878E-06         2.424686562640943E-10
         1.000671148300171E+00         1.360564141350551E-07         8.669906459424226E-11
         1.001069307327271E+00        -5.266105631562823E-07         1.750457973015429E-10
         1.001207709312439E+00        -9.632622095523402E-07         2.443271418517412E-10
         1.000975608825684E+00        -1.218901502397784E-06         2.538938503882093E-10
         9.999008774757385E-01         3.246295534609089E-07        -1.779858899153552E-10
         9.999189376831055E-01         1.125636188703538E-07         2.735926589447768E-11
         1.000430226325989E+00        -6.210623837432649E-07         3.497591938295130E-10
         1.000654339790344E+00        -9.591198022462777E-07         4.209885773320821E-10
         1.000399589538574E+00        -3.195051476723165E-07         9.316872273679166E-11
         1.000321388244629E+00         3.986578462900070E-07         1.930741330702368E-11
         1.000860810279846E+00         1.642598164153242E-07        -1.402261362581925E-10
         1.000924587249756E+00        -4.444908441314510E-08        -1.994028830942796E-10
         1.000967502593994E+00         4.856096893490758E-07        -4.591558799837969E-10
         1.000811100006104E+00         4.839783969146083E-07        -4.551131971286537E-10
         1.001231312751770E+00        -6.349192176458018E-07        -6.531951368682343E-11
         1.001498222351074E+00        -9.450363336327428E-07         4.087227084559331E-11
         1.001318931579590E+00        -7.547650966444053E-07         5.524189612693409E-12
         1.001131534576416E+00        -2.427707102015120E-07        -1.846262032145773E-10
         1.000602245330811E+00         4.876673642684182E-07        -3.430570827411827E-10
         9.997773766517639E-01         8.927859198593069E-07        -2.928045861327888E-10
         9.990289807319641E-01         1.885439246507303E-06        -6.032189192595183E-10
         9.990428090095520E-01         1.707486603663710E-06        -5.087287258120909E-10
         9.990445375442505E-01         1.368364110021503E-06        -4.172287793036134E-10
         9.985711574554443E-01         1.963268005056307E-06        -6.111510741924064E-10
         9.986433386802673E-01         1.729798100313928E-06        -4.846171797190379E-10
         9.988173246383667E-01         1.713965843919141E-06        -6.297711796499073E-10
         9.987270236015320E-01         1.505737600382417E-06        -4.985995505357721E-10
         9.984973669052124E-01         2.368449031564523E-06        -7.461600226577048E-10
