         1.001223683357239E+00        -7.245986211046329E-08        -4.479587187300460E-11
         1.001798629760742E+00        -6.146465238998644E-07         2.938092824589233E-10
         1.001345396041870E+00        -4.056773406091452E-08         1.573112334840587E-10
         1.001144647598267E+00         1.683545320929625E-07         1.230918422745475E-10
         1.001304626464844E+00        -1.732368559714814E-07         1.878965177892766E-10
         1.001361370086670E+00         1.368194517681331E-07         9.774096809689325E-11
         1.001691341400146E+00        -9.374770684189571E-07         4.187370172825666E-10
         1.001036167144775E+00         8.700935438810120E-08         1.684479361552249E-10
         1.000960588455200E+00         7.557313779216202E-07        -1.773345220668077E-10
         1.000367283821106E+00         1.053701794262452E-06        -1.204055188885889E-10
         9.993873238563538E-01         1.842800315898785E-06        -4.082908178215661E-10
         9.992460608482361E-01         2.354067419219064E-06        -6.895726767375265E-10
         9.999272227287292E-01         5.802070859317610E-07        -1.119636883206709E-10
         1.000723600387573E+00        -6.281566697907692E-07         3.989970576157020E-10
         1.000604987144470E+00         1.932684909888849E-07         1.346443928573748E-10
         1.000069618225098E+00         5.271913323667832E-07        -4.047079685265409E-11
         9.992885589599609E-01         1.150989078269049E-06        -3.096734535468215E-10
         9.993808269500732E-01         9.406930985278450E-07        -2.517313857364201E-10
         9.993415474891663E-01         1.155741756520001E-06        -3.070048937292569E-10
         1.000162363052368E+00        -4.069559906838549E-07         1.551363482121815E-10
         1.000542402267456E+00        -3.977663354248762E-08         3.402366582916372E-11
         1.000800848007202E+00         1.931483950556867E-07         1.764467044695905E-11
         1.000990867614746E+00        -2.012904047887787E-07         4.565584021953839E-11
         1.001353859901428E+00        -4.360833258942876E-07         1.448293290851055E-10
         1.001363277435303E+00        -3.979673124376859E-07         1.182798720078537E-10
         1.001537919044495E+00        -4.645981732664950E-07         1.512097530520506E-10
         1.000848293304443E+00         7.374869710474741E-07        -2.068458182513666E-10
         1.000879168510437E+00         9.047872708833893E-07        -3.137408388642626E-10
         1.001335382461548E+00         3.873318519254099E-07        -1.061817925251951E-10
         1.000669121742249E+00         1.007293235488760E-06        -3.878106724641839E-10
         1.000591039657593E+00         1.017855424834124E-06        -4.392078090109663E-10
         1.001157522201538E+00        -1.826643227786917E-07        -6.957324039796875E-12
         1.000603675842285E+00         3.827593673122465E-07        -2.517082653419322E-10
         1.000034451484680E+00         1.250207901648537E-06        -4.951851151346887E-10
         1.000035285949707E+00         8.840081022754021E-07        -4.359569927281370E-10
         9.994388818740845E-01         1.674937038842472E-06        -6.137553243412697E-10
         9.996580481529236E-01         8.173477681339136E-07        -3.027706418912146E-10
         9.999063014984131E-01         4.812318934455107E-07        -1.964282347888258E-10
         1.000067472457886E+00         5.124807103129569E-07        -1.364108964674315E-10
         1.000214338302612E+00         9.891890613289434E-07        -3.611650423174240E-10
         1.000773906707764E+00         4.962536195307621E-07        -2.667304987991059E-10
         1.000980496406555E+00         3.084996365032566E-07        -1.434827812119011E-10
         1.001085042953491E+00         6.430847179217380E-07        -2.771518570199305E-10
         1.000369310379028E+00         1.184961433864373E-06        -4.407636755576760E-10
         9.998695850372314E-01         8.523877568222815E-07        -2.555264611014962E-10
         9.998474717140198E-01        -5.973656413971185E-08         6.663589124933367E-11
         9.994089603424072E-01         2.273420207643539E-08        -1.143315563750802E-11
         9.985746145248413E-01         1.090540635573234E-07        -1.782441208519892E-11
         9.987010359764099E-01        -4.626086820280761E-07         9.969391978614794E-11
         9.985799193382263E-01        -3.485463935248845E-07         2.091279510674227E-10
         9.988932609558105E-01        -4.591195192915620E-07         1.172523328429875E-10
         9.994242191314697E-01        -1.265181936105364E-06         4.056930902329725E-10
         9.997786879539490E-01        -1.849353111538221E-06         5.611633935309612E-10
         9.991000294685364E-01        -7.732327844678366E-07         2.755264905118793E-10
         9.988260865211487E-01         2.918215784575295E-07        -1.417010675464070E-10
         9.985671043395996E-01         6.099252232161234E-07        -1.222912465737025E-10
         9.986574649810791E-01         2.804685834689735E-07        -3.213915591993022E-11
         9.985572099685669E-01         5.761264887382822E-08         2.602602855450442E-11
         9.984834790229797E-01         2.683737818642840E-07        -9.287250829492777E-11
         9.983082413673401E-01         3.065368332499929E-07        -4.923961585689973E-11
         9.983135461807251E-01         4.117546836823749E-07        -1.562184270831324E-10
         9.982785582542419E-01         5.876549948879983E-07        -1.971647151099987E-10
         9.979878067970276E-01         1.087500095309224E-06        -2.878019766949791E-10
         9.980469942092896E-01         1.193698608403793E-06        -2.972330159778380E-10
         9.989577531814575E-01         6.616431278416712E-07        -2.514413399712367E-10
         9.995127320289612E-01         2.941375214504660E-07        -6.549510239706180E-11
         9.997066259384155E-01        -1.292052473900185E-07         1.343884448168353E-10
         9.999903440475464E-01        -5.319388947100379E-07         3.215205324202941E-10
         9.998266100883484E-01        -5.399687665885722E-07         3.186214070360904E-10
         1.000024795532227E+00        -3.645508286354016E-07         1.972320362586544E-10
         1.001070857048035E+00        -1.319887587669655E-06         4.306401624187828E-10
         1.001394748687744E+00        -1.484734639234375E-06         4.966979050280429E-10
         1.001349329948425E+00        -1.204194290949090E-06         4.609140569211689E-10
         1.000948429107666E+00        -5.066569883638294E-07         2.129157405938997E-10
         1.000069618225098E+00         9.922789701022339E-08         1.182551417899802E-10
         1.000677704811096E+00        -4.204100321203441E-07         2.357106176908985E-10
         1.000730633735657E+00        -6.500196718661755E-07         2.496865492140898E-10
         1.001167535781860E+00        -1.309163280893699E-06         4.894138427857797E-10
         1.001707673072815E+00        -2.145226062566508E-06         8.272840745782162E-10
         1.001815319061279E+00        -2.084750121866819E-06         7.571225313363072E-10
         1.001290678977966E+00        -6.974664188419410E-07         2.124998926822386E-10
         1.000562191009521E+00         8.823764829912761E-08        -5.240149286711571E-11
         9.999539852142334E-01         6.830765642007464E-07        -2.049912461998815E-10
         9.999488592147827E-01         4.221831204631599E-07        -1.872597216179273E-10
         1.000169396400452E+00         2.320101515351780E-07        -1.202029448199582E-10
         1.000136137008667E+00        -2.423415139674034E-07         8.700215547996493E-11
         9.993982911109924E-01         5.644851626129821E-07        -2.352463224220003E-10
         9.993034005165100E-01         4.796101507054118E-07        -2.193848436249368E-10
         9.991957545280457E-01         1.933936601972164E-07        -1.140655139786340E-10
         9.988789558410645E-01         4.842159455620276E-07        -1.332574328660741E-10
         9.987824559211731E-01         8.210905662053847E-07        -2.222889788905391E-10
         9.990561604499817E-01         4.710492476078798E-07        -1.336963456610718E-10
         9.991762042045593E-01         5.168143957234861E-07        -1.052214218533187E-10
         9.992336034774780E-01         5.587227747128054E-07        -1.693690326876052E-10
         9.997230172157288E-01         2.465689874497912E-07        -5.452150883544782E-11
         9.996602535247803E-01         3.207512975222926E-07        -1.312859404523081E-10
         9.995452165603638E-01         2.772175378140673E-07        -5.386281004549076E-11
         1.000212311744690E+00        -6.107804324528843E-07         2.274058996665218E-10
         1.000198006629944E+00        -6.918244253029115E-07         3.139654369821443E-10
         1.000313162803650E+00        -2.421703015897947E-07         1.158988252591975E-10
         1.000604629516602E+00        -7.465211524504411E-07         2.730881631940463E-10
         1.000256657600403E+00         2.281080213606401E-07        -2.969329296331757E-11
         1.001036763191223E+00        -4.116956802135974E-07         1.236567515050524E-10
         1.000790953636169E+00        -3.839293185592396E-07         9.808199391558858E-11
         1.001015186309814E+00        -8.457946023554541E-07         3.331240006065883E-10
         1.001569509506226E+00        -1.105671231016458E-06         3.387775615593114E-10
         1.001398682594299E+00        -1.034824208545615E-06         3.307749074643596E-10
         1.001016974449158E+00        -6.062370516701776E-07         1.709302976937721E-10
         1.001100659370422E+00        -8.417889603151707E-07         2.155342154752660E-10
         1.001090645790100E+00        -1.314438804911333E-06         4.208587367493521E-10
         1.000822424888611E+00        -1.337949356639001E-06         3.689476779644707E-10
         1.000073909759521E+00        -6.688801477139350E-07         1.120388018471807E-10
         9.996871948242188E-01        -2.531025131702336E-07        -8.835887750635596E-12
         9.999543428421021E-01        -4.383771852189966E-07         1.185768983003044E-10
         1.000508546829224E+00        -1.569834694237215E-06         4.806237074994613E-10
         1.000207424163818E+00        -9.392011861564242E-07         2.691167289015084E-10
         1.000207066535950E+00        -8.554884516343009E-07         1.723911291495739E-10
         9.998818635940552E-01        -3.980821645654942E-07        -4.278822782199931E-11
         1.000096559524536E+00        -4.140561671306386E-08        -2.165317647406795E-10
         9.996042251586914E-01         5.957957682767301E-07        -4.093131389382165E-10
         9.989971518516541E-01         1.044185296450451E-06        -5.373469447178536E-10
         9.989737868309021E-01         1.024952666739409E-06        -6.059771018307458E-10
         9.990883469581604E-01         1.031582883115334E-06        -5.624627430478313E-10
         9.995544552803040E-01         7.694584951423167E-07        -4.124371399960580E-10
         1.000219583511353E+00         1.982020023660880E-07        -2.729947934376753E-10
         1.000461697578430E+00         2.091865880515797E-08        -1.919985698206617E-10
         1.000090003013611E+00         5.375339355850883E-07        -3.847080431995664E-10
         9.996492266654968E-01         7.557448498118902E-07        -4.088101246413345E-10
         9.992505908012390E-01         1.427117126695521E-06        -5.732844754469113E-10
         9.993444681167603E-01         1.320502065027540E-06        -5.088849897028069E-10
         9.994743466377258E-01         1.821656269385130E-06        -6.652536299611711E-10
         9.996044039726257E-01         1.944812311194255E-06        -7.457383044418009E-10
         9.996370077133179E-01         1.536301397209172E-06        -5.795768864835793E-10
         9.995239377021790E-01         1.034744400385534E-06        -4.243025653050125E-10
         9.997714757919312E-01         7.729447020210500E-07        -3.332259190802489E-10
         9.997241497039795E-01         1.071276756192674E-06        -3.840740225857786E-10
         9.998763799667358E-01         5.588968861047761E-07        -1.805218752259918E-10
         9.999318718910217E-01         5.286910891300067E-07        -2.086435191284153E-10
         1.000070691108704E+00         4.998163376512821E-07        -2.052842895672313E-10
         1.000777482986450E+00        -1.371806632732842E-07         3.832712966445051E-11
         1.001005887985229E+00        -4.328668623543308E-08         5.587741380708167E-11
         1.000692248344421E+00         5.271063514555863E-07        -1.341708272262210E-10
         1.000106692314148E+00         8.946280445343291E-07        -2.595270665040061E-10
         9.999852180480957E-01         6.444472546718316E-07        -1.576552777216023E-10
         9.996046423912048E-01         8.368548378712148E-07        -2.566790113789352E-10
         9.993380308151245E-01         8.016994570425595E-07        -1.876547112145133E-10
         9.991070032119751E-01         4.429425644048024E-07        -1.282180056572102E-10
         9.998544454574585E-01        -6.605508247048419E-07         2.672616294940866E-10
         1.000086784362793E+00        -4.965042990079382E-07         1.547267314272460E-10
         9.997987747192383E-01        -9.826533187151654E-08         1.243320585375685E-10
         9.992444515228271E-01         8.424289035247057E-07        -2.037994772940976E-10
         9.990689754486084E-01         1.284012114410871E-06        -4.672291442631149E-10
         9.996436238288879E-01         4.378291009743407E-07        -1.911111963126544E-10
         9.996832609176636E-01         3.536474650900345E-07        -9.218489860352008E-11
         9.999283552169800E-01         8.319906186216031E-08         1.064267597661317E-11
         1.000285625457764E+00        -9.681762236368741E-08        -2.262247333906231E-11
         1.000822067260742E+00        -1.922404209153683E-07        -1.225141169070021E-11
         1.001148700714111E+00        -2.143898711892689E-07        -4.046580084904328E-11
         1.000639200210571E+00        -1.659569015544093E-08        -1.551724859716330E-10
         1.000625729560852E+00        -3.358557023602771E-07        -5.964804344893437E-11
         1.001437902450562E+00        -1.400028509124240E-06         4.051922963821397E-10
         1.001770496368408E+00        -1.563048726893612E-06         5.029795469013720E-10
         1.001965522766113E+00        -1.986132474485203E-06         6.677665087551077E-10
         1.002047181129456E+00        -2.221033128080308E-06         7.300126059206491E-10
         1.002087354660034E+00        -2.205096961915842E-06         6.607994706975262E-10
         1.001810431480408E+00        -1.864828959696752E-06         5.804108305085265E-10
         1.001877188682556E+00        -1.926652657857630E-06         5.933451507900145E-10
         1.001525878906250E+00        -1.369858750877029E-06         5.024946569953670E-10
         1.001341700553894E+00        -1.661898181737342E-06         5.208150022362190E-10
         1.000773668289185E+00        -9.170866519525589E-07         2.375396823683928E-10
         1.000897765159607E+00        -8.451331723335898E-07         2.230848006323782E-10
         1.001446247100830E+00        -1.171321514448209E-06         2.959117950673829E-10
         1.001191139221191E+00        -1.040863139678549E-06         3.039574425489633E-10
         1.001541852951050E+00        -9.610370170776150E-07         2.846915758691893E-10
         1.002154231071472E+00        -9.149486004389473E-07         2.266108828363755E-10
         1.002550125122070E+00        -1.051958520292828E-06         3.127069991837317E-10
         1.003216147422791E+00        -1.579488639436022E-06         3.550077731784285E-10
         1.001304864883423E+00         8.858720548232668E-07        -2.262038056866089E-10
         1.001525282859802E+00         1.593004554933941E-07        -6.887401066135723E-11
         1.003484964370728E+00        -2.516461108825752E-06         6.987220246834625E-10
         1.003322124481201E+00        -3.205713710485725E-06         8.892839242768957E-10
         1.004489660263062E+00        -5.154074187885271E-06         1.364722668206753E-09
         0.000000000000000E+00         0.000000000000000E+00         0.000000000000000E+00
         0.000000000000000E+00         0.000000000000000E+00         0.000000000000000E+00
         0.000000000000000E+00         0.000000000000000E+00         0.000000000000000E+00
         9.982933998107910E-01         9.688210411695763E-07        -8.961555941766619E-10
         9.987958073616028E-01         9.928377266987809E-07        -1.035602492649446E-09
         9.979863762855530E-01         1.603334908395482E-06        -1.613177369463870E-09
         9.977471232414246E-01         1.861604005171102E-06        -1.159313756105007E-09
         9.979621767997742E-01         1.637401680909534E-07         7.446221417239940E-11
         9.985288977622986E-01        -4.636063124507928E-07         2.092492706884386E-10
         9.988114833831787E-01        -3.866164490773372E-07         1.594318982389709E-10
         9.985893368721008E-01        -4.766451127125038E-07         1.209435468441100E-10
         9.989898204803467E-01        -4.124448764741828E-07         9.881396395572395E-11
         9.990413188934326E-01        -7.148424288061506E-07         2.421740030733588E-10
         9.992412328720093E-01        -9.624012591302744E-07         3.031868645031466E-10
         9.998114109039307E-01        -6.925425850567990E-07         2.526099329713816E-10
         9.998462200164795E-01        -2.437114154929532E-08         3.686372387901038E-11
         1.000019907951355E+00        -6.364830937855004E-07         2.239333857234627E-10
         1.000439167022705E+00        -8.490047775921994E-07         3.173293294800317E-10
         1.000658988952637E+00        -1.652687018349752E-07         9.193141387031645E-11
         1.000294446945190E+00         1.635974484770486E-07        -5.143113712691161E-11
         1.000235199928284E+00         2.094319597745198E-07        -5.775113373629459E-11
         1.000525832176208E+00         5.151495656718907E-07        -1.717353481645034E-10
         1.000868320465088E+00         5.139564791534212E-07        -1.950876266088031E-10
         1.000473380088806E+00         4.921667482449266E-07        -1.999509724459614E-10
         1.000238180160522E+00        -9.520969967979909E-08        -2.060581393015237E-11
         1.000168442726135E+00         2.861537780063372E-07        -1.445703279312482E-10
         1.000017046928406E+00         7.996396220733004E-07        -3.456815944602454E-10
         1.000393629074097E+00         9.097155384552025E-07        -3.920728741668711E-10
         1.000979781150818E+00         3.858230854802969E-07        -2.132802545684598E-10
         1.000731348991394E+00         8.212401212404075E-07        -3.873210085991730E-10
         1.000970244407654E+00         2.672471737241722E-07        -1.863948717595321E-10
         1.000995039939880E+00         5.267237952466530E-07        -2.735252579988412E-10
         1.000712156295776E+00         3.484521471364133E-07        -1.634047064325017E-10
         1.000707864761353E+00         4.899023906546063E-07        -2.140189137023185E-10
         1.000706315040588E+00         3.977962421686243E-07        -2.083347105941158E-10
         1.000774383544922E+00         1.256121784365405E-08        -7.988795736046939E-11
         1.000341296195984E+00         4.375702644665580E-07        -1.760271373107969E-10
         1.000102877616882E+00         5.393330866354518E-07        -2.081827349398324E-10
         1.000350832939148E+00         6.294249743632463E-08        -6.221557991015203E-11
         1.000308632850647E+00        -5.686218429445944E-08        -9.396454968280121E-12
         1.000205993652344E+00        -4.474871388993051E-07         9.082921220704421E-11
         9.999364018440247E-01         9.053323424268456E-09        -5.904970262760045E-11
         1.000249505043030E+00        -5.001888894184958E-07         1.206732630487650E-10
         1.000146389007568E+00        -2.230860900453990E-07         2.504695409411006E-11
         9.999679923057556E-01         2.540640764436830E-07        -8.873957818567035E-11
         9.999572634696960E-01         5.787152446146138E-08        -6.179326494937243E-11
         9.993672966957092E-01        -6.096245641629139E-08        -1.694505299965066E-11
         9.993618726730347E-01        -7.443060212608543E-08         6.358229914793512E-12
         9.995949864387512E-01        -2.182554652563340E-07         2.201958754222133E-11
         9.996364712715149E-01        -4.280446432858298E-07         4.824380131496220E-11
         9.995077252388000E-01         1.530544579964044E-07        -8.498621945074447E-11
         9.996503591537476E-01         3.670978898639987E-08        -9.159695918414812E-11
         9.999670386314392E-01         6.452995648942306E-08        -1.022318861509941E-11
         9.996824860572815E-01         4.381546148124471E-07        -1.012162298419383E-10
         9.997746348381042E-01         4.370548651877471E-07        -1.218829898119722E-10
         9.999518394470215E-01         1.561547975370559E-07        -3.289961705843503E-11
         1.000176906585693E+00        -1.660829411775921E-07         7.168111937350119E-11
         1.000570058822632E+00        -4.115822207495512E-07         1.134705246430556E-10
         1.000721454620361E+00        -1.364082464760941E-07        -2.314500370872996E-12
         1.000574469566345E+00         1.332197996362083E-07        -4.370860270941357E-11
         1.000166654586792E+00         5.389742341321835E-07        -1.517882763923950E-10
         1.000117301940918E+00         1.420352475633990E-07        -8.047934714483507E-12
         1.000066637992859E+00         9.714170801089494E-08        -4.970716199759195E-11
         9.997568726539612E-01         5.045083071308909E-07        -1.508627667234919E-10
         9.996635317802429E-01         4.011086502941907E-07        -8.449474453442463E-11
         9.995642900466919E-01         1.379143910185121E-08         4.286752897098012E-11
         9.996414184570312E-01        -4.938364099871251E-07         1.938544741397763E-10
         9.999103546142578E-01        -1.066507024916064E-06         3.870377907055911E-10
         9.999637603759766E-01        -7.367364105448360E-07         2.613894378722392E-10
         9.998369216918945E-01        -5.043461897002999E-07         1.312941005915391E-10
         9.994881749153137E-01        -3.891394158017647E-07         1.119456888298842E-10
         9.994435310363770E-01        -3.948932771891123E-07         1.163598800646426E-10
         9.994130730628967E-01        -3.530231253989768E-07         1.237817626176252E-10
         9.995173215866089E-01        -5.975585395390226E-07         2.534611132087861E-10
         9.994890093803406E-01        -6.421249736376922E-07         3.082715471780517E-10
         9.994938373565674E-01        -5.906786100240424E-07         3.143074411848801E-10
         9.996293187141418E-01        -6.721268164255889E-07         2.898393747230443E-10
         9.995555877685547E-01        -6.043315465831256E-07         2.480438077157032E-10
         9.988108277320862E-01        -3.884882175952953E-07         2.043022556685870E-10
         9.984127879142761E-01        -6.116110853326973E-07         2.487244299409497E-10
         9.982555508613586E-01        -1.886220246660741E-07         1.066124410975533E-10
         9.984826445579529E-01        -3.701433968217316E-07         1.550493344826265E-10
         9.983806610107422E-01         4.791911010215699E-07        -1.278211148036945E-10
         9.988851547241211E-01         2.712198465815163E-07        -5.576222122938290E-11
         9.992282986640930E-01         2.478732028521335E-07        -1.751174205644190E-11
         9.995276331901550E-01         2.412861732636884E-08         7.391520034927268E-11
         9.996334910392761E-01         2.503739153780771E-07        -2.774504931357669E-11
         9.999283552169800E-01        -1.711293720063622E-07         1.151598053028557E-10
         1.000001549720764E+00        -9.637911801974042E-08         5.877358062039706E-12
         1.000130891799927E+00         1.669939280191102E-07        -5.743291606186141E-11
         1.000818848609924E+00        -2.599850006390625E-07         1.040594416190643E-10
         1.001136541366577E+00        -3.200800904323842E-07         5.393126570329976E-11
         1.001070737838745E+00         2.219692163407672E-07        -1.397573862194079E-10
         1.000984549522400E+00         4.551843062472472E-07        -1.861135273673042E-10
         1.000979065895081E+00         7.224487603707530E-07        -2.341054017307442E-10
         1.000581622123718E+00         8.676507263771782E-07        -2.858193959287547E-10
         9.998858571052551E-01         1.312039444201218E-06        -4.055558389115532E-10
         9.997227191925049E-01         9.032734169522882E-07        -2.690102585134468E-10
         9.991729855537415E-01         1.201134409711813E-06        -3.719994035034091E-10
         9.995681643486023E-01         7.771253649480059E-07        -2.720555170032668E-10
         9.999352693557739E-01         4.017165338154882E-07        -1.365850488266318E-10
         9.998701810836792E-01         2.393296369973541E-07        -6.701809940334869E-11
         9.996578693389893E-01         4.323677558204508E-07        -1.024314938424808E-10
         9.995449781417847E-01         5.346249167814676E-07        -1.586076409099135E-10
         9.996845722198486E-01         3.424920862471481E-07        -1.149709424885792E-10
         1.000045776367188E+00        -3.948472055981256E-07         1.421330830808643E-10
         9.999504685401917E-01        -1.392162545243991E-07         6.132437613270980E-11
         1.000328898429871E+00        -4.189710978153016E-07         1.188750348157797E-10
         1.000411391258240E+00        -3.716182561674941E-07         1.347209843682862E-10
         1.000401139259338E+00        -4.099463168927286E-08        -5.816336561687008E-12
         1.000464320182800E+00        -4.432051241565205E-07         2.562600409650173E-10
         1.000604510307312E+00         1.799542026503786E-08         1.241888449715622E-11
         1.000877857208252E+00        -5.723577487515286E-07         2.291585809999219E-10
         1.000978231430054E+00        -9.482543532612908E-07         3.897867584257142E-10
         1.000497817993164E+00        -4.908394544145267E-07         2.117598180140234E-10
         1.000062584877014E+00        -5.512366669790936E-07         1.694951817787782E-10
         9.999520182609558E-01        -6.105932470745756E-07         2.302779494867124E-10
         9.998590946197510E-01        -4.057129388002068E-07         1.447062331072502E-10
         9.995131492614746E-01         6.747518543903652E-09        -4.841528566945641E-11
         9.992640018463135E-01         3.992924177964596E-07        -1.728048815152761E-10
         9.994143843650818E-01         1.658343862231959E-08        -2.301907102431056E-11
         9.995165467262268E-01         1.076147313483489E-07        -3.069434290070561E-11
         9.991100430488586E-01         4.195835572318174E-07        -1.151044537461843E-10
         9.996559619903564E-01        -3.582090926101955E-07         7.877407753875687E-11
         9.994361996650696E-01         3.653145483895059E-07        -1.375256991620333E-10
         9.994044303894043E-01         3.535351424943656E-07        -1.578558811443642E-10
         9.990477561950684E-01         6.245347208277963E-07        -1.783850706038592E-10
         9.988391399383545E-01         4.504835828811338E-07        -1.155254988893795E-10
         9.989029169082642E-01         3.125520890989719E-07        -1.449211722848176E-10
         9.991728663444519E-01         8.000758384696383E-07        -2.449774549884154E-10
         9.994793534278870E-01         5.180938273952052E-07        -1.552706435647977E-10
         1.000009417533875E+00         3.969991553276486E-07        -1.175387703833408E-10
         1.000058054924011E+00         5.346319653654064E-07        -1.161832297036369E-10
         9.999907612800598E-01         6.830132974755543E-07        -1.898903673192009E-10
         9.997932910919189E-01         6.687992026854772E-07        -1.426478657418073E-10
         9.996070265769958E-01         4.748148398903140E-07        -1.282656203471788E-10
         9.992568492889404E-01         5.706810952688102E-07        -1.095039336984627E-10
         9.995163083076477E-01         1.962096547458714E-07        -9.871021534879620E-12
         9.999246597290039E-01         3.137333237646089E-07        -1.036799049392023E-10
         1.000544667243958E+00         3.327576436618074E-08        -2.697025068554293E-11
         1.000551342964172E+00         3.170499383031711E-07        -5.325175023163098E-11
         1.000522255897522E+00         2.472003473030782E-07        -2.208506121037512E-11
         1.000377058982849E+00        -1.821414770120100E-07         9.845892157134273E-11
         1.000582575798035E+00        -2.417956181943737E-07         9.326767136386138E-11
         1.000784397125244E+00        -7.268125159498595E-07         2.790881969971792E-10
         1.000834584236145E+00        -4.895637744084524E-07         2.002805005174579E-10
         1.000859498977661E+00        -6.376617989189981E-07         2.247238783947836E-10
         1.000528335571289E+00        -3.426240766657429E-07         1.024314452702235E-10
         1.000532627105713E+00        -5.940663072578900E-07         1.383754777428692E-10
         1.000523686408997E+00        -7.671596335967479E-07         2.657390973936913E-10
         1.000734806060791E+00        -7.652605518160271E-07         2.508191154770856E-10
         1.000604391098022E+00        -3.702486992551712E-07         1.481131051139783E-10
         1.000541448593140E+00        -1.770338116102721E-07         6.409757447034536E-11
         1.000411748886108E+00        -8.773755411084494E-08         4.592145760873301E-11
         1.000274419784546E+00        -2.850761404715740E-07         1.309601871390953E-10
         1.000084877014160E+00        -2.200449671363458E-07         8.204525947519414E-11
         9.997889399528503E-01         1.005202463488786E-07        -2.372861455934849E-11
         1.000056862831116E+00        -4.724420676893715E-08        -1.050363897421580E-12
         9.999976158142090E-01         1.455698139807282E-07        -6.899175675201263E-11
         9.997197985649109E-01         5.793742161586124E-07        -2.241152124993206E-10
         1.000126600265503E+00         1.818220880522858E-07        -8.038844589997041E-11
         9.998593926429749E-01         4.484901694468135E-07        -1.280573425077591E-10
         9.994121789932251E-01         9.107661469442974E-08         2.613357663952542E-12
         9.996407032012939E-01        -9.339077422509945E-08         3.614414670338739E-11
         1.000108718872070E+00         1.297133991329247E-07        -4.269755729535696E-11
         1.000496745109558E+00        -5.507012090788521E-08         7.548101033094667E-12
         1.000251650810242E+00         1.894396319812586E-07        -3.841538198656735E-12
         1.000056266784668E+00        -6.233479865613845E-08         6.225182175301214E-11
         9.997335672378540E-01         3.266915769017942E-07        -4.838341186030881E-11
         9.997464418411255E-01         9.067033488463494E-07        -2.263817328040929E-10
         1.000093221664429E+00         8.118892083075480E-07        -1.428406698478213E-10
         1.000211596488953E+00         1.247702584805666E-06        -3.214251365069032E-10
         1.000179767608643E+00         1.489319402026013E-06        -3.566335282645383E-10
         1.000358819961548E+00         1.085906546904880E-06        -2.069397986304011E-10
         1.000616312026978E+00         9.841842256719247E-07        -2.080000338633425E-10
         1.000120401382446E+00         1.033751118484361E-06        -2.066691123792097E-10
         9.992881417274475E-01         1.471947825848474E-06        -3.357361055833508E-10
         9.989328384399414E-01         1.909297225211048E-06        -4.676286580185263E-10
         9.985782504081726E-01         2.076945520457230E-06        -4.510277151759112E-10
         9.985436201095581E-01         1.932529357873136E-06        -3.947568660844780E-10
         9.990860223770142E-01         1.712507014417497E-06        -3.231827028216117E-10
         9.967187047004700E-01         4.542705482890597E-06        -1.077427258522334E-09
         9.983690977096558E-01         2.222135663032532E-06        -4.400533271109452E-10
         9.987255334854126E-01         2.266471710754558E-06        -4.700017042225113E-10
         0.000000000000000E+00         0.000000000000000E+00         0.000000000000000E+00
         0.000000000000000E+00         0.000000000000000E+00         0.000000000000000E+00
         0.000000000000000E+00         0.000000000000000E+00         0.000000000000000E+00
         0.000000000000000E+00         0.000000000000000E+00         0.000000000000000E+00
         9.998648166656494E-01        -2.646687335072784E-06         8.325659606178704E-10
         9.998870491981506E-01        -2.608138629511814E-06         1.107660074772809E-09
         1.000337123870850E+00        -3.268983618909260E-06         1.724349996123919E-09
         1.000203609466553E+00        -1.320093588219606E-06         1.106175914755703E-10
         1.000287055969238E+00        -1.124181494560617E-06         7.130145779354891E-11
         1.000152945518494E+00        -9.637452649258194E-07         4.862717433579133E-12
         9.999725818634033E-01        -1.022029778141587E-06         4.348042759172444E-11
         9.997801780700684E-01        -7.969782700456562E-07        -2.515080504972289E-11
         1.000228762626648E+00        -9.425377811567159E-07         1.476896036023412E-11
         1.000420093536377E+00        -9.533486036161776E-07         3.174045748455256E-11
         1.000396728515625E+00        -7.965752502059331E-07         2.721561864760247E-11
         1.000726461410522E+00        -7.338327918660070E-07         2.748060459745183E-11
         1.000778317451477E+00        -7.351912358899426E-07         3.451774630014448E-11
         1.000781416893005E+00        -4.891250000582659E-07        -8.809479534743758E-11
         1.000813961029053E+00        -7.822972492022018E-08        -2.264348153424578E-10
         1.000855803489685E+00        -1.888479346234817E-07        -1.823260986633102E-10
         1.000647902488708E+00        -2.270689378747193E-07        -1.284393008615936E-10
         1.000772356987000E+00        -1.581023809649196E-07        -9.045732912715820E-11
         1.001119971275330E+00        -3.444735341417982E-07        -4.166959485796262E-11
         1.001317977905273E+00        -7.072275707287190E-07         1.085234055397954E-10
         1.001233577728271E+00        -4.702684179846983E-07         1.157357751302435E-10
         1.001350760459900E+00        -3.122102327779430E-07         2.667497125963258E-11
         1.001418113708496E+00        -1.953713422153669E-07         2.117130949719215E-11
         1.001555919647217E+00        -4.306978951262863E-07         1.519795539417501E-10
         1.001434922218323E+00        -6.353880053211469E-07         2.123521913866000E-10
         1.001181721687317E+00        -6.128243512648623E-07         2.509063790068211E-10
         1.000499129295349E+00        -3.973099751419795E-07         2.245996583161158E-10
         1.000325918197632E+00        -3.550281348907447E-07         1.558468354367903E-10
         9.998226761817932E-01        -5.778127132316513E-08         1.157789072947502E-10
         9.993979930877686E-01        -4.290136246254406E-07         2.397030074430262E-10
         9.990646243095398E-01        -1.843053212269297E-07         1.693155754489695E-10
         9.990843534469604E-01         6.878985914227087E-08         4.874347453442951E-11
         9.993388652801514E-01        -1.680552514926603E-07         1.657963905055126E-10
         9.989953637123108E-01        -2.363199769206403E-07         1.985225039913274E-10
         9.990443587303162E-01         2.409556429938675E-07        -7.529758934421427E-12
         9.996695518493652E-01        -3.021790178081574E-07         1.347091743708617E-10
         9.998689889907837E-01        -3.189277606452379E-07         1.487962530966058E-10
         9.993240237236023E-01        -2.963234351227584E-07         1.765940033093827E-10
         9.992563724517822E-01        -4.088423111170414E-07         1.736560478748927E-10
         9.994111657142639E-01        -5.861210183866206E-07         2.426783773934460E-10
         9.997278451919556E-01        -9.252554491467890E-07         3.464363795835368E-10
         9.996605515480042E-01        -5.412705377239035E-07         2.316808689339922E-10
         9.999855756759644E-01        -3.653131841474533E-07         2.296040024774015E-10
         1.001133203506470E+00        -6.324504511212581E-07         2.929926301575847E-10
         1.001669645309448E+00        -8.968214046944922E-07         3.182852592598095E-10
         1.002065658569336E+00        -1.250544187314517E-06         4.525025909529745E-10
         1.001724720001221E+00        -1.212725805999071E-06         4.600932135279123E-10
         1.001499533653259E+00        -1.275919544241333E-06         4.197076297618452E-10
         1.001034259796143E+00        -1.202560383717355E-06         4.275182430291125E-10
         1.000281333923340E+00        -7.944430535644642E-07         3.008562288187022E-10
         1.000176429748535E+00        -7.070843821566086E-07         2.241144353432034E-10
         1.000154972076416E+00        -7.591511348437052E-07         2.282528888120083E-10
         9.998936653137207E-01         8.699632125797052E-09         4.890342904934064E-12
         9.999131560325623E-01        -1.693395468294057E-08        -4.427385541516671E-11
         9.996289014816284E-01         3.897266083185968E-07        -1.631296348003630E-10
         9.999154210090637E-01         8.650243188412787E-08        -1.287563666796387E-10
         1.000163793563843E+00        -8.268779083664413E-08        -3.701689996193913E-11
         1.000300765037537E+00         8.954543773143087E-08        -4.569768868867286E-11
         1.000528097152710E+00         1.240030371718603E-07        -4.560594263347539E-11
         1.000199317932129E+00        -1.406075078591584E-08         3.112347402370319E-12
         9.997351169586182E-01         2.866242141408293E-07        -8.983939286943965E-11
         9.997690320014954E-01         2.468179900461109E-07        -7.186702621897467E-11
         9.997837543487549E-01         3.261734491388779E-07        -6.130677215887559E-11
         9.996529817581177E-01         4.081812505773996E-07        -1.071366467764179E-10
         9.994818568229675E-01         2.195883865852011E-07        -4.647029983040341E-11
         9.993630051612854E-01         2.577653503976762E-07        -7.496346425550637E-12
         9.991474151611328E-01         1.932487521116855E-07        -7.615166310037669E-12
         9.988428354263306E-01         2.504138478798268E-07        -1.933739453285899E-11
         9.991613626480103E-01         3.097910905580648E-07        -8.642220272747636E-11
         9.995678067207336E-01         5.965848117739370E-07        -1.734896948324405E-10
         9.998743534088135E-01         3.832829804650828E-07        -1.117872114320129E-10
         9.997295141220093E-01         4.078852668953914E-07        -1.142437325296619E-10
         9.994990825653076E-01         2.245049444127289E-07        -9.301262537952937E-11
         9.994269609451294E-01         1.363911508178717E-07        -7.218444592060891E-11
         9.995854496955872E-01         2.140438510878084E-07        -1.183105835522724E-10
         9.999727606773376E-01         7.705658333634346E-08        -1.262472626439859E-10
         9.999554157257080E-01         5.038437222992798E-08        -1.169535995826365E-10
         1.000209689140320E+00         7.337678908925227E-08        -1.569093605047200E-10
         1.000102758407593E+00         7.932034122859477E-07        -3.479249388593786E-10
         1.000186562538147E+00         7.353934847742494E-07        -3.164897510732345E-10
         1.000326514244080E+00         8.368244266421243E-07        -3.619536614873908E-10
         1.000078439712524E+00         9.064478376785701E-07        -3.733899855973277E-10
         9.996728301048279E-01         5.488182068802416E-07        -2.416554734097076E-10
         9.992273449897766E-01         5.792533670501143E-07        -2.362760820329157E-10
         9.994202852249146E-01         6.118664259702200E-07        -2.616883931771952E-10
         9.995137453079224E-01         4.392969685795833E-07        -1.669767102363551E-10
         9.998564124107361E-01         1.873395092388819E-07        -9.924518845627617E-11
         1.000085353851318E+00         3.780552333410014E-07        -1.741688876455427E-10
         1.000362515449524E+00        -9.783145316077935E-08        -2.859459414042420E-12
         1.000561594963074E+00        -2.071869715791763E-07         7.740573459980027E-11
         1.000567197799683E+00         8.369964632493065E-08        -1.311017440441820E-11
         1.000387907028198E+00         8.759439396044399E-08        -7.649350770855268E-12
         1.000502824783325E+00         3.109285273694695E-08        -6.174113303947237E-12
         1.000217795372009E+00         3.568503927908750E-07        -1.193627002793463E-10
         1.000010967254639E+00         3.532473442646733E-07        -1.462634457993772E-10
         1.000114321708679E+00         1.036071708426789E-07        -9.551767710114234E-11
         9.999746084213257E-01        -7.403757962265445E-08        -6.856731155080453E-11
         9.996507167816162E-01         1.133803162467473E-09        -1.054120679633286E-11
         9.989765286445618E-01        -9.974969827908353E-08        -2.377807586245728E-12
         9.985553622245789E-01        -1.257737238802292E-07         8.879774693326681E-11
         9.983975887298584E-01        -1.601748635948752E-07         1.022172624320916E-10
         9.984472990036011E-01        -3.572079378955095E-07         1.849059655389951E-10
         9.987776875495911E-01        -4.390155368128035E-07         1.992930681593563E-10
         0.000000000000000E+00         0.000000000000000E+00         0.000000000000000E+00
         9.991743564605713E-01        -2.489895507551410E-07         1.078380024166492E-10
         9.993467926979065E-01        -2.472015125931648E-08         2.388499467653737E-11
         9.992756247520447E-01         2.163717169878510E-07        -7.305859389683533E-11
         9.995996356010437E-01         2.265642109477994E-07        -1.010638239762329E-10
         9.996678829193115E-01         3.345775496654824E-07        -1.082877537639249E-10
         9.997225999832153E-01         1.477067002042531E-07        -8.291292652451432E-11
         9.990992546081543E-01         4.736976109143143E-07        -2.189403797148159E-10
         9.989668130874634E-01         3.840412432509765E-07        -1.738590105215820E-10
         9.989824295043945E-01         3.089539575285016E-07        -9.432937764231042E-11
         9.989622831344604E-01         1.616276108507009E-07        -1.071029029353632E-10
         9.989998340606689E-01         3.301653066500876E-07        -8.809566964806947E-11
         9.996240735054016E-01         3.066351155212033E-07        -1.393357373924431E-10
         1.000512480735779E+00        -2.395391618392750E-07         5.681462245110680E-11
         1.000851750373840E+00         1.804903071445096E-08        -3.385159166868767E-11
         1.001008987426758E+00        -2.243986330086045E-08        -4.425068297897461E-11
         1.000559091567993E+00         2.362006483735968E-07        -8.523288325124057E-11
         1.000581026077271E+00         5.908478328819911E-07        -1.447951203381592E-10
         1.000757217407227E+00         5.267041274237272E-07        -1.417001516124117E-10
         1.000940918922424E+00         2.200690687459428E-07        -3.606120610455399E-11
         1.000503778457642E+00        -1.732395986664415E-07         1.185979231488332E-10
         1.000267863273621E+00        -4.738862173780944E-07         1.781009090207064E-10
         1.000087141990662E+00        -4.953662937623449E-07         2.247672048483196E-10
         1.000222563743591E+00        -4.541330724805448E-07         2.040630442401437E-10
         1.000272154808044E+00        -4.068219539021811E-07         1.608917860052017E-10
         1.000091910362244E+00        -6.924811373210105E-07         2.525138431686003E-10
         9.998671412467957E-01        -8.095765906546148E-07         3.138803661428824E-10
         9.998018145561218E-01        -7.311617196137377E-07         2.155009226623150E-10
         9.998073577880859E-01        -3.066784017846658E-07         1.022638640435503E-10
         1.000033974647522E+00        -4.754471376600122E-07         1.328136767231314E-10
         9.996331334114075E-01         3.306985831841303E-07        -8.344043511687715E-11
         1.000009298324585E+00         1.123034323313732E-07        -4.380432822026492E-11
         1.000278711318970E+00        -1.060259791074714E-07         2.091792017377969E-11
         1.000341892242432E+00        -9.274880596876756E-08         8.090142271377498E-12
         1.000165700912476E+00        -1.476929298860341E-07         3.532607366352192E-12
         9.997606873512268E-01         4.435852645201521E-07        -1.910869518173541E-10
         9.995015263557434E-01         3.309961300601572E-07        -1.466567145502751E-10
         9.995288252830505E-01         3.366500891388569E-07        -1.172845431884895E-10
         9.998902678489685E-01         4.058420017827302E-07        -1.390802611966890E-10
         1.000321507453918E+00         3.403966672976821E-07        -1.682741029851442E-10
         1.000204443931580E+00         5.435852585833345E-07        -2.574632729235304E-10
         9.999333024024963E-01         5.506743150363036E-07        -2.475693539061297E-10
         9.998103380203247E-01         4.516309957125486E-07        -1.800478377500525E-10
         9.999411702156067E-01         2.935803138370829E-07        -1.487800438404463E-10
         9.999984502792358E-01         2.585747154171258E-07        -1.228700474698030E-10
         1.000260353088379E+00         2.289754377216013E-07        -1.326717902205843E-10
         1.000582337379456E+00         2.900897477786657E-08        -8.553155406154644E-11
         1.000758290290833E+00         1.378619458591857E-07        -7.978528254737327E-11
         1.000513195991516E+00         5.720413298604399E-08        -4.105789666586368E-11
         1.000561833381653E+00        -2.337758786552513E-07         3.804106335492108E-11
         1.000568747520447E+00        -4.989628337170871E-07         1.450159020643937E-10
         1.000213384628296E+00        -3.282737566223659E-07         1.359452134197525E-10
         1.000355124473572E+00        -7.968632189658820E-07         2.490187500647778E-10
         1.000047922134399E+00        -9.479346658736176E-07         2.893761064104439E-10
         9.998682141304016E-01        -7.406782174257387E-07         1.831022139464622E-10
         9.999224543571472E-01        -9.426832434655807E-07         2.576493185468820E-10
         1.000270724296570E+00        -1.034163346957939E-06         3.162741180062767E-10
         1.000741839408875E+00        -1.126912138715852E-06         3.385650648723981E-10
         1.000755429267883E+00        -1.201321424559865E-06         3.871277742817369E-10
         1.000561833381653E+00        -1.024807147587126E-06         2.820692013294490E-10
         1.000663518905640E+00        -1.369439701193187E-06         4.024350852560588E-10
         1.000980138778687E+00        -1.413948098161200E-06         4.152898580578324E-10
         1.001080870628357E+00        -1.102506189454289E-06         2.963476963824263E-10
         1.001397371292114E+00        -9.930288342729909E-07         2.310910768299479E-10
         1.001512050628662E+00        -6.869163939882128E-07         1.299741841931379E-10
         1.001185059547424E+00        -5.719418822991429E-07         4.458964100728657E-11
         1.000388860702515E+00        -2.297237067239166E-08        -1.186171161293714E-10
         1.000747203826904E+00        -3.859259152250161E-07        -1.396462286085143E-11
         1.001038074493408E+00        -6.685870630462887E-07         5.735171365595093E-11
         1.000995397567749E+00        -4.004037350568979E-07        -3.607613123166042E-12
         1.001475214958191E+00        -6.087853421377076E-07         6.489522114128121E-11
         1.001573085784912E+00        -8.113700005196733E-07         1.215248596198037E-10
         1.001577138900757E+00        -1.165379217127338E-06         2.322918246644434E-10
         9.994021058082581E-01         1.330777536168171E-06        -5.381601830833915E-10
         9.992169737815857E-01         9.450514539821597E-07        -4.182955648524000E-10
         1.000057816505432E+00        -7.119289762158587E-07         5.667968525080447E-11
         1.001443266868591E+00        -2.753621629381087E-06         5.858350471399376E-10
         1.002436995506287E+00        -4.075459855812369E-06         9.690658275829378E-10
         0.000000000000000E+00         0.000000000000000E+00         0.000000000000000E+00
         0.000000000000000E+00         0.000000000000000E+00         0.000000000000000E+00
         0.000000000000000E+00         0.000000000000000E+00         0.000000000000000E+00
         0.000000000000000E+00         0.000000000000000E+00         0.000000000000000E+00
         9.985008835792542E-01        -8.000214393177885E-07         1.447105324459130E-09
         9.994986057281494E-01        -3.316078846182791E-06         2.613584459965068E-09
         9.986370801925659E-01         6.572424240403052E-07        -1.146446410027480E-10
         9.986344575881958E-01        -1.767954131537408E-06         1.483422940040668E-09
         9.989486336708069E-01         2.223456192496087E-07         1.081051914653131E-10
         9.987206459045410E-01         1.449758883609320E-06        -1.352954137612272E-10
         9.988483190536499E-01         6.010639594933309E-07        -8.824975797870616E-13
         9.994376897811890E-01         8.845366106235986E-10         2.016382338876355E-10
         1.000327706336975E+00        -4.761713512380084E-07         3.490708277986698E-10
         9.997379183769226E-01         9.645333420849056E-07         1.307288739066381E-11
         9.998616576194763E-01         2.600334525482140E-08         2.119619341156564E-10
         1.000426769256592E+00        -5.302837280396488E-07         2.980672375585414E-10
         1.001377344131470E+00        -9.454578275835956E-07         4.113694940244272E-10
         1.000706076622009E+00         9.403773759686374E-08         1.660466902864144E-10
         1.000618815422058E+00         3.922670259726146E-07         7.795164513879627E-11
         1.000097751617432E+00         5.693227080882934E-07         4.408451381721079E-11
         9.999827146530151E-01         1.082661214013569E-07         1.557996509582438E-10
         9.999089241027832E-01         9.805071954360756E-08         1.435564167540093E-10
         1.000500798225403E+00        -5.720482363358315E-07         2.337952331732396E-10
         1.000533580780029E+00        -5.896141601624549E-07         2.314961972116336E-10
         9.995923042297363E-01         1.184261080311444E-07        -3.906247341648600E-13
         9.994185566902161E-01         3.759182902740577E-07        -1.342868177767187E-10
         9.993078708648682E-01         9.572669341650908E-07        -3.194237652159870E-10
         9.997122287750244E-01         9.019538538268534E-07        -2.534664145237286E-10
         1.000442743301392E+00         7.339530156968976E-07        -1.784789399605913E-10
         1.000451207160950E+00         8.251242888945853E-07        -1.882992511914594E-10
         1.000568747520447E+00         5.211573466112895E-07        -1.269644944734694E-10
         1.000786662101746E+00         6.602367079722171E-07        -2.233961765574222E-10
         1.001393079757690E+00        -1.619684724118997E-07        -3.472015036587450E-11
         1.000995874404907E+00         4.512873275075435E-08        -8.869592560412087E-11
         1.000992417335510E+00        -4.205030847970193E-07         1.711812809557234E-11
         1.000897645950317E+00        -3.734538438493473E-07        -1.138291609407982E-12
         1.000829696655273E+00         1.129113016418160E-07        -1.053981416032634E-10
         1.000640749931335E+00         3.780586439461331E-07        -1.869910615237558E-10
         1.000087857246399E+00         1.226041035806702E-06        -3.949892357635321E-10
         1.000366806983948E+00         6.387277267094760E-07        -2.153261596804512E-10
         1.000006556510925E+00         1.079367734746484E-06        -3.206351850693068E-10
         1.000590085983276E+00        -7.512117576879973E-07         1.278174233121376E-10
         1.000315427780151E+00        -3.571297213511571E-07         2.330119777682604E-11
         1.000485539436340E+00        -8.301800562549033E-07         1.149903436359345E-10
         1.000311255455017E+00        -9.902516922011273E-07         2.035125817867467E-10
         9.999914169311523E-01         3.782998803103510E-09        -4.999913677528056E-11
         1.000222682952881E+00         2.592195187389734E-07        -1.003569519153480E-10
         1.000584602355957E+00         2.049871596909725E-07        -8.154618647004952E-11
         1.000221610069275E+00         2.536955889809178E-07        -1.014601666571302E-10
         9.999882578849792E-01        -2.829873153586959E-07         8.727700506749869E-11
         9.998732805252075E-01        -1.289653368985455E-06         3.255208047558966E-10
         9.996640682220459E-01        -1.609525270396261E-06         4.345416804163449E-10
         1.000371813774109E+00        -1.905573981275666E-06         5.321201257402208E-10
         1.000434279441833E+00        -1.396473749082361E-06         3.861826691764492E-10
         1.000196337699890E+00        -8.173480523510079E-07         2.483564742750133E-10
         1.000121116638184E+00        -7.007294584582269E-07         2.016546513106121E-10
         1.000269412994385E+00        -1.130826703388266E-07         9.431724845576639E-11
         1.000648260116577E+00         1.363837327517103E-07         4.917605211929299E-11
         1.000774741172791E+00        -1.053564631092740E-07         1.200360921771448E-10
         1.000893831253052E+00        -4.524911503267504E-07         2.301647483715641E-10
         1.000764608383179E+00        -5.420089621566149E-08         1.064527008209915E-10
         1.000557303428650E+00         3.482252566300303E-07        -5.224842086759551E-11
         1.000822901725769E+00         1.993822422718949E-07        -6.229905046700734E-12
         1.000280499458313E+00         8.684044701112725E-07        -3.013387595007799E-10
         1.000335574150085E+00         7.610331067553489E-07        -3.056344344276596E-10
         1.000608205795288E+00         7.775757921990589E-07        -2.953337574496118E-10
         1.000600576400757E+00         7.912803994258866E-07        -2.821026467980658E-10
         1.000068306922913E+00         1.222413970936032E-06        -3.625347522184796E-10
         1.000271916389465E+00         2.039013651256028E-07        -1.050768153043613E-10
         1.000255465507507E+00         1.101443331208429E-06        -3.144673965671529E-10
         1.001143217086792E+00        -1.778057594492566E-07         2.021750995784277E-11
         9.999542832374573E-01         1.144303723776829E-06        -2.987898539696943E-10
         1.000120878219604E+00        -1.793412565120889E-07        -8.459781269606892E-13
         9.993939399719238E-01         1.258953602700785E-06        -3.610736987180729E-10
         9.994562268257141E-01         6.353149046844919E-07        -2.299898882451856E-10
         9.993495941162109E-01         7.341316177189583E-07        -1.872642596545404E-10
         9.997408390045166E-01         3.637166230419098E-07        -1.359625745323001E-10
         9.997296333312988E-01         3.379843462880672E-07        -7.726750489434053E-11
         1.000335931777954E+00        -7.341485002143600E-07         1.950366673719728E-10
         1.000246524810791E+00        -2.980316367029445E-07         6.727135515305349E-11
         1.000817060470581E+00        -1.179060404865595E-06         3.245464452739100E-10
         1.000223159790039E+00        -1.988822049270311E-07         4.855274168824586E-11
         1.000518918037415E+00        -8.185018600670446E-07         1.773902136292804E-10
         9.999595880508423E-01        -1.755595775421170E-07         4.222271404036304E-12
         1.000132322311401E+00        -4.799928206011828E-07         6.107810784916623E-11
         1.000290870666504E+00        -5.466495522910009E-08        -4.075415352411405E-11
         1.000647068023682E+00        -5.108454956825881E-07         1.207619004794935E-10
         1.000774025917053E+00        -7.614273158651486E-07         2.129853238219681E-10
         1.000490784645081E+00        -6.024442313901091E-07         1.683787415052151E-10
         1.000894069671631E+00        -1.663627699599601E-06         4.567500544450098E-10
         1.000424265861511E+00        -3.205903169600788E-07         1.168499880188634E-10
         1.000575542449951E+00        -1.446662167836621E-07         6.402601365751437E-11
         1.000648617744446E+00        -4.334945344908192E-07         9.778590437381496E-11
         1.000191330909729E+00         5.235554567661893E-08        -1.133631296473814E-11
         1.000133037567139E+00        -2.775744007976755E-07         1.313587155715723E-10
         1.000008940696716E+00         4.642237172447494E-07        -9.705707765261806E-11
         9.999435544013977E-01        -9.296007164039111E-08         3.010192095587172E-11
         9.997688531875610E-01         4.312053647481662E-07        -1.442021363429191E-10
         9.995296001434326E-01         7.354360604949761E-07        -2.072423482823993E-10
         9.989268779754639E-01         1.107241132558556E-06        -2.536031662447868E-10
         9.992447495460510E-01         5.887127372261602E-07        -1.733937299297494E-10
         9.990200996398926E-01         7.070848937473784E-07        -2.108426350178050E-10
         9.987279772758484E-01         1.176379782918957E-06        -3.300087703106414E-10
         9.989799261093140E-01         1.120007937061018E-06        -3.108876489577028E-10
         0.000000000000000E+00         0.000000000000000E+00         0.000000000000000E+00
         0.000000000000000E+00         0.000000000000000E+00         0.000000000000000E+00
         9.984342455863953E-01         1.459487179999996E-06        -4.336821735062557E-10
         9.991868734359741E-01         1.405132707077428E-06        -4.881111070886845E-10
         9.993448257446289E-01         1.695816877145262E-06        -5.512482137426389E-10
         9.994575977325439E-01         1.522429442957218E-06        -5.321161844484834E-10
         9.996857643127441E-01         6.964184535718232E-07        -2.319940767270268E-10
         9.996507763862610E-01         1.115948862207006E-06        -2.743985871855870E-10
         1.000031590461731E+00         4.122747725432419E-07        -1.196605176057020E-10
         9.996691346168518E-01         1.149456238636049E-06        -2.407118948610787E-10
         0.000000000000000E+00         0.000000000000000E+00         0.000000000000000E+00
         9.992396235466003E-01         9.315970146417385E-07        -2.014053229748569E-10
         9.996706247329712E-01         7.609672252328892E-07        -1.424378948122751E-10
         1.000125288963318E+00        -1.760076600021421E-07         4.885534338194830E-11
         9.994465708732605E-01         5.871321491213166E-07        -1.003349348049909E-10
         0.000000000000000E+00         0.000000000000000E+00         0.000000000000000E+00
         0.000000000000000E+00         0.000000000000000E+00         0.000000000000000E+00
         9.990489482879639E-01        -2.098655045301712E-07         9.000941658676709E-11
         1.000476121902466E+00        -1.342554583061428E-06         3.314364338535825E-10
         9.999216198921204E-01         6.728324564164723E-08        -3.084588487411999E-11
         1.000198245048523E+00        -8.825265354062140E-07         1.991895121067344E-10
         9.998060464859009E-01        -2.026021483914064E-08        -4.358419528061042E-11
         9.999935626983643E-01        -8.525370276402100E-07         1.215348377492376E-10
         1.000034451484680E+00        -7.467053251275502E-07         1.239320451817960E-10
         1.000178694725037E+00        -5.033239176555071E-07         1.286676667988651E-11
         1.000401258468628E+00        -6.588520591321867E-07         1.177167946453395E-10
         1.000042676925659E+00         4.659613921376149E-07        -1.457469700483216E-10
         1.000865221023560E+00        -1.220186504724552E-06         2.935013065918923E-10
         1.000730872154236E+00        -7.130952894840448E-07         1.933766341499776E-10
         1.000764608383179E+00        -1.029346663017350E-06         2.999282766591449E-10
         1.000260949134827E+00        -6.437093702515995E-07         2.004559712664999E-10
         9.998378753662109E-01        -3.053756358895043E-07         1.051854991995782E-10
         9.995045065879822E-01         2.608670968129445E-08        -2.590464648344337E-11
         9.996856451034546E-01        -3.128457990442257E-07         4.286760876826001E-11
         9.998918771743774E-01        -4.330534295604593E-07         6.899471965970960E-11
         9.999349713325500E-01        -2.901284545941962E-08        -4.765223979297240E-11
         9.997590184211731E-01         1.574565402506778E-07        -1.322648518486957E-10
         9.992010593414307E-01         6.038917490513995E-07        -2.326384362927314E-10
         9.991000294685364E-01         1.686212385720864E-06        -5.433490879447334E-10
         9.991660118103027E-01         1.877582576526038E-06        -5.786318646450184E-10
         9.996979832649231E-01         1.314074438596435E-06        -4.859381230737370E-10
         1.000249743461609E+00         7.048333259263018E-07        -3.357411848536884E-10
         1.000192165374756E+00         4.856348141402123E-07        -2.743977267627429E-10
         9.999686479568481E-01         5.570981898017635E-07        -2.099916074360664E-10
         9.999428987503052E-01         5.974239911665791E-07        -1.534871119091008E-10
         1.000209093093872E+00         9.576170896252734E-07        -2.252439068595180E-10
         1.000690102577209E+00         5.099062718727509E-07        -1.134480634434887E-10
         1.000706791877747E+00        -4.014327146251162E-07         1.538963262381898E-10
         1.000136256217957E+00        -1.007126002150471E-06         2.943193466720118E-10
         9.997494816780090E-01        -5.058915917288687E-07         1.258959603234189E-10
         9.992007613182068E-01         5.096500217405264E-07        -1.536299698567944E-10
         9.989553093910217E-01         9.267471341445344E-07        -2.631738438285680E-10
         9.991180896759033E-01         1.045566250468255E-06        -2.535627541266905E-10
         9.995003938674927E-01         8.027004696486983E-07        -1.840066155001097E-10
         9.996923208236694E-01         3.248547670864355E-07        -1.719478032180533E-11
         1.000141263008118E+00        -4.574441803129048E-08         4.335403216981781E-11
         1.000337004661560E+00        -2.486948176283477E-07         9.309368553811481E-11
         1.000606775283813E+00        -7.772431445118855E-07         1.885761130582253E-10
         1.000811338424683E+00        -7.773965648993908E-07         2.023526207706183E-10
         1.000177502632141E+00         3.608228382745438E-07        -1.319891279605301E-10
         9.997549653053284E-01         7.572698450530879E-07        -2.551716060672504E-10
         9.998510479927063E-01         9.739055712998379E-07        -3.184830177360709E-10
         1.000439047813416E+00         7.943925766085158E-07        -2.907870888524400E-10
         1.000150918960571E+00         1.615288169887208E-06        -4.990574620222787E-10
         9.998683929443359E-01         2.532776989028207E-06        -7.879740193672546E-10
         9.995521306991577E-01         2.389551809756085E-06        -7.840166293959783E-10
         9.995700716972351E-01         1.894178353722964E-06        -7.364171494828042E-10
         9.999403953552246E-01         1.663487637415528E-06        -7.324420514542851E-10
         1.000260472297668E+00         1.231785859090451E-06        -5.501992750289730E-10
         9.996981024742126E-01         2.082087121380027E-06        -7.432358062331446E-10
         9.998398423194885E-01         2.693270971576567E-06        -8.271852092178733E-10
         9.999892711639404E-01         2.573054189269897E-06        -7.901021503720074E-10
         9.996339082717896E-01         2.468249704179470E-06        -6.947454833650113E-10
         9.997328519821167E-01         2.120922317772056E-06        -5.595060525998008E-10
         9.999215006828308E-01         1.900985012071033E-06        -4.463825142853040E-10
         1.000021338462830E+00         1.620063471818867E-06        -4.175996215494138E-10
         1.000195980072021E+00         1.150075718214794E-06        -3.051435770728972E-10
         1.001938343048096E+00        -1.507856154603360E-06         4.178527246434527E-10
         1.002164006233215E+00        -1.718715566312312E-06         4.119516949785407E-10
         1.003800988197327E+00        -3.300934622529894E-06         7.737530061113773E-10
         1.004269242286682E+00        -2.893332748499233E-06         6.934453011808728E-10
         1.003492951393127E+00        -1.903343786580081E-06         4.961462352071067E-10
         0.000000000000000E+00         0.000000000000000E+00         0.000000000000000E+00
         0.000000000000000E+00         0.000000000000000E+00         0.000000000000000E+00
         0.000000000000000E+00         0.000000000000000E+00         0.000000000000000E+00
         9.994398951530457E-01         4.275970013623009E-07        -7.253780909266538E-10
         9.994370937347412E-01         1.185625023936154E-06        -1.509313007908020E-09
         9.994978308677673E-01         1.383757648909523E-06        -1.572100893909578E-09
         9.999743700027466E-01         7.951625775604043E-07        -1.058691245781063E-09
         1.000514626502991E+00        -7.687976903980598E-07        -4.831787400738641E-11
         1.001248478889465E+00        -1.361673980682099E-06         1.186486464632708E-10
         1.001620411872864E+00        -1.877739236988418E-06         3.058307218584133E-10
         1.001596927642822E+00        -2.062015028059250E-06         4.185747581875177E-10
         1.001379966735840E+00        -2.126271965607884E-06         4.605220926823250E-10
         1.001364231109619E+00        -2.223011733804015E-06         5.180168516361050E-10
         1.000909447669983E+00        -2.002191422434407E-06         4.340572623551253E-10
         1.000572681427002E+00        -2.125740593328374E-06         4.670553943597611E-10
         1.000517725944519E+00        -1.692333626124309E-06         3.382095992154888E-10
         1.000555634498596E+00        -1.337943558610277E-06         2.302117385610813E-10
         1.000368475914001E+00        -8.685041166245355E-07         6.615803044285329E-11
         1.000351428985596E+00        -1.083845290850149E-06         1.479344008403771E-10
         1.000076174736023E+00        -1.429778762940259E-06         2.773466178940254E-10
         1.000475645065308E+00        -1.694254706308129E-06         4.653032403822976E-10
         1.001265287399292E+00        -1.882570018096885E-06         5.299839456185396E-10
         1.001622796058655E+00        -1.752836396917701E-06         5.287545401522209E-10
         1.001503229141235E+00        -1.446825876882940E-06         3.776279011713513E-10
         1.000731468200684E+00        -7.594159683321777E-07         2.022288170255848E-10
         9.999940991401672E-01        -6.625588184761000E-07         1.610623856507232E-10
         9.995535016059875E-01        -4.912070608042995E-07         1.725181802969544E-10
         9.996587038040161E-01        -4.800475608135457E-07         1.770985996740748E-10
         9.996622204780579E-01        -2.476544125329383E-07         9.600297640188771E-11
         9.997793436050415E-01        -6.977289217502403E-07         2.187486164428876E-10
         9.993867278099060E-01         1.323950282738906E-08        -8.278666641103882E-11
         9.992738366127014E-01         7.913048989394156E-07        -3.496455625029427E-10
         9.994742870330811E-01         7.446265612998104E-07        -2.949714361655253E-10
         9.997211694717407E-01         8.475605000057840E-07        -2.963399803324052E-10
         9.999689459800720E-01         5.425002882475383E-07        -1.214957856543464E-10
         1.000220537185669E+00         1.665442113107929E-07         4.039651599341276E-11
         1.000337719917297E+00        -9.436700310061497E-08         1.437711200091840E-10
         1.000387191772461E+00        -1.228098227556984E-07         1.400777827065269E-10
         1.000615477561951E+00        -5.792059027953655E-07         2.332872228727467E-10
         1.000402331352234E+00        -6.702236987621291E-08         1.074274627588245E-10
         9.997808933258057E-01         4.900034582533408E-07        -7.777344046555612E-11
         9.993729591369629E-01         9.697057521407260E-07        -2.451557845617458E-10
         9.994537830352783E-01         1.086721226783993E-06        -2.861685055588481E-10
         9.996558427810669E-01         7.802532877576596E-07        -2.072126081831271E-10
         9.998990893363953E-01         1.021685648083803E-06        -2.189321224310703E-10
         1.000072479248047E+00         7.895757789810887E-07        -1.399599602880386E-10
         9.997168183326721E-01         1.006511979539937E-06        -2.669903742535951E-10
         9.996255636215210E-01         1.341471715932130E-06        -4.075548787341177E-10
         1.000046730041504E+00         1.173422560896142E-06        -3.709961504672066E-10
         1.000213980674744E+00         1.509795424681215E-06        -5.178736328659284E-10
         1.000707626342773E+00         1.410215759278799E-06        -5.508286049504818E-10
         1.000629305839539E+00         1.562010311317863E-06        -5.547001191708034E-10
         1.001051187515259E+00         6.510601338050037E-07        -3.119600411327639E-10
         1.000702977180481E+00         8.921395533434406E-07        -4.377070372818537E-10
         9.997218847274780E-01         1.112121253754594E-06        -5.758498677899127E-10
         9.987904429435730E-01         1.765119009178306E-06        -7.041316418820998E-10
         9.987407326698303E-01         1.588427039678209E-06        -6.638684602044975E-10
         9.989885091781616E-01         1.479800289416744E-06        -6.101049110363022E-10
         9.993093013763428E-01         1.077612978406250E-06        -4.454298041522975E-10
         9.993855357170105E-01         3.356375941621081E-07        -1.619500228366988E-10
         9.996199011802673E-01        -1.055048031162187E-07         1.017389818225301E-11
         9.998168945312500E-01        -4.075239132816932E-07         1.269016280947000E-10
         9.999086260795593E-01         3.878495391518300E-08         4.502286043983617E-11
         9.999568462371826E-01        -2.939244438948663E-07         1.309611863398175E-10
         1.000099778175354E+00        -8.114876095532964E-07         2.749895311460193E-10
         1.000546932220459E+00        -9.133470371125441E-07         2.394304199349051E-10
         1.000563621520996E+00        -4.895381380265462E-07         1.877607791467284E-10
         1.000422596931458E+00        -4.628785461591178E-07         1.234209817679854E-10
         1.000308990478516E+00         8.432394338342419E-08        -8.877180934785400E-11
         1.000566482543945E+00         2.711914248720859E-07        -1.469343258175826E-10
         1.000279784202576E+00         6.593709258595482E-07        -2.537454135698169E-10
         1.000406861305237E+00         3.233143957004359E-07        -6.928847773313151E-11
         1.000192642211914E+00        -6.945320762952178E-08         2.645964523873001E-11
         9.998537302017212E-01        -1.205285027339187E-08         8.407673862675935E-11
         1.000152468681335E+00        -1.405115455099804E-07         9.463871353254660E-11
         1.000140786170959E+00         4.892905849374074E-07        -3.660596825660889E-11
         1.000050306320190E+00         7.768074965497362E-07        -1.407546162957019E-10
         1.000387191772461E+00         6.027540848663193E-07        -7.317386280236704E-11
         1.000326156616211E+00         4.548050753783173E-07        -9.351958096814883E-11
         1.000604629516602E+00         1.202114532361520E-07        -6.493983129018943E-11
         1.000530600547791E+00         3.210784882412554E-08         1.998273248260407E-11
         9.999347925186157E-01         2.624752255542262E-07        -6.999636287252642E-11
         9.992238879203796E-01         1.064715092979895E-06        -3.894320976804977E-10
         9.990750551223755E-01         9.768159543455113E-07        -3.358449629509153E-10
         9.991140365600586E-01         5.916573400099878E-07        -1.565798879443747E-10
         9.990941286087036E-01         2.895562829507980E-07        -6.742759128819387E-11
         9.986432790756226E-01         1.083888378161646E-06        -3.522628577723452E-10
         9.987034797668457E-01         9.725745258037932E-07        -3.129047299044174E-10
         9.989340305328369E-01         9.374073215440148E-07        -3.600521825131153E-10
         9.986371397972107E-01         1.360340206701949E-06        -5.580433337648572E-10
         9.989419579505920E-01         8.799918873592105E-07        -3.586935470867303E-10
         9.991003870964050E-01         1.018393277263385E-06        -3.914302770802180E-10
         9.995973706245422E-01         3.851475298688456E-07        -6.309044259245056E-11
         1.000011205673218E+00        -1.964111078223141E-07         8.349030494736454E-11
         1.000170707702637E+00        -5.724842253584939E-07         2.432475609825957E-10
         1.000157237052917E+00        -9.060984211828327E-07         5.547222681201447E-10
         1.000038862228394E+00        -7.293602379832009E-07         4.549276788612389E-10
         1.000568389892578E+00        -1.255016741197323E-06         4.184139701379763E-10
         1.001124143600464E+00        -1.433720740351418E-06         4.406488784969298E-10
         1.001199007034302E+00        -1.082340077118715E-06         3.167109907664667E-10
         1.001316785812378E+00        -1.189925683320325E-06         2.513282360006031E-10
         1.001200556755066E+00        -1.137371896220429E-06         2.514430885725005E-10
         1.001219391822815E+00        -1.097743620448455E-06         2.682829791655905E-10
         1.001470685005188E+00        -1.164319087365584E-06         1.799127236079556E-10
         1.001283168792725E+00        -7.940039381537645E-07         1.419809270153394E-10
         1.001247644424438E+00        -1.154920028056949E-06         2.577427438144042E-10
         1.000653386116028E+00        -6.953190450076363E-07         2.411507937782886E-10
         1.000569105148315E+00        -9.321215088675672E-07         3.591085484533352E-10
         1.000397324562073E+00        -3.445049117090093E-07         1.245347436285016E-10
         1.000223636627197E+00        -3.729635693616729E-07         1.055748752309960E-10
         1.000252366065979E+00        -3.875403535857913E-07         1.763566931378691E-10
         1.000535607337952E+00        -1.333599584540934E-06         5.361384114443979E-10
         1.001053929328918E+00        -1.970850689758663E-06         6.841650024291823E-10
         1.001202464103699E+00        -1.849206455517560E-06         7.182254235793550E-10
         1.001269459724426E+00        -1.413610675626842E-06         6.095113858073375E-10
         1.000794291496277E+00        -6.261722660383384E-07         1.822908629600661E-10
         1.000748634338379E+00        -8.012835337467550E-07         2.691126210763173E-10
         1.000665426254272E+00        -7.369418426605989E-07         2.211630739656911E-10
         1.000076413154602E+00        -1.494140349223017E-07         7.327626005970700E-11
         9.998034834861755E-01         4.581052692742560E-08        -2.898943238238694E-11
         9.996834397315979E-01         7.763620857303977E-08        -1.216274719828547E-10
         9.995352029800415E-01         3.870194476007782E-08        -1.579526648365359E-10
         9.988351464271545E-01         7.987130743458692E-07        -4.260957142676602E-10
         9.995664358139038E-01         1.238181397411608E-07        -1.480282146859579E-10
         9.997719526290894E-01         7.157925097089901E-08        -7.749222791231247E-11
         9.998722076416016E-01        -3.260045389197330E-07        -2.123472057913300E-11
         9.994944334030151E-01         3.723871202510054E-07        -1.568337126833796E-10
         9.997869729995728E-01         5.765707555838162E-07        -2.628720852104749E-10
         9.993147850036621E-01         6.980247917454108E-07        -1.883224687304619E-10
         9.999575018882751E-01         3.033727864476532E-07        -6.023424814483036E-11
         9.999915361404419E-01         7.809024396010500E-07        -2.264187587419642E-10
         1.000095725059509E+00         7.610873353769421E-07        -2.405634580426863E-10
         9.997856616973877E-01         7.722538271082158E-07        -1.907925761823748E-10
         9.996202588081360E-01         5.461455430122442E-07        -2.045565938857408E-10
         9.993553161621094E-01         9.308624271398003E-07        -3.218605104660099E-10
         9.997294545173645E-01         3.411502405015199E-07        -1.195191862146672E-10
         9.989531636238098E-01         1.431826831321814E-06        -4.239385231752379E-10
         9.978928565979004E-01         1.992304987652460E-06        -5.289191862267728E-10
         9.979712367057800E-01         2.186163555961684E-06        -5.700224181559577E-10
         9.988550543785095E-01         1.623542971174174E-06        -4.343578274834670E-10
         9.989594221115112E-01         1.308781975239981E-06        -3.912342949607961E-10
         9.985704421997070E-01         6.879869829390373E-07        -1.353011591653797E-10
         9.978873729705811E-01         7.632113465660950E-07         1.272490966763851E-11
         9.982846379280090E-01         4.455018540738820E-07         9.927226402028921E-11
         9.990105032920837E-01         3.526407112985908E-07         1.505492397413377E-10
         9.999406933784485E-01        -4.197502221359173E-07         3.475932319751962E-10
         1.000380635261536E+00        -5.022448590352724E-07         3.862792308240159E-10
         1.000321984291077E+00        -4.651208485029201E-07         4.136002096366553E-10
         1.000306248664856E+00        -4.259571539932949E-08         1.615869660298586E-10
         1.000253677368164E+00         4.504792343595909E-07         1.577180400169631E-11
         1.000402212142944E+00         7.948320899231476E-07        -9.946894002910156E-11
         1.001640796661377E+00        -2.724505293372204E-06         5.115427526014571E-10
         1.000694990158081E+00        -1.779651711331098E-06         6.125450147109746E-10
         1.000602483749390E+00        -1.770800963640795E-06         6.277285913292019E-10
         1.000534653663635E+00        -1.448437274120806E-06         5.746952358443025E-10
         1.000879287719727E+00        -2.160163148801075E-06         5.569283367812261E-10
         9.993807077407837E-01         6.016460929458844E-07         2.492530487563371E-11
         9.996408224105835E-01         5.269513962957717E-07        -8.179746463499171E-11
         1.000478029251099E+00        -1.272450617761933E-06         2.625043238335678E-10
         1.000604629516602E+00        -5.793219770566793E-07         1.783976993907643E-10
         1.001322865486145E+00        -1.137286631092138E-06         3.202526854817478E-10
         1.001436829566956E+00        -1.274068836210063E-06         4.168050071751139E-10
         1.001362919807434E+00        -1.967433945537778E-06         6.380415085160962E-10
         1.000316739082336E+00        -4.396986241772538E-07         9.617411034223977E-11
         1.000503897666931E+00        -9.985251381294802E-07         3.246836965953293E-10
         1.001081824302673E+00        -1.656053768783750E-06         6.130125851377954E-10
         1.001410365104675E+00        -1.833615556279256E-06         7.054832273922784E-10
         1.000781536102295E+00        -7.982212650858855E-07         2.454708936117100E-10
         1.000730872154236E+00         1.171555510381950E-07         4.186981664155986E-11
         1.001092076301575E+00         1.395369420009729E-08        -1.453484971269958E-10
         1.000808119773865E+00         2.367971774219768E-07        -2.603828819225384E-10
         1.000969529151917E+00         1.009158268061583E-06        -4.680598131301394E-10
         1.000966191291809E+00         1.001951886792085E-06        -5.255790802571880E-10
         1.001154303550720E+00        -6.745434575350373E-07         1.282421252524202E-10
         1.001241564750671E+00        -6.816800919295929E-07         7.862357292998112E-11
         1.000860095024109E+00        -6.418206339731114E-07         5.795145266440649E-11
         1.000970602035522E+00        -4.690485582159454E-07         3.624944788782614E-11
         1.000389695167542E+00         2.427125309623079E-07        -7.396436935147577E-11
         9.998964667320251E-01         4.848695311920892E-07        -5.996002305774795E-11
         9.988571405410767E-01         1.561710291753116E-06        -3.649974489317032E-10
         9.987433552742004E-01         1.246783426722686E-06        -2.446172153725001E-10
         9.988307356834412E-01         1.287110080738785E-06        -3.824783545436361E-10
         9.986718297004700E-01         1.760006512085965E-06        -5.332607688757207E-10
         9.988060593605042E-01         1.481610524933785E-06        -3.830751271749477E-10
         9.987820386886597E-01         1.640206846786896E-06        -5.690771187616406E-10
         9.986740350723267E-01         1.884342736957478E-06        -6.456569168200588E-10
         9.978719949722290E-01         2.855929324141471E-06        -9.247924093180870E-10
