         1.001474142074585E+00        -5.801677502859093E-07         1.998069071307285E-10
         1.002158999443054E+00        -9.510993663752743E-07         4.771090189592542E-10
         1.001948118209839E+00        -4.917109777125006E-07         3.439649121084187E-10
         1.002137780189514E+00        -8.491897460771725E-07         5.133035108073614E-10
         1.001752853393555E+00        -9.361298793919559E-07         5.852129891792401E-10
         1.001977205276489E+00        -1.319888497164357E-06         6.994073098454123E-10
         1.001837253570557E+00        -1.609979790373472E-06         7.456994466359390E-10
         1.000907659530640E+00        -6.642259791078686E-07         4.740269288205923E-10
         1.000520467758179E+00         8.488672165185562E-07        -1.622442874493757E-10
         1.000344991683960E+00         1.256419182027457E-06        -3.213119215139670E-10
         9.998068809509277E-01         2.452064336466719E-06        -7.277077829215273E-10
         9.999126195907593E-01         3.075322865697672E-06        -1.027558482746826E-09
         1.000532269477844E+00         1.088798057935492E-06        -3.368398338032819E-10
         1.001215338706970E+00        -3.718749042036507E-07         2.827979239672374E-10
         1.001091122627258E+00         1.711202770593445E-07         7.380197147854872E-11
         1.000500082969666E+00         5.885571567887382E-07        -1.565948481996315E-10
         9.997244477272034E-01         1.576372142153559E-06        -5.406026182264156E-10
         9.998138546943665E-01         1.413340669387253E-06        -4.876756776184266E-10
         9.998960494995117E-01         1.347367401649535E-06        -4.588109059344703E-10
         1.000600576400757E+00        -1.495893542369231E-07         5.217620432929060E-11
         1.000530123710632E+00         6.587282541659079E-07        -2.399773435524111E-10
         1.000624537467957E+00         4.793866992258700E-07        -1.109584576997058E-10
         1.000475287437439E+00         4.496474730331101E-07        -2.065919102456348E-10
         1.001076698303223E+00        -3.565520216852747E-07         2.888466202333184E-11
         1.001210093498230E+00        -4.693675919043017E-07         6.201503893743521E-11
         1.001068115234375E+00        -3.084336412939592E-07        -3.673689390887303E-12
         1.000580072402954E+00         6.318826990536763E-07        -3.283680827248503E-10
         1.000420808792114E+00         8.592367066739826E-07        -4.081146809387093E-10
         1.000795602798462E+00         1.915650216233189E-07        -1.135254112938355E-10
         1.000389456748962E+00         7.298547188838711E-07        -3.282971394735767E-10
         1.000260353088379E+00         5.991718126097112E-07        -3.567697248740842E-10
         1.000792741775513E+00        -5.553340542974183E-07         6.677734060156482E-11
         1.000143647193909E+00         7.029912012512796E-07        -3.490217559409814E-10
         1.000082015991211E+00         1.121547938964795E-06        -4.684206356131426E-10
         1.000238895416260E+00         9.059376111508755E-07        -3.935516357245206E-10
         9.995597600936890E-01         1.530699819340953E-06        -5.752860965380080E-10
         9.993653893470764E-01         7.656041134396219E-07        -2.678071375772362E-10
         9.989392161369324E-01         3.173486504692846E-07        -1.279286260258417E-10
         9.984868764877319E-01         1.006421470606256E-07        -1.884536450502683E-11
         9.976666569709778E-01         1.049773800332332E-06        -3.715504015566751E-10
         9.981845021247864E-01         4.607487653629505E-07        -1.809982858036463E-10
         9.985999464988708E-01         3.997965514201951E-09         1.883528055746098E-11
         9.989703893661499E-01         2.341358964486062E-07        -1.181911235548228E-10
         9.987719058990479E-01         7.992522910171829E-07        -2.826843759073938E-10
         9.987391829490662E-01         9.655077519710176E-07        -2.624141459683926E-10
         9.990551471710205E-01         5.522196602214535E-07        -1.053049175636644E-10
         9.991085529327393E-01         8.689655146554287E-07        -2.147845096223122E-10
         9.989890456199646E-01         8.613935165158182E-07        -1.962301571234448E-10
         9.994893074035645E-01         3.072657079883356E-07        -2.050829124577991E-11
         9.995185136795044E-01         2.595869830201991E-07         3.934685910422786E-11
         9.996283054351807E-01         3.040354101813136E-07        -1.005963645717145E-10
         9.995433688163757E-01        -4.683661245508119E-07         2.002993743088766E-10
         9.996438026428223E-01        -8.330942478096404E-07         2.995954040407867E-10
         9.991115927696228E-01        -3.413683202779794E-07         1.498285939760535E-10
         9.987362027168274E-01         7.413951266244112E-07        -2.376429331096830E-10
         9.984502792358398E-01         1.234857791132526E-06        -3.564071537898172E-10
         9.985561966896057E-01         1.388808868796332E-06        -4.026225741693423E-10
         9.987644553184509E-01         1.014956296785385E-06        -3.300097972669391E-10
         9.989085197448730E-01         9.701477665657876E-07        -3.713200857902166E-10
         9.989414811134338E-01         6.083272978685272E-07        -2.511186258935538E-10
         9.986035823822021E-01         9.885584404401015E-07        -4.703019085283699E-10
         9.981740713119507E-01         1.191946466860827E-06        -5.374557465742669E-10
         9.975386857986450E-01         1.458258338971063E-06        -5.260456514832867E-10
         9.972013831138611E-01         1.402168777531188E-06        -4.316116353209054E-10
         9.975512623786926E-01         1.105151341107558E-06        -3.467397757805912E-10
         9.980679750442505E-01         5.512476946023526E-07        -1.034606914029901E-10
         9.987303018569946E-01         1.508896332325094E-07         8.863072775699976E-11
         9.997215270996094E-01        -4.073586694630649E-07         2.863636550110016E-10
         1.000433802604675E+00        -6.190399517436163E-07         3.116746305487084E-10
         1.000863790512085E+00        -4.618224522801029E-07         2.479337291028116E-10
         1.001685619354248E+00        -1.089761326511507E-06         3.744304588604308E-10
         1.001647591590881E+00        -1.162129933618417E-06         4.382419704906937E-10
         1.001403808593750E+00        -9.373653711008956E-07         4.243490558941687E-10
         1.001420855522156E+00        -7.370058483502362E-07         3.613185584061540E-10
         1.001194953918457E+00        -8.453453119727783E-07         4.451053414733508E-10
         1.001228213310242E+00        -9.674384955360438E-07         4.587902002750610E-10
         1.000865459442139E+00        -1.001283408186282E-06         4.365514061355213E-10
         1.000990152359009E+00        -1.676741021583439E-06         6.659761075944459E-10
         1.001043438911438E+00        -2.569999651313992E-06         9.977598747212824E-10
         1.000838994979858E+00        -2.380670821366948E-06         8.865432277183061E-10
         1.000343918800354E+00        -1.159035491582472E-06         4.014512888783628E-10
         9.995945096015930E-01        -1.078945714994006E-07         4.836933284457778E-11
         9.992142319679260E-01         4.209970256852102E-07        -9.531562344955447E-11
         9.998216032981873E-01         2.163836256841023E-07        -7.661253575985683E-11
         1.000484704971313E+00        -2.538632486448478E-07         2.604650176096790E-11
         1.000896692276001E+00        -5.452003506434266E-07         1.263442267473991E-10
         1.000720500946045E+00         2.381885622071422E-07        -1.719912962050429E-10
         1.000847458839417E+00         3.232742074033013E-08        -9.322100036346370E-11
         1.001023173332214E+00        -3.584699470593478E-07         3.954817376361497E-11
         1.000762224197388E+00         8.212013113961802E-08        -5.262418972806771E-11
         1.000469923019409E+00         5.686991357833904E-07        -2.406087828976666E-10
         1.000321388244629E+00         1.460209091419529E-07        -8.694707454015571E-11
         1.000247478485107E+00        -9.650306509456641E-08         1.726697951287548E-11
         9.997670054435730E-01         2.983595095429337E-07        -8.898951020519519E-11
         1.000166177749634E+00         2.486710570792638E-08         1.587775917688550E-11
         1.000162243843079E+00         4.766818406665152E-08         2.151032824082577E-12
         1.000537514686584E+00        -6.182269771670690E-07         2.570689217051836E-10
         1.000783562660217E+00        -6.886708092679328E-07         2.914141983278995E-10
         1.000653386116028E+00        -9.741178246258642E-07         4.566900468905288E-10
         1.000547051429749E+00        -3.466548434971628E-07         1.972405988537318E-10
         1.001058936119080E+00        -1.051831304721418E-06         4.244569695721623E-10
         1.000556468963623E+00        -2.186638283774300E-07         8.527381578637971E-11
         1.001024365425110E+00        -6.121139790593588E-07         1.773878405275653E-10
         1.000929474830627E+00        -5.944659733359003E-07         1.553691758582332E-10
         1.000956773757935E+00        -1.312734752900724E-06         4.455392166313743E-10
         1.000995755195618E+00        -1.578613023411890E-06         5.184572771099738E-10
         1.001050591468811E+00        -1.895640252769226E-06         6.524937257168517E-10
         1.000705599784851E+00        -1.147964439951465E-06         4.243135010018051E-10
         1.000668764114380E+00        -1.059055762198113E-06         3.730864783779708E-10
         1.001018524169922E+00        -1.802074507395446E-06         5.947525250071806E-10
         1.000788807868958E+00        -1.375454303342849E-06         3.881289734053439E-10
         1.000137686729431E+00        -4.982850896340096E-07         8.730229039688453E-11
         9.997642040252686E-01         1.813820382778886E-08        -7.054844208820299E-11
         1.000183701515198E+00        -5.901055715185066E-07         1.479227851319820E-10
         1.000737428665161E+00        -1.671377390266571E-06         5.233362077028403E-10
         1.000622987747192E+00        -1.167407049251779E-06         3.209517374092030E-10
         1.000735282897949E+00        -8.798500630291528E-07         1.550906764125060E-10
         1.000217080116272E+00        -8.665913497907241E-08        -1.255464204819035E-10
         9.999482035636902E-01         2.711366278163041E-07        -2.710951740869660E-10
         9.993698596954346E-01         9.795147661861847E-07        -5.376641909471402E-10
         9.991652369499207E-01         1.376308318867814E-06        -6.883438818938714E-10
         9.992831349372864E-01         1.932067561938311E-06        -9.012691148946317E-10
         9.996695518493652E-01         2.187714926549233E-06        -1.007990468870901E-09
         1.000256657600403E+00         1.791888394109264E-06        -8.587036082197130E-10
         1.000608444213867E+00         1.375364831801562E-06        -7.008364444338611E-10
         1.001255989074707E+00         6.977348334658018E-07        -4.419435650770964E-10
         1.000761628150940E+00         1.101179009310727E-06        -5.650458989592266E-10
         1.000152945518494E+00         1.142437781709305E-06        -5.356901588982055E-10
         9.997344613075256E-01         1.337126263933897E-06        -6.082452874700550E-10
         9.994826912879944E-01         1.027156372401805E-06        -4.786306906368054E-10
         9.992438554763794E-01         1.404993895448570E-06        -5.989196916189599E-10
         9.991306066513062E-01         1.841241896727297E-06        -7.437179760927393E-10
         9.993926286697388E-01         1.499121140113857E-06        -6.275661101895480E-10
         9.994481801986694E-01         1.321142690358101E-06        -5.319907292467008E-10
         9.996299743652344E-01         1.161815589512116E-06        -4.413863996521883E-10
         9.995352029800415E-01         1.166393872154003E-06        -3.897100697702882E-10
         9.998925328254700E-01         6.375398129421228E-07        -1.667805060723282E-10
         1.000192284584045E+00         7.494854799006134E-07        -2.500246953918150E-10
         1.000453591346741E+00         4.285498107492458E-07        -1.665170362707968E-10
         1.000729203224182E+00        -3.106658539309137E-07         1.278257916181857E-10
         1.000469088554382E+00        -1.368596400652677E-07         9.945015644330368E-11
         1.000202178955078E+00         4.106663027414470E-07        -9.297781294881347E-11
         9.998880624771118E-01         7.751605721750821E-07        -1.746288808002205E-10
         9.997339248657227E-01         7.401017683150712E-07        -1.880426092615295E-10
         9.990727305412292E-01         1.057894564837625E-06        -2.958583933398984E-10
         9.987788200378418E-01         9.444125339541642E-07        -2.218673578191499E-10
         9.987823367118835E-01         5.477714921653387E-07        -1.011446343346378E-10
         9.994233846664429E-01        -4.656898795474262E-07         3.100143197709571E-10
         9.996918439865112E-01        -2.763774773484329E-07         1.999552329268184E-10
         9.997980594635010E-01        -3.777760184675572E-07         2.829303180629239E-10
         9.990775585174561E-01         6.284698201852734E-07        -9.111068149936230E-11
         9.987465143203735E-01         8.947219498622871E-07        -2.622613515246286E-10
         9.994568824768066E-01        -2.053865699735979E-07         1.191358262042641E-10
         9.996667504310608E-01        -4.943966587234172E-07         2.218177724833126E-10
         9.999752044677734E-01        -6.049115768291813E-07         2.067604143451973E-10
         1.000088095664978E+00        -4.451116808468214E-07         1.325627801973539E-10
         1.000340700149536E+00        -4.283031955765182E-07         1.194985083108335E-10
         1.000293254852295E+00        -2.611766092286416E-07         2.969314377709864E-11
         9.997412562370300E-01        -5.692606563911795E-08         6.369219821694694E-12
         9.995024204254150E-01        -5.962393601066651E-08         1.080888677174041E-11
         9.999588131904602E-01        -8.802397246654436E-07         3.944424231683286E-10
         1.000130057334900E+00        -9.011290558191831E-07         4.100973449716605E-10
         1.000546574592590E+00        -1.267287643713644E-06         5.293479543588830E-10
         1.000857591629028E+00        -1.619247541384539E-06         6.514229156096008E-10
         1.001069664955139E+00        -1.594466425558494E-06         6.211729464133953E-10
         1.001277923583984E+00        -1.631555051062605E-06         5.817561432586160E-10
         1.001526832580566E+00        -1.749667717376724E-06         6.288831677636608E-10
         1.001281857490540E+00        -1.494701905357942E-06         5.658923329932009E-10
         1.000818967819214E+00        -1.276787770621013E-06         5.218291354580629E-10
         1.000271081924438E+00        -6.290160854405258E-07         3.164219442020055E-10
         1.000378370285034E+00        -4.922486596115050E-07         2.291580258884096E-10
         1.000524878501892E+00        -4.360915681900224E-07         1.964331058923463E-10
         1.000210404396057E+00        -2.894196882152755E-07         1.585613029764232E-10
         9.999661445617676E-01        -1.419533361968206E-07         1.322936621361848E-10
         9.998670220375061E-01        -5.765433286342159E-08         9.917087984145923E-11
         9.995603561401367E-01        -5.149716457708564E-07         2.755683181643320E-10
         9.996325969696045E-01        -8.544553224965057E-07         3.216528710048294E-10
         9.997122287750244E-01        -6.333090141197317E-07         1.964844814628108E-10
         9.994907379150391E-01        -7.866099736020260E-07         2.420923739254732E-10
         9.992612600326538E-01        -7.529501431235985E-07         2.622723704881480E-10
         9.989728927612305E-01        -7.372478307843267E-07         2.829552148142511E-10
         9.984086155891418E-01        -3.990528227859613E-07         1.904996022039640E-10
         0.000000000000000E+00         0.000000000000000E+00         0.000000000000000E+00
         0.000000000000000E+00         0.000000000000000E+00         0.000000000000000E+00
         0.000000000000000E+00         0.000000000000000E+00         0.000000000000000E+00
         0.000000000000000E+00         0.000000000000000E+00         0.000000000000000E+00
         0.000000000000000E+00         0.000000000000000E+00         0.000000000000000E+00
         0.000000000000000E+00         0.000000000000000E+00         0.000000000000000E+00
         0.000000000000000E+00         0.000000000000000E+00         0.000000000000000E+00
         1.001110672950745E+00        -3.541546789165295E-07         1.239270908115486E-10
         1.001677393913269E+00        -5.582094217970734E-07         2.045288660657008E-10
         1.001796722412109E+00        -4.818960519514803E-07         1.713609532050242E-10
         1.001121997833252E+00        -3.308480813757342E-07         8.754346553230263E-11
         1.000971913337708E+00        -1.874856252470636E-07         2.710086495494313E-11
         1.000768065452576E+00        -6.312748723757977E-07         1.885135658685755E-10
         1.000294685363770E+00        -7.538945396845520E-07         2.609706062361994E-10
         1.000270605087280E+00        -5.535766263164987E-07         2.295530154849956E-10
         1.000131011009216E+00        -1.012492063523496E-07         6.076916747588257E-11
         1.000041484832764E+00        -3.608242877817247E-07         1.567089652487752E-10
         1.000611901283264E+00        -6.096622655604733E-07         2.210445992911758E-10
         1.001033306121826E+00        -2.376261534209334E-07         5.889008031223497E-11
         1.001011133193970E+00        -4.758769378554462E-08        -3.615628629827228E-11
         1.001039266586304E+00         3.085947852810023E-08        -3.037084125856460E-11
         1.001231789588928E+00         3.680322038235317E-07        -1.507053509763878E-10
         1.001215696334839E+00         5.571288852479483E-07        -2.510453234183530E-10
         1.000665187835693E+00         5.523227173398482E-07        -2.514464747527256E-10
         1.000600695610046E+00         1.048915834189756E-07        -9.052740501669376E-11
         1.000646591186523E+00         3.602287677040295E-07        -2.046488395412993E-10
         1.000227093696594E+00         9.006599839267437E-07        -4.138419329446918E-10
         1.000113248825073E+00         1.165579874395917E-06        -5.319048534957460E-10
         1.000347971916199E+00         8.682391126058064E-07        -3.896953593152119E-10
         1.000316143035889E+00         1.342644850410579E-06        -5.571853534114268E-10
         1.000723600387573E+00         8.385683258893550E-07        -3.854909724765321E-10
         1.000531077384949E+00         9.089210379897850E-07        -4.367617101319610E-10
         1.000282168388367E+00         6.623269541705668E-07        -3.045312335636652E-10
         1.000140666961670E+00         9.923682000589906E-07        -4.125543795474584E-10
         1.000254988670349E+00         9.293807465837745E-07        -3.728822528525910E-10
         1.000458121299744E+00         7.392029601760441E-07        -3.053969854782679E-10
         1.000602483749390E+00         7.582314083265373E-07        -3.574521234561701E-10
         1.000334739685059E+00         8.763830692259944E-07        -4.289208155316970E-10
         1.000269293785095E+00         4.441908743046952E-07        -2.458616921163781E-10
         1.000046253204346E+00         4.972966394234390E-07        -2.501691631628944E-10
         1.000082612037659E+00         2.281766882106240E-07        -1.333943649983738E-10
         9.997705221176147E-01         3.858972945636197E-07        -2.088928752197461E-10
         9.998481869697571E-01        -4.751353444021333E-08        -5.608460917905234E-11
         9.998688101768494E-01         1.478894233741812E-07        -1.325248938366386E-10
         9.996865391731262E-01         5.220140337769408E-07        -2.722797820542411E-10
         9.994596838951111E-01         7.097274306033796E-07        -3.425442429705328E-10
         9.991930723190308E-01         4.329489513565932E-07        -2.324532510922239E-10
         9.992596507072449E-01         2.254021893577374E-07        -1.456841730584912E-10
         9.994341731071472E-01         2.002984871296576E-07        -1.361489809781347E-10
         9.998283386230469E-01         4.828699928793867E-08        -8.640430732009818E-11
         9.997363090515137E-01         4.657217118619883E-07        -2.200871568325269E-10
         9.995316863059998E-01         6.490162718364445E-07        -2.616714067649184E-10
         9.995054006576538E-01         5.769678068645590E-07        -2.011774496990526E-10
         9.992789030075073E-01         6.336478008961421E-07        -2.487105521531419E-10
         9.990639686584473E-01         6.278724526964652E-07        -2.596394765852494E-10
         9.990531802177429E-01         2.299340593481247E-07        -1.143670297354404E-10
         9.990957379341125E-01        -8.385301697444447E-08         2.949741839675113E-11
         9.996965527534485E-01        -2.795697184865276E-07         1.166065161095631E-10
         9.999935626983643E-01         1.025280695898800E-07        -7.156356757187510E-11
         1.000039339065552E+00         2.296160630521626E-07        -1.357291917747361E-10
         9.999663829803467E-01         5.796944719804742E-07        -2.499367657282647E-10
         1.000041484832764E+00         3.939290422749764E-07        -1.602953880741609E-10
         9.998645186424255E-01         2.872786808438832E-07        -1.661784598816496E-10
         9.995803236961365E-01         6.379159458447248E-07        -3.043764129628812E-10
         9.996884465217590E-01         6.207952765180380E-07        -2.846519409072101E-10
         9.999568462371826E-01         2.299717749565389E-07        -1.497281187923249E-10
         9.999637007713318E-01        -2.009102217925829E-07         2.078801020211074E-11
         1.000067234039307E+00        -8.224057523875672E-07         2.382744279660898E-10
         9.998065829277039E-01        -6.622863679695001E-07         1.807714672397154E-10
         9.994614124298096E-01        -3.058173376757622E-07         2.725969970585052E-11
         9.990594983100891E-01        -1.046506739044162E-07        -5.232065475313519E-11
         9.990251064300537E-01        -3.991015944393439E-07         1.036297020418075E-10
         9.990028738975525E-01        -3.852295833439712E-07         1.098737836824348E-10
         9.988906979560852E-01        -3.789556046740472E-07         1.548541295193218E-10
         9.989093542098999E-01        -6.052919729881978E-07         2.879233518271462E-10
         9.987984895706177E-01        -4.688276362685428E-07         2.688395339678351E-10
         9.989773631095886E-01        -3.777502968205226E-07         2.095444651128986E-10
         9.995461702346802E-01        -3.440881357619219E-07         1.905134938695596E-10
         9.999502897262573E-01        -2.972910806420259E-07         1.502938468123105E-10
         1.000172615051270E+00        -3.998876820787700E-07         1.530864601750892E-10
         1.000418066978455E+00        -1.513551097787058E-07         2.931815207274369E-11
         1.000467061996460E+00        -6.396479079739947E-08         8.369116163975399E-12
         9.998072981834412E-01         5.594420713350701E-07        -2.126257503398676E-10
         9.997087717056274E-01         4.358923604286247E-07        -1.280118511193251E-10
         9.998525977134705E-01         4.468085137432354E-07        -1.109992722736486E-10
         1.000135183334351E+00         1.522191439562448E-07         1.641662326912208E-11
         9.997376203536987E-01         3.573901494746679E-07        -4.301183367805272E-11
         9.994915127754211E-01        -2.747399285851770E-08         8.816152669011146E-11
         9.994297623634338E-01        -3.435686579678077E-08         6.470595587115824E-11
         9.996457695960999E-01        -1.732332322035290E-08         3.453982586054671E-11
         1.000091433525085E+00        -4.404384128520178E-07         1.972534774408174E-10
         9.999970793724060E-01        -3.418926723952609E-07         1.692100487504788E-10
         9.999380111694336E-01         2.131482546019470E-07        -5.149647028246385E-11
         9.999045133590698E-01         1.623418768303964E-07        -4.740600620389834E-11
         1.000023365020752E+00         2.475611893260066E-07        -8.559954134401693E-11
         9.999705553054810E-01         4.220128460019623E-07        -1.538500576936386E-10
         9.997416138648987E-01         6.831602377133095E-07        -2.517737685003851E-10
         9.997450113296509E-01         4.073773993695795E-07        -1.228601526070960E-10
         9.992496371269226E-01         1.015283601191186E-06        -2.665577203408986E-10
         9.999271035194397E-01         4.281963299490599E-07        -1.693892942578046E-10
         1.000337362289429E+00        -1.301363852235227E-07         5.484428536317587E-11
         1.000388503074646E+00        -4.760311256291061E-08         7.477063412864027E-11
         1.000328660011292E+00         1.138611196438433E-07         4.470376499532414E-11
         1.000267267227173E+00         1.604336148375296E-07        -1.399293658374545E-12
         1.000147700309753E+00         9.001664125207753E-08         3.224538344670513E-11
         1.000247240066528E+00        -4.948228138346167E-07         2.552021649560032E-10
         1.000347495079041E+00        -2.980403053243208E-07         1.766811419390280E-10
         1.000478267669678E+00        -3.136571535833355E-07         1.776590957680568E-10
         1.000763177871704E+00        -4.526716566033429E-07         2.195304632524042E-10
         1.000630497932434E+00        -1.680939050174857E-07         8.994873595957742E-11
         1.000671029090881E+00        -6.400260303962568E-07         3.025823480662382E-10
         1.000227689743042E+00        -1.203570860752734E-07         5.214107270945512E-11
         1.000417828559875E+00        -4.681130860717531E-07         1.789630804660547E-10
         1.000439524650574E+00        -7.521100542362547E-07         2.915651053925217E-10
         1.000191807746887E+00        -5.149029220774537E-07         1.935321208845764E-10
         1.000077724456787E+00        -3.643604884473461E-07         1.426783691194089E-10
         1.000337839126587E+00        -5.870621748726990E-07         2.134980525703156E-10
         1.000250220298767E+00        -4.786094791597861E-07         1.582189379512045E-10
         9.997109174728394E-01         2.253436832688749E-07        -7.562415277329038E-11
         9.999409317970276E-01         4.511504982929182E-07        -1.852347442099500E-10
         1.000407338142395E+00         2.518559369946161E-07        -1.161864354726205E-10
         1.000273227691650E+00         2.943817207778920E-07        -1.237775992812828E-10
         1.000091314315796E+00         2.136981009925876E-07        -8.481397528736778E-11
         1.000165820121765E+00        -1.284383888133789E-08        -1.284857203270873E-12
         1.000014781951904E+00         6.374498866534850E-07        -2.386361941386639E-10
         1.000145435333252E+00         6.340083587019762E-07        -2.462706150119232E-10
         9.997251629829407E-01         6.886394885441405E-07        -2.293788214924319E-10
         9.995851516723633E-01         6.095184517107555E-07        -1.765382562357587E-10
         9.995422363281250E-01         4.573409739805356E-07        -1.268670862808463E-10
         9.995566606521606E-01         4.861577167503128E-07        -1.584876119231637E-10
         9.993944764137268E-01         2.513529295811168E-07        -9.227258540578376E-11
         9.992148876190186E-01         1.127977711234962E-07        -5.582941053905444E-11
         9.995719194412231E-01        -1.554460453689899E-07         3.988422092593424E-11
         9.996839761734009E-01        -2.002439458692606E-08         1.371972153940693E-11
         9.998735785484314E-01         4.729357527821776E-08         1.076944436406713E-11
         1.000211954116821E+00         1.566271805586439E-07        -1.282774147320920E-11
         1.000740289688110E+00         2.034745278933769E-07        -1.142452278612982E-11
         1.001001238822937E+00         1.413314691944834E-07         1.324097428923032E-11
         1.000937700271606E+00         5.095589017400926E-07        -1.533249777141421E-10
         1.001042723655701E+00         3.744036121133831E-07        -1.137927668759531E-10
         1.000982642173767E+00         2.913238290602749E-07        -9.163647618493087E-11
         1.000861525535583E+00         8.844168775112848E-08        -1.979547081809585E-11
         1.000468134880066E+00        -1.528892141777760E-07         8.350582031413367E-11
         1.000258684158325E+00        -8.572651211125049E-08         4.447968035559136E-11
         1.000275850296021E+00        -6.280390607571462E-07         2.678631483288285E-10
         9.999489188194275E-01        -4.461149956114241E-07         1.935453464163572E-10
         9.998621940612793E-01        -4.929385681862186E-07         2.082094635591503E-10
         9.998481273651123E-01        -3.872802381010843E-07         1.267564109230790E-10
         9.999449849128723E-01        -5.224222263677802E-07         1.700180135566498E-10
         9.996221661567688E-01        -5.724504035242717E-07         2.722546632583089E-10
         9.993157386779785E-01        -3.799155479100591E-07         2.515141983572278E-10
         9.989387392997742E-01        -1.037983636820172E-07         1.655082321194712E-10
         9.989015460014343E-01         6.037902977595877E-08         9.904137232563670E-11
         9.992282390594482E-01        -5.044580575486179E-08         1.143508204792809E-10
         9.994777441024780E-01        -4.169944531895453E-07         2.047428199203338E-10
         9.995501637458801E-01        -3.647545838703081E-07         1.491443774037648E-10
         9.996681809425354E-01        -3.039862690457085E-07         1.002415164763626E-10
         9.999728202819824E-01        -4.532101343102113E-07         1.391885218193778E-10
         1.000081419944763E+00        -3.714612262228911E-07         7.425513676162510E-11
         9.998462200164795E-01         3.065888165565411E-08        -1.090364326605808E-10
         1.000082015991211E+00        -2.776731378162367E-07         1.680805147841191E-11
         9.999659657478333E-01        -6.060541579699930E-08        -4.713752305152141E-11
         1.000031471252441E+00        -3.280451039699983E-07         8.435101922499300E-11
         9.997488856315613E-01        -2.631018389820383E-07         9.949657764352082E-11
         9.995879530906677E-01         6.937487029290423E-08         6.668767643137896E-13
         9.997535347938538E-01        -1.362330408483103E-07         4.187226954055490E-11
         9.995492100715637E-01        -1.324900633647985E-08        -3.879408079499047E-12
         9.996111989021301E-01        -2.115707928851407E-07         6.890338993814638E-11
         9.995078444480896E-01        -1.292433751132194E-07        -1.003894450207765E-12
         9.989501237869263E-01         3.623463840085606E-07        -1.955231393457879E-10
         9.988082051277161E-01         1.770338400319815E-07        -9.288937674600817E-11
         9.984725713729858E-01         4.426826478720614E-07        -1.831624296677603E-10
         9.984384775161743E-01         6.198903861331928E-07        -2.456913839044006E-10
         9.987596869468689E-01         1.852367574883829E-07        -1.010576344828706E-10
         9.986527562141418E-01         5.658075252767958E-08        -6.910046146391124E-11
         9.979888796806335E-01         1.745779201201003E-07        -1.156307619099017E-10
         9.974141716957092E-01         5.781341769761639E-07        -2.362652296028500E-10
         9.972409605979919E-01         8.357799288205570E-07        -3.219764455053564E-10
         9.971231222152710E-01         1.185584665108763E-06        -4.259463060041213E-10
         9.973432421684265E-01         8.757650107327208E-07        -3.094010048165785E-10
         9.976201057434082E-01         6.961027452234703E-07        -2.352367189928373E-10
         9.974567890167236E-01         8.400391493523784E-07        -2.892860395675712E-10
         9.974105358123779E-01         5.235120852375985E-07        -2.069139165561396E-10
         9.971545934677124E-01         7.165252213781059E-07        -2.846114732779625E-10
         0.000000000000000E+00         0.000000000000000E+00         0.000000000000000E+00
         0.000000000000000E+00         0.000000000000000E+00         0.000000000000000E+00
         0.000000000000000E+00         0.000000000000000E+00         0.000000000000000E+00
         0.000000000000000E+00         0.000000000000000E+00         0.000000000000000E+00
         0.000000000000000E+00         0.000000000000000E+00         0.000000000000000E+00
         0.000000000000000E+00         0.000000000000000E+00         0.000000000000000E+00
         0.000000000000000E+00         0.000000000000000E+00         0.000000000000000E+00
         1.002304434776306E+00        -1.471305832723147E-08         8.496401499025197E-11
         1.002331256866455E+00        -9.250644694702714E-08         1.168309199384154E-10
         1.001865625381470E+00         8.898910408561278E-08         3.801002568248890E-11
         1.001990437507629E+00        -7.228643994494632E-08         6.557821646824280E-11
         1.002196550369263E+00        -1.238447566720424E-07         5.742584532897332E-11
         1.002475857734680E+00        -2.928434810200997E-07         8.547657720514579E-11
         1.002676129341125E+00        -5.192984531277034E-07         1.598267629354666E-10
         1.002868652343750E+00        -6.554249125656497E-07         1.985842462692844E-10
         1.002776741981506E+00        -4.737164545076666E-07         1.513622699400585E-10
         1.002513289451599E+00        -3.478180872207304E-07         1.560320483928734E-10
         1.002453446388245E+00        -1.397989990437054E-08         1.059748816478745E-11
         1.002289056777954E+00         2.287073215256896E-07        -1.144281197573704E-10
         1.001972675323486E+00         2.521828434964846E-07        -1.211332423256550E-10
         1.001759529113770E+00         3.357885987043119E-07        -1.426027351758563E-10
         1.001794219017029E+00         1.519336834121532E-08         2.743589383458200E-11
         1.001837134361267E+00        -1.103625777432171E-07         5.345234671549903E-11
         1.001351356506348E+00        -4.746789272758178E-07         1.864652598992933E-10
         1.000827789306641E+00        -4.289506989607617E-07         1.678465005872098E-10
         1.000763654708862E+00        -2.052811964858847E-07         8.440819571076119E-11
         1.000713706016541E+00        -3.390645986200980E-07         1.233163016145511E-10
         1.000617027282715E+00        -5.680029175891832E-07         2.147804989416358E-10
         1.000480651855469E+00        -5.295840992403100E-07         1.998678583747804E-10
         1.000358462333679E+00        -7.047835310913797E-07         2.804873000528119E-10
         9.999153614044189E-01        -3.119663745110302E-07         1.801141596979861E-10
         9.996177554130554E-01        -7.898510290260674E-08         1.075522171323229E-10
         9.993952512741089E-01         2.738026161352991E-08         7.460524559244064E-11
         9.994736313819885E-01        -1.872377168865569E-07         1.686998735150880E-10
         9.993818998336792E-01         1.910641067581764E-08         1.067154697942385E-10
         9.993105530738831E-01         2.555620710609219E-07         4.249686019752730E-11
         9.992884397506714E-01         2.520970099340047E-07         4.414838286614930E-11
         9.992126226425171E-01         3.400970456368668E-07         1.842561520026820E-11
         9.992265701293945E-01         6.816109134888393E-07        -1.163637866619105E-10
         9.994232654571533E-01         5.157124292054505E-07        -4.533737968381857E-11
         9.997864365577698E-01         6.213758751982823E-07        -1.107628572194486E-10
         1.000326514244080E+00         7.607495433603617E-08         4.856151938903430E-11
         1.000493764877319E+00        -9.751821039571951E-08         7.917324434947304E-11
         1.000392794609070E+00        -2.100731251175603E-07         1.083344872143677E-10
         1.000372767448425E+00        -5.181701681067352E-07         2.430944889830755E-10
         9.999753832817078E-01        -2.832794336882216E-07         1.531021281975242E-10
         9.998458027839661E-01        -2.915296590799699E-07         1.891345968729752E-10
         1.000186920166016E+00        -4.587527939747815E-07         2.305566848548324E-10
         1.000217914581299E+00        -6.753639922862931E-07         3.062144149357238E-10
         1.000401020050049E+00        -1.102717533285613E-06         4.512948625912117E-10
         1.000309109687805E+00        -1.027089638228063E-06         3.976960705198707E-10
         1.000443220138550E+00        -1.163237243417825E-06         4.237657724726063E-10
         1.000614047050476E+00        -1.213325163007539E-06         4.265702790995363E-10
         1.000842809677124E+00        -1.303708359046141E-06         4.064987790819430E-10
         1.001034736633301E+00        -1.394705805068952E-06         4.121763763631492E-10
         1.001100182533264E+00        -1.213901896335301E-06         3.579170571033075E-10
         1.000618219375610E+00        -7.099367849150440E-07         2.025510870140579E-10
         1.000597119331360E+00        -4.843949454880203E-07         1.462897719628486E-10
         1.000313639640808E+00        -2.743884977007838E-07         5.560752205924224E-11
         1.000209808349609E+00        -1.658150807770653E-07         2.641079889509346E-11
         1.000342845916748E+00        -4.665557185035141E-07         1.089600215609110E-10
         1.000515460968018E+00        -2.865889427994261E-07         4.804268441405135E-11
         1.000359177589417E+00        -2.323707519735763E-07         4.610251069792071E-11
         1.000167369842529E+00        -1.380605709755400E-07         3.411574148182162E-11
         9.999573826789856E-01         1.018227564486551E-07        -5.021296919927032E-11
         9.996941089630127E-01         2.502259910386329E-08        -3.309628179154478E-12
         9.995031952857971E-01         1.906052204958542E-07        -5.588431800651605E-11
         9.991402626037598E-01         4.044057675400836E-07        -1.041230851539510E-10
         9.990642666816711E-01         3.118543929758744E-07        -7.161263249066963E-11
         9.990836977958679E-01         2.652121509072458E-07        -5.461759863822913E-11
         9.990719556808472E-01         3.854568433325767E-07        -1.084330195078032E-10
         9.990942478179932E-01         4.769374868374143E-07        -1.216111517043927E-10
         9.993327260017395E-01         8.343142781086499E-07        -2.070049687219466E-10
         9.994685649871826E-01         1.043623569785268E-06        -3.467245657251539E-10
         9.999902844429016E-01         8.137779445860360E-07        -2.517937802704040E-10
         1.000291585922241E+00         7.084881303853763E-07        -2.669852949832574E-10
         1.000644445419312E+00         5.941839162915130E-07        -2.640221652416841E-10
         1.000693321228027E+00         5.087064209874370E-07        -2.546594601859908E-10
         1.000528573989868E+00         6.071003895158356E-07        -2.929355091829677E-10
         1.000474810600281E+00         6.652313118138409E-07        -3.258637526482033E-10
         1.000158786773682E+00         4.998427129976335E-07        -2.836452739352069E-10
         1.000171422958374E+00         5.198999701860885E-07        -2.926484055087997E-10
         9.999614357948303E-01         8.262928758995258E-07        -3.519433355858581E-10
         9.998281598091125E-01         7.888723416726862E-07        -3.113303503887721E-10
         9.998631477355957E-01         8.751558766562084E-07        -3.309558460617978E-10
         9.998129010200500E-01         8.734075436223065E-07        -3.442111318197050E-10
         9.998995661735535E-01         3.520067082263267E-07        -1.880244848706525E-10
         1.000002145767212E+00         2.680086765849410E-07        -1.635744734107547E-10
         9.999538660049438E-01         1.506081730440201E-07        -1.389401094176179E-10
         9.997523427009583E-01        -1.214775835478576E-07        -2.143415132882520E-11
         9.999194741249084E-01        -2.202196611733598E-07         1.582771760877399E-11
         9.997890591621399E-01        -1.124058357504509E-07        -4.154474333994962E-11
         9.998539090156555E-01        -3.346303856233135E-07         6.146666509110332E-11
         9.998734593391418E-01        -4.865143523602455E-07         1.559591900068824E-10
         9.996727705001831E-01        -2.331906188146604E-07         8.873311113655191E-11
         9.994779825210571E-01        -1.614111653225336E-07         1.092636606192521E-10
         9.995285868644714E-01        -9.981215498555684E-08         8.296689030240501E-11
         9.994395375251770E-01        -3.073398957553763E-08         3.028333833698937E-11
         9.995269179344177E-01         7.920966105245952E-09        -1.030958911990565E-11
         9.996941089630127E-01        -4.645385232038279E-08         6.852123469319737E-12
         9.996814727783203E-01        -1.480837283907022E-07         3.169344300890664E-11
         9.996240139007568E-01        -1.242099330056590E-07         5.145358097924380E-11
         9.993863105773926E-01         3.007841087310226E-08         3.765795314469855E-11
         9.997718930244446E-01        -2.624593378186546E-07         1.845607833228513E-10
         9.998726248741150E-01        -2.119576549830526E-07         1.549295136626938E-10
         9.998767375946045E-01        -3.571183242456755E-07         2.240306828937833E-10
         9.998812079429626E-01        -4.131179593969136E-07         2.210413241332532E-10
         0.000000000000000E+00         0.000000000000000E+00         0.000000000000000E+00
         9.996486902236938E-01         7.293397885632658E-08         2.836396395533569E-11
         9.998307824134827E-01         3.195030160441092E-07        -8.820859320746166E-11
         9.996536970138550E-01         5.710789992008358E-07        -1.795506104906863E-10
         9.996746182441711E-01         4.817752028429823E-07        -2.166377494061678E-10
         9.995480179786682E-01         4.082884004219522E-07        -1.814911693154286E-10
         9.996268749237061E-01         3.072188974329038E-07        -1.589358644693561E-10
         9.995741248130798E-01         6.641843128818437E-07        -3.126935654851337E-10
         9.995820522308350E-01         3.926543001853133E-07        -2.226114709236171E-10
         9.995415806770325E-01         2.955652576019929E-07        -1.837822533046207E-10
         9.996541738510132E-01         2.428380412311526E-07        -1.695519974420634E-10
         9.996978044509888E-01         1.898326047466981E-07        -1.267193155962687E-10
         9.995324611663818E-01         5.381654091252130E-07        -2.382328223582419E-10
         9.999043941497803E-01         6.047702783007480E-08        -3.340499057924440E-11
         9.999067783355713E-01         3.153056695737178E-07        -8.844096982540961E-11
         1.000184059143066E+00         4.336085623890540E-07        -1.300079766064499E-10
         1.000046968460083E+00         5.757561893915408E-07        -1.910307328989447E-10
         9.997609257698059E-01         5.281232802190061E-07        -1.655737491557119E-10
         9.998475313186646E-01         4.308068923819519E-07        -1.503560054239017E-10
         1.000227808952332E+00         2.608653915103787E-08        -3.413955966882765E-12
         1.000436305999756E+00        -4.368396844256495E-07         1.827045598146171E-10
         1.000211596488953E+00        -6.323318757495144E-07         2.399068721459230E-10
         1.000075221061707E+00        -7.343446668528486E-07         2.890433170588125E-10
         9.998815655708313E-01        -6.889600285830966E-07         2.716986080564254E-10
         9.998048543930054E-01        -4.737444214697462E-07         1.953749245720005E-10
         1.000132203102112E+00        -7.969276225594513E-07         2.986347003020029E-10
         1.000237107276917E+00        -1.101230736821890E-06         4.047611967816778E-10
         1.000181317329407E+00        -8.163279403561319E-07         2.743072158306603E-10
         1.000092387199402E+00        -5.374574811867205E-07         1.561373530467591E-10
         9.999653100967407E-01        -4.474092634154658E-07         1.785065567583288E-10
         9.999985694885254E-01         1.016234136841376E-07        -3.125381550783679E-11
         1.000218272209167E+00         9.163272096657238E-08        -3.710668231016179E-11
         1.000148773193359E+00        -5.543854086909050E-08         1.428024040163456E-12
         1.000114917755127E+00        -6.108749772693045E-08        -1.290501039363789E-11
         9.999657869338989E-01         1.202375585762638E-07        -7.627660308928697E-11
         9.995313286781311E-01         7.186312700468989E-07        -2.844318114370026E-10
         9.995245933532715E-01         5.472469979395100E-07        -2.155411682469577E-10
         9.997470378875732E-01         3.252566216360719E-07        -1.146738190516139E-10
         1.000160932540894E+00         2.339088354119667E-07        -8.241354820803792E-11
         1.000207304954529E+00         3.326096589262306E-07        -1.435333241150971E-10
         1.000047564506531E+00         5.466602033266099E-07        -2.179832009341354E-10
         1.000035166740417E+00         6.135069838819618E-07        -2.224468526046408E-10
         1.000076770782471E+00         5.398086386776413E-07        -1.723240855566743E-10
         1.000383496284485E+00         3.475998653357237E-07        -1.599798904461380E-10
         1.000733137130737E+00         9.567360592654950E-08        -1.007249214590722E-10
         1.000988245010376E+00         8.954952335216149E-09        -1.033749266743378E-10
         1.001041293144226E+00        -1.564902305517535E-07        -6.098722221681285E-11
         1.001080036163330E+00        -9.493422936657225E-08        -3.673252674252225E-11
         1.001312017440796E+00        -6.026100862754902E-08        -1.677668247379582E-11
         1.001191496849060E+00        -1.550777142256266E-07         2.186821730643107E-11
         1.000965714454651E+00        -4.101674164758151E-07         1.416619599403646E-10
         1.000684022903442E+00        -3.057884043755621E-07         1.457346188171726E-10
         1.000590682029724E+00        -4.662455808102095E-07         2.170241902854642E-10
         1.000184416770935E+00        -6.080791763451998E-07         2.652708053219044E-10
         9.998283386230469E-01        -3.066885199132230E-07         1.659710702206496E-10
         9.999350309371948E-01        -4.871017722507531E-07         2.216363204077254E-10
         1.000124573707581E+00        -6.668790319963591E-07         2.923144226674168E-10
         1.000196218490601E+00        -8.728015359338315E-07         3.384295343966670E-10
         1.000004053115845E+00        -1.046177771968360E-06         3.948422144794961E-10
         9.994779229164124E-01        -8.336488690474653E-07         3.049540897581693E-10
         9.992073774337769E-01        -1.119926309911534E-06         4.096918915230674E-10
         9.989885091781616E-01        -1.034726778925688E-06         3.940500425958504E-10
         9.985891580581665E-01        -6.122310196587932E-07         2.550746558416250E-10
         9.981546998023987E-01        -3.038820466372272E-07         1.652877001934172E-10
         9.981636404991150E-01        -5.579213535611416E-08         5.284803844540775E-11
         9.979509711265564E-01         3.110370698777842E-07        -6.450747574993088E-11
         9.972840547561646E-01         7.190278097368719E-07        -2.105523810858045E-10
         9.970816969871521E-01         4.524065388977760E-07        -1.349470951650389E-10
         9.969872236251831E-01         3.853715497825760E-07        -8.839114856717956E-11
         9.967585206031799E-01         5.444354087558168E-07        -1.119802306437379E-10
         9.965878725051880E-01         5.166706955606060E-07        -9.075078188924834E-11
         9.964886903762817E-01         4.595027860432310E-07        -7.691666054077118E-11
         9.963982105255127E-01         2.281800419723368E-07         1.534489202370537E-11
         9.964280128479004E-01         2.196598956061280E-07        -2.464403854596231E-11
         9.967734813690186E-01        -1.149058732607955E-07         8.998086303835251E-11
         9.964186549186707E-01        -2.541690093949001E-07         1.592396908778326E-10
         9.959788322448730E-01        -3.324757642531040E-07         2.138875604407176E-10
         9.957880973815918E-01        -4.568438214391790E-07         2.798390963398845E-10
         0.000000000000000E+00         0.000000000000000E+00         0.000000000000000E+00
         0.000000000000000E+00         0.000000000000000E+00         0.000000000000000E+00
         0.000000000000000E+00         0.000000000000000E+00         0.000000000000000E+00
         0.000000000000000E+00         0.000000000000000E+00         0.000000000000000E+00
         0.000000000000000E+00         0.000000000000000E+00         0.000000000000000E+00
         0.000000000000000E+00         0.000000000000000E+00         0.000000000000000E+00
         0.000000000000000E+00         0.000000000000000E+00         0.000000000000000E+00
         0.000000000000000E+00         0.000000000000000E+00         0.000000000000000E+00
         1.003703951835632E+00        -1.204531372422935E-07         3.852441976537335E-11
         1.003158330917358E+00         4.213779902784154E-07        -1.835673973937801E-10
         1.002895712852478E+00         1.563950462468711E-07        -6.648103595408017E-11
         1.002964258193970E+00        -3.446205880663911E-07         1.311337982645711E-10
         1.003061532974243E+00        -7.253045168909011E-07         2.848663804844165E-10
         1.002511620521545E+00        -8.908784110417400E-08         5.059903451093417E-12
         1.002473115921021E+00        -6.648606358794495E-07         2.213046551569064E-10
         1.002481222152710E+00        -9.813743417907972E-07         3.165297746132723E-10
         1.003114104270935E+00        -1.184826260214322E-06         4.112059304173243E-10
         1.002723217010498E+00        -4.845419994126132E-07         1.465428195457363E-10
         1.002760291099548E+00        -2.712160380724526E-07         5.679811829195636E-11
         1.002543091773987E+00        -1.499881960853600E-07         1.970433885500888E-11
         1.002470970153809E+00        -3.427379624554305E-07         9.962678598762764E-11
         1.002174139022827E+00        -3.271890136602451E-07         1.037236754819482E-10
         1.002122640609741E+00        -3.501446030895750E-07         1.536134552893031E-10
         1.001840233802795E+00        -3.654409397313430E-07         1.885432365789086E-10
         1.001537203788757E+00         1.970987426602733E-07        -2.790611838832113E-11
         1.001518964767456E+00         5.347135925148905E-07        -1.511432784484512E-10
         1.001441001892090E+00         8.042358672355476E-07        -2.993175429732986E-10
         1.001735687255859E+00         5.131609555064642E-07        -2.283690597737476E-10
         1.001714825630188E+00         3.159142067943321E-07        -1.728116816313019E-10
         1.001606106758118E+00         3.205700238595455E-07        -2.043389069061874E-10
         1.001432180404663E+00         1.995725398273862E-07        -1.560696433200448E-10
         1.001040220260620E+00         3.565187398635317E-07        -2.459245584951475E-10
         1.000947356224060E+00        -6.708447131131834E-10        -1.006014646587339E-10
         1.000427007675171E+00         2.100573794905358E-07        -1.774276975341493E-10
         1.000458598136902E+00         1.697822398227800E-07        -1.142741665183244E-10
         1.000508546829224E+00         3.953904865738878E-07        -1.593765813767689E-10
         1.000320076942444E+00         6.556787184308632E-07        -2.715457303459345E-10
         1.000488638877869E+00         7.182044896580919E-07        -3.034347773045454E-10
         1.000397443771362E+00         1.107047864934430E-06        -4.867173331035701E-10
         1.000397324562073E+00         7.123532554942358E-07        -3.134851545016915E-10
         9.999052882194519E-01         9.450600941818266E-07        -3.901539924466846E-10
         9.998899102210999E-01        -1.274869561029845E-07         7.948527253054394E-11
         9.994964003562927E-01         7.108131683253305E-08         1.051765619042300E-11
         9.996578097343445E-01        -1.914363565447275E-07         1.278027406126370E-10
         9.999355673789978E-01        -5.044112754148955E-07         2.374479779465588E-10
         1.000102758407593E+00         1.404350484790484E-07        -1.366260143215170E-11
         1.000641584396362E+00         2.011694419934429E-07        -8.155606745496868E-11
         1.000688314437866E+00         1.454122724453555E-07        -8.454942301838742E-11
         1.000619411468506E+00         2.581361115971958E-07        -1.446673059124493E-10
         1.000665903091431E+00        -2.905050848767132E-07         6.343982283940619E-11
         1.000341534614563E+00        -9.130459375228384E-07         3.022586902989843E-10
         9.999557137489319E-01        -1.100246322494058E-06         3.833996731206213E-10
         1.000173926353455E+00        -1.297042672376847E-06         4.579394641268664E-10
         1.000370144844055E+00        -9.420299988960323E-07         3.243124657714702E-10
         1.000291466712952E+00        -6.180025593494065E-07         2.071270932546554E-10
         9.999505281448364E-01        -4.330359217874502E-07         1.511398645126505E-10
         9.997481107711792E-01        -9.187058935822279E-08         4.318434498884471E-11
         9.998700618743896E-01        -1.842025021403515E-08         3.247196608824332E-11
         1.000012159347534E+00        -2.276135973033888E-07         1.011281822171917E-10
         1.000156521797180E+00        -3.449408438882529E-07         1.668992583025997E-10
         1.000287175178528E+00        -7.706287163955494E-08         5.162016647464185E-11
         1.000448346138000E+00         3.908287737885985E-07        -1.198181553974109E-10
         1.000876903533936E+00         4.961805188941071E-07        -1.368149205038804E-10
         1.000926852226257E+00         1.272465851798188E-06        -4.596835134762500E-10
         1.001204967498779E+00         1.142476207860454E-06        -4.603739056641132E-10
         1.001275897026062E+00         9.408417440681660E-07        -4.150808863290223E-10
         1.001052141189575E+00         7.997244892976596E-07        -3.642126322755956E-10
         1.000627636909485E+00         9.155528459814377E-07        -3.813022397824994E-10
         1.000618457794189E+00         3.106806332198175E-07        -1.053849368881643E-10
         1.000436544418335E+00         7.477131589439523E-07        -3.116437663486238E-10
         1.000615119934082E+00        -1.678703220875377E-08         8.946750458538322E-12
         1.000231981277466E+00         6.752434842383082E-07        -2.836749446455400E-10
         1.000290751457214E+00        -6.110723660412987E-08         7.935746677845135E-12
         9.995589852333069E-01         8.452585689155967E-07        -3.500694734093202E-10
         9.997037649154663E-01         5.719031719308987E-07        -2.595540171679289E-10
         9.999091625213623E-01         3.869993179250741E-07        -2.318068237361359E-10
         1.000051498413086E+00         2.081865488889889E-07        -1.849845554513507E-10
         1.000099182128906E+00         2.231799633989340E-08        -1.023023957213987E-10
         1.000442266464233E+00        -5.828873668178858E-07         1.199742388768854E-10
         1.000289201736450E+00        -1.865694940761387E-07        -2.507035030963056E-11
         1.000646233558655E+00        -8.277609708784439E-07         2.670734466914126E-10
         1.000534772872925E+00        -2.899978710502182E-07         4.912825354863593E-11
         1.000328540802002E+00        -4.762176217809611E-07         1.967455504070514E-10
         1.000272870063782E+00        -2.152853113557285E-07         8.251488381461058E-11
         1.000406146049500E+00        -3.966059409776790E-07         1.287649986636552E-10
         1.000135660171509E+00        -1.241398308593489E-07         6.306267313904712E-11
         9.999693632125854E-01        -5.308010599947011E-07         2.357834760768895E-10
         9.998661279678345E-01        -6.954654168112029E-07         2.993571501797021E-10
         9.996047019958496E-01        -4.336270933436026E-07         2.147130251373142E-10
         1.000089168548584E+00        -1.237021024280693E-06         5.230476052275890E-10
         9.999321103096008E-01        -5.377376623982855E-07         2.173295710061751E-10
         9.997559189796448E-01        -4.892266360911890E-07         1.682401301605907E-10
         9.996656775474548E-01        -5.978649824101012E-07         2.032510132421450E-10
         9.997337460517883E-01        -2.835106727161474E-07         7.828919457164574E-11
         9.999937415122986E-01        -5.524389621314185E-07         2.026957213185909E-10
         1.000077009201050E+00        -2.532789444842365E-08        -2.602765225567794E-11
         1.000324487686157E+00        -1.710711927671582E-07         5.007191189454474E-11
         1.000558972358704E+00         1.242856200178721E-07        -6.919595452181682E-11
         1.000497937202454E+00         1.407536984743274E-07        -6.338647662307295E-11
         1.000349640846252E+00         2.446857081395137E-07        -9.257100641590910E-11
         1.000128388404846E+00         2.772779339466069E-07        -1.121609541354651E-10
         9.998841881752014E-01         4.542391707218485E-07        -1.500166102452738E-10
         9.995760321617126E-01         7.901514891273109E-07        -2.847836966246575E-10
         9.995451569557190E-01         8.645463935863518E-07        -3.018808814037044E-10
         0.000000000000000E+00         0.000000000000000E+00         0.000000000000000E+00
         0.000000000000000E+00         0.000000000000000E+00         0.000000000000000E+00
         9.988746643066406E-01         1.351159198748064E-06        -4.567227429586040E-10
         9.995513558387756E-01         1.479346337873721E-06        -5.249693457720639E-10
         9.997301697731018E-01         1.611980565030535E-06        -5.791108703689929E-10
         9.996884465217590E-01         1.475848762311216E-06        -5.480744191821429E-10
         9.999671578407288E-01         7.069454568409128E-07        -2.586696135065125E-10
         9.999256730079651E-01         8.864195706337341E-07        -3.462404807308417E-10
         1.000322580337524E+00         5.589998863797518E-07        -2.049921898894524E-10
         1.000164866447449E+00         6.548627879965352E-07        -2.716799840651873E-10
         0.000000000000000E+00         0.000000000000000E+00         0.000000000000000E+00
         9.989570975303650E-01         8.443194019491784E-07        -2.922803943317120E-10
         9.988943338394165E-01         6.882434036015184E-07        -2.049420078087394E-10
         9.987249970436096E-01         2.378403536340556E-07        -2.836232811109785E-11
         9.982798695564270E-01         6.946244184291572E-07        -2.223673467582898E-10
         0.000000000000000E+00         0.000000000000000E+00         0.000000000000000E+00
         0.000000000000000E+00         0.000000000000000E+00         0.000000000000000E+00
         9.986859560012817E-01         5.018873494577747E-08         2.811679361558461E-11
         9.996096491813660E-01        -4.975823344466335E-07         2.760837947146655E-10
         9.991220235824585E-01         2.381952697305678E-07        -3.386043528896820E-11
         9.993236660957336E-01        -2.976080395455938E-07         1.606730998249262E-10
         9.992625117301941E-01         1.989345435049472E-07        -6.405519170638030E-11
         9.997460842132568E-01        -3.687704293042771E-07         1.350982936632050E-10
         1.000251889228821E+00        -5.048269144936057E-07         1.609606337105163E-10
         9.999932646751404E-01        -1.968143834574221E-07         4.022402549930248E-11
         9.997832179069519E-01        -4.142675322782452E-07         1.410212502328534E-10
         9.995346069335938E-01         1.351543232885888E-07        -9.593257438433866E-11
         9.999731779098511E-01        -7.586392030134448E-07         2.965687695422048E-10
         1.000093817710876E+00        -6.039398954271746E-07         2.285132222334951E-10
         1.000560641288757E+00        -9.555133146932349E-07         3.868571574194846E-10
         1.000465989112854E+00        -7.294351007658406E-07         2.933013831807330E-10
         1.000149250030518E+00        -4.946567173647054E-07         1.823053930039009E-10
         9.997524619102478E-01        -1.091135786168707E-07         4.257941568774903E-11
         9.999947547912598E-01        -2.228003239679310E-07         1.040447589195637E-10
         1.000156044960022E+00        -3.359015749992977E-07         1.173029867684861E-10
         1.000348925590515E+00        -2.029782848467221E-07         2.558260027429871E-11
         1.000270962715149E+00        -8.237738491345681E-09        -6.688877229876766E-11
         1.000229239463806E+00         1.879232769397277E-07        -1.769660529227224E-10
         1.000398039817810E+00         9.140520660366747E-07        -4.706777190222056E-10
         1.000677943229675E+00         1.245313796971459E-06        -5.660297230924982E-10
         1.000533461570740E+00         1.257596409232065E-06        -5.082908538511788E-10
         1.000340104103088E+00         9.891264198813587E-07        -3.335424436645695E-10
         1.000007748603821E+00         9.410166512680007E-07        -2.979524127422195E-10
         9.994086623191833E-01         7.889158268881147E-07        -2.251528685714987E-10
         9.993313550949097E-01         5.053771019447595E-07        -1.500218838046408E-10
         9.996473193168640E-01         5.845589043929067E-07        -2.124020681559813E-10
         1.000340461730957E+00         8.689823260965568E-08        -7.014996222798331E-11
         1.000760674476624E+00        -6.070557105886110E-07         2.213647321003265E-10
         1.000467896461487E+00        -9.601142210158287E-07         3.897944189645841E-10
         9.997733235359192E-01        -5.220060756983003E-07         2.327148612701890E-10
         9.990445375442505E-01         3.592425628085039E-07        -9.321349941915358E-11
         9.991656541824341E-01         6.922680313437013E-07        -2.419451861079835E-10
         9.996123909950256E-01         6.008675654811668E-07        -1.939197691314121E-10
         9.998731017112732E-01         4.914148803436547E-07        -1.161107529568106E-10
         1.000132083892822E+00         6.575191946467385E-08         4.710196468971084E-11
         1.000282526016235E+00        -1.539138736461609E-07         1.227588447560990E-10
         1.000120997428894E+00        -2.078680694239665E-07         1.235739843785666E-10
         1.000101923942566E+00        -5.428175882116193E-07         2.216157396484064E-10
         1.000277161598206E+00        -7.788415246068325E-07         2.611591776169320E-10
         9.998673200607300E-01        -9.779157483791323E-10        -6.338569946695571E-11
         9.993683695793152E-01         2.594346995010710E-07        -2.006761423700709E-10
         9.992439746856689E-01         6.209579623828176E-07        -3.237844992121097E-10
         9.994919300079346E-01         5.485168799168605E-07        -3.043128249391458E-10
         9.993572831153870E-01         1.173266582554788E-06        -5.322609575308945E-10
         9.989342093467712E-01         1.976238536371966E-06        -8.019632735667415E-10
         9.983675479888916E-01         1.980281467695022E-06        -8.158619890785701E-10
         9.980751276016235E-01         1.915263965202030E-06        -8.060143663612962E-10
         9.983543753623962E-01         1.762660872373090E-06        -7.819000447106816E-10
         9.983268380165100E-01         1.376978389089345E-06        -5.931414803761470E-10
         9.977764487266541E-01         1.769708433130290E-06        -7.619707642625428E-10
         9.973757863044739E-01         2.020375177380629E-06        -8.405705020919640E-10
         9.973591566085815E-01         1.908825424834504E-06        -7.778611088582466E-10
         9.974182248115540E-01         1.962252099474426E-06        -7.363796239445719E-10
         9.975123405456543E-01         1.626992684577999E-06        -6.178943467993747E-10
         9.977669119834900E-01         1.112638187805715E-06        -4.362390726431187E-10
         9.976761937141418E-01         8.534187259101600E-07        -3.731329689671270E-10
         9.971802830696106E-01         6.379559067681839E-07        -2.965775125485237E-10
         9.968681335449219E-01         6.756097832294472E-07        -3.295357597909998E-10
         9.968019127845764E-01         7.795171654834121E-07        -3.510468582490489E-10
         9.965854287147522E-01         9.603298849469866E-07        -4.572841549865814E-10
         9.964019060134888E-01         1.301198608416598E-06        -6.255790330200739E-10
         9.963120222091675E-01         1.233289935953508E-06        -6.425633358730920E-10
         0.000000000000000E+00         0.000000000000000E+00         0.000000000000000E+00
         0.000000000000000E+00         0.000000000000000E+00         0.000000000000000E+00
         0.000000000000000E+00         0.000000000000000E+00         0.000000000000000E+00
         0.000000000000000E+00         0.000000000000000E+00         0.000000000000000E+00
         0.000000000000000E+00         0.000000000000000E+00         0.000000000000000E+00
         0.000000000000000E+00         0.000000000000000E+00         0.000000000000000E+00
         0.000000000000000E+00         0.000000000000000E+00         0.000000000000000E+00
         1.004218220710754E+00        -3.723334032201819E-07         9.106256027013870E-11
         1.004589438438416E+00        -1.003127636067802E-06         2.729824422065263E-10
         1.004477620124817E+00        -1.408281491421803E-06         4.406414955138160E-10
         1.004045844078064E+00        -1.544202746117662E-06         5.091580490557135E-10
         1.004109978675842E+00        -1.693167405392160E-06         5.219183973892427E-10
         1.003847002983093E+00        -1.759070528351003E-06         5.542012404546881E-10
         1.003396391868591E+00        -1.476494389862637E-06         4.565203493012149E-10
         1.003360867500305E+00        -1.381978222525504E-06         4.628565863917800E-10
         1.003327488899231E+00        -1.179306309495587E-06         3.613610521924215E-10
         1.002955555915833E+00        -8.035222549551690E-07         2.303606194686836E-10
         1.002463340759277E+00        -3.662204335341812E-07         7.084972886151064E-11
         1.002455830574036E+00        -4.762626133469894E-07         1.120481069039059E-10
         1.002101540565491E+00        -7.636181749148818E-07         2.428041101509848E-10
         1.001880884170532E+00        -1.276232524105581E-06         4.624884919479655E-10
         1.001592397689819E+00        -1.154876713371777E-06         4.245410134551264E-10
         1.001486182212830E+00        -1.228792143592727E-06         4.762971683724970E-10
         1.001451134681702E+00        -9.310886639468663E-07         3.322766228830432E-10
         1.001427292823792E+00        -6.548345368173614E-07         2.323336800724718E-10
         1.001066923141479E+00        -3.364037013398047E-07         1.321895093386871E-10
         1.000895977020264E+00        -3.165569921748101E-07         1.394079851557706E-10
         1.000876545906067E+00        -3.675226025734446E-07         1.653540221413508E-10
         1.000652194023132E+00        -9.133020029139516E-08         7.186452127827536E-11
         1.000489592552185E+00        -4.235662345308810E-07         2.299073292855169E-10
         9.999333024024963E-01         3.784574786891426E-08         2.123213063698337E-11
         9.993005990982056E-01         6.448560156968597E-07        -2.006659283182444E-10
         9.992874264717102E-01         5.114153509566677E-07        -1.311389885572112E-10
         9.993046522140503E-01         7.617044275320950E-07        -1.847292180334748E-10
         9.992363452911377E-01         6.858569463474851E-07        -1.384617420718826E-10
         9.995908737182617E-01         3.404808524010150E-07         2.818354057076977E-11
         9.999265074729919E-01         1.866723096100031E-07         4.231433953227892E-11
         1.000051856040955E+00         1.877340451983400E-07         8.509919331711746E-12
         1.000419616699219E+00        -2.917398234103530E-08         6.587994733076030E-11
         1.000627040863037E+00         2.929361926362617E-07        -4.666004388420575E-11
         1.000066161155701E+00         8.705294476385461E-07        -2.247636382568530E-10
         9.994766712188721E-01         1.188782221106521E-06        -3.285667016239557E-10
         9.996356964111328E-01         1.167734353657579E-06        -3.398405723498144E-10
         9.995192289352417E-01         9.533952152196434E-07        -2.717353009273893E-10
         9.993968605995178E-01         9.507133427177905E-07        -2.333507831409065E-10
         9.992480874061584E-01         6.729134156557848E-07        -1.208563110699501E-10
         9.993398785591125E-01         6.006085300214181E-07        -1.151463993598334E-10
         9.994655847549438E-01         7.444564857905789E-07        -2.198929927033078E-10
         9.994750618934631E-01         6.998036496952409E-07        -2.254738062923423E-10
         9.996024966239929E-01         1.091410126718984E-06        -3.946307725044562E-10
         9.997282028198242E-01         1.423238245479297E-06        -5.417816195674163E-10
         9.998109936714172E-01         1.350600200566987E-06        -5.595668373103990E-10
         1.000174760818481E+00         5.551425488192763E-07        -3.082097077555801E-10
         1.000374674797058E+00         6.531413418997545E-07        -3.659570146918867E-10
         1.000125408172607E+00         1.189995487038686E-06        -5.508989930902430E-10
         9.997525811195374E-01         1.727953076624544E-06        -6.999217871950236E-10
         9.998006224632263E-01         1.584102164997603E-06        -6.842856281608078E-10
         9.997714757919312E-01         1.397711002937285E-06        -5.959266968780241E-10
         9.996254444122314E-01         1.276140551453864E-06        -5.330730856734078E-10
         1.000080108642578E+00         2.232543465652270E-07        -1.282683820269526E-10
         9.999247193336487E-01        -8.734585321690247E-08         2.669056989312857E-11
         9.999522566795349E-01        -2.444120354994084E-07         1.284593126316125E-10
         1.000035524368286E+00        -1.863665888279797E-09         9.993026545140893E-11
         1.000496625900269E+00        -1.641838593968714E-07         1.513384972895437E-10
         1.000891208648682E+00        -6.763924034203228E-07         2.811784971523679E-10
         1.001148462295532E+00        -6.581789762094559E-07         1.968126217555266E-10
         1.001313686370850E+00        -4.272625062640145E-07         1.376671138197949E-10
         1.000996947288513E+00        -2.480703926721617E-07         2.951827671182627E-11
         1.000598192214966E+00         2.773767562302965E-07        -1.580303249371084E-10
         1.000473499298096E+00         4.127654165131389E-07        -1.707576996468063E-10
         1.000352263450623E+00         6.723975616296229E-07        -2.284733652269111E-10
         1.000389337539673E+00         1.466932104676744E-07         2.728945194818699E-11
         1.000176668167114E+00        -1.960912214826749E-07         1.485704198556093E-10
         9.999696612358093E-01        -3.360617881753569E-07         2.335886761795081E-10
         9.999882578849792E-01        -2.490797328391636E-07         2.099255907994646E-10
         9.997343420982361E-01         4.074452704116993E-07         2.755804265341943E-11
         9.994831085205078E-01         7.800638854860154E-07        -9.641068499099958E-11
         9.999949932098389E-01         3.224598401629919E-07         3.057771397196873E-11
         1.000376820564270E+00        -4.494075778183060E-09         5.405954850434824E-11
         1.000559091567993E+00        -2.654032016380370E-07         1.027652962726222E-10
         1.000772476196289E+00        -7.352949182859447E-07         2.571601265266565E-10
         1.000208973884583E+00        -3.000599235747359E-07         1.129933646648595E-10
         9.996598958969116E-01         6.890830945849302E-07        -2.715261071539743E-10
         9.995219111442566E-01         6.249699140425946E-07        -2.688140821049956E-10
         9.994386434555054E-01         4.799262569576968E-07        -1.838423441258286E-10
         9.994010925292969E-01         3.221261408725695E-07        -1.005647301544066E-10
         9.993600249290466E-01         7.938975272736570E-07        -2.734780457647190E-10
         9.995265603065491E-01         6.040323228262423E-07        -2.290099360147124E-10
         9.998075366020203E-01         5.966133471702051E-07        -2.578134927766484E-10
         9.994764328002930E-01         1.108753622247605E-06        -4.599521319370581E-10
         9.993675947189331E-01         7.855025501157797E-07        -3.075603660640525E-10
         9.992414116859436E-01         1.010543883239734E-06        -3.520671809642550E-10
         9.993587136268616E-01         4.724080042706191E-07        -1.051425405074191E-10
         9.999386072158813E-01         3.115121671726229E-07        -5.996411700515125E-11
         1.000553607940674E+00        -1.203552368878036E-08         3.555756730722059E-11
         1.000961780548096E+00        -9.764405604073545E-07         3.530925551942232E-10
         1.001142382621765E+00        -9.097608995034534E-07         2.931453135790463E-10
         1.000873923301697E+00        -6.329211146294256E-07         1.663890136782697E-10
         1.000952005386353E+00        -8.186226523321238E-07         1.764325630038144E-10
         1.000572800636292E+00        -4.924555128127395E-07         5.609741490775200E-11
         1.000518202781677E+00        -2.706960628984234E-07        -5.450266279960481E-11
         1.000633716583252E+00        -1.997299250433571E-07        -6.792445078618314E-11
         1.000752329826355E+00        -3.764866960409563E-07         2.854588093681443E-12
         1.000821948051453E+00        -4.994010396330850E-07        -1.260661974117339E-11
         1.000875473022461E+00        -5.510135565600649E-07         5.046204773484497E-11
         1.000892043113708E+00        -7.802244681442971E-07         1.710108860075721E-10
         1.000548243522644E+00        -7.408375495288055E-07         2.471588211871989E-10
         1.000224709510803E+00        -8.100082595774438E-07         3.619222976869452E-10
         1.000226140022278E+00        -6.181438720886945E-07         2.540912757975633E-10
         9.998460412025452E-01        -4.140752878356579E-07         1.763724027936675E-10
         9.997759461402893E-01        -3.912030592800875E-07         1.964935297804615E-10
         1.000099539756775E+00        -1.057214035427023E-06         4.989319513093449E-10
         1.000235199928284E+00        -1.356898906124115E-06         5.625305776746359E-10
         1.000276565551758E+00        -1.848477268140414E-06         7.596910878149288E-10
         1.000118255615234E+00        -1.646107648411999E-06         6.991384138288481E-10
         9.999535083770752E-01        -9.074918239093677E-07         3.139907778226814E-10
         9.999107122421265E-01        -1.003077500172367E-06         3.346378174562403E-10
         1.000001788139343E+00        -9.764831929715001E-07         2.835883194940436E-10
         9.995538592338562E-01        -4.248960010500014E-07         7.762208931172410E-11
         9.994369745254517E-01        -3.109237809439946E-07         5.510437939282298E-11
         9.995756745338440E-01        -1.642568747683981E-07        -6.761914639330513E-11
         9.996076226234436E-01        -1.906643234406147E-07        -9.836757797199169E-11
         9.995691776275635E-01         2.284175621980467E-07        -2.822148070791286E-10
         9.999865889549255E-01        -3.456742092566856E-07        -4.492502723996150E-12
         1.000602841377258E+00        -6.883372520860576E-07         1.361223078699680E-10
         1.000818610191345E+00        -7.152061698434409E-07         1.125753240627247E-10
         1.000725388526917E+00        -3.499062017908727E-07        -3.238826221108049E-11
         1.000169634819031E+00         1.749365594605479E-07        -1.345326072765829E-10
         1.000091433525085E+00         5.823453008702018E-08         1.019283290583373E-12
         1.000029444694519E+00        -1.136135452384224E-07         7.220980757782769E-11
         1.000094175338745E+00        -6.793744233846155E-08         3.373933424311026E-11
         9.999455809593201E-01         8.033516962768772E-08         3.137668727268283E-12
         9.998812675476074E-01        -4.263374009383369E-08         2.808057952830012E-11
         9.996769428253174E-01         4.440901193447644E-07        -2.137024862625125E-10
         9.998063445091248E-01         6.726263563905377E-07        -3.052372798961756E-10
         9.999173879623413E-01         5.997403604851570E-07        -2.552992539595067E-10
         9.993617534637451E-01         1.725755055304035E-06        -5.509341871601237E-10
         9.985906481742859E-01         2.344842641832656E-06        -6.325535095719204E-10
         9.988289475440979E-01         2.101934114762116E-06        -5.598458363564873E-10
         9.995583295822144E-01         1.382544382977358E-06        -3.661768666063381E-10
         1.000331163406372E+00         6.184197332004260E-07        -2.046092323348958E-10
         1.000143051147461E+00         1.956855726348294E-07        -1.244735391148222E-11
         9.994517564773560E-01         5.454811002891802E-07         2.694778428180555E-11
         9.989573359489441E-01         7.433141604451521E-07        -2.141199023641960E-11
         9.994214773178101E-01         2.940100785053801E-07         9.340858642126193E-11
         9.995654821395874E-01        -1.827679341204203E-07         2.581633240517078E-10
         9.997838735580444E-01        -7.726275157438067E-07         4.475219084199011E-10
         9.997929334640503E-01        -9.863156265055295E-07         5.663574609293676E-10
         1.000115036964417E+00        -4.962824391441245E-07         3.278477211932085E-10
         9.997367262840271E-01         3.648752056051308E-07         2.968010212600625E-11
         9.997240900993347E-01         8.668506552567123E-07        -1.456542247924020E-10
         9.996556639671326E-01         6.099712663854007E-07        -7.898047493792859E-11
         9.998425245285034E-01        -1.437816710136985E-08         1.521672787774264E-10
         1.000074982643127E+00        -7.725188311269449E-08         1.022237711145735E-10
         1.000988483428955E+00        -1.952040975083946E-06         7.901021503720074E-10
         1.001055955886841E+00        -1.779882609298511E-06         7.118013400919665E-10
         1.000751852989197E+00        -7.278840712388046E-07         3.582049379335928E-10
         1.001317381858826E+00        -6.761101190022600E-07         2.140686933271851E-10
         1.001244902610779E+00        -1.293505761168490E-06         4.159529942704410E-10
         1.001072764396667E+00        -1.181380298476142E-06         3.469118881049837E-10
         1.001188039779663E+00        -1.679270098975394E-06         5.097475774817894E-10
         1.000962257385254E+00        -1.759278575264034E-06         5.895357535479206E-10
         1.001148343086243E+00        -2.451154841764946E-06         8.553509012187988E-10
         9.998762011528015E-01        -7.723449471086496E-07         2.331121684573390E-10
         1.000199794769287E+00        -1.396123707309016E-06         4.718518908930491E-10
         1.000847101211548E+00        -2.263170244987123E-06         8.347483260173760E-10
         1.000108122825623E+00        -1.647576027608011E-06         7.337069840573918E-10
         9.992014169692993E-01         2.551043110088358E-07        -4.902169815912405E-12
         9.993596673011780E-01         8.500015837853425E-07        -2.910851004678250E-10
         9.997264742851257E-01         9.757333145898883E-07        -4.804446285255892E-10
         9.990541338920593E-01         2.101327936543385E-06        -8.483594382546755E-10
         9.992179274559021E-01         2.618205144244712E-06        -1.034545560330002E-09
         9.995845556259155E-01         2.252878857689211E-06        -9.399107048224664E-10
         1.000146627426147E+00         6.565986723217065E-07        -3.874131293546412E-10
         1.000385999679565E+00         2.759047674771864E-07        -2.912929342180348E-10
         1.000032305717468E+00         6.612420975216082E-07        -3.990458519176343E-10
         1.000209212303162E+00         3.234619327940891E-07        -2.541986066084689E-10
         1.000045418739319E+00         6.752711669832934E-07        -2.709242552523250E-10
         9.998466372489929E-01         4.648892684144812E-07        -1.187655529477638E-10
         9.991085529327393E-01         1.465864102101477E-06        -3.781781832135067E-10
         9.992104172706604E-01         1.137028903031023E-06        -2.575514523872613E-10
         9.991641044616699E-01         1.523506625744631E-06        -5.045830975269894E-10
         9.991368055343628E-01         1.631865984563774E-06        -5.817218373671551E-10
         9.993274211883545E-01         6.414510949070973E-07        -1.369429986075588E-10
         9.987921714782715E-01         1.109137087951240E-06        -3.598324693765420E-10
         9.986032843589783E-01         1.334476451120281E-06        -4.261723751675106E-10
         9.982740879058838E-01         2.230187419627327E-06        -7.070350971360995E-10
