         1.000966310501099E+00         3.721598034189810E-07        -1.641151103903837E-10
         1.001406788825989E+00         1.137337157786078E-08        -3.923354696677706E-11
         1.001398682594299E+00        -3.521084579460876E-07         1.253660369959775E-10
         1.001042246818542E+00         3.896941507264273E-07        -1.812036770632020E-10
         1.001157999038696E+00        -1.180689679358693E-08        -2.478130721461635E-11
         1.001417040824890E+00        -5.021062179366709E-07         1.959314793742450E-10
         1.001467943191528E+00        -6.062615511837066E-07         2.392381848181913E-10
         1.001039862632751E+00        -1.706014529645472E-07         1.351221357026589E-10
         1.000920295715332E+00         3.103061487763625E-07        -1.056820742029174E-10
         1.000878930091858E+00         2.209477685255479E-07        -5.130468272440680E-11
         1.000805020332336E+00         4.075678532444726E-07        -1.150970846408583E-10
         1.000652194023132E+00         7.867244562476117E-07        -2.636421636559305E-10
         1.000666379928589E+00         4.090148308932839E-07        -1.362756574252444E-10
         1.000861406326294E+00        -9.449212967638232E-08         5.019979223974680E-11
         1.000776648521423E+00         1.146110051308824E-08         2.289526207510661E-11
         1.000477790832520E+00         4.076339621406078E-07        -1.221836937181919E-10
         1.000215291976929E+00         8.786936405158485E-07        -2.897416195857261E-10
         1.000163912773132E+00         8.311072861033608E-07        -2.916399899355326E-10
         1.000123500823975E+00         9.768334621185204E-07        -3.600329201436381E-10
         1.000518202781677E+00         2.780323598017276E-07        -1.079653380586798E-10
         1.000077366828918E+00         6.234870966181916E-07        -2.211916899641508E-10
         1.000394940376282E+00        -1.093663328788352E-07         5.213924778035839E-11
         1.000450372695923E+00        -2.567456078850228E-07         9.821767704698559E-11
         1.000540614128113E+00        -5.005671255275956E-07         1.750666139832546E-10
         1.000296950340271E+00        -2.322138925592299E-07         5.774328237784232E-11
         1.000205397605896E+00        -3.625852968980325E-07         1.214620487521856E-10
         1.000012636184692E+00         5.224944921167207E-09        -2.413061243877745E-11
         9.997981786727905E-01         2.717042946187576E-08        -3.887974317495768E-11
         1.000243306159973E+00        -8.522893040208146E-07         2.951442978904595E-10
         1.000064373016357E+00        -8.028297884266067E-07         3.226249267740400E-10
         1.000058889389038E+00        -4.970787017555267E-07         1.832815982316660E-10
         1.000437021255493E+00        -9.378100003232248E-07         3.177111074226247E-10
         1.000267982482910E+00        -7.847228289392660E-07         2.820255973201569E-10
         1.000273823738098E+00        -7.636497230123496E-07         3.104679568988189E-10
         1.000512719154358E+00        -7.406551389976812E-07         2.514680130794034E-10
         1.000297188758850E+00        -1.630266126539937E-07         2.723562521345091E-11
         1.000353217124939E+00        -3.677052973216632E-07         1.159746604306733E-10
         9.999981522560120E-01        -2.513611718768516E-07         8.219634001216392E-11
         9.999376535415649E-01        -3.002642472438311E-07         1.431318397138170E-10
         9.995545744895935E-01         3.390575784578687E-07        -9.607491191498951E-11
         9.995053410530090E-01         4.077944879554707E-07        -1.386495640520735E-10
         9.995976090431213E-01        -1.307736852140806E-07         6.149287329337838E-11
         9.998722672462463E-01        -4.565373785681004E-07         1.630247048467481E-10
         9.996591806411743E-01        -1.692249185225592E-07         1.037053706798297E-10
         9.993270039558411E-01         4.542806948393263E-07        -1.051564182952269E-10
         9.992449879646301E-01         4.210238273572031E-07        -1.029973398236628E-10
         9.994031190872192E-01         3.077878716339910E-07        -6.893728643486696E-11
         9.991775751113892E-01         5.721382763113070E-07        -1.652031150767286E-10
         9.992030858993530E-01         5.034092964706360E-07        -1.535730015378434E-10
         9.991261363029480E-01         4.913330826639140E-07        -1.071891256310131E-10
         9.991284608840942E-01         7.104763426468708E-07        -2.210883282005582E-10
         9.988530278205872E-01         8.939467761592823E-07        -2.963078671314179E-10
         9.990493059158325E-01         7.783061732880014E-07        -2.821984590450910E-10
         9.993540644645691E-01         1.810406331514969E-07        -4.424824395776739E-11
         9.993479251861572E-01         3.664321752694377E-07        -1.273183086736296E-10
         9.991402029991150E-01         4.679214100633544E-07        -1.143819206017582E-10
         9.990026354789734E-01         1.011711333376297E-06        -3.071919107977550E-10
         9.989724755287170E-01         9.816333204071270E-07        -2.954758937523394E-10
         9.989222288131714E-01         1.470334609621204E-06        -4.957262933480422E-10
         9.990903139114380E-01         1.116647581511643E-06        -3.560691186343945E-10
         9.994152188301086E-01         6.960897280805511E-07        -2.270991311670301E-10
         9.991427063941956E-01         1.098211328098841E-06        -3.818707294822588E-10
         9.991081953048706E-01         1.116738303608145E-06        -3.706416562554438E-10
         9.993101954460144E-01         5.582328412856441E-07        -1.471654881290974E-10
         9.993935823440552E-01         3.793392124862294E-07        -9.263120825941940E-11
         9.990873336791992E-01         6.059586326045974E-07        -1.464475485324357E-10
         9.991075396537781E-01         3.642428225703043E-07        -2.791100336962948E-11
         9.991033077239990E-01         2.631386450957507E-07         1.248294523303883E-11
         9.991574883460999E-01         2.296956154168583E-07         1.901408891447076E-11
         9.991762042045593E-01         3.383983653293399E-07        -5.092633606484931E-11
         9.993674159049988E-01         1.683422397036338E-07        -2.790422753973232E-11
         9.996517300605774E-01        -2.700432162328070E-07         1.287462914056903E-10
         9.995493888854980E-01        -2.160365539793929E-07         1.191679532830392E-10
         9.993081688880920E-01         5.183011353437905E-07        -1.878248390152493E-10
         9.994285702705383E-01         2.974549317968922E-07        -9.090727476346316E-11
         9.996708631515503E-01         3.592884922909434E-08         1.373210226085497E-11
         9.998002052307129E-01        -1.903365074440444E-07         1.187587667095258E-10
         9.999722242355347E-01        -4.571639067307842E-07         2.144789068569963E-10
         9.998366832733154E-01        -1.814641592545740E-07         1.135500374283005E-10
         9.998213648796082E-01        -1.733800161218824E-07         1.060327173285636E-10
         1.000186920166016E+00        -6.904481324454537E-07         2.802396648071692E-10
         9.998345971107483E-01         1.878109685549134E-07        -1.024165058316484E-10
         9.997608661651611E-01         3.319262873446860E-07        -1.447651720720700E-10
         9.999589323997498E-01        -5.857562257460813E-08         2.156811361453403E-11
         9.999729990959167E-01        -1.971454963722863E-07         4.366504727237874E-11
         1.000184893608093E+00        -6.672117933703703E-07         2.119307923598157E-10
         1.000168323516846E+00        -3.556022818429483E-07         5.616869469537988E-11
         1.000240921974182E+00        -3.217898267848796E-07         4.640365522390333E-11
         1.000074505805969E+00        -5.380987389003167E-08        -6.133794860918584E-11
         1.000207185745239E+00        -3.264741792463610E-07         7.713271688025714E-11
         1.000143647193909E+00        -1.371040667663692E-07         2.872619503380136E-11
         9.998549222946167E-01         5.383249117585365E-07        -2.293635420480555E-10
         1.000088572502136E+00         2.501894300621643E-07        -1.025449100633402E-10
         9.996314644813538E-01         9.610797633285983E-07        -3.775334767031069E-10
         9.995816946029663E-01         1.211205699291895E-06        -4.721096291682159E-10
         9.997497200965881E-01         6.253466153793852E-07        -2.481126970543812E-10
         9.997379183769226E-01         4.440469751898490E-07        -2.029149903659544E-10
         9.999387860298157E-01         2.415344511064177E-07        -1.564466334258441E-10
         1.000059604644775E+00        -3.552602834133722E-07         1.164538465658893E-10
         9.998843669891357E-01         4.988396185012789E-08        -3.590326994040716E-11
         1.000092983245850E+00        -2.371944134438309E-07         6.213310421721019E-11
         9.998470544815063E-01        -9.351919061373337E-08         4.929676805653926E-11
         9.998401403427124E-01         1.619698153376703E-08        -8.421268890557165E-12
         9.999797940254211E-01        -2.527051492506871E-07         8.718544636243664E-11
         9.998586177825928E-01         3.589032715467511E-08        -1.887640391218248E-11
         1.000243306159973E+00        -2.781919761218887E-07         1.154373541201181E-10
         1.000514626502991E+00        -7.060728535179805E-07         2.855438940851940E-10
         1.000372290611267E+00        -3.107204520347295E-07         1.447172104374062E-10
         1.000441551208496E+00        -2.790006305986026E-07         1.470520510915563E-10
         1.000364184379578E+00        -2.339690041708309E-07         9.915079868250132E-11
         1.000717878341675E+00        -9.314788940173457E-07         3.359875433428527E-10
         1.000417828559875E+00        -1.657185464409849E-07         4.955528348782323E-11
         1.000214815139771E+00         4.788831731161736E-08        -1.187473470248834E-11
         1.000383377075195E+00        -1.595025338474443E-07         8.538957041448469E-11
         1.000643491744995E+00        -4.662091726004292E-07         1.740714655751319E-10
         1.000498890876770E+00        -4.562527635698643E-07         1.948469163792765E-10
         1.000544190406799E+00        -3.117608002867200E-07         1.247148773142470E-10
         1.000820517539978E+00        -8.426168847108784E-07         3.093552913835396E-10
         1.000765204429626E+00        -7.055627406771237E-07         2.579588209705719E-10
         1.000750899314880E+00        -7.373765242846275E-07         3.086341737734699E-10
         1.000519633293152E+00        -4.197383702830848E-07         1.671352917176350E-10
         1.000280857086182E+00        -3.224584190775204E-07         1.525827381110290E-10
         9.999928474426270E-01         2.886166896587383E-07        -8.427498976448788E-11
         9.999998807907104E-01         3.625697218012647E-07        -1.598218640763704E-10
         1.000246286392212E+00        -1.097847075470781E-07        -2.897238178534156E-11
         1.000131011009216E+00         1.087230359075875E-07        -1.290389045616180E-10
         9.999842643737793E-01         8.424523656458405E-08        -1.000466307021775E-10
         1.000153779983521E+00        -4.500652437400277E-07         1.149796924337920E-10
         9.997713565826416E-01        -7.291972359269039E-09        -2.754629857548707E-11
         9.997828006744385E-01        -2.286301565845861E-07         7.157294895643318E-11
         9.997906088829041E-01        -8.158200159869011E-08         2.174525490228341E-11
         9.997884035110474E-01         6.146242981230898E-08        -3.153442784675775E-11
         9.997906684875488E-01         8.124722938873674E-08        -2.376696062178496E-11
         9.997484087944031E-01         2.623784780553251E-07        -1.190190862532248E-10
         9.999989271163940E-01        -3.239309620539643E-08        -2.766357282135701E-11
         9.998638033866882E-01         1.604120285492172E-07        -1.034035149172219E-10
         9.996393322944641E-01         4.238834492298338E-07        -2.042297442272911E-10
         9.999788403511047E-01        -2.389383269019163E-07         5.655946891391928E-11
         1.000323057174683E+00        -6.268959964472742E-07         1.959474388302240E-10
         1.000409722328186E+00        -6.309463742582011E-07         1.829530693608916E-10
         1.000115036964417E+00        -2.910596208494098E-07         7.221412356983592E-11
         9.999412894248962E-01        -2.288680178708091E-08        -1.630669882977942E-12
         9.999772906303406E-01         9.316028126704623E-08        -5.361792954072797E-11
         9.998130798339844E-01         1.488920702286123E-07        -9.239706916241985E-11
         9.997925162315369E-01        -1.058961913713574E-07         1.834348124785112E-11
         9.997950792312622E-01        -3.440623075334770E-08         1.045658525045123E-11
         9.997195005416870E-01         2.740812021784222E-09         2.121678353839140E-11
         9.997553825378418E-01        -2.317967471299198E-07         1.269822025307121E-10
         9.999920725822449E-01        -4.703921661075583E-07         1.931424464807208E-10
         9.999901652336121E-01        -3.960703907068819E-07         1.750142114564923E-10
         9.998798966407776E-01        -3.652350528682291E-07         1.806810950855109E-10
         9.999414682388306E-01        -3.754176134407317E-07         1.616919098612613E-10
         1.000059962272644E+00        -2.586447465091624E-07         1.063999374717461E-10
         1.000116467475891E+00        -1.169030099390511E-07         6.017383813450294E-11
         1.000027656555176E+00         4.745835013864053E-08        -4.656896396282306E-12
         9.998618960380554E-01         3.190386905771447E-07        -1.106790700755589E-10
         9.999303221702576E-01         5.600437589237117E-07        -1.998528564861601E-10
         1.000118970870972E+00         9.501646047738177E-08        -3.522545796719179E-11
         1.000049710273743E+00        -2.092558872845984E-07         1.003532604237911E-10
         9.998469948768616E-01         1.140154779477598E-07        -3.944439913583508E-11
         9.998974800109863E-01         4.330433256427568E-08         6.287202529431379E-12
         9.997959136962891E-01        -2.101690732558836E-08         2.802825332937076E-11
         9.996831417083740E-01        -4.540730813573646E-08         3.694413525101581E-11
         9.996927976608276E-01        -1.843412178459403E-07         8.069767076790413E-11
         9.995222091674805E-01         6.946383734884876E-08        -2.970726442619309E-11
         9.994523525238037E-01        -2.075347680374762E-07         9.911423071162773E-11
         9.994021058082581E-01        -3.871515446007834E-07         1.608701366562215E-10
         9.991078376770020E-01        -2.473623510468315E-07         1.349892420066112E-10
         9.997889995574951E-01        -1.697301740932744E-06         6.884703918075274E-10
         9.992238283157349E-01        -5.135423748470203E-07         2.222969586185286E-10
         9.992302060127258E-01        -6.878168505863869E-07         2.735059123626371E-10
         9.991198182106018E-01        -6.637308729295910E-07         2.625382133913945E-10
         9.992086291313171E-01        -8.858557976054726E-07         3.643339241410359E-10
         9.992540478706360E-01        -9.028219096762768E-07         3.573679963064791E-10
         9.991093873977661E-01        -1.058923317032168E-06         4.360480310161563E-10
         9.989742040634155E-01        -1.247694399353350E-06         5.258461999169128E-10
         9.988261461257935E-01        -1.122038383982726E-06         4.377312678993661E-10
         9.988062977790833E-01        -1.204625391437730E-06         4.851813395490012E-10
         9.990370869636536E-01        -1.665122454141965E-06         6.548272479811601E-10
         9.986873865127563E-01        -1.245691805706883E-06         4.934930242228575E-10
         9.986045360565186E-01        -1.291886519538821E-06         5.029613392437682E-10
         9.984923005104065E-01        -1.265504010916629E-06         4.935192809973898E-10
         0.000000000000000E+00         0.000000000000000E+00         0.000000000000000E+00
         0.000000000000000E+00         0.000000000000000E+00         0.000000000000000E+00
         0.000000000000000E+00         0.000000000000000E+00         0.000000000000000E+00
         0.000000000000000E+00         0.000000000000000E+00         0.000000000000000E+00
         0.000000000000000E+00         0.000000000000000E+00         0.000000000000000E+00
         0.000000000000000E+00         0.000000000000000E+00         0.000000000000000E+00
         0.000000000000000E+00         0.000000000000000E+00         0.000000000000000E+00
         1.001969456672668E+00         2.636201656969206E-07        -1.189511683596933E-10
         1.001873612403870E+00         3.978092308898340E-07        -1.699109464237125E-10
         1.001573801040649E+00         7.834820507923723E-07        -3.240576140761675E-10
         1.001366972923279E+00         7.970762680997723E-07        -3.129773662458035E-10
         1.001180410385132E+00         9.460292744734033E-07        -3.787259950094324E-10
         1.001262545585632E+00         6.916396273481951E-07        -2.776973373475045E-10
         1.001375913619995E+00         5.567217726820672E-07        -2.252842079553119E-10
         1.001475930213928E+00         3.838158875169029E-07        -1.630010848518992E-10
         1.000900030136108E+00         1.212586539622862E-06        -4.813019982563560E-10
         1.000835061073303E+00         1.113681150854973E-06        -4.446292500848159E-10
         1.000957727432251E+00         7.256526828314236E-07        -3.113636570795109E-10
         1.000845193862915E+00         6.471440769928449E-07        -2.897711792737567E-10
         1.000700831413269E+00         5.149250910108094E-07        -2.472774207618045E-10
         1.000747203826904E+00         1.628566081990357E-07        -9.488070745744537E-11
         1.000438451766968E+00         6.404196710718679E-07        -2.709868995864895E-10
         1.000806927680969E+00         1.768931099377369E-07        -8.361637077181072E-11
         1.000846982002258E+00         5.663430329150287E-07        -2.583905311936974E-10
         1.000895142555237E+00         3.895207782989019E-07        -1.766910506795227E-10
         1.000824213027954E+00         5.546355623664567E-07        -2.546106936396342E-10
         1.000869154930115E+00         1.035378147662414E-07        -8.409469648418266E-11
         1.000827193260193E+00         2.052457226398019E-08        -6.926965945286412E-11
         1.000869393348694E+00        -1.166850580602841E-07        -1.250195259816511E-11
         1.000469088554382E+00         3.887755042342178E-07        -1.963155055184629E-10
         1.000327229499817E+00         2.562265137839859E-07        -1.305371505333497E-10
         1.000193595886230E+00         1.308799824073503E-07        -8.100750625850139E-11
         1.000164151191711E+00         2.470066533533100E-07        -1.231317270367072E-10
         1.000496983528137E+00        -3.073505183692760E-07         1.024277676564544E-10
         1.000221610069275E+00         1.323614640114101E-07        -4.602879188908560E-11
         1.000101447105408E+00         9.705269476967260E-09        -3.585344911585797E-12
         9.999797940254211E-01         1.509588116732630E-07        -6.571201915939184E-11
         9.997963905334473E-01         1.796579596202719E-07        -7.414711206132907E-11
         1.000054121017456E+00        -3.498637397569837E-07         1.358302914589160E-10
         9.997414350509644E-01         3.455353692061180E-07        -1.512819869375903E-10
         9.996771812438965E-01         2.079337804161696E-07        -7.141522095910346E-11
         9.998129010200500E-01        -1.243066520828506E-07         5.455873947068923E-11
         9.996833801269531E-01         2.183883793804853E-07        -8.203386581140393E-11
         9.997287988662720E-01         1.679253927022728E-07        -6.473539065909861E-11
         9.995620846748352E-01         7.709953138146375E-07        -2.913816687932780E-10
         9.997367858886719E-01         5.803207727694826E-07        -2.230847312434392E-10
         9.996496438980103E-01         8.499496289005037E-07        -3.414316329664047E-10
         9.994494318962097E-01         9.368895348416117E-07        -3.520478353280510E-10
         9.997154474258423E-01         5.429225780062552E-07        -1.992697534758392E-10
         9.996171593666077E-01         6.640689207415562E-07        -2.593495973535198E-10
         9.995718002319336E-01         7.818040330676013E-07        -3.081412069949607E-10
         9.999041557312012E-01         1.576746626597014E-07        -5.019105270287483E-11
         9.994371533393860E-01         1.003749616756977E-06        -3.619630151163733E-10
         9.997045993804932E-01         4.002205002962000E-07        -1.423395429300811E-10
         9.994506239891052E-01         4.688091905791225E-07        -1.653202991169778E-10
         9.993773698806763E-01         4.476259505281632E-07        -1.748660938272195E-10
         9.992879629135132E-01         7.488280289180693E-07        -3.078229615649519E-10
         9.995337128639221E-01         3.586438026559335E-07        -1.561833995467055E-10
         9.995789527893066E-01         3.583638488180441E-07        -1.723038239864749E-10
         9.999140501022339E-01         2.491425021844407E-08        -4.688373647643296E-11
         9.998235702514648E-01         2.120946760442166E-07        -1.046772529766926E-10
         9.997910857200623E-01        -1.351840750452027E-09        -1.058844591866892E-11
         9.999249577522278E-01        -2.869358297630242E-07         1.015773229418038E-10
         9.996690750122070E-01         4.506894981659570E-07        -1.628300688727435E-10
         9.999938011169434E-01        -7.895767595300640E-08         4.795913319255440E-11
         1.000042080879211E+00        -9.415247603783428E-08         5.850055162515133E-11
         9.998667836189270E-01        -1.131156253109111E-07         6.741970176582512E-11
         9.999200701713562E-01        -3.279056670635327E-07         1.273554595115911E-10
         9.998807907104492E-01        -5.456971621242701E-07         2.133327819953124E-10
         9.994747638702393E-01         1.550311168330154E-07        -6.564734866820743E-11
         9.995986223220825E-01         7.277199642885535E-08        -3.742690879438015E-11
         9.998278021812439E-01        -4.229931676036358E-07         1.845202740602403E-10
         9.997121691703796E-01        -7.969990178935404E-08         5.405428535332213E-11
         9.994823336601257E-01         1.836517498077228E-07        -5.007420866842693E-11
         9.994167089462280E-01         9.544468326794231E-08        -8.951514876565092E-12
         9.994874596595764E-01         8.161008224760735E-08        -1.094521001610005E-11
         9.996720552444458E-01        -2.271242891538350E-07         7.935378742995880E-11
         9.995292425155640E-01         3.039215243916260E-07        -1.236156454975657E-10
         9.994359612464905E-01         5.935473268436908E-07        -2.586451330888195E-10
         9.995320439338684E-01         4.465212839477317E-07        -2.090400491594480E-10
         9.997746944427490E-01        -7.285760439401656E-09        -2.643896039600246E-11
         9.997993707656860E-01         4.446283341508206E-08        -3.799018044592373E-11
         9.995353221893311E-01         5.805974296890781E-07        -2.401874810153970E-10
         9.998350739479065E-01         1.102046596201944E-07        -3.353393604466071E-11
         9.997303485870361E-01         5.288509328238433E-07        -1.993288867296883E-10
         9.998985528945923E-01         2.041449818079855E-07        -7.374532234871722E-11
         1.000025272369385E+00        -3.200945286607748E-07         1.533323884528315E-10
         9.998590946197510E-01        -3.946669124843538E-08         3.929816888570414E-11
         9.996383786201477E-01         4.777261324306892E-07        -1.739534349898264E-10
         9.992377161979675E-01         1.014717327052495E-06        -3.880199495043257E-10
         9.996658563613892E-01        -5.676863068515559E-08         3.725581301794456E-11
         9.994443058967590E-01         6.639359639848408E-07        -2.467946125239706E-10
         9.995465278625488E-01         7.060002076286764E-07        -2.482641037193645E-10
         9.998969435691833E-01         2.821606415182032E-07        -9.527877792292472E-11
         9.998987317085266E-01         1.187342135722247E-07        -1.601478324952943E-11
         9.999469518661499E-01        -6.279484665583368E-08         3.464600828451125E-11
         9.997426271438599E-01         2.612908076571330E-07        -8.114604127529290E-11
         9.999541640281677E-01         7.154121184349549E-10         2.407103162627156E-11
         9.999916553497314E-01         3.193482456254060E-08         1.093162799864489E-11
         1.000116944313049E+00        -2.241471435127096E-07         1.254801679229089E-10
         9.999346733093262E-01         2.909687282226514E-07        -6.211937908506826E-11
         1.000029921531677E+00         2.501174378721771E-07        -5.460295410264493E-11
         9.999749660491943E-01         4.285266754777695E-07        -1.293308238281554E-10
         9.999186992645264E-01         3.174184826093551E-07        -8.268970924651953E-11
         9.999859333038330E-01         1.613772582231832E-07        -2.780845866079407E-11
         9.999462366104126E-01         1.608759276905403E-07        -3.069721907222878E-11
         9.999246597290039E-01         1.541075960176386E-07        -3.603280868125225E-11
         1.000309109687805E+00        -6.600866413464246E-07         2.838798918158858E-10
         1.000140428543091E+00        -2.584624212431663E-07         1.236485913658214E-10
         1.000204086303711E+00        -2.906318172790634E-07         1.380111303017628E-10
         1.000237941741943E+00        -3.557173613444320E-07         1.860472748083097E-10
         1.000486254692078E+00        -7.518124220950995E-07         3.238791457249590E-10
         1.000324368476868E+00        -4.197752900836349E-07         1.778774627592128E-10
         1.000289797782898E+00        -2.493185036200884E-07         9.329507305588791E-11
         1.000280261039734E+00        -3.338952296871867E-07         1.067242405561331E-10
         1.000016570091248E+00        -7.928782963517733E-08         2.109517768800195E-11
         1.000167608261108E+00        -4.044908905598277E-07         1.393246906733481E-10
         1.000119686126709E+00        -2.664574765276484E-07         6.533535518160605E-11
         1.000397801399231E+00        -6.020081855240278E-07         2.012832123199360E-10
         1.000465393066406E+00        -2.821268481056904E-07         5.495556787415978E-11
         1.000202775001526E+00         3.945309003938746E-07        -1.991329323658420E-10
         1.000318169593811E+00        -1.843961285885598E-07         5.379240802794172E-11
         9.999920725822449E-01         1.857114284575800E-07        -7.762736980998497E-11
         9.999407529830933E-01         7.526466561103007E-08        -4.423365493333442E-11
         9.998055696487427E-01         3.415026981201663E-07        -1.588472547942033E-10
         1.000105381011963E+00        -1.141516321467861E-07         2.243876265350941E-11
         9.999701976776123E-01         2.980309545819182E-07        -1.479338457288648E-10
         1.000233769416809E+00        -2.637252691783942E-07         9.490080249419108E-11
         1.000132203102112E+00        -6.783270833921051E-08         1.639652996709984E-11
         9.997197985649109E-01         7.955878800203209E-07        -3.206917509324114E-10
         9.999048709869385E-01         4.841798499910510E-07        -2.014216293755311E-10
         1.000044822692871E+00         1.675338694440143E-07        -6.417535947100816E-11
         9.998961687088013E-01         5.120976425132540E-07        -2.065046328381115E-10
         1.000045061111450E+00         2.120168289820867E-07        -8.962088710040561E-11
         1.000175833702087E+00        -2.833495784670959E-07         1.233346758056086E-10
         1.000061154365540E+00        -1.750439224679212E-07         8.044562932463251E-11
         1.000027894973755E+00        -2.265428200587394E-08         2.890602167349154E-11
         1.000124454498291E+00        -3.042872620540038E-08         2.208326750630096E-11
         1.000143766403198E+00        -4.231597738879600E-09         1.716351887004475E-11
         1.000085234642029E+00        -6.664985363613596E-08         3.562712277971336E-11
         9.999374747276306E-01         8.462913569928787E-08        -1.247612430033129E-11
         9.996806383132935E-01         6.071833809073723E-07        -2.294605894181956E-10
         9.995671510696411E-01         8.260604289489493E-08         6.726771917264784E-13
         9.997991323471069E-01        -3.402647905659251E-07         1.584780917607276E-10
         9.996945858001709E-01        -2.729282755353779E-07         1.330962562384741E-10
         9.995625019073486E-01         5.477334852344029E-08         4.474666622476808E-13
         9.997994303703308E-01        -2.992194367834600E-07         1.491803763853383E-10
         9.996900558471680E-01         2.460612051891076E-07        -8.074151763848292E-11
         9.999776482582092E-01        -2.937996725904668E-07         1.082957543085961E-10
         9.998647570610046E-01        -1.466299703878349E-08         2.008144345255758E-11
         9.999989867210388E-01        -1.191473657513598E-07         3.547908494772045E-11
         1.000204205513000E+00        -3.759535331937514E-07         1.426881945931768E-10
         1.000027418136597E+00        -2.469212745381810E-07         1.203560445750540E-10
         1.000031590461731E+00        -7.905319421297463E-08         6.019595238937470E-11
         1.000000834465027E+00         4.431678917171666E-07        -1.572679209083105E-10
         1.000349283218384E+00        -2.734635131673713E-07         1.543856709140812E-10
         1.000346899032593E+00        -3.137192834401503E-07         1.590611947710485E-10
         1.000225663185120E+00        -1.447469486492992E-07         7.150113834342164E-11
         9.999231100082397E-01         1.740898198931973E-07        -3.674724066704549E-11
         9.995831847190857E-01         5.819649686600314E-07        -2.047668701266048E-10
         9.997807145118713E-01        -1.134870473151750E-07         7.612247637789338E-11
         9.995051026344299E-01         8.810778950874010E-08        -1.567952885583868E-11
         9.993660449981689E-01         2.605627003049449E-07        -9.906548498195278E-11
         9.990817308425903E-01         6.969041237425699E-07        -3.025100447917595E-10
         9.994266033172607E-01        -2.727829269133508E-07         1.065222424156964E-10
         9.992416501045227E-01        -2.150567013359250E-07         5.701482688746928E-11
         9.988768696784973E-01        -2.686075895041995E-08        -9.870607803330600E-12
         9.990378022193909E-01        -5.295495952850615E-07         2.041479346681641E-10
         9.989781975746155E-01        -2.918088739534141E-07         9.343669588046666E-11
         9.987884759902954E-01        -5.406280578768019E-08         3.089216599541644E-12
         9.989873170852661E-01        -8.153613180184038E-07         3.071306264867957E-10
         9.984974861145020E-01        -3.190859274582181E-07         1.013726255716385E-10
         9.986453652381897E-01        -1.084949985852290E-06         3.930057390633124E-10
         9.980375170707703E-01        -5.223669745646475E-07         1.879445210573039E-10
         9.976969957351685E-01        -5.277787522572908E-07         2.035850654724669E-10
         9.977218508720398E-01        -6.873883648950141E-07         2.429805245895977E-10
         9.976667761802673E-01        -7.281178682205791E-07         2.569822132869604E-10
         9.976665377616882E-01        -8.754449822845345E-07         3.211430843474972E-10
         9.975003600120544E-01        -6.012630819896003E-07         2.122751002753276E-10
         9.976744651794434E-01        -9.564519132254645E-07         3.588764008188861E-10
         9.974528551101685E-01        -4.606303320997540E-07         1.697937762612511E-10
         9.975476264953613E-01        -8.390093171328772E-07         3.254675418062902E-10
         9.975942373275757E-01        -1.123537913372274E-06         4.327805891435332E-10
         9.973749518394470E-01        -9.257394140149700E-07         3.396878056616259E-10
         0.000000000000000E+00         0.000000000000000E+00         0.000000000000000E+00
         0.000000000000000E+00         0.000000000000000E+00         0.000000000000000E+00
         0.000000000000000E+00         0.000000000000000E+00         0.000000000000000E+00
         0.000000000000000E+00         0.000000000000000E+00         0.000000000000000E+00
         0.000000000000000E+00         0.000000000000000E+00         0.000000000000000E+00
         0.000000000000000E+00         0.000000000000000E+00         0.000000000000000E+00
         0.000000000000000E+00         0.000000000000000E+00         0.000000000000000E+00
         1.003047108650208E+00         4.883380029241380E-07        -1.722234438394921E-10
         1.002968192100525E+00         5.100936846247350E-07        -1.886947126328309E-10
         1.002740144729614E+00         6.304098292275739E-07        -2.339264060235990E-10
         1.002516388893127E+00         7.467522209481103E-07        -2.728319237199628E-10
         1.002360820770264E+00         7.798633419042744E-07        -2.856598013689648E-10
         1.002221703529358E+00         7.792148721819103E-07        -2.747615746034882E-10
         1.002259850502014E+00         6.457233894252568E-07        -2.207943966547887E-10
         1.002229928970337E+00         6.519682074213051E-07        -2.201877707941335E-10
         1.002099514007568E+00         5.123625328451453E-07        -1.487683587431121E-10
         1.001851439476013E+00         5.984851441098726E-07        -1.880784000762858E-10
         1.001826405525208E+00         4.531682691322203E-07        -1.697236517994583E-10
         1.001804709434509E+00         3.689540051254880E-07        -1.546067301960719E-10
         1.001667618751526E+00         4.631329488802294E-07        -1.832735629925253E-10
         1.001512169837952E+00         4.560972683975706E-07        -1.789181719447086E-10
         1.001445412635803E+00         4.786448357663176E-07        -1.830918611167576E-10
         1.001396775245667E+00         3.670450610115950E-07        -1.284528178269184E-10
         1.001322627067566E+00         3.995234578724194E-07        -1.465966653624307E-10
         1.001259207725525E+00         1.310979769186815E-07        -3.499051395849939E-11
         1.000990986824036E+00         3.051933106235083E-07        -1.113299868960027E-10
         1.000848889350891E+00         4.212177486806468E-07        -1.567854179818085E-10
         1.000838756561279E+00         1.837840102325572E-07        -5.179515150111058E-11
         1.000632166862488E+00         1.275706438264024E-07        -1.996855111818796E-11
         1.000524759292603E+00        -4.440938283778451E-08         5.148431334034420E-11
         1.000328063964844E+00        -1.950682637641421E-08         4.934120126365293E-11
         1.000511050224304E+00        -4.179517247848707E-07         1.924989195822846E-10
         1.000464558601379E+00        -2.916644632477983E-07         1.243403435768897E-10
         1.000404953956604E+00        -2.012950943708347E-07         8.174866339416553E-11
         1.000342011451721E+00        -2.640394427544379E-07         1.040451613754101E-10
         1.000270366668701E+00        -6.855070466826874E-08         2.309673806377699E-11
         1.000139594078064E+00        -7.773734012062050E-08         2.063424431320016E-11
         9.997624158859253E-01         8.412101237809111E-08        -1.277454097364794E-11
         9.997499585151672E-01         1.936647322509089E-07        -5.503306491072557E-11
         9.997804164886475E-01         1.387402477348587E-07        -3.675868984198694E-11
         9.998515844345093E-01         2.408264663245063E-07        -6.425094484230343E-11
         9.999036788940430E-01         3.412997671148332E-07        -9.971292541655075E-11
         1.000032782554626E+00         2.699574110920366E-07        -8.532981266018425E-11
         9.999390840530396E-01         3.885657235969120E-07        -1.340082073086890E-10
         9.997011423110962E-01         5.296301424095873E-07        -1.791389675487309E-10
         9.998272061347961E-01         3.371860657352954E-07        -1.276633659896831E-10
         9.999073743820190E-01         3.277373821219953E-07        -9.659510691317763E-11
         9.999481439590454E-01         4.731826948045637E-07        -1.638626595523718E-10
         1.000102519989014E+00         1.842648345018461E-07        -5.139231401551925E-11
         1.000265955924988E+00        -2.229350428706312E-07         9.980093834682791E-11
         1.000221848487854E+00        -2.258440190416877E-07         9.330953371078365E-11
         1.000229835510254E+00        -1.997046013002546E-07         7.497092530117655E-11
         1.000346899032593E+00        -4.685263945702900E-07         1.725915799166700E-10
         1.000142097473145E+00        -2.699358674362884E-07         9.072304019142052E-11
         1.000066280364990E+00        -2.721350256251753E-07         7.280745450977122E-11
         9.999495148658752E-01        -9.125341193794156E-08         2.810776784933910E-11
         9.999091029167175E-01        -4.038090750668744E-08         1.433815913221004E-11
         1.000031471252441E+00        -7.147360747694620E-08         1.562770225727039E-11
         1.000071644783020E+00        -2.192903849618233E-07         6.800240925919354E-11
         9.999039173126221E-01        -1.843969386072786E-07         5.133038091797992E-11
         9.997394084930420E-01        -3.762259837003512E-08         2.454443245869520E-11
         9.998621344566345E-01         2.845863278366778E-08         2.616644748099084E-12
         9.998608827590942E-01         3.196412023953599E-08         7.173392088666297E-12
         9.999469518661499E-01        -7.255844991505001E-08         4.565885516893964E-11
         9.999173283576965E-01        -1.051000921847844E-07         6.064274082895338E-11
         9.999746680259705E-01         3.281444449498849E-08        -4.061703664376415E-12
         1.000023484230042E+00         1.208893394277766E-07        -3.120148583946047E-11
         1.000131964683533E+00        -1.031376513083160E-07         4.723866089961781E-11
         9.999307990074158E-01         2.521983901715430E-07        -8.150290164987695E-11
         9.999263882637024E-01         2.029628518585014E-07        -6.527486190455178E-11
         9.998233318328857E-01         3.233167262806091E-07        -1.100602109449511E-10
         9.999613165855408E-01         1.621211538349598E-07        -5.791662635590278E-11
         9.997596740722656E-01         4.339260328833916E-07        -1.646398711807606E-10
         9.997223019599915E-01         3.668730528261221E-07        -1.213441291891826E-10
         9.996297359466553E-01         5.526839004232897E-07        -1.827434314982668E-10
         9.995726943016052E-01         6.507708008030022E-07        -2.247353414475128E-10
         9.996523261070251E-01         5.219675927037315E-07        -1.927840109772205E-10
         9.997667074203491E-01         1.882233959804580E-07        -6.761406018407357E-11
         9.997774362564087E-01         1.881243605339478E-07        -8.074720753148412E-11
         9.997608661651611E-01         1.412976757819706E-07        -5.614675391285573E-11
         9.997959136962891E-01         1.406555441008095E-07        -6.499704940932105E-11
         9.998663067817688E-01         1.523183215113022E-07        -6.923565887273497E-11
         1.000118017196655E+00         6.091762116966493E-08        -4.760459734742817E-11
         9.999479055404663E-01         1.409013776765278E-07        -6.520292639144998E-11
         9.998819828033447E-01         3.018487291228666E-07        -1.260303389427619E-10
         9.998117685317993E-01         4.746388810872304E-07        -1.801484100782957E-10
         9.997727870941162E-01         4.995008566766046E-07        -1.939353261315446E-10
         9.997971653938293E-01         1.876347539564449E-07        -6.994319012854078E-11
         9.996693134307861E-01         4.009826284345763E-07        -1.655583448112452E-10
         9.996876120567322E-01         1.853670568152666E-07        -6.451265910367709E-11
         9.995864033699036E-01         1.669581592977920E-07        -5.701702304738987E-11
         9.995104670524597E-01         1.918305940762366E-07        -8.635298726078489E-11
         9.995007514953613E-01         1.259850108681349E-07        -6.986699413458197E-11
         9.994236230850220E-01         1.803585689685860E-07        -7.503198062863703E-11
         9.994311332702637E-01         2.039628839156649E-07        -9.555802676919356E-11
         9.994436502456665E-01         1.960994353567003E-07        -9.116554039456659E-11
         9.994559288024902E-01         1.862898528770529E-07        -6.950588021803483E-11
         9.994913339614868E-01         2.319531375860606E-07        -7.583437350300315E-11
         9.995362758636475E-01         1.790844805782399E-07        -6.671799224200470E-11
         9.994981288909912E-01         3.592261919038719E-07        -1.226575369051019E-10
         9.995644092559814E-01         3.330528954847978E-07        -1.001814117773669E-10
         9.997006654739380E-01         2.909158638431109E-07        -7.529629697522466E-11
         9.997541308403015E-01         2.471662128300522E-07        -4.905238368269060E-11
         1.000063538551331E+00         5.921728529756365E-08         1.931651713582561E-11
         9.999760985374451E-01         1.056703737845055E-07         2.077384271548244E-12
         1.000035285949707E+00         8.574038901087988E-08        -1.047881312971066E-11
         1.000046253204346E+00        -8.074629853638271E-09         5.240848033327694E-11
         0.000000000000000E+00         0.000000000000000E+00         0.000000000000000E+00
         9.997746348381042E-01        -1.654478687385108E-08         2.032267756857387E-11
         9.997995495796204E-01         1.803827416324566E-07        -5.053207505212320E-11
         9.998297691345215E-01         2.599012702830805E-07        -7.776875671217098E-11
         9.998766779899597E-01         2.537330487939471E-07        -6.781528116839297E-11
         9.999023079872131E-01         2.321384471315469E-07        -6.055709406149745E-11
         1.000013828277588E+00         9.714897686308177E-08        -2.120172613861993E-11
         9.998352527618408E-01         4.248596781053493E-07        -1.344199057617956E-10
         9.999325871467590E-01         3.548294387201167E-07        -1.327710164034102E-10
         1.000004053115845E+00         3.692845851333004E-08         5.103656212923635E-13
         9.999955892562866E-01        -7.515664890433982E-08         2.260746451154816E-11
         1.000133752822876E+00        -3.444024798682221E-07         1.149868256167252E-10
         9.999927282333374E-01        -3.865186570806145E-08        -4.920838909960867E-12
         9.998435974121094E-01         6.019374154675461E-08        -4.612584619811955E-11
         9.996741414070129E-01         6.959713516607735E-08        -2.798674313131411E-11
         9.996474385261536E-01         9.992356098109667E-08        -2.981228805487568E-11
         9.996051192283630E-01         2.201105360200017E-07        -7.610994473550292E-11
         9.997723698616028E-01         3.617537061018083E-07        -1.214734285381880E-10
         9.997999668121338E-01         3.409798807751940E-07        -1.213274342104498E-10
         9.998181462287903E-01         2.941727075267409E-07        -9.993560146082103E-11
         9.999228715896606E-01         9.657155430886633E-08        -3.130789724692384E-11
         9.999674558639526E-01        -1.661562549770679E-07         6.759823256707875E-11
         9.999948740005493E-01        -3.125427951999882E-07         1.132560087380163E-10
         1.000123023986816E+00        -5.919511067986605E-07         2.308966212671848E-10
         1.000125050544739E+00        -5.129269311510143E-07         1.774265040443979E-10
         9.999853968620300E-01        -2.958403513275698E-07         9.472637257923466E-11
         1.000160098075867E+00        -5.338165465218481E-07         1.794184106840291E-10
         1.000036478042603E+00        -3.083911792600702E-07         9.621290569805652E-11
         1.000123262405396E+00        -4.473946830785280E-07         1.569551849600614E-10
         1.000125765800476E+00        -3.116007007974986E-07         1.097114482595529E-10
         9.998866915702820E-01         1.173823847011590E-07        -2.729160127057373E-11
         1.000041246414185E+00         6.408394170875908E-08        -1.726731257978287E-11
         9.999413490295410E-01         1.057356229239304E-07        -3.664576281314780E-11
         9.998936653137207E-01        -2.153699441009849E-08         1.566321378154711E-11
         9.998297095298767E-01         7.966461623709620E-08        -2.630392952063243E-11
         9.996958971023560E-01         2.717404186114436E-07        -1.034345734063358E-10
         9.996848106384277E-01         3.206924645837717E-07        -1.183304426666254E-10
         9.999321103096008E-01         2.028657419828050E-08         4.184594511180695E-12
         1.000034809112549E+00         5.037604999813539E-09         2.115026556670507E-11
         1.000241875648499E+00        -1.681255525909364E-07         5.958041698894689E-11
         1.000359058380127E+00        -2.072889202509032E-07         8.179892180271153E-11
         1.000531911849976E+00        -4.202494494620623E-07         1.439347668830138E-10
         1.000319242477417E+00        -1.535223361770477E-07         4.584061255585858E-11
         1.000395894050598E+00        -4.585799331380258E-07         1.660322573870943E-10
         1.000402212142944E+00        -5.018376896259724E-07         1.731098181467772E-10
         1.000502586364746E+00        -4.776262585437507E-07         1.463242166321876E-10
         1.000450134277344E+00        -1.691561095640282E-07         3.944700469049600E-12
         1.000425577163696E+00        -3.940187127682293E-07         1.342032318607522E-10
         1.000363588333130E+00        -2.744399125731434E-07         7.740589419436006E-11
         1.000343918800354E+00        -3.397810814931290E-07         1.217730360991709E-10
         1.000232219696045E+00        -2.464034309923591E-07         9.398549299932668E-11
         1.000135183334351E+00        -2.951188378119696E-07         1.146294656417801E-10
         1.000131726264954E+00        -4.481452720028756E-07         1.760825513175135E-10
         1.000063896179199E+00        -5.733745638281107E-07         2.292098455480840E-10
         1.000009655952454E+00        -5.784085033155861E-07         2.299169604702556E-10
         9.997783303260803E-01        -3.946197466575541E-07         1.599729793078097E-10
         9.995885491371155E-01        -4.457553757220012E-07         1.678174682551159E-10
         9.994757175445557E-01        -4.584910584526369E-07         1.763389712028385E-10
         9.992255568504333E-01        -1.361972437052827E-07         7.071890989474028E-11
         9.991202354431152E-01        -8.397262973858233E-08         4.307093917632621E-11
         9.988876581192017E-01         7.908935373279746E-08        -2.293640624650983E-11
         9.988412261009216E-01        -8.694216901972140E-09        -4.013389447166116E-12
         9.987294673919678E-01        -1.244510201559024E-07         4.141314027816811E-11
         9.985442757606506E-01        -1.318000819594545E-08        -2.058908599167353E-11
         9.983229041099548E-01        -7.119158595969566E-08         2.653765228399774E-12
         9.981759190559387E-01        -1.009190953027428E-07         2.712871940979689E-11
         9.978695511817932E-01         3.558893268973407E-08        -1.316309040932939E-11
         9.974646568298340E-01         2.845768278803007E-07        -1.134647514833276E-10
         9.971701502799988E-01         3.722844610365428E-07        -1.226898027617551E-10
         9.970259070396423E-01         4.148910761614388E-07        -1.471346794401640E-10
         9.967837333679199E-01         4.686632735229068E-07        -1.869424198774894E-10
         9.968651533126831E-01         7.944000657289507E-08        -4.672051287513135E-11
         9.966082572937012E-01         2.327144130731540E-07        -1.200454735617029E-10
         9.964098930358887E-01         6.399224616870924E-08        -5.588923421284697E-11
         9.961553812026978E-01         3.005387441135099E-07        -1.551996031690095E-10
         9.959717988967896E-01         3.542865556482866E-07        -1.640010904857547E-10
         9.958497881889343E-01         3.877669030316611E-07        -1.623788048465968E-10
         9.955744743347168E-01         4.835579261452949E-07        -1.977468189195974E-10
         0.000000000000000E+00         0.000000000000000E+00         0.000000000000000E+00
         0.000000000000000E+00         0.000000000000000E+00         0.000000000000000E+00
         0.000000000000000E+00         0.000000000000000E+00         0.000000000000000E+00
         0.000000000000000E+00         0.000000000000000E+00         0.000000000000000E+00
         0.000000000000000E+00         0.000000000000000E+00         0.000000000000000E+00
         0.000000000000000E+00         0.000000000000000E+00         0.000000000000000E+00
         0.000000000000000E+00         0.000000000000000E+00         0.000000000000000E+00
         0.000000000000000E+00         0.000000000000000E+00         0.000000000000000E+00
         1.004172325134277E+00        -4.564123798900255E-07         1.845994607174717E-10
         1.004124045372009E+00        -5.834863259224221E-07         2.413858557481774E-10
         1.003936290740967E+00        -6.216125143509998E-07         2.568865953289645E-10
         1.003640651702881E+00        -5.654838446389476E-07         2.273730509427807E-10
         1.003467679023743E+00        -5.596789378614631E-07         2.325929310265096E-10
         1.003349542617798E+00        -5.464498826768249E-07         2.222883405123000E-10
         1.003057956695557E+00        -3.720258803241450E-07         1.380178471510618E-10
         1.003096461296082E+00        -5.420656066235097E-07         1.902547841492463E-10
         1.002937674522400E+00        -4.394748884806177E-07         1.528316501131499E-10
         1.002789020538330E+00        -4.412238183704176E-07         1.529770338182246E-10
         1.002542734146118E+00        -2.853615512776742E-07         9.343568280195669E-11
         1.002321243286133E+00        -2.343594900366952E-07         8.344355068024001E-11
         1.002091765403748E+00        -9.355464669624780E-08         3.879987997557066E-11
         1.002068519592285E+00        -3.279605209627334E-07         1.459061343966894E-10
         1.001824259757996E+00        -2.234924636468349E-07         1.154084050547510E-10
         1.001772284507751E+00        -2.431422103654768E-07         1.281632022731571E-10
         1.001724839210510E+00        -1.629382211376651E-07         7.263817325409150E-11
         1.001335024833679E+00         1.524155948118278E-07        -3.905248346924850E-11
         1.001096844673157E+00         1.882157079080571E-07        -3.602104378663817E-11
         1.001020908355713E+00         9.018121005510693E-08         6.864418755636592E-12
         1.000828504562378E+00         2.286795961481403E-07        -4.630062652721811E-11
         1.000716328620911E+00         1.350886549289498E-07         2.208191528935144E-12
         1.000514507293701E+00         1.533290827637757E-07        -3.988952831240899E-12
         1.000286340713501E+00         2.763044335551967E-07        -6.225688020666809E-11
         1.000276207923889E+00         8.579874588576786E-08         3.143739608912899E-12
         1.000117063522339E+00         1.624443086711835E-07        -4.550606419462255E-11
         9.999721646308899E-01         1.923541930182182E-07        -5.174229794624452E-11
         9.998059272766113E-01         2.369211387076575E-07        -4.708121392749121E-11
         9.998482465744019E-01         2.479795853105315E-07        -4.847788837025746E-11
         9.999057054519653E-01         2.658786968368076E-07        -6.127007234901782E-11
         9.999755024909973E-01         2.252058663998469E-07        -5.819813381213734E-11
         1.000099658966064E+00         9.912688625490773E-08        -1.568407903551616E-11
         1.000086665153503E+00         2.527130220641993E-07        -8.481317037567493E-11
         1.000250220298767E+00        -6.526655482730348E-08         3.171957488334876E-11
         1.000201106071472E+00        -9.834862879642969E-08         3.312583193859631E-11
         1.000285148620605E+00        -1.904220994219941E-07         5.879830650146189E-11
         1.000368714332581E+00        -3.304021731764806E-07         1.071776625782839E-10
         1.000360488891602E+00        -3.060714846014889E-07         8.871877538174644E-11
         1.000278949737549E+00        -2.828855940606445E-07         9.221894775590656E-11
         1.000191211700439E+00        -1.803320941462516E-07         4.060179623066595E-11
         1.000302910804749E+00        -3.567130590909073E-07         9.140536244567343E-11
         1.000340342521667E+00        -3.973719913119567E-07         1.101313970575113E-10
         1.000370144844055E+00        -2.026182528425124E-07         2.822968074578380E-11
         1.000439047813416E+00        -2.437232922147814E-07         3.744812446249135E-11
         1.000478267669678E+00        -3.971134390212683E-07         9.677320056411531E-11
         1.000226259231567E+00        -1.846488970613791E-07         3.720724076061721E-11
         1.000105142593384E+00         1.303435084309967E-07        -8.041733945418628E-11
         1.000115513801575E+00         6.975059108071946E-08        -5.553044829520459E-11
         1.000021338462830E+00         1.627696235573239E-07        -4.081564253244352E-11
         9.998556375503540E-01         3.590500341488223E-07        -1.167034385796129E-10
         9.998716115951538E-01         2.848878750683070E-07        -9.392237682037674E-11
         1.000035047531128E+00         5.499110500295501E-08        -3.232054110024335E-13
         1.000218987464905E+00        -1.915602894086987E-07         1.073535843554296E-10
         1.000180363655090E+00         1.881663536096312E-07        -2.864596754248439E-11
         1.000411748886108E+00         5.966997207451641E-08         1.544628661087621E-11
         1.000307083129883E+00         2.612119942568825E-07        -6.912898725675021E-11
         1.000278353691101E+00         2.930331106654194E-07        -1.054552070667292E-10
         1.000023007392883E+00         4.488837248572963E-07        -1.672481320103003E-10
         1.000029683113098E+00         2.565355146089132E-07        -8.415546731699308E-11
         9.999895691871643E-01         2.806298198265722E-07        -8.118216515695664E-11
         9.999641180038452E-01         3.605111089655111E-07        -1.258099180390104E-10
         9.998948574066162E-01         4.733641105758579E-07        -1.859630366363163E-10
         9.999359846115112E-01         3.163995359045657E-07        -1.347822409236699E-10
         9.999020695686340E-01         3.970076534187683E-07        -1.458839854473482E-10
         9.999147057533264E-01         3.357772868639586E-07        -1.172498070856065E-10
         9.998911619186401E-01         5.275374519442266E-07        -2.015787814446668E-10
         9.997773766517639E-01         6.328259587462526E-07        -2.392119557992345E-10
         9.998292922973633E-01         3.451841905643960E-07        -1.392524567878084E-10
         9.997562766075134E-01         1.408741781006029E-07        -5.639107930610621E-11
         9.996925592422485E-01         6.700798849124112E-08        -3.112030078078476E-11
         9.997756481170654E-01         9.133129452720823E-08        -4.926285421258392E-11
         9.998645782470703E-01         1.003377150254892E-07        -6.753344411469797E-11
         9.998652338981628E-01         1.447935176202009E-07        -5.666329558340344E-11
         1.000047087669373E+00         1.907379498788941E-08        -6.300801460440431E-12
         1.000136375427246E+00         1.550022332708068E-09        -7.495360235254545E-12
         9.998912215232849E-01         2.695077796488476E-07        -1.075519048820972E-10
         9.998239874839783E-01         1.836937855159704E-07        -5.944944536651064E-11
         9.997750520706177E-01         3.539276178798900E-07        -1.263513044191811E-10
         9.996698498725891E-01         2.590959695680795E-07        -6.140196684434329E-11
         9.995473027229309E-01         2.087470818423753E-07        -4.353691018810224E-11
         9.995298385620117E-01         3.543653690485371E-07        -9.403913064920388E-11
         9.999598860740662E-01         9.485838603495722E-08        -4.136746067223696E-12
         1.000002503395081E+00         3.244598900664641E-08        -1.271119494383743E-12
         9.999160766601562E-01        -3.793038771959800E-08         2.021667382112735E-11
         9.998034238815308E-01         5.897364729889887E-08        -2.570310631000439E-11
         9.997045397758484E-01         1.204979014346463E-07        -3.619548757938240E-11
         9.999737739562988E-01         5.402652547559228E-08        -2.103558299770825E-11
         1.000141859054565E+00         1.229235238042747E-07        -5.981484058059650E-11
         1.000268816947937E+00        -1.602264063649272E-07         4.891911181692521E-11
         1.000349283218384E+00        -1.689619750777638E-07         4.654838320350407E-11
         1.000473022460938E+00        -3.633196570262953E-07         1.316532854955810E-10
         1.000214457511902E+00        -4.351343108055516E-08         2.293890251359176E-11
         9.999327659606934E-01        -2.776995415842975E-07         1.076605957162080E-10
         1.000053048133850E+00        -4.142495697578852E-07         1.419753065112772E-10
         1.000212907791138E+00        -6.182951892697020E-07         2.184516595393760E-10
         1.000161051750183E+00        -4.877600758845801E-07         1.659958698274622E-10
         0.000000000000000E+00         0.000000000000000E+00         0.000000000000000E+00
         0.000000000000000E+00         0.000000000000000E+00         0.000000000000000E+00
         9.995423555374146E-01        -2.435025692193449E-07         1.133368746075725E-10
         9.996453523635864E-01        -8.380185079204239E-08         3.735317263831028E-11
         9.995011687278748E-01         3.464516140638807E-08         7.925871764458137E-12
         9.994001984596252E-01         3.167430122630321E-07        -1.118654335829916E-10
         9.997517466545105E-01        -1.847217561135039E-07         6.814108999275703E-11
         9.998747706413269E-01        -1.435453356180005E-07         4.532143757507434E-11
         9.999337196350098E-01        -1.657789709952340E-07         5.957493526276281E-11
         1.000193595886230E+00        -2.814489050706470E-07         1.196832077887677E-10
         0.000000000000000E+00         0.000000000000000E+00         0.000000000000000E+00
         9.996318221092224E-01         4.025018984776807E-09         1.405153424172134E-11
         9.998130798339844E-01        -1.903807316239181E-07         1.048799935787770E-10
         9.997113943099976E-01         1.186424185561918E-07        -6.662474933728790E-13
         9.997917413711548E-01        -1.206510376050574E-07         9.734642952841099E-11
         0.000000000000000E+00         0.000000000000000E+00         0.000000000000000E+00
         0.000000000000000E+00         0.000000000000000E+00         0.000000000000000E+00
         9.992204308509827E-01         4.168266798387776E-07        -1.315848541239006E-10
         9.993280768394470E-01         5.437664185592439E-07        -1.866308219078405E-10
         9.993486404418945E-01         5.693513003279804E-07        -2.029371948264469E-10
         9.993748068809509E-01         5.073358124718652E-07        -1.862630188975700E-10
         9.994578957557678E-01         3.147566474126506E-07        -1.270551858167934E-10
         9.994921684265137E-01         4.071953298989683E-07        -1.662247700595643E-10
         9.996392130851746E-01         3.873987282076996E-07        -1.606482447069624E-10
         9.996070265769958E-01         5.476146611727017E-07        -2.139080579333097E-10
         9.996138811111450E-01         3.472347600563808E-07        -1.207529354285697E-10
         9.996824860572815E-01         2.752436785158352E-07        -9.449957483198546E-11
         9.997799992561340E-01         2.426648961773026E-07        -9.373843368187806E-11
         9.997506737709045E-01         5.078826461613062E-07        -1.874350535890912E-10
         1.000077724456787E+00         1.902920843122047E-07        -6.190992857257882E-11
         1.000110983848572E+00         1.947445582572982E-07        -6.602608043637659E-11
         9.998306035995483E-01         5.466214361149468E-07        -2.042745000929713E-10
         9.997292757034302E-01         6.985671916481806E-07        -2.878704774555985E-10
         9.997358322143555E-01         8.557387332075450E-07        -3.499256440164800E-10
         9.996801018714905E-01         6.556488187925424E-07        -2.885395811169644E-10
         9.996964335441589E-01         6.747321776856552E-07        -3.080080357431569E-10
         9.998083710670471E-01         6.476812473010796E-07        -2.981565827564481E-10
         9.998598694801331E-01         4.807278628504719E-07        -2.294193585106186E-10
         9.997313618659973E-01         5.238150038167078E-07        -2.182922315130398E-10
         9.994921684265137E-01         7.348622261815763E-07        -3.025168171522097E-10
         9.993770718574524E-01         7.325696174120822E-07        -2.876275884133861E-10
         9.994407892227173E-01         6.866782200631860E-07        -2.544993105146887E-10
         9.996821880340576E-01         6.300039672169078E-07        -2.320914987974376E-10
         9.995952844619751E-01         5.692691047443077E-07        -2.082124472835289E-10
         9.996718168258667E-01         2.289462486260163E-07        -7.353951475552734E-11
         9.997311830520630E-01         1.327556446995004E-07        -4.627644101251605E-11
         9.999163150787354E-01        -1.244330576355424E-07         4.762637506594558E-11
         1.000124931335449E+00        -2.744786513630970E-07         1.062019014397286E-10
         1.000117063522339E+00        -2.724254670738446E-07         1.274029493014694E-10
         1.000012516975403E+00        -6.611562497482737E-08         6.328117890808116E-11
         9.999344348907471E-01        -1.307187744714611E-07         1.039073202480090E-10
         9.999134540557861E-01        -2.192698218550504E-07         1.485682132873478E-10
         9.999432563781738E-01        -1.492530685709426E-07         1.114427369830473E-10
         9.999936223030090E-01        -1.707261958472372E-07         1.257683956978894E-10
         1.000106930732727E+00        -3.278441624843254E-07         1.728392429178882E-10
         9.999486207962036E-01        -2.034326769262407E-07         1.321587422831172E-10
         9.999645352363586E-01        -1.200847492555113E-07         9.039294313062385E-11
         9.998076558113098E-01        -1.374467757386810E-07         7.134803164943193E-11
         9.997937083244324E-01        -2.420620681675700E-08         2.039668607622946E-11
         9.996830224990845E-01         4.022583866003515E-08        -1.028024627230950E-11
         9.993227124214172E-01         5.086269538878696E-08        -2.365602852494320E-11
         9.988821744918823E-01         3.356383615482628E-07        -1.416800426978782E-10
         9.987683296203613E-01         3.763282450108818E-07        -1.748416550428900E-10
         9.986615777015686E-01         5.422219260253769E-07        -2.447137215089157E-10
         9.986993074417114E-01         2.989208951476030E-07        -1.613904565544999E-10
         9.983825683593750E-01         3.796481848894473E-07        -1.943415706140428E-10
         9.980676770210266E-01         4.739420660371252E-07        -2.309763769137163E-10
         9.978728890419006E-01         5.052193046140019E-07        -2.534346621452244E-10
         9.980087280273438E-01         1.774003663967960E-07        -1.359787560328840E-10
         9.979017376899719E-01         2.487039978404937E-07        -1.424082657353054E-10
         9.977217912673950E-01         2.750415717400756E-07        -1.235740954008691E-10
         9.975755214691162E-01         1.621939134111017E-07        -7.601434759418879E-11
         9.973198771476746E-01         2.367875993058988E-07        -8.727338990377476E-11
         9.970699548721313E-01         2.388806876751914E-07        -8.553654312626335E-11
         9.968838095664978E-01         1.818801393937974E-07        -6.718468836819369E-11
         9.967270493507385E-01         1.640001556779680E-07        -7.444458938188347E-11
         9.964907765388489E-01         1.482922868945025E-07        -6.321777129558726E-11
         9.961113929748535E-01         3.074411836223589E-07        -1.107157421298410E-10
         9.960361123085022E-01         3.517804429975513E-07        -1.319847425795828E-10
         9.959923624992371E-01         4.196701581804518E-07        -1.714260122742672E-10
         9.960702061653137E-01         8.141749674450693E-08        -6.796919971296944E-11
         9.959247112274170E-01         4.401817932375707E-08        -6.819545622649414E-11
         0.000000000000000E+00         0.000000000000000E+00         0.000000000000000E+00
         0.000000000000000E+00         0.000000000000000E+00         0.000000000000000E+00
         0.000000000000000E+00         0.000000000000000E+00         0.000000000000000E+00
         0.000000000000000E+00         0.000000000000000E+00         0.000000000000000E+00
         0.000000000000000E+00         0.000000000000000E+00         0.000000000000000E+00
         0.000000000000000E+00         0.000000000000000E+00         0.000000000000000E+00
         0.000000000000000E+00         0.000000000000000E+00         0.000000000000000E+00
         1.004262089729309E+00        -9.741474826796548E-08         3.771010413655684E-12
         1.004177212715149E+00        -1.449330255809400E-07         2.336897515775593E-11
         1.004057168960571E+00        -1.719804316735463E-07         2.584967656593662E-11
         1.003862023353577E+00        -2.783262971206568E-07         9.171660653173319E-11
         1.003523468971252E+00        -5.602237962420986E-08         9.947982541891331E-12
         1.003411650657654E+00        -1.127040434312221E-07         1.446693893153439E-11
         1.003187179565430E+00        -6.137209140888444E-08        -2.825360778668795E-11
         1.003095030784607E+00        -1.313756481380324E-08        -4.872843795133974E-11
         1.002972722053528E+00        -5.400784175435547E-08        -3.896140354786581E-11
         1.002819895744324E+00        -1.648664493814067E-08        -4.448561657932615E-11
         1.002524971961975E+00         1.768010378100371E-07        -1.241481084601759E-10
         1.002304315567017E+00         1.794668662569165E-07        -1.399979160376930E-10
         1.002154946327209E+00         1.644654474830531E-07        -1.085532150280066E-10
         1.002221465110779E+00        -1.719810853728632E-07         9.190953553783743E-12
         1.001987695693970E+00        -2.699917445170286E-07         7.224844333908464E-11
         1.001829862594604E+00        -4.436625431480934E-07         1.403777927233563E-10
         1.001773953437805E+00        -4.764484344832454E-07         1.624356482654576E-10
         1.001529097557068E+00        -2.445725897359807E-07         8.336319134993886E-11
         1.001451134681702E+00        -3.638835153196851E-07         1.394965809531357E-10
         1.001207351684570E+00        -1.950477042100829E-07         6.899973648000213E-11
         1.001196980476379E+00        -2.937292720162077E-07         9.895598923614912E-11
         1.001149654388428E+00        -3.132490462576243E-07         9.199555006667026E-11
         1.000851035118103E+00        -2.225446849024593E-07         4.986442161958315E-11
         1.000630617141724E+00        -9.896042030277385E-08         2.997202486199058E-11
         1.000567793846130E+00         5.732487551313170E-08        -3.002765050497125E-11
         1.000333070755005E+00        -1.338787303239997E-08         2.062208216691008E-11
         1.000138282775879E+00         7.443308902566059E-08         2.836456416965838E-11
         1.000019550323486E+00         6.613396408283734E-08         3.909373519350723E-11
         1.000133991241455E+00        -3.352606086082233E-07         1.986226322303608E-10
         1.000117421150208E+00        -3.438533440203173E-07         1.931444587599529E-10
         1.000241994857788E+00        -3.555016405698552E-07         1.531315629854646E-10
         1.000295162200928E+00        -5.241226972430013E-07         2.088789280429992E-10
         1.000265598297119E+00        -4.032043818824604E-07         1.887054540405941E-10
         1.000035762786865E+00        -3.445500738052942E-07         1.723901299488517E-10
         9.996506571769714E-01        -1.093042314437298E-07         1.046108408231383E-10
         9.998752474784851E-01        -1.976897863187332E-07         1.268690846822906E-10
         9.999043941497803E-01        -2.956726916636399E-07         1.604810173638782E-10
         9.998459219932556E-01        -3.182036607540795E-07         1.706876584517403E-10
         9.999260306358337E-01        -2.348323562273436E-07         1.075314559617624E-10
         9.999027848243713E-01         1.855649287563210E-07        -1.025170712209977E-10
         9.998141527175903E-01         2.214859620153220E-07        -1.058644977236511E-10
         9.998084306716919E-01         3.238969270569214E-07        -1.486593764754573E-10
         9.998636245727539E-01         4.531785862127435E-07        -1.955847428458668E-10
         1.000122785568237E+00         1.445492330276466E-07        -7.388561984456032E-11
         1.000215530395508E+00        -2.107120256056305E-09        -4.276096490785086E-11
         1.000354647636414E+00        -4.444077319476492E-07         1.173815628030539E-10
         1.000374197959900E+00        -4.368864381376625E-07         1.036938937493126E-10
         1.000291585922241E+00        -6.863474482088350E-07         1.994475140598695E-10
         1.000218629837036E+00        -6.540443564517773E-07         1.994014814377110E-10
         1.000216603279114E+00        -3.026951276297041E-07         8.137790441509196E-11
         1.000333786010742E+00        -3.713051910381182E-07         9.201706757666628E-11
         1.000196695327759E+00        -2.509213175017067E-07         6.627220300314818E-11
         1.000166773796082E+00        -3.897336853242450E-07         1.106511410275957E-10
         1.000221490859985E+00        -3.872978595609311E-07         1.189567749859677E-10
         1.000219941139221E+00        -3.074996755003667E-07         1.185727627195376E-10
         1.000221967697144E+00        -4.458180669075773E-08         4.286208193926555E-11
         1.000243067741394E+00        -2.288738265576740E-08         2.599937973246647E-11
         1.000154614448547E+00         5.094775445968480E-08        -1.505773110366260E-11
         1.000014066696167E+00         2.049767431344662E-07        -8.922809019429323E-11
         9.998517036437988E-01         5.206463811191497E-07        -1.905036267624283E-10
         9.998203516006470E-01         6.204393230291316E-07        -2.557290768034903E-10
         9.995724558830261E-01         1.020537524709653E-06        -3.797236136637849E-10
         9.995039701461792E-01         1.249028855454526E-06        -4.363539807261674E-10
         9.998551607131958E-01         6.499276423710398E-07        -1.945603955721964E-10
         9.999077320098877E-01         5.508907747753256E-07        -1.472145183534224E-10
         9.999943375587463E-01         4.100842829757312E-07        -9.455081162457191E-11
         1.000034689903259E+00         1.006756207289072E-07         1.637403927723380E-11
         9.999708533287048E-01         3.210999750535848E-07        -5.879213782478132E-11
         1.000046372413635E+00         2.317964202802614E-07        -1.701978488699574E-11
         1.000138401985168E+00         1.466080590262209E-07        -2.160394953210076E-11
         1.000267863273621E+00        -1.729948451156815E-07         1.076515057651939E-10
         1.000254034996033E+00        -7.964081305544823E-08         4.531278130492922E-11
         1.000308752059937E+00        -2.307388200506466E-07         7.910659627352601E-11
         1.000530600547791E+00        -3.413237550375925E-07         9.812783918761170E-11
         1.000355243682861E+00        -1.319828584200877E-07         2.098696910701747E-11
         9.999076128005981E-01         3.800703893830359E-07        -1.641526914397673E-10
         1.000036478042603E+00         1.235947166833284E-07        -7.624514908322055E-11
         9.999322295188904E-01         1.931180975134339E-07        -8.681545066169249E-11
         1.000038146972656E+00        -8.536294870964412E-08         4.691117633237596E-11
         9.999367594718933E-01         3.073135133035976E-07        -8.035939969008865E-11
         9.999599456787109E-01         3.357502498246845E-09        -1.917137455731410E-12
         1.000053048133850E+00         2.577280433513351E-08        -3.026437087050304E-11
         1.000089645385742E+00         1.502799484853767E-08        -4.760842761686312E-11
         1.000016450881958E+00        -1.818868078373725E-08        -1.283611064661905E-11
         1.000000238418579E+00        -2.640894081196166E-07         8.965641423719362E-11
         9.997608661651611E-01        -9.871214956547192E-08         2.335764741345780E-11
         9.997591376304626E-01         3.579441454348853E-08        -1.929221886409760E-11
         1.000091195106506E+00        -3.114341851073732E-08        -4.225076191688437E-11
         1.000001788139343E+00         1.572327903431869E-07        -1.206365146666499E-10
         1.000085353851318E+00         9.262041800184306E-08        -8.129234785325679E-11
         1.000076055526733E+00         3.862484732053417E-08        -4.452085228257019E-11
         1.000358223915100E+00        -3.546367679518880E-07         8.085844493965766E-11
         1.000370502471924E+00        -3.047153711577266E-07         5.225501628625118E-11
         1.000399589538574E+00        -3.241059403080726E-07         5.043527054326979E-11
         1.000427722930908E+00        -1.829911298045772E-07        -8.574856102949724E-12
         1.000262618064880E+00        -2.818064501752815E-07         5.932343505321569E-11
         1.000061988830566E+00        -2.114452115620225E-07         2.998189196912193E-11
         9.999822974205017E-01        -3.870567297781236E-07         1.035160637763433E-10
         9.999712109565735E-01        -5.414274255599594E-07         1.768124396894777E-10
         9.997565150260925E-01        -2.468912327913131E-07         8.991109246014872E-11
         9.994151592254639E-01         1.823812141310555E-07        -5.302522657069098E-11
         9.994550347328186E-01         1.950413661688799E-07        -6.628947391007500E-11
         9.992291331291199E-01         4.744159980418772E-07        -1.697026408287172E-10
         9.994122385978699E-01         5.495383561537892E-07        -2.112705288492833E-10
         9.997456669807434E-01         3.880520438315216E-08        -5.448658451506772E-12
         9.997599720954895E-01        -1.088762928702636E-07         6.760091791901957E-11
         9.999332427978516E-01        -4.493330152399722E-07         2.321342007505223E-10
         1.000038623809814E+00        -7.808140480847214E-07         3.662064262943687E-10
         1.000197052955627E+00        -5.942379175394308E-07         2.643981977801246E-10
         1.000449776649475E+00        -7.582879106848850E-07         3.017463223731198E-10
         1.000383734703064E+00        -5.303611487761373E-07         1.978694569304551E-10
         1.000155568122864E+00        -3.923991584997566E-07         1.357837592363964E-10
         1.000045418739319E+00        -2.151227107560771E-07         8.500516263110214E-11
         9.999142289161682E-01        -7.772067078803957E-08         2.071947127757490E-11
         9.998648166656494E-01         7.109503741276058E-08        -7.904955856563589E-11
         9.996799826622009E-01         5.571483256971987E-07        -2.755942141163814E-10
         9.996625185012817E-01         5.253492076917610E-07        -2.457053449589353E-10
         1.000041961669922E+00         2.266568799313973E-07        -1.543344202437069E-10
         1.000217199325562E+00        -1.128695714669448E-07        -3.473728249492325E-11
         1.000227451324463E+00        -1.546336250157765E-07        -2.505353563497792E-11
         9.996525645256042E-01         5.046693445365236E-07        -2.505924079354571E-10
         9.996406435966492E-01         3.616580102061562E-07        -1.387840675715069E-10
         9.995246529579163E-01         3.390587721696647E-07        -1.017946976711315E-10
         9.998201131820679E-01        -3.305103035700085E-08         3.151642141707711E-11
         9.998231530189514E-01        -1.778858091938673E-07         6.041991906791111E-11
         1.000067830085754E+00        -5.098568180983420E-07         1.634077456680316E-10
         9.999592304229736E-01        -3.301833544355759E-07         8.270283763378572E-11
         1.000134706497192E+00        -3.243281412323995E-07         6.873702301790630E-11
         1.000037908554077E+00        -5.026878397984547E-07         1.456349346673491E-10
         9.999974370002747E-01        -2.814828405917069E-07         1.081525008439499E-10
         9.996919631958008E-01        -1.835834950725257E-08         4.125315714031963E-11
         9.997322559356689E-01         5.363800070767866E-08         3.520957483904574E-11
         9.997237324714661E-01         1.622543521762054E-07        -2.554104150398473E-11
         9.998715519905090E-01        -3.283234661921597E-08         2.696774401012014E-11
         9.996915459632874E-01         1.903040924844390E-08         2.024346835993729E-11
         9.996050000190735E-01        -1.804762672641402E-09         7.838087123790416E-11
         9.993990063667297E-01         2.231704741006979E-07        -9.193509668825595E-12
         9.997106790542603E-01         1.121823061112082E-07         2.242289687259813E-11
         1.000073432922363E+00        -2.238126484144232E-07         1.409684452502447E-10
         1.000488519668579E+00        -6.775039764761459E-07         3.207152043938066E-10
         1.000440716743469E+00        -8.162871267813898E-07         3.740078247105316E-10
         1.000239372253418E+00        -5.909357696509687E-07         2.875055471474042E-10
         1.000043749809265E+00        -1.824390807314558E-07         1.300164004236493E-10
         9.997285604476929E-01         2.290608733801491E-07        -2.081690202160313E-11
         9.991989731788635E-01         1.300388021263643E-06        -4.561376554246266E-10
         9.988664984703064E-01         1.631394184187229E-06        -5.467921115887009E-10
         9.987608194351196E-01         1.929746758833062E-06        -6.591526768850997E-10
         9.995561242103577E-01         5.626515076073701E-07        -1.838945801191372E-10
         9.997316002845764E-01         2.574969357738155E-07        -7.804133034250427E-11
         9.995923638343811E-01         4.512110081122955E-07        -1.057335191623210E-10
         1.000347495079041E+00        -1.047134901455138E-06         4.029638844826877E-10
         9.999178051948547E-01        -8.457768103653507E-07         2.651164010547546E-10
         1.000180721282959E+00        -9.892687558021862E-07         2.905888585313932E-10
         1.000554323196411E+00        -1.105727164940618E-06         3.022977979050268E-10
         1.000626206398010E+00        -1.221530396833259E-06         3.409207083304722E-10
         1.000538587570190E+00        -9.078331686396268E-07         2.264567006138307E-10
         1.000004887580872E+00        -5.776635836340915E-10        -7.565816723120733E-11
         9.997954964637756E-01         3.673912658541667E-07        -2.158897921544778E-10
         1.000081777572632E+00        -2.858176912923227E-07         4.786123233846418E-11
         9.998396635055542E-01         1.094670096790651E-07        -8.585691879670065E-11
         9.998543858528137E-01         2.532184169012908E-07        -1.480241346163425E-10
         9.995024800300598E-01         1.203327542498300E-06        -4.727025437745169E-10
         1.000073432922363E+00         4.888267426395032E-07        -2.630698159311606E-10
         9.994568824768066E-01         1.524145659459464E-06        -6.261633989090853E-10
         9.999323487281799E-01         6.907275746925734E-07        -3.396939118882614E-10
         1.000032663345337E+00         4.251245400155312E-07        -2.359071271662572E-10
         1.000011801719666E+00         4.112922340482328E-07        -2.511491292711554E-10
         1.000193715095520E+00         3.087847488814077E-08        -7.758754055897654E-11
         1.000475287437439E+00        -2.642671006469755E-07         4.226786629035750E-11
         1.000506162643433E+00        -2.861983183777284E-08        -5.432988781084447E-11
         1.000397443771362E+00         1.196246302015425E-07        -1.013309089414882E-10
         1.000145316123962E+00         4.996872462470492E-07        -2.377360808214490E-10
         9.998842477798462E-01         7.073942924762378E-07        -2.569140178376728E-10
         9.997771978378296E-01         7.299915978364879E-07        -2.448270197685787E-10
         9.995045065879822E-01         9.474741773374262E-07        -2.818023592254804E-10
         9.997221231460571E-01         4.477567756566714E-07        -6.727999407596386E-11
         1.000042557716370E+00         8.378283666843345E-08         8.873313889212753E-11
         1.000012755393982E+00         3.677638460430899E-08         8.954369190572464E-11
         1.000051736831665E+00        -1.983991637644067E-07         1.880522543240559E-10
         1.000019550323486E+00        -1.792232495745338E-07         1.894745055297520E-10
