43 2
-29.20 -1.23
-28.75 -1.10
-28.42 -1.00
-27.80 -0.90
-27.27 -0.80
-26.61 -0.71
-25.93 -0.61
-24.19 -0.45
-22.42 -0.36
-20.00 -0.24
-17.08 -0.14
-13.39 -0.07
-10.28 -0.04
 -7.74 -0.02
 -5.51  0.01
 -4.69  0.05
 -4.12  0.10
 -3.77  0.14
 -3.38  0.19
 -3.10  0.25
 -2.85  0.30
 -2.62  0.35
 -2.38  0.41
 -2.27  0.45
 -2.05  0.53
 -1.83  0.61
 -1.62  0.70
 -1.41  0.80
 -1.21  0.91
 -0.92  1.09
 -0.72  1.23
 -0.54  1.39
 -0.35  1.53
 -0.18  1.70
  0.00  1.90
  0.17  2.10
  0.34  2.29
  0.51  2.51
  0.67  2.73
  0.83  3.03
  0.98  3.31
  1.14  3.63
  1.29  3.97