 -2.532449 0.339418 
 0.000000 0.000000 
 0.000000 0.000000  0.000000
 0.000000 0.000000 0.000000
 0.000000 0.000000 0.000000
 0.000000 0.000000 0.000000
 0.000000 0.000000 0.000000
 0.002356 0.215977 -0.071451 0.004479 
 1.091947 -0.121547 -0.004595 -0.163652 
 0.002373 0.002344 
 -5.000000e-08 0.640812 
 0.950374 0.683645 
           7.03703446574022e+00          -2.08579153519805e-01           2.42439841477519e-03
          -1.28088248455237e-05           2.59648518967736e-08 
 0.000387 -0.000899 
 -0.001216 -0.000618  
0.000003 -0.001962 0.111994
 -0.006914 -0.041977 
 -0.078892 -0.038065 