 0.000000 0.000000 
 -0.007260 0.999988 
 -0.728480 0.423803  2.209536
 0.000000 0.000000 0.000000
 0.000000 0.000000 0.000000
 0.000000 0.000000 0.000000
 0.000000 0.000000 0.000000
 0.016514 0.245832 -0.089692 0.012618 
 1.107574 -0.161301 -0.028934 -0.198496 
 0.026276 0.024624 
 1.000000e-07 0.893371 
 0.940073 0.699615 
           6.81829301136858e+00          -2.06976938363326e-01           2.47473713862466e-03
          -1.35073542803211e-05           2.83452337573452e-08 
 -0.000296 -0.005892 
 -0.005774 -0.001387  
-0.000061 -0.003797 0.029289
 -0.008571 -0.037833 
 -0.051762 -0.017843 