  0.00000 0.000000 
 -0.000103 0.978223 
 0.000000 0.000000  0.000000
 0.000000 0.000000 0.000000
 0.000000 0.000000 0.000000
 0.000000 0.000000 0.000000
 0.000000 0.000000 0.000000
 0.113513 0.147799 -0.062518 0.090747 
 1.091661 -0.230340 -0.226065 -0.262615 
 0.314140 0.209872 
 -5.000000e-08 1.356035 
 0.901045 0.645116 
           6.72615163584316e+00          -1.90035546102272e-01           2.08863379220714e-03
          -1.03486837790922e-05           1.96016664297881e-08 
 -0.020092 -0.035105 
 -0.020899 -0.002405  
-0.015040 0.022022 0.016715
 -0.011951 -0.035203 
 -0.025341 -0.005732 
