 -0.001016 0.787959 
 -0.045799 0.999173 
 -0.001036 0.456336  1.922021
 0.000000 0.000000 0.000000
 0.000000 0.000000 0.000000
 0.000000 0.000000 0.000000
 0.000000 0.000000 0.000000
 0.025632 0.236327 -0.084969 0.018084 
 1.111957 -0.167504 -0.044321 -0.210519 
 0.044743 0.040608 
 -7.500000e-08 0.940269 
 0.936823 0.702873 
           6.75602773613539e+00          -2.06069987988344e-01           2.47855798645148e-03
          -1.36226115910811e-05           2.87992364399447e-08 
 -0.001472 -0.008930 
 -0.008521 -0.001781  
-0.000209 -0.004427 0.027189
 -0.008597 -0.036369 
 -0.047441 -0.015521 