 -0.000459 0.955282 
 0.000000 0.000000 
 0.000000 0.000000  0.000000
 -0.005480 0.811513 1.335155
 -0.005384 0.897267 1.197496
 0.000000 0.000000 0.000000
 0.000000 0.000000 0.000000
 0.002185 0.073832 -0.023208 -0.000289 
 1.031589 -0.093190 0.000171 -0.057912 
 0.001225 0.001219 
 -1.750000e-07 0.255948 
 0.752903 0.657517 
           5.45989145955526e+00          -1.44776396224661e-01           1.47617357195183e-03
          -6.66038891081985e-06           1.13315816307793e-08 
 0.000000 0.000000 
 0.000000 0.000000 
 0.000000 0.000000  0.000000
 -0.000427 -0.010944 
 -0.038658 -0.056607 
