-0.005467 0.657977
0.000000 0.000000 
0.000000 0.000000  0.000000
-0.006701 0.765337 1.320854
-0.007499 0.878892  1.107649
0.000000 0.000000 0.000000
0.000000 0.000000 0.000000
0.001746 0.072347 -0.022585 0.000039
1.025062 -0.088801 -0.000357 -0.047773
0.001180 0.001170 
-7.500000e-07 0.251690 
0.753200 0.659900 
5.427979e+00 -1.442485e-01 1.474310e-03 
-6.668989e-06 1.137426e-08 
-0.000046 -0.000281 
-0.000699 -0.000407 
-0.000001 0.000850 -0.126190 
-0.000460 -0.010327 
-0.036859 -0.054702 
