 0.000000 0.000000 
 -0.002735 0.999265 
 0.000000 0.000000  0.000000
 0.000000 0.000000 0.000000
 0.000000 0.000000 0.000000
 0.000000 0.000000 0.000000
 0.000000 0.000000 0.000000
 0.100128 0.139932 -0.050327 0.068656 
 1.133703 -0.163445 -0.192569 -0.305653 
 0.234471 0.167631 
 5.000000e-08 1.050624 
 0.923174 0.714972 
           6.50057620831407e+00          -2.00888014122929e-01           2.45827975885660e-03
          -1.37960235694749e-05           2.98271900003860e-08 
 -0.007692 -0.024539 
 -0.019078 -0.002265  
-0.008478 0.012363 0.019603
 -0.007756 -0.030856 
 -0.036691 -0.010748 
