 -0.003074 0.602904 
 -0.004950 0.995773 
 -0.075104 0.354198  2.211863
 0.000000 0.000000 0.000000
 0.000000 0.000000 0.000000
 0.000000 0.000000 0.000000
 0.000000 0.000000 0.000000
 0.015779 0.187978 -0.072917 0.010489 
 1.083648 -0.172969 -0.028732 -0.155717 
 0.025717 0.024092 
 1.000000e-07 0.670098 
 0.862799 0.631335 
           6.64274894208823e+00          -1.83204240297651e-01           1.96224287032580e-03
          -9.43611303318814e-06           1.72864988946122e-08 
 -0.000448 -0.005917 
 -0.007938 -0.002983  
-0.000069 -0.003492 0.029225
 -0.004879 -0.031713 
 -0.047538 -0.022808 