 -0.211921 0.464032 
 0.000000 0.000000 
 0.000000 0.000000  0.000000
 0.000000 0.000000 0.000000
 -0.060945 0.716467 1.304859
 0.000000 0.000000 0.000000
 0.000000 0.000000 0.000000
 -0.000063 0.159266 -0.045439 0.002024 
 1.071590 -0.082244 -0.000720 -0.125708 
 0.000261 0.000261 
 1.110223e-16 0.411880 
 0.954728 0.666138 
           7.18631119377340e+00          -2.08290472480714e-01           2.36073078846216e-03
          -1.21176050370398e-05           2.38115814197749e-08 
 0.000000 0.000000 
 0.000000 0.000000 
 0.000000 0.000000  0.000000
 -0.004277 -0.040481 
 -0.116571 -0.087045 
