 -0.007461 0.882305 
 -0.018810 0.999974 
 0.000000 0.000000  0.000000
 0.000000 0.000000 0.000000
 0.000000 0.000000 0.000000
 0.000000 0.000000 0.000000
 0.000000 0.000000 0.000000
 0.020781 0.242070 -0.087878 0.015109 
 1.109624 -0.164999 -0.035752 -0.203932 
 0.034925 0.032287 
 -2.500000e-08 0.919828 
 0.938395 0.701483 
           6.78608622123630e+00          -2.06547239759670e-01           2.47767680106193e-03
          -1.35749466392849e-05           2.86021644179702e-08 
 -0.000954 -0.007403 
 -0.007187 -0.001591  
-0.000111 -0.004256 0.026882
 -0.008614 -0.037070 
 -0.049366 -0.016517 