 -0.003201 0.725418 
 0.000000 0.000000 
 0.000000 0.000000  0.000000
 -0.011689 0.747051 1.347722
 -0.004607 0.877393 1.110756
 0.000000 0.000000 0.000000
 0.000000 0.000000 0.000000
 0.002269 0.074860 -0.023650 -0.000305 
 1.031846 -0.093996 0.000187 -0.058423 
 0.001262 0.001255 
 1.000000e-07 0.258745 
 0.752709 0.656266 
           5.47866939897787e+00          -1.45065316795071e-01           1.47681025677640e-03
          -6.65211553142358e-06           1.12991458288245e-08 
 0.000000 0.000000 
 0.000000 0.000000  
 0.000000 0.000000 0.000000
 -0.000220 -0.006016 
 -0.020620 -0.033856 

