 0.000000 0.000000 
 -0.106891 0.999926 
 0.000000 0.000000  0.000000
 0.000000 0.000000 0.000000
 0.000000 0.000000 0.000000
 0.000000 0.000000 0.000000
 0.000000 0.000000 0.000000
 0.032533 0.214663 -0.083888 0.021694 
 1.101418 -0.197123 -0.058932 -0.196848 
 0.060268 0.053451 
 -1.500000e-07 0.870369 
 0.889293 0.633818 
           6.75939812733469e+00          -1.88455950161005e-01           2.04248276601617e-03
          -9.95636735715411e-06           1.85128308595467e-08 
 -0.002421 -0.012251 
 -0.012929 -0.003350  
-0.000378 -0.004905 0.026209
 -0.007607 -0.036045 
 -0.041900 -0.015118 