 -0.003895 0.763480 
 -0.069016 0.994044 
 -0.003844 0.505874  1.840253
 0.000000 0.000000 0.000000
 0.000000 0.000000 0.000000
 0.000000 0.000000 0.000000
 0.000000 0.000000 0.000000
 0.028362 0.232449 -0.082888 0.019813 
 1.113281 -0.168489 -0.049180 -0.214280 
 0.050256 0.045236 
 1.000000e-07 0.949385 
 0.936031 0.703503 
           6.74106163360716e+00          -2.05814474562663e-01           2.47856214470763e-03
          -1.36427636408364e-05           2.88874710946173e-08 
 -0.000065 -0.001049 
 -0.000366 0.000455  
-0.000520 -0.000576 0.015129
 -0.002125 -0.009888 
 -0.025737 -0.011015 