 0.000000 0.000000 
 -0.007260 0.999988 
 -0.720618 0.439006  2.222664
 0.000000 0.000000 0.000000
 0.000000 0.000000 0.000000
 0.000000 0.000000 0.000000
 0.000000 0.000000 0.000000
 0.016114 0.189421 -0.073528 0.010690 
 1.084365 -0.173754 -0.029365 -0.157141 
 0.026276 0.024624 
 -2.500000e-08 0.676108 
 0.863985 0.631262 
           6.65002972073448e+00          -1.83491370415163e-01           1.96638897286310e-03
          -9.46213681634104e-06           1.73464833173382e-08 
 -0.000464 -0.006021 
 -0.007996 -0.002977  
-0.000061 -0.003797 0.029289
 -0.004970 -0.031943 
 -0.047478 -0.022548 