 -0.001533 0.706769 
 0.000000 0.000000 
 0.000000 0.000000  0.000000
 0.000000 0.000000 0.000000
 -0.055311 0.794096 1.249077
 -0.004282 0.936516 1.038578
 0.000000 0.000000 0.000000
 -0.000071 0.166578 -0.048405 0.002222 
 1.074149 -0.085760 -0.000798 -0.130293 
 0.000327 0.000327 
 -7.500000e-08 0.436742 
 0.954717 0.667820 
           7.17551606494998e+00          -2.08442109560366e-01           2.36801791205364e-03
          -1.21868706994617e-05           2.40139293348718e-08 
 0.000000 0.000000 
 0.000000 0.000000 
 0.000000 0.000000  0.000000
 -0.004628 -0.041373 
 -0.112335 -0.079026 
