 -0.034998 0.585391 
 -0.000093 0.995598 
 -0.002343 0.400823  2.224042
 0.000000 0.000000 0.000000
 0.000000 0.000000 0.000000
 0.000000 0.000000 0.000000
 0.000000 0.000000 0.000000
 0.012915 0.177981 -0.068673 0.008746 
 1.078391 -0.167167 -0.023221 -0.144911 
 0.020576 0.019503 
 -2.000000e-07 0.624585 
 0.853240 0.631717 
           6.59525078095899e+00          -1.81279590518731e-01           1.93402058720736e-03
          -9.25706574318040e-06           1.68701000676313e-08 
 -0.000270 -0.004785 
 -0.006859 -0.002810  
-0.000038 -0.003237 0.028835
 -0.004240 -0.030202 
 -0.048301 -0.025052 