 -0.001499 0.778968 
 -0.075965 0.993415 
 0.000000 0.000000  0.000000
 0.000000 0.000000 0.000000
 0.000000 0.000000 0.000000
 0.000000 0.000000 0.000000
 0.000000 0.000000 0.000000
 0.050714 0.210011 -0.082675 0.035391 
 1.107667 -0.213788 -0.093798 -0.221755 
 0.104902 0.087065 
 3.500000e-07 1.015050 
 0.894026 0.637338 
           6.76098724951823e+00          -1.89335723200509e-01           2.06128135066871e-03
          -1.00993572029848e-05           1.88843037195223e-08 
 -0.000668 -0.001279 
 -0.002138 -0.000196  
-0.002221 0.002776 0.017260
 -0.002093 -0.008506 
 -0.011501 -0.005146 
