 -0.000123 0.977981 
 -0.034517 0.999940 
 0.000000 0.000000  0.000000
 0.000000 0.000000 0.000000
 0.000000 0.000000 0.000000
 0.000000 0.000000 0.000000
 0.000000 0.000000 0.000000
 0.023827 0.238616 -0.086100 0.016961 
 1.111102 -0.166836 -0.041006 -0.208019 
 0.041120 0.037636 
 3.330669e-16 0.934158 
 0.937356 0.702450 
           6.76622315843846e+00          -2.06246883910715e-01           2.47863006571967e-03
          -1.36095423358735e-05           2.87410309381960e-08 
 -0.001341 -0.008394 
 -0.008058 -0.001713  
-0.000157 -0.004541 0.026464
 -0.008613 -0.036606 
 -0.048046 -0.015823 