 0.000000 0.000000 
 0.000000 0.000000 
 0.000000 0.000000  0.000000
 0.000000 0.000000 0.000000
 0.000000 0.000000 0.000000
 0.000000 0.000000 0.000000
 0.000000 0.000000 0.000000
 0.114979 0.145486 -0.061515 0.092204 
 1.091008 -0.230516 -0.228627 -0.263077 
 0.319966 0.212926 
 1.500000e-07 1.362837 
 0.901099 0.645261 
           6.72532327120254e+00          -1.90041899016611e-01           2.08905313997791e-03
          -1.03527871682207e-05           1.96137811963661e-08 
 -0.020526 -0.035400 
 -0.020918 -0.002383  
-0.015533 0.022571 0.016522
 -0.012007 -0.035179 
 -0.025183 -0.005665 