 -0.000152 0.917021 
 0.000000 0.000000 
 -0.000038 0.996509  2.774663
 0.000000 0.000000 0.000000
 0.000000 0.000000 0.000000
 0.000000 0.000000 0.000000
 0.000000 0.000000 0.000000
 0.009872 0.246297 -0.088112 0.009316 
 1.103537 -0.154139 -0.016549 -0.188277 
 0.015489 0.014871 
 1.000000e-07 0.845031 
 0.943137 0.695853 
           6.88188087332025e+00          -2.07921832738584e-01           2.47145594083836e-03
          -1.33960153259921e-05           2.79020001810520e-08 
 -0.000245 -0.003824 
 -0.004147 -0.001129  
-0.000018 -0.002697 0.026682
 -0.008468 -0.039276 
 -0.056548 -0.020614 