  0.000000 0.000000 
 -0.091261 0.999310 
 0.000000 0.000000  0.000000
 0.000000 0.000000 0.000000
 0.000000 0.000000 0.000000
 0.000000 0.000000 0.000000
 0.000000 0.000000 0.000000
 0.046778 0.211150 -0.082914 0.032466 
 1.106595 -0.212785 -0.086027 -0.216550 
 0.094470 0.079859 
 -7.500000e-08 0.990589 
 0.891687 0.636862 
           6.76035059487311e+00          -1.89154385228882e-01           2.05723617356729e-03
          -1.00668143944066e-05           1.87940221919553e-08 
 -0.004803 -0.017422 
 -0.016175 -0.003415  
-0.001027 -0.004367 0.024689
 -0.008748 -0.036196 
 -0.036582 -0.011544 
