 -0.005625 0.730250 
 -0.078776 0.990022 
 -0.005981 0.482247  1.915781
 0.000000 0.000000 0.000000
 0.000000 0.000000 0.000000
 0.000000 0.000000 0.000000
 0.000000 0.000000 0.000000
 0.030709 0.211622 -0.082641 0.020530 
 1.099296 -0.194524 -0.055499 -0.192078 
 0.056711 0.050324 
 5.000000e-08 0.848673 
 0.886928 0.633227 
           6.75065951014516e+00          -1.88012195843476e-01           2.03546172808913e-03
          -9.91009763441776e-06           1.84024354118828e-08 
 -0.002235 -0.011768 
 -0.012776 -0.003413  
-0.000362 -0.004735 0.027890
 -0.007269 -0.035511 
 -0.042290 -0.015702 