 0.000000 0.000000 
 -0.018315 0.999976 
 0.000000 0.000000  0.000000
 0.000000 0.000000 0.000000
 0.000000 0.000000 0.000000
 0.000000 0.000000 0.000000
 0.000000 0.000000 0.000000
 0.071155 0.198331 -0.079144 0.051113 
 1.110597 -0.223316 -0.133701 -0.244331 
 0.160470 0.125217 
 -5.000000e-08 1.144322 
 0.899219 0.640014 
           6.75604416217369e+00          -1.89926050272604e-01           2.07627046708059e-03
          -1.02226484599615e-05           1.92233883772071e-08 
 -0.009945 -0.025521 
 -0.019543 -0.003135  
-0.003364 0.000160 0.022125
 -0.010395 -0.036542 
 -0.031767 -0.008586 