 -0.000343 0.962911 
 -0.050372 0.999892 
 0.000000 0.000000  0.000000
 0.000000 0.000000 0.000000
 0.000000 0.000000 0.000000
 0.000000 0.000000 0.000000
 0.000000 0.000000 0.000000
 0.025999 0.235887 -0.084703 0.018303 
 1.112172 -0.167767 -0.044967 -0.211057 
 0.045351 0.041204 
 -1.500000e-07 0.942103 
 0.936688 0.702982 
           6.75326393523307e+00          -2.06025137807826e-01           2.47861526299935e-03
          -1.36267949103872e-05           2.88167960174705e-08 
 -0.001491 -0.009034 
 -0.008595 -0.001793  
-0.000198 -0.004681 0.026518
 -0.008596 -0.036310 
 -0.047274 -0.015435 