-0.030584 0.559164
-0.000269 0.995624 
-0.006616 0.368302 2.219031
0.000000 0.000000 0.000000
0.000000 0.000000 0.000000
0.000000 0.000000 0.000000
0.000000 0.000000 0.000000
0.011926 0.174200 -0.067105 0.007636
1.067012 -0.161463 -0.020409 -0.126151
0.018670 0.017760 
-1.000000e-06 0.604150 
0.848910 0.631980 
6.567317e+00 -1.802080e-01 1.918828e-03 
-9.162974e-06 1.665569e-08 
-0.000165 -0.003323 
-0.005108 -0.002210 
-0.000024 -0.003389 0.031049 
-0.004202 -0.029035 
-0.048035 -0.026111 
