 -0.001112 0.842546 
 0.000000 0.000000 
 0.000000 0.000000  0.000000
 -0.015713 0.735010 1.376081
 -0.002599 0.876346 1.152275
 0.000000 0.000000 0.000000
 0.000000 0.000000 0.000000
 0.002352 0.075986 -0.024121 -0.000322 
 1.032182 -0.095022 0.000208 -0.059083 
 0.001297 0.001290 
 3.500000e-07 0.261879 
 0.752509 0.654570 
           5.50175227079380e+00          -1.45444342628667e-01           1.47809787315463e-03
          -6.64547821098729e-06           1.12673366002465e-08 
 0.000000 0.000000
 0.000000 0.000000 
 0.000000 0.000000  0.000000
 -0.000468 -0.011438 
 -0.039427 -0.055688 
