 -0.000346 0.918645 
 0.000000 0.000000 
 -0.000032 0.996368  2.774342
 0.000000 0.000000 0.000000
 0.000000 0.000000 0.000000
 0.000000 0.000000 0.000000
 0.000000 0.000000 0.000000
 0.009934 0.246394 -0.088170 0.009355 
 1.103594 -0.154285 -0.016650 -0.188409 
 0.015633 0.015006 
 -7.500000e-08 0.846085 
 0.943097 0.695906 
           6.88120402890946e+00          -2.07922122713916e-01           2.47174468415333e-03
          -1.33993110141930e-05           2.79125724972702e-08 
 -0.000265 -0.003850 
 -0.004170 -0.001130  
-0.000016 -0.002827 0.028151
 -0.008474 -0.039262 
 -0.056459 -0.020555 