 -0.004595 0.740254 
 -0.063576 0.993434 
 -0.005511 0.499210  1.880754
 0.000000 0.000000 0.000000
 0.000000 0.000000 0.000000
 0.000000 0.000000 0.000000
 0.000000 0.000000 0.000000
 0.027153 0.210820 -0.082016 0.017973 
 1.097393 -0.190122 -0.048318 -0.186111 
 0.048729 0.043967 
 -7.500000e-08 0.815846 
 0.885488 0.632325 
           6.74811880185227e+00          -1.87731936832350e-01           2.03018081034451e-03
          -9.87231706084643e-06           1.83083692697608e-08 
 -0.000100 -0.000907 
 -0.000265 0.000301  
-0.000481 -0.000834 0.016063
 -0.001628 -0.008610 
 -0.014286 -0.007869 
