 -0.001611 0.889760 
 0.000000 0.000000 
 0.000000 0.000000  0.000000
 0.000000 0.000000 0.000000
 0.000000 0.000000 0.000000
 0.000000 0.000000 0.000000
 0.000000 0.000000 0.000000
 0.009568 0.161630 -0.061543 0.006366 
 1.070636 -0.157801 -0.016224 -0.129432 
 0.014252 0.013701 
 -1.000000e-07 0.557045 
 0.837710 0.632654 
           6.49739512286998e+00          -1.77573151166615e-01           1.88190866744978e-03
          -8.93631525095897e-06           1.61432558534222e-08 
 -0.000013 -0.003354 
 -0.005323 -0.002555  
-0.000015 -0.002632 0.028390
 -0.003331 -0.027534 
 -0.048915 -0.028814 