 -0.000706 0.808979 
 -0.068483 0.992873 
 0.000000 0.000000  0.000000
 0.000000 0.000000 0.000000
 0.000000 0.000000 0.000000
 0.000000 0.000000 0.000000
 0.000000 0.000000 0.000000
 0.056106 0.193418 -0.066221 0.036963 
 1.125379 -0.170937 -0.099356 -0.251385 
 0.110880 0.091370 
 2.775558e-16 1.006572 
 0.930079 0.708882 
           6.62944328188508e+00          -2.03721700529721e-01           2.47399010207776e-03
          -1.37547503125001e-05           2.94387831604373e-08 
 -0.000150 0.000002 
 -0.000882 0.000574  
-0.002464 0.003236 0.017139
 -0.002138 -0.009973 
 -0.024366 -0.009788 