 -0.003706 0.801848 
 -0.072240 0.997005 
 -0.000630 0.710552  1.495921
 0.000000 0.000000 0.000000
 0.000000 0.000000 0.000000
 0.000000 0.000000 0.000000
 0.000000 0.000000 0.000000
 0.028276 0.212290 -0.082589 0.018724 
 1.098545 -0.191623 -0.050329 -0.188788 
 0.051047 0.045939 
 2.500000e-08 0.828572 
 0.886853 0.632647 
           6.75310879790691e+00          -1.87985325700227e-01           2.03419445908328e-03
          -9.89878545585545e-06           1.83715042942310e-08 
 -0.001901 -0.010693 
 -0.011834 -0.003295  
-0.000258 -0.004836 0.026427
 -0.007136 -0.035708 
 -0.043664 -0.016587 