 0.000000 0.000000 
 -0.002494 0.999960 
 0.000000 0.000000  0.000000
 0.000000 0.000000 0.000000
 0.000000 0.000000 0.000000
 0.000000 0.000000 0.000000
 0.000000 0.000000 0.000000
 0.094242 0.176841 -0.074588 0.071774 
 1.100451 -0.227970 -0.190823 -0.256343 
 0.238731 0.170024 
 -5.000000e-08 1.265563 
 0.900308 0.643135 
           6.73774049031038e+00          -1.89969327841411e-01           2.08328921224561e-03
          -1.02954291386504e-05           1.94432679540110e-08 
 -0.014628 -0.030867 
 -0.020345 -0.002695  
-0.008784 0.012882 0.019436
 -0.011268 -0.035676 
 -0.027737 -0.006755 