 -0.001533 0.706769 
 0.000000 0.000000 
 0.000000 0.000000  0.000000
 0.000000 0.000000 0.000000
 -0.055283 0.794797 1.251233
 -0.004282 0.936775 1.041242
 0.000000 0.000000 0.000000
 -0.000019 0.037415 -0.008841 0.000183 
 1.015876 -0.048229 -0.000773 -0.027849 
 0.000327 0.000327 
 1.387779e-17 0.149708 
 0.762543 0.741181 
           4.52274075466961e+00          -1.27418706932356e-01           1.38185121153758e-03
          -6.63308642642587e-06           1.19398529220414e-08 
 0.000000 0.000000 
 0.000000 0.000000 
 0.000000 0.000000  0.000000
 -0.000024 -0.004306 
 -0.034654 -0.107169 
