 -0.003201 0.725418 
 0.000000 0.000000 
 0.000000 0.000000  0.000000
 -0.011693 0.746642 1.348831
 -0.004610 0.876456 1.108515
 0.000000 0.000000 0.000000
 0.000000 0.000000 0.000000
 0.000920 0.202103 -0.064177 0.003577 
 1.087041 -0.110082 -0.001657 -0.154032 
 0.001262 0.001255 
 -1.000000e-07 0.576465 
 0.952390 0.678592 
           7.09499363676963e+00          -2.09034326874736e-01           2.41255295635721e-03
          -1.26411247302272e-05           2.53937595931421e-08 
 0.000000 0.000000 
 0.000000 0.000000  
 0.000000 0.000000 0.000000
 -0.001424 -0.009486 
 -0.038219 -0.026914 
