 -0.002287 0.771676 
 -0.083719 0.993808 
 -0.000024 0.714583  1.482448
 0.000000 0.000000 0.000000
 0.000000 0.000000 0.000000
 0.000000 0.000000 0.000000
 0.000000 0.000000 0.000000
 0.047888 0.210963 -0.083010 0.033245 
 1.106786 -0.211529 -0.088489 -0.218036 
 0.097792 0.081796 
 -1.000000e-07 0.993514 
 0.893262 0.636837 
           6.76068509028780e+00          -1.89201776980156e-01           2.05841285435277e-03
          -1.00774047770243e-05           1.88268021317443e-08 
 -0.000565 -0.001193 
 -0.001925 -0.000158  
-0.001959 0.002306 0.017678
 -0.002045 -0.008544 
 -0.011795 -0.005386 
