 -0.000039 0.582744 
 -0.003759 0.993803 
 -0.000037 0.415508  2.033956
 0.000000 0.000000 0.000000
 0.000000 0.000000 0.000000
 0.000000 0.000000 0.000000
 0.000000 0.000000 0.000000
 0.091735 0.179002 -0.075028 0.069562 
 1.101407 -0.227364 -0.184771 -0.254880 
 0.230439 0.165186 
 -1.750000e-07 1.251926 
 0.900155 0.642792 
           6.73942254539075e+00          -1.89951171660444e-01           2.08232542411471e-03
          -1.02862357965741e-05           1.94163664327435e-08 
 -0.014133 -0.030375 
 -0.020338 -0.002745  
-0.008237 0.012049 0.019800
 -0.011150 -0.035712 
 -0.028096 -0.006923 