 0.000000 0.000000 
 -0.018315 0.999976 
 0.000000 0.000000  0.000000
 0.000000 0.000000 0.000000
 0.000000 0.000000 0.000000
 0.000000 0.000000 0.000000
 0.000000 0.000000 0.000000
 0.076446 0.166562 -0.056980 0.049569 
 1.131927 -0.169262 -0.137157 -0.275847 
 0.160470 0.125217 
 2.000000e-07 1.031437 
 0.926803 0.712064 
           6.56803829497641e+00          -2.02449156032948e-01           2.46848186007578e-03
          -1.37913199693085e-05           2.96719325568839e-08 
 -0.006930 -0.021946 
 -0.018365 -0.002583  
-0.003364 0.000160 0.022125
 -0.008072 -0.032204 
 -0.038815 -0.011573 