 -0.004113 0.668688 
 -0.001154 0.951494 
 -0.000945 0.305150  2.203056
 0.000000 0.000000 0.000000
 0.000000 0.000000 0.000000
 0.000000 0.000000 0.000000
 0.000000 0.000000 0.000000
 0.010678 0.245431 -0.087832 0.009765 
 1.103901 -0.154407 -0.018090 -0.189355 
 0.016987 0.016062 
 2.500000e-08 0.847312 
 0.942854 0.696108 
           6.87666234923473e+00          -2.07813919504460e-01           2.47098744553709e-03
          -1.33990647353553e-05           2.79215623071587e-08 
 -0.000250 -0.004100 
 -0.004453 -0.001192  
-0.000048 -0.002370 0.038054
 -0.008451 -0.039124 
 -0.056200 -0.020437 