 -0.005829 0.727096 
 -0.078558 0.989861 
 -0.005990 0.478089  1.906550
 0.000000 0.000000 0.000000
 0.000000 0.000000 0.000000
 0.000000 0.000000 0.000000
 0.000000 0.000000 0.000000
 0.031547 0.228239 -0.081139 0.021761 
 1.114844 -0.168885 -0.055195 -0.218893 
 0.056831 0.050412 
 7.500000e-08 0.956635 
 0.935258 0.704187 
           6.72689390888463e+00          -2.05548030457726e-01           2.47795991563715e-03
          -1.36567748091245e-05           2.89568263000298e-08 
 -0.001963 -0.010668 
 -0.010076 -0.001992  
-0.000364 -0.004726 0.027898
 -0.008537 -0.035682 
 -0.045812 -0.014729 