-0.081353 0.436109 
-0.002565 0.994360 
-0.015503 0.341739  2.219529
0.000000 0.000000 0.000000
0.000000 0.000000 0.000000
0.000000 0.000000 0.000000
0.000000 0.000000 0.000000
0.012322 0.171814 -0.065922 0.008030 
1.077096 -0.163350 -0.021832 -0.142646 
0.018029 0.017103 
1.665335e-16 0.602092 
0.849327 0.636733 
           6.54302602475267e+00          -1.79436526202653e-01           1.90935585923561e-03
          -9.11100925752047e-06           1.65507381762586e-08 
-0.000174 -0.004660 
-0.006953 -0.003006  
-0.000038 -0.018709 0.036167
-0.003958 -0.029018 
-0.048782 -0.026431 