 -0.001949 0.838340 
 -0.010324 0.999981 
 0.000000 0.000000  0.000000
 0.000000 0.000000 0.000000
 0.000000 0.000000 0.000000
 0.000000 0.000000 0.000000
 0.000000 0.000000 0.000000
 0.017150 0.192651 -0.074832 0.011341 
 1.086027 -0.175612 -0.031105 -0.160577 
 0.028237 0.026371 
 1.110223e-16 0.691780 
 0.867147 0.631137 
           6.66616772923548e+00          -1.84143609887565e-01           1.97593985297681e-03
          -9.52265588736148e-06           1.74870344402550e-08 
 -0.000560 -0.006422 
 -0.008354 -0.003017  
-0.000075 -0.003824 0.028172
 -0.005202 -0.032466 
 -0.047239 -0.021867 