 -0.000024 0.469004 
 -0.038462 0.999242 
 0.000000 0.000000  0.000000
 0.000000 0.000000 0.000000
 0.000000 0.000000 0.000000
 0.000000 0.000000 0.000000
 0.000000 0.000000 0.000000
 0.065791 0.180352 -0.061604 0.042734 
 1.128967 -0.170500 -0.116734 -0.263290 
 0.133355 0.107359 
 1.110223e-16 1.020116 
 0.928439 0.710404 
           6.59882325565105e+00          -2.03109688937692e-01           2.47179952864891e-03
          -1.37776719338338e-05           2.95683277519318e-08 
 -0.005768 -0.019689 
 -0.017059 -0.002579  
-0.002222 -0.002187 0.023187
 -0.008188 -0.032851 
 -0.039904 -0.012026 