 -0.001499 0.778968 
 -0.075965 0.993415 
 0.000000 0.000000  0.000000
 0.000000 0.000000 0.000000
 0.000000 0.000000 0.000000
 0.000000 0.000000 0.000000
 0.000000 0.000000 0.000000
 0.053532 0.197065 -0.067654 0.035379 
 1.124409 -0.170980 -0.094748 -0.248178 
 0.104902 0.087065 
 -1.000000e-07 1.002625 
 0.930539 0.708456 
           6.63801439344243e+00          -2.03890176473536e-01           2.47453166637853e-03
          -1.37477285934251e-05           2.94008219714805e-08 
 -0.000145 -0.000184 
 -0.000923 0.000531  
-0.002221 0.002776 0.017260
 -0.002138 -0.009961 
 -0.024445 -0.009862 