 -0.005594 0.706655 
 0.000000 0.000000 
 -0.000016 0.995669  2.773381
 0.000000 0.000000 0.000000
 0.000000 0.000000 0.000000
 0.000000 0.000000 0.000000
 0.000000 0.000000 0.000000
 0.010358 0.246593 -0.088433 0.009551 
 1.103890 -0.154834 -0.017488 -0.189138 
 0.016279 0.015599 
 3.000000e-07 0.849750 
 0.942878 0.696185 
           6.87667098847793e+00          -2.07858359897769e-01           2.47206227012562e-03
          -1.34079107075808e-05           2.79459308857767e-08 
 -0.000255 -0.003980 
 -0.004260 -0.001144  
-0.000019 -0.002808 0.027333
 -0.008485 -0.039159 
 -0.056086 -0.020330 