 -0.413228 0.444117 
 0.000000 0.000000 
 0.000000 0.000000  0.000000
 0.000000 0.000000 0.000000
 0.000000 0.000000 0.000000
 0.000000 0.000000 0.000000
 0.000000 0.000000 0.000000
 0.008361 0.242024 -0.085950 0.008237 
 1.101801 -0.148935 -0.014611 -0.184443 
 0.011396 0.010992 
 5.000000e-08 0.807477 
 0.944325 0.694208 
           6.90010603724810e+00          -2.07740622882144e-01           2.45947287916433e-03
          -1.32725124680244e-05           2.75211689279921e-08 
 0.000472 -0.003056 
 -0.003425 -0.001095  
-0.000011 -0.002438 0.033197
 -0.008180 -0.039625 
 -0.059692 -0.022835 