 0.000000 0.000000 
 -0.080001 0.999862 
 0.000000 0.000000  0.000000
 0.000000 0.000000 0.000000
 0.000000 0.000000 0.000000
 0.000000 0.000000 0.000000
 0.000000 0.000000 0.000000
 0.051327 0.198471 -0.067093 0.034333 
 1.123682 -0.171529 -0.090193 -0.245469 
 0.099817 0.083846 
 -3.000000e-07 1.001482 
 0.930841 0.708179 
           6.64327315044656e+00          -2.04019511349200e-01           2.47551705540931e-03
          -1.37489517012558e-05           2.93931177932525e-08 
 -0.004179 -0.016187 
 -0.014689 -0.002481  
-0.001146 -0.004258 0.024405
 -0.008346 -0.033818 
 -0.041688 -0.012795 