 -0.021926 0.708142 
 0.000000 0.000000 
 0.000000 0.000000  0.000000
 -0.010290 0.771472 1.892282
 -0.000198 0.937858 1.140408
 -0.002003 0.961748 1.021294
 0.000000 0.000000 0.000000
 0.000085 0.173626 -0.051461 0.002458 
 1.076936 -0.090778 -0.000969 -0.135377 
 0.000432 0.000431 
 1.000000e-07 0.463025 
 0.954279 0.670293 
           7.15563829389170e+00          -2.08429010745873e-01           2.37512030480381e-03
          -1.22667729799736e-05           2.42654610372966e-08 
 0.000000 0.000000 
 0.000000 0.000000 
 0.000000 0.000000  0.000000
 -0.004944 -0.041636 
 -0.106935 -0.071102 
