 -0.004322 0.731566 
 0.000000 0.000000 
 0.000000 0.000000  0.000000
 -0.005030 0.778982 1.311193
 -0.008339 0.878059 1.110960
 0.000000 0.000000 0.000000
 0.000000 0.000000 0.000000
 0.002019 0.071604 -0.022275 -0.000256 
 1.030922 -0.091158 0.000127 -0.056604 
 0.001156 0.001150 
 1.750000e-07 0.249751 
 0.753322 0.660880 
           5.41417041121055e+00          -1.44024417588076e-01           1.47359530993582e-03
          -6.67332910220355e-06           1.13940879532754e-08 
 0.000000 0.000000 
 0.000000 0.000000 
 0.000000 0.000000  0.000000
 -0.000394 -0.010507 
 -0.038226 -0.058000 
