 -0.088889 0.425727 
 -0.001918 0.994266 
 -0.013784 0.342538  2.221762
 0.000000 0.000000 0.000000
 0.000000 0.000000 0.000000
 0.000000 0.000000 0.000000
 0.000000 0.000000 0.000000
 0.012038 0.171245 -0.065694 0.007895 
 1.075641 -0.163313 -0.021304 -0.139621 
 0.018656 0.017685 
 -5.000000e-08 0.598944 
 0.848397 0.632268 
           6.54319969253320e+00          -1.79411431919408e-01           1.90870930101442e-03
          -9.10567194916566e-06           1.65359040630073e-08 
 -0.000161 -0.004506 
 -0.006726 -0.002920  
-0.000034 -0.003237 0.032236
 -0.003886 -0.028995 
 -0.048351 -0.026309 