 -0.000191 0.737090 
 -0.090343 0.998635 
 -0.000209 0.475406  1.942799
 0.000000 0.000000 0.000000
 0.000000 0.000000 0.000000
 0.000000 0.000000 0.000000
 0.000000 0.000000 0.000000
 0.049121 0.202151 -0.068901 0.032960 
 1.122704 -0.171333 -0.086565 -0.242679 
 0.094975 0.080049 
 -2.750000e-07 0.997091 
 0.931279 0.707780 
           6.65145242056866e+00          -2.04167449299483e-01           2.47571302013083e-03
          -1.37395426924250e-05           2.93492651902855e-08 
 -0.003839 -0.015550 
 -0.014168 -0.002431  
-0.001079 -0.004003 0.025057
 -0.008366 -0.033999 
 -0.042072 -0.012971 