 -0.002718 0.758879 
 -0.087688 0.994792 
 0.000000 0.000000  0.000000
 0.000000 0.000000 0.000000
 0.000000 0.000000 0.000000
 0.000000 0.000000 0.000000
 0.000000 0.000000 0.000000
 0.049583 0.202694 -0.069883 0.032950 
 1.122924 -0.171042 -0.087717 -0.243279 
 0.095735 0.080458 
 1.665335e-16 0.996574 
 0.931251 0.707801 
           6.65108385405353e+00          -2.04145765556867e-01           2.47532478623969e-03
          -1.37367474080701e-05           2.93421755343360e-08 
 -0.003809 -0.015628 
 -0.014170 -0.002414  
-0.001115 -0.003992 0.025444
 -0.008359 -0.033990 
 -0.042086 -0.012983 