 -0.127884 0.523677 
 0.000000 0.000000 
 0.000000 0.000000  0.000000
 0.000000 0.000000 0.000000
 0.000000 0.000000 0.000000
 0.000000 0.000000 0.000000
 0.000000 0.000000 0.000000
 0.009019 0.243990 -0.086956 0.008702 
 1.102585 -0.151275 -0.015471 -0.186166 
 0.013073 0.012584 
 -3.500000e-07 0.824102 
 0.943794 0.694959 
           6.89165524417859e+00          -2.07810360659066e-01           2.46467009714030e-03
          -1.33267276569568e-05           2.76891369083632e-08 
 0.000204 -0.003376 
 -0.003734 -0.001113  
-0.000014 -0.002583 0.030801
 -0.008307 -0.039465 
 -0.058262 -0.021814 