 -0.005718 0.773380 
 -0.056496 0.999498 
 0.000000 0.000000  0.000000
 0.000000 0.000000 0.000000
 0.000000 0.000000 0.000000
 0.000000 0.000000 0.000000
 0.000000 0.000000 0.000000
 0.026850 0.234662 -0.084021 0.018850 
 1.112567 -0.168116 -0.046453 -0.212193 
 0.047089 0.042660 
 -2.000000e-07 0.945125 
 0.936435 0.703179 
           6.74846288425183e+00          -2.05944901378441e-01           2.47865944235282e-03
          -1.36336194577771e-05           2.88461136702999e-08 
 -0.001579 -0.009296 
 -0.008827 -0.001827  
-0.000216 -0.004723 0.026393
 -0.008590 -0.036197 
 -0.046984 -0.015290 