 -0.008979 0.521607 
 0.000000 0.000000 
 -0.000025 0.652110  1.634501
 -0.009997 0.746621 1.347059
 -0.005693 0.880624 1.100550
 0.000000 0.000000 0.000000
 0.000000 0.000000 0.000000
 0.000919 0.201244 -0.063811 0.003550 
 1.086777 -0.109615 -0.001702 -0.153554 
 0.001245 0.001238 
 2.500000e-08 0.573134 
 0.952404 0.678425 
           7.09535743981590e+00          -2.08976153864993e-01           2.41103775180663e-03
          -1.26284432249476e-05           2.53587183799183e-08 
 0.000000 0.000000 
 0.000000 0.000000  
 0.000000 0.000000 0.000000
 -0.001413 -0.009468 
 -0.038351 -0.027166 
