 -0.034459 0.544926 
 -0.000211 0.996092 
 -0.005916 0.360244  2.199422
 0.000000 0.000000 0.000000
 0.000000 0.000000 0.000000
 0.000000 0.000000 0.000000
 0.000000 0.000000 0.000000
 0.011868 0.246259 -0.088792 0.010243 
 1.104757 -0.156143 -0.020475 -0.191377 
 0.018464 0.017565 
 7.500000e-08 0.858274 
 0.942185 0.696991 
           6.86212473595098e+00          -2.07593058586880e-01           2.47160797329081e-03
          -1.34233583720026e-05           2.80194925439825e-08 
 0.000039 -0.002522 
 -0.002486 -0.000633  
-0.000081 -0.000804 0.011301
 -0.002032 -0.009905 
 -0.028318 -0.013445 