 -0.002048 0.828950 
 0.000000 0.000000 
 -0.001603 0.693279  1.675524
 -0.000169 0.925078 1.240917
 0.000000 0.000000 0.000000
 0.000000 0.000000 0.000000
 0.000000 0.000000 0.000000
 0.003760 0.223624 -0.075838 0.005263 
 1.094826 -0.129208 -0.007389 -0.169580 
 0.003643 0.003576 
 1.500000e-07 0.682657 
 0.948716 0.686958 
           6.99218277384367e+00          -2.08059266547347e-01           2.42976247863975e-03
          -1.29089751806355e-05           2.63292010376595e-08 
 0.000721 -0.001291 
 -0.001592 -0.000782  
-0.000005 -0.000399 0.003776
 -0.007232 -0.041236 
 -0.073053 -0.033147 