 -0.006269 0.721901 
 -0.076470 0.989252 
 -0.006082 0.483229  1.919481
 0.000000 0.000000 0.000000
 0.000000 0.000000 0.000000
 0.000000 0.000000 0.000000
 0.000000 0.000000 0.000000
 0.031348 0.234555 -0.084601 0.019309 
 1.112404 -0.169673 -0.054694 -0.212551 
 0.052218 0.046682 
 -2.500000e-08 0.954788 
 0.935431 0.697807 
           6.73017042078474e+00          -2.05606758252825e-01           2.47802786073325e-03
          -1.36529377191151e-05           2.89391145408310e-08 
 -0.001890 -0.010515 
 -0.010003 -0.002003  
-0.000345 -0.020236 0.031269
 -0.008430 -0.035909 
 -0.045226 -0.014510 
