 0.000000 0.000000 
 -0.098505 0.999848 
 0.000000 0.000000  0.000000
 0.000000 0.000000 0.000000
 0.000000 0.000000 0.000000
 0.000000 0.000000 0.000000
 0.000000 0.000000 0.000000
 0.047621 0.204670 -0.070085 0.031930 
 1.122237 -0.171388 -0.083969 -0.240912 
 0.091161 0.077384 
 3.000000e-07 0.994950 
 0.931545 0.707556 
           6.65607515630838e+00          -2.04257252634170e-01           2.47597636720770e-03
          -1.37354953746102e-05           2.93280217895389e-08 
 -0.003604 -0.015123 
 -0.013797 -0.002398  
-0.000951 -0.004464 0.024887
 -0.008383 -0.034107 
 -0.042283 -0.013064 