 -0.026196 0.592802 
 -0.000344 0.996152 
 -0.008981 0.367155  2.220131
 0.000000 0.000000 0.000000
 0.000000 0.000000 0.000000
 0.000000 0.000000 0.000000
 0.000000 0.000000 0.000000
 0.012533 0.176217 -0.067892 0.008505 
 1.077490 -0.166145 -0.022355 -0.143100 
 0.019915 0.018899 
 -7.500000e-08 0.617364 
 0.851755 0.631804 
           6.58604002542519e+00          -1.80919901634887e-01           1.92886398667271e-03
          -9.22486835570864e-06           1.67962075996252e-08 
 -0.000109 -0.002718 
 -0.003504 -0.001386  
-0.000081 -0.001430 0.019212
 -0.001045 -0.008507 
 -0.016506 -0.011966 
