 -0.021926 0.708142 
 0.000000 0.000000 
 0.000000 0.000000  0.000000
 -0.010266 0.772232 1.860657
 -0.000198 0.938448 1.139538
 -0.002003 0.961895 1.022931
 0.000000 0.000000 0.000000
 0.000222 0.042903 -0.010849 0.000129 
 1.019204 -0.057302 -0.000595 -0.034086 
 0.000432 0.000431 
 1.750000e-07 0.166691 
 0.760388 0.722669 
           4.70240670917768e+00          -1.31115496347310e-01           1.40791062265324e-03
          -6.69517832910207e-06           1.19551468848645e-08 
 0.000000 0.000000 
 0.000000 0.000000 
 0.000000 0.000000  0.000000
 -0.000061 -0.005162 
 -0.033816 -0.091494 
