 0.000000 0.000000 
 -0.007400 0.999753 
 0.000000 0.000000  0.000000
 0.000000 0.000000 0.000000
 0.000000 0.000000 0.000000
 0.000000 0.000000 0.000000
 0.000000 0.000000 0.000000
 0.087378 0.155913 -0.055087 0.058055 
 1.133257 -0.166439 -0.164730 -0.290885 
 0.193111 0.144422 
 -2.500000e-08 1.040808 
 0.925035 0.713519 
           6.53486761255333e+00          -2.01678396007833e-01           2.46338130089400e-03
          -1.37928773764265e-05           2.97460430057882e-08 
 -0.007077 -0.023014 
 -0.018488 -0.002384  
-0.005468 0.006001 0.021171
 -0.007919 -0.031540 
 -0.037766 -0.011163 