 0.000000 0.000000 
 -0.002735 0.999265 
 0.000000 0.000000  0.000000
 0.000000 0.000000 0.000000
 0.000000 0.000000 0.000000
 0.000000 0.000000 0.000000
 0.000000 0.000000 0.000000
 0.093028 0.178141 -0.074949 0.070660 
 1.101001 -0.227756 -0.188052 -0.255787 
 0.234471 0.167631 
 1.110223e-16 1.259364 
 0.900256 0.642983 
           6.73862510163471e+00          -1.89965871500661e-01           2.08291808418302e-03
          -1.02916557547335e-05           1.94319518648716e-08 
 -0.014363 -0.030611 
 -0.020323 -0.002717  
-0.008478 0.012363 0.019603
 -0.011220 -0.035708 
 -0.027914 -0.006833 
