 -0.003081 0.814243 
 -0.080099 0.996674 
 -0.001403 0.606039  1.639294
 0.000000 0.000000 0.000000
 0.000000 0.000000 0.000000
 0.000000 0.000000 0.000000
 0.000000 0.000000 0.000000
 0.029780 0.230480 -0.081829 0.020714 
 1.113952 -0.169049 -0.051689 -0.216204 
 0.053146 0.047651 
 2.775558e-16 0.954367 
 0.935620 0.703839 
           6.73306972878713e+00          -2.05679479159704e-01           2.47859983457914e-03
          -1.36538209317136e-05           2.89354207402904e-08 
 -0.000053 -0.000877 
 -0.000226 0.000506  
-0.000573 -0.000519 0.015085
 -0.002126 -0.009888 
 -0.025595 -0.010894 