 -0.002884 0.787469 
 -0.078752 0.993455 
 -0.001451 0.542351  1.739452
 0.000000 0.000000 0.000000
 0.000000 0.000000 0.000000
 0.000000 0.000000 0.000000
 0.000000 0.000000 0.000000
 0.029892 0.230540 -0.082034 0.020745 
 1.114045 -0.168907 -0.052049 -0.216485 
 0.053325 0.047741 
 -5.000000e-08 0.953963 
 0.935616 0.703866 
           6.73306850127905e+00          -2.05672068111625e-01           2.47841623085136e-03
          -1.36522761350181e-05           2.89310694352102e-08 
 -0.001845 -0.010189 
 -0.009613 -0.001932  
-0.000297 -0.004787 0.026843
 -0.008561 -0.035839 
 -0.046119 -0.014868 