 -0.157674 0.542256 
 0.000000 0.000000 
 0.000000 0.000000  0.000000
 0.000000 0.000000 0.000000
 0.000000 0.000000 0.000000
 0.000000 0.000000 0.000000
 0.000000 0.000000 0.000000
 0.009241 0.158690 -0.060287 0.005938 
 1.069646 -0.156158 -0.015740 -0.127577 
 0.013317 0.012815 
 -3.000000e-07 0.545562 
 0.834921 0.632939 
           6.47027995841188e+00          -1.76624662707294e-01           1.86929723087595e-03
          -8.86204090684189e-06           1.59817600760944e-08 
 0.000076 -0.003180 
 -0.005107 -0.002568  
-0.000014 -0.002582 0.030537
 -0.003174 -0.026918 
 -0.048782 -0.029431 