 -0.081233 0.440607 
 -0.002969 0.994134 
 -0.015489 0.341310  2.220004
 0.000000 0.000000 0.000000
 0.000000 0.000000 0.000000
 0.000000 0.000000 0.000000
 0.000000 0.000000 0.000000
 0.012656 0.173573 -0.066671 0.008301 
 1.076795 -0.164649 -0.022436 -0.141970 
 0.019822 0.018735 
 1.750000e-07 0.609431 
 0.850899 0.632158 
           6.55585187976672e+00          -1.79906332531761e-01           1.91581475887065e-03
          -9.15008566656354e-06           1.66378953784086e-08 
 -0.000213 -0.004787 
 -0.007043 -0.002983  
-0.000037 -0.003458 0.033210
 -0.004030 -0.029370 
 -0.048223 -0.025742 