 -0.000369 0.889317 
 -0.048680 0.999829 
 0.000000 0.000000  0.000000
 0.000000 0.000000 0.000000
 0.000000 0.000000 0.000000
 0.000000 0.000000 0.000000
 0.000000 0.000000 0.000000
 0.025409 0.209868 -0.081630 0.016748 
 1.096150 -0.188009 -0.045084 -0.182794 
 0.044903 0.040827 
 1.665335e-16 0.798644 
 0.884123 0.631815 
           6.74519454867488e+00          -1.87525611488938e-01           2.02661192275614e-03
          -9.84776649139318e-06           1.82483892186717e-08 
 -0.001526 -0.009587 
 -0.010954 -0.003226  
-0.000195 -0.004643 0.026413
 -0.006760 -0.035304 
 -0.044773 -0.017685 