 -0.000097 0.958397 
 0.000000 0.000000 
 -0.000515 0.910928  2.769841
 0.000000 0.000000 0.000000
 0.000000 0.000000 0.000000
 0.000000 0.000000 0.000000
 0.000000 0.000000 0.000000
 0.014799 0.185034 -0.071709 0.009878 
 1.082097 -0.171235 -0.027010 -0.152473 
 0.023862 0.022464 
 1.000000e-07 0.655615 
 0.859763 0.631433 
           6.62865274240189e+00          -1.82627495976268e-01           1.95373852378671e-03
          -9.38195994115181e-06           1.71602089187322e-08 
 -0.000364 -0.005508 
 -0.007529 -0.002916  
-0.000050 -0.003596 0.029538
 -0.004673 -0.031256 
 -0.047800 -0.023495 