 -0.000440 0.829495 
 -0.094138 0.998333 
 -0.000065 0.442178  1.959663
 0.000000 0.000000 0.000000
 0.000000 0.000000 0.000000
 0.000000 0.000000 0.000000
 0.000000 0.000000 0.000000
 0.048432 0.203425 -0.069586 0.032488 
 1.122439 -0.171263 -0.085461 -0.241844 
 0.093347 0.078810 
 -1.750000e-07 0.995681 
 0.931417 0.707656 
           6.65398820583564e+00          -2.04212262427302e-01           2.47574711611407e-03
          -1.37363983900613e-05           2.93350278035594e-08 
 -0.003720 -0.015343 
 -0.013988 -0.002413  
-0.001050 -0.003986 0.025167
 -0.008372 -0.034056 
 -0.042195 -0.013028 