 -0.022351 0.580719 
 -0.001619 0.995764 
 -0.030520 0.347479  2.217896
 0.000000 0.000000 0.000000
 0.000000 0.000000 0.000000
 0.000000 0.000000 0.000000
 0.000000 0.000000 0.000000
 0.013417 0.179564 -0.069323 0.009052 
 1.079215 -0.168073 -0.024093 -0.146614 
 0.021497 0.020325 
 -2.500000e-08 0.632146 
 0.855022 0.631660 
           6.60274129078830e+00          -1.81585641458875e-01           1.93853153807180e-03
          -9.28578418304997e-06           1.69370689812762e-08 
 -0.000307 -0.005009 
 -0.007108 -0.002865  
-0.000042 -0.003331 0.029159
 -0.004346 -0.030443 
 -0.048172 -0.024656 