 -0.000343 0.962911 
 -0.050372 0.999892 
 0.000000 0.000000  0.000000
 0.000000 0.000000 0.000000
 0.000000 0.000000 0.000000
 0.000000 0.000000 0.000000
 0.000000 0.000000 0.000000
 0.025624 0.210102 -0.081728 0.016894 
 1.096353 -0.188296 -0.045491 -0.183285 
 0.045351 0.041204 
 -3.000000e-07 0.800990 
 0.884353 0.631883 
           6.74588251855351e+00          -1.87564238152679e-01           2.02724163055572e-03
          -9.85197744494238e-06           1.82585190148306e-08 
 -0.001551 -0.009667 
 -0.011016 -0.003230  
-0.000198 -0.004681 0.026518
 -0.006790 -0.035339 
 -0.044688 -0.017597 