 -0.004506 0.764571 
 -0.085595 0.993997 
 -0.000718 0.593404  1.646391
 0.000000 0.000000 0.000000
 0.000000 0.000000 0.000000
 0.000000 0.000000 0.000000
 0.000000 0.000000 0.000000
 0.030760 0.212902 -0.083115 0.020497 
 1.099861 -0.194748 -0.055503 -0.192978 
 0.056574 0.050341 
 -7.500000e-08 0.851444 
 0.887748 0.633284 
           6.75446234881522e+00          -1.88166482668097e-01           2.03769336369212e-03
          -9.92408835569249e-06           1.84348794690002e-08 
 -0.002212 -0.011687 
 -0.012620 -0.003368  
-0.000343 -0.004801 0.027079
 -0.007353 -0.035738 
 -0.042462 -0.015693 