 -0.002884 0.787469 
 -0.078752 0.993455 
 -0.001446 0.546000  1.746639
 0.000000 0.000000 0.000000
 0.000000 0.000000 0.000000
 0.000000 0.000000 0.000000
 0.000000 0.000000 0.000000
 0.029297 0.212412 -0.082794 0.019456 
 1.099010 -0.192931 -0.052546 -0.190416 
 0.053325 0.047741 
 -2.500000e-08 0.837706 
 0.887081 0.632901 
           6.75301184402272e+00          -1.88034466710425e-01           2.03527772344299e-03
          -9.90701539492499e-06           1.83926050639125e-08 
 -0.002023 -0.011115 
 -0.012183 -0.003334  
-0.000297 -0.004787 0.026843
 -0.007212 -0.035679 
 -0.043117 -0.016203 