 -0.027714 0.589644 
 -0.000376 0.996049 
 -0.009292 0.367669  2.219884
 0.000000 0.000000 0.000000
 0.000000 0.000000 0.000000
 0.000000 0.000000 0.000000
 0.000000 0.000000 0.000000
 0.012543 0.176297 -0.067926 0.008516 
 1.077520 -0.166190 -0.022374 -0.143157 
 0.019943 0.018925 
 1.500000e-07 0.617677 
 0.851817 0.631797 
           6.58670735949291e+00          -1.80943678384193e-01           1.92918428731363e-03
          -9.22677344832481e-06           1.68003871260366e-08 
 -0.000110 -0.002713 
 -0.003492 -0.001377  
-0.000084 -0.001256 0.016515
 -0.001047 -0.008512 
 -0.016508 -0.011960 
