 -0.002988 0.671309 
 -0.000869 0.969067 
 -0.000218 0.523020  2.071534
 0.000000 0.000000 0.000000
 0.000000 0.000000 0.000000
 0.000000 0.000000 0.000000
 0.000000 0.000000 0.000000
 0.011263 0.166163 -0.063513 0.007837 
 1.072713 -0.161128 -0.019348 -0.134227 
 0.018622 0.017125 
 2.775558e-17 0.583540 
 0.843700 0.632437 
           6.53533958731764e+00          -1.78978221430669e-01           1.90132125615749e-03
          -9.05412291269775e-06           1.64064989613671e-08 
 -0.000313 -0.004541 
 -0.007248 -0.003081  
-0.000132 -0.000022 0.057491
 -0.003631 -0.028280 
 -0.048113 -0.027002 