 0.000000 0.000000 
 -0.098505 0.999848 
 0.000000 0.000000  0.000000
 0.000000 0.000000 0.000000
 0.000000 0.000000 0.000000
 0.000000 0.000000 0.000000
 0.000000 0.000000 0.000000
 0.045493 0.211811 -0.083265 0.031461 
 1.106218 -0.211750 -0.083800 -0.214956 
 0.091161 0.077384 
 3.000000e-07 0.980719 
 0.891351 0.636640 
           6.76018835955409e+00          -1.89094415552898e-01           2.05596570709241e-03
          -1.00571601029391e-05           1.87689028571118e-08 
 -0.004530 -0.016952 
 -0.015904 -0.003417  
-0.000951 -0.004464 0.024887
 -0.008646 -0.036166 
 -0.036942 -0.011782 