 -0.004595 0.740254 
 -0.063576 0.993434 
 -0.005528 0.494607  1.872585
 0.000000 0.000000 0.000000
 0.000000 0.000000 0.000000
 0.000000 0.000000 0.000000
 0.000000 0.000000 0.000000
 0.027603 0.233439 -0.083383 0.019343 
 1.112912 -0.168213 -0.047804 -0.213223 
 0.048729 0.043967 
 -1.250000e-07 0.946807 
 0.936249 0.703318 
           6.74524014481459e+00          -2.05885128852268e-01           2.47854542179589e-03
          -1.36370150772083e-05           2.88625101392501e-08 
 -0.000068 -0.001102 
 -0.000406 0.000437  
-0.000481 -0.000834 0.016063
 -0.002123 -0.009885 
 -0.025807 -0.011076 