 -0.002988 0.671309 
 -0.000869 0.969067 
 -0.000218 0.525132  2.124767
 0.000000 0.000000 0.000000
 0.000000 0.000000 0.000000
 0.000000 0.000000 0.000000
 0.000000 0.000000 0.000000
 0.011249 0.244721 -0.087549 0.010184 
 1.104046 -0.154480 -0.019118 -0.190039 
 0.018622 0.017125 
 -1.500000e-07 0.848867 
 0.942713 0.696217 
           6.87473856912840e+00          -2.07788772091316e-01           2.47117462186315e-03
          -1.34031970312039e-05           2.79371589910082e-08 
 -0.000341 -0.004327 
 -0.004754 -0.001241  
-0.000132 -0.000022 0.057491
 -0.008449 -0.039065 
 -0.056016 -0.020332 