 -0.030249 0.660723 
 0.000000 0.000000 
 0.000000 0.000000  0.000000
 -0.000108 0.994268 1.088368
 -0.005046 0.875799 1.069259
 -0.000475 0.987019 0.991639
 0.000000 0.000000 0.000000
 0.000118 0.040720 -0.010041 0.000153 
 1.017916 -0.053787 -0.000670 -0.031664 
 0.000391 0.000390 
 5.551115e-17 0.160020 
 0.761106 0.729788 
           4.63418862247174e+00          -1.29758710122169e-01           1.39907443766958e-03
          -6.67940802389991e-06           1.19679335954546e-08 
 0.000000 0.000000 
 0.000000 0.000000 
 0.000000 0.000000  0.000000
 -0.000045 -0.004818 
 -0.034051 -0.097015 
