 0.000000 0.000000 
 -0.038793 0.999993 
 0.000000 0.000000  0.000000
 0.000000 0.000000 0.000000
 0.000000 0.000000 0.000000
 0.000000 0.000000 0.000000
 0.000000 0.000000 0.000000
 0.061708 0.206119 -0.081313 0.043698 
 1.110808 -0.219505 -0.114489 -0.235987 
 0.133469 0.107503 
 2.500000e-08 1.090777 
 0.898374 0.638947 
           6.76254785413415e+00          -1.89846996087446e-01           2.07242829445115e-03
          -1.01867886639052e-05           1.91201912084690e-08 
 -0.007856 -0.022628 
 -0.018557 -0.003264  
-0.002211 -0.002275 0.023112
 -0.009939 -0.036722 
 -0.033673 -0.009570 