 -0.034459 0.544926 
 -0.000211 0.996092 
 -0.005878 0.370112  2.220619
 0.000000 0.000000 0.000000
 0.000000 0.000000 0.000000
 0.000000 0.000000 0.000000
 0.000000 0.000000 0.000000
 0.011774 0.172323 -0.066198 0.007947 
 1.075680 -0.163889 -0.020796 -0.139513 
 0.018464 0.017565 
 5.000000e-08 0.601413 
 0.848396 0.632055 
           6.56091648170662e+00          -1.79980953317998e-01           1.91577911227693e-03
          -9.14487121026823e-06           1.66160339044764e-08 
 -0.000094 -0.002765 
 -0.003758 -0.001580  
-0.000081 -0.000804 0.011301
 -0.001000 -0.008451 
 -0.016676 -0.012408 
