 -0.081353 0.436109 
 -0.002565 0.994360 
 -0.015503 0.341739  2.219529
 0.000000 0.000000 0.000000
 0.000000 0.000000 0.000000
 0.000000 0.000000 0.000000
 0.000000 0.000000 0.000000
 0.012650 0.246274 -0.088910 0.009734 
 1.104793 -0.155635 -0.021584 -0.191654 
 0.018029 0.017103 
 -2.000000e-08 0.854403 
 0.942044 0.690320 
           6.85905311812832e+00          -2.07430345694196e-01           2.46891815783533e-03
          -1.34051951530405e-05           2.79758660627747e-08 
 -0.000046 -0.004605 
 -0.004824 -0.001282  
-0.000038 -0.003709 0.036167
 -0.008298 -0.038783 
 -0.054256 -0.019513
