 -0.000440 0.829495 
 -0.094138 0.998333 
 -0.000064 0.448765  1.974577
 0.000000 0.000000 0.000000
 0.000000 0.000000 0.000000
 0.000000 0.000000 0.000000
 0.000000 0.000000 0.000000
 0.046223 0.211109 -0.082977 0.032067 
 1.106179 -0.211957 -0.085202 -0.215564 
 0.093347 0.078810 
 1.500000e-07 0.984859 
 0.891536 0.636734 
           6.75951861734999e+00          -1.89094814713159e-01           2.05620038135167e-03
          -1.00596980123262e-05           1.87768160046182e-08 
 -0.004704 -0.017273 
 -0.016129 -0.003429  
-0.001050 -0.003986 0.025167
 -0.008676 -0.036124 
 -0.036735 -0.011668 