 -0.001611 0.889760 
 0.000000 0.000000 
 0.000000 0.000000  0.000000
 0.000000 0.000000 0.000000
 0.000000 0.000000 0.000000
 0.000000 0.000000 0.000000
 0.000000 0.000000 0.000000
 0.009446 0.245197 -0.087562 0.009011 
 1.103075 -0.152750 -0.016013 -0.187249 
 0.014252 0.013701 
 -1.000000e-07 0.834789 
 0.943459 0.695422 
           6.88651617549907e+00          -2.07862859898077e-01           2.46808562968854e-03
          -1.33618706715792e-05           2.77974303479096e-08 
 -0.000007 -0.003596 
 -0.003940 -0.001122  
-0.000015 -0.002632 0.028390
 -0.008390 -0.039369 
 -0.057377 -0.021191 