 0.000000 0.000000 
 -0.007400 0.999753 
 0.000000 0.000000  0.000000
 0.000000 0.000000 0.000000
 0.000000 0.000000 0.000000
 0.000000 0.000000 0.000000
 0.000000 0.000000 0.000000
 0.081243 0.190672 -0.078392 0.059856 
 1.106351 -0.225667 -0.160801 -0.250343 
 0.193111 0.144422 
 2.220446e-16 1.199140 
 0.899734 0.641484 
           6.74745166734599e+00          -1.89941637530865e-01           2.07945199932256e-03
          -1.02558901122829e-05           1.93240876350647e-08 
 -0.011777 -0.027915 
 -0.019921 -0.002927  
-0.005468 0.006001 0.021171
 -0.010784 -0.036115 
 -0.029811 -0.007680 