 -0.000346 0.918645 
 0.000000 0.000000 
 -0.000032 0.996110  2.754080
 0.000000 0.000000 0.000000
 0.000000 0.000000 0.000000
 0.000000 0.000000 0.000000
 0.000000 0.000000 0.000000
 0.010050 0.165678 -0.063266 0.006980 
 1.072007 -0.160035 -0.016945 -0.132023 
 0.015633 0.015006 
 1.000000e-07 0.573075 
 0.841526 0.632282 
           6.53365415145153e+00          -1.78845384546783e-01           1.89886133195597e-03
          -9.03632972868222e-06           1.63610937822705e-08 
 -0.000150 -0.003608 
 -0.005631 -0.002543  
-0.000016 -0.002827 0.028151
 -0.003556 -0.028379 
 -0.049068 -0.027979 