 -0.081233 0.440607 
 -0.002969 0.994134 
 -0.015631 0.328583  2.182148
 0.000000 0.000000 0.000000
 0.000000 0.000000 0.000000
 0.000000 0.000000 0.000000
 0.000000 0.000000 0.000000
 0.012767 0.244789 -0.088221 0.010679 
 1.105057 -0.156252 -0.022160 -0.192284 
 0.019822 0.018735 
 -1.750000e-07 0.858709 
 0.941858 0.697259 
           6.85547907721624e+00          -2.07407616657484e-01           2.46984439574699e-03
          -1.34176029417755e-05           2.80178122948224e-08 
 -0.000102 -0.004725 
 -0.004912 -0.001285  
-0.000037 -0.003458 0.033210
 -0.008425 -0.038572 
 -0.054779 -0.019669 