 -0.000462 0.730599 
 -0.042302 0.998988 
 -0.000996 0.457686  1.943444
 0.000000 0.000000 0.000000
 0.000000 0.000000 0.000000
 0.000000 0.000000 0.000000
 0.000000 0.000000 0.000000
 0.025401 0.208470 -0.081088 0.016856 
 1.095422 -0.187390 -0.045160 -0.181751 
 0.045540 0.040943 
 7.500000e-08 0.795161 
 0.883525 0.631702 
           6.74223187054443e+00          -1.87397542589910e-01           2.02473416353230e-03
          -9.83602593576337e-06           1.82215147595751e-08 
 -0.001590 -0.009741 
 -0.011228 -0.003296  
-0.000286 -0.003377 0.029871
 -0.006677 -0.035079 
 -0.044656 -0.017741 