0.000000 0.000000
-0.006262 0.998323 
0.000000 0.000000  0.000000
0.000000 0.000000  0.000000
0.000000 0.000000  0.000000
0.000000 0.000000  0.000000
0.000000 0.000000  0.000000
0.087376 0.196835 -0.082030 0.058668
1.109600 -0.242412 -0.176584 -0.241932
0.207820 0.152620 
-2.000000e-06 1.220100 
0.899920 0.642000 
6.744436e+00 -1.899511e-01 2.080663e-03 
-1.026832e-05 1.936150e-08 
 -0.011992 -0.026385 
 -0.018508 -0.002726 
-0.005345 0.003761 0.023047 
 -0.011221 -0.035551 
 -0.029217 -0.007578 
