 -0.017870 0.518696 
 -0.041704 0.958330 
 -0.007344 0.383878  2.102163
 0.000000 0.000000 0.000000
 0.000000 0.000000 0.000000
 0.000000 0.000000 0.000000
 0.000000 0.000000 0.000000
 0.041540 0.191926 -0.075024 0.030175 
 1.094546 -0.195734 -0.077341 -0.195125 
 0.093171 0.071876 
 -5.000000e-08 0.890635 
 0.885261 0.635304 
           6.70172977448801e+00          -1.86551307405774e-01           2.01821298225958e-03
          -9.81893340112870e-06           1.82233899886259e-08 
 -0.005000 -0.018050 
 -0.018857 -0.004229  
-0.002610 0.008795 0.037575
 -0.007051 -0.032894 
 -0.037095 -0.013351 