 0.000000 0.000000 
 -0.089892 0.999420 
 0.000000 0.000000  0.000000
 0.000000 0.000000 0.000000
 0.000000 0.000000 0.000000
 0.000000 0.000000 0.000000
 0.000000 0.000000 0.000000
 0.049257 0.201789 -0.068625 0.033017 
 1.122867 -0.171474 -0.086656 -0.242899 
 0.095020 0.080279 
 1.250000e-07 0.997918 
 0.931230 0.707832 
           6.65040235454976e+00          -2.04153715449123e-01           2.47581853184658e-03
          -1.37418454074796e-05           2.93579559680871e-08 
 -0.003876 -0.015607 
 -0.014217 -0.002440  
-0.001034 -0.004400 0.024695
 -0.008367 -0.033978 
 -0.042014 -0.012942 