 -0.026196 0.592802 
 -0.000344 0.996152 
 -0.009040 0.356923  2.196631
 0.000000 0.000000 0.000000
 0.000000 0.000000 0.000000
 0.000000 0.000000 0.000000
 0.000000 0.000000 0.000000
 0.012702 0.246763 -0.089271 0.010676 
 1.105370 -0.157440 -0.021987 -0.192858 
 0.019915 0.018899 
 5.000000e-08 0.867145 
 0.941756 0.697570 
           6.85329347772431e+00          -2.07502282324820e-01           2.47304614569591e-03
          -1.34469297624425e-05           2.81034253092786e-08 
 0.000015 -0.002599 
 -0.002471 -0.000591  
-0.000081 -0.001430 0.019212
 -0.002045 -0.009899 
 -0.028056 -0.013182 