 -0.077873 0.445171 
 -0.003068 0.992696 
 -0.016290 0.328452  2.181712
 0.000000 0.000000 0.000000
 0.000000 0.000000 0.000000
 0.000000 0.000000 0.000000
 0.000000 0.000000 0.000000
 0.012815 0.244753 -0.088215 0.010701 
 1.105080 -0.156278 -0.022252 -0.192348 
 0.019898 0.018802 
 5.000000e-08 0.858890 
 0.941839 0.697278 
           6.85512262276608e+00          -2.07400977629113e-01           2.46983060810134e-03
          -1.34179645993052e-05           2.80195789249244e-08 
 -0.000101 -0.004739 
 -0.004924 -0.001287  
-0.000040 -0.003357 0.032230
 -0.008424 -0.038561 
 -0.054754 -0.019656 
