 -0.000462 0.730599 
 -0.042302 0.998988 
 -0.001001 0.451240  1.929099
 0.000000 0.000000 0.000000
 0.000000 0.000000 0.000000
 0.000000 0.000000 0.000000
 0.000000 0.000000 0.000000
 0.025805 0.236035 -0.084937 0.018248 
 1.111892 -0.167262 -0.044709 -0.210654 
 0.045540 0.040943 
 2.250000e-07 0.939439 
 0.936838 0.702856 
           6.75664736859209e+00          -2.06072572444325e-01           2.47836128802167e-03
          -1.36201384197528e-05           2.87910009295162e-08 
 -0.001500 -0.008983 
 -0.008608 -0.001789  
-0.000286 -0.003377 0.029871
 -0.008592 -0.036379 
 -0.047497 -0.015554 