 -0.000039 0.582744 
 -0.003759 0.993803 
 -0.000038 0.407388  2.011710
 0.000000 0.000000 0.000000
 0.000000 0.000000 0.000000
 0.000000 0.000000 0.000000
 0.000000 0.000000 0.000000
 0.098723 0.141374 -0.050637 0.067600 
 1.133493 -0.163741 -0.189219 -0.303772 
 0.230439 0.165186 
 1.500000e-07 1.049212 
 0.923398 0.714775 
           6.50500924364616e+00          -2.00988574311048e-01           2.45889904298750e-03
          -1.37952786924607e-05           2.98157440393237e-08 
 -0.007674 -0.024408 
 -0.019066 -0.002283  
-0.008237 0.012049 0.019800
 -0.007774 -0.030939 
 -0.036827 -0.010802 