 -0.005718 0.773380 
 -0.056496 0.999498 
 0.000000 0.000000  0.000000
 0.000000 0.000000 0.000000
 0.000000 0.000000 0.000000
 0.000000 0.000000 0.000000
 0.000000 0.000000 0.000000
 0.026447 0.210905 -0.082044 0.017454 
 1.097090 -0.189347 -0.046986 -0.185082 
 0.047089 0.042660 
 2.000000e-07 0.809777 
 0.885216 0.632130 
           6.74842077872740e+00          -1.87707401997589e-01           2.02958274060163e-03
          -9.86766549676531e-06           1.82963052753661e-08 
 -0.001654 -0.009983 
 -0.011270 -0.003251  
-0.000216 -0.004723 0.026393
 -0.006904 -0.035472 
 -0.044378 -0.017272 