 0.000000 0.000000 
 -0.002494 0.999960 
 0.000000 0.000000  0.000000
 0.000000 0.000000 0.000000
 0.000000 0.000000 0.000000
 0.000000 0.000000 0.000000
 0.000000 0.000000 0.000000
 0.101442 0.138269 -0.049826 0.069749 
 1.133743 -0.163141 -0.195403 -0.307154 
 0.238731 0.170024 
 1.000000e-07 1.051635 
 0.922985 0.715119 
           6.49708141691015e+00          -2.00807780178570e-01           2.45776721163785e-03
          -1.37964029793902e-05           2.98356197629579e-08 
 -0.007751 -0.024689 
 -0.019132 -0.002253  
-0.008784 0.012882 0.019436
 -0.007740 -0.030786 
 -0.036582 -0.010706 