 -0.030249 0.660723 
 0.000000 0.000000 
 0.000000 0.000000  0.000000
 -0.000108 0.994235 1.096065
 -0.005047 0.875198 1.063051
 -0.000475 0.986899 0.988200
 0.000000 0.000000 0.000000
 0.000021 0.171169 -0.050383 0.002371 
 1.075957 -0.088952 -0.000904 -0.133585 
 0.000391 0.000390 
 -3.000000e-07 0.453690 
 0.954454 0.669403 
           7.16285540741243e+00          -2.08434780387679e-01           2.37254605113730e-03
          -1.22376838500157e-05           2.41736531611372e-08 
 0.000000 0.000000 
 0.000000 0.000000 
 0.000000 0.000000  0.000000
 -0.004835 -0.041575 
 -0.108852 -0.073806 
