 -0.000369 0.889317 
 -0.048680 0.999829 
 0.000000 0.000000  0.000000
 0.000000 0.000000 0.000000
 0.000000 0.000000 0.000000
 0.000000 0.000000 0.000000
 0.000000 0.000000 0.000000
 0.025773 0.236186 -0.084861 0.018162 
 1.112063 -0.167672 -0.044563 -0.210747 
 0.044903 0.040827 
 -7.500000e-08 0.941289 
 0.936756 0.702928 
           6.75463038387474e+00          -2.06049349637646e-01           2.47863682899450e-03
          -1.36251401834206e-05           2.88092610748527e-08 
 -0.001473 -0.008968 
 -0.008539 -0.001785  
-0.000195 -0.004643 0.026413
 -0.008598 -0.036340 
 -0.047353 -0.015474 