 -0.001112 0.842546 
 0.000000 0.000000 
 0.000000 0.000000  0.000000
 -0.015718 0.734740 1.377581
 -0.002602 0.875380 1.153015
 0.000000 0.000000 0.000000
 0.000000 0.000000 0.000000
 0.000947 0.202963 -0.064565 0.003613 
 1.087321 -0.110627 -0.001677 -0.154552 
 0.001297 0.001290 
 1.500000e-07 0.580012 
 0.952338 0.678804 
           7.09360018168982e+00          -2.09065407511193e-01           2.41382907701132e-03
          -1.26531502433173e-05           2.54290895920461e-08 
 0.000000 0.000000
 0.000000 0.000000 
 0.000000 0.000000  0.000000
 -0.006347 -0.042578 
 -0.087936 -0.046774 
