 -0.211921 0.464032 
 0.000000 0.000000 
 0.000000 0.000000  0.000000
 0.000000 0.000000 0.000000
 -0.060814 0.719260 1.310924
 0.000000 0.000000 0.000000
 0.000000 0.000000 0.000000
 -0.000019 0.035569 -0.008199 0.000165 
 1.015213 -0.046025 -0.000702 -0.026658 
 0.000261 0.000261 
 3.000000e-07 0.143250 
 0.765335 0.744760 
           4.43999274466825e+00          -1.25131729621569e-01           1.35628959389452e-03
          -6.50251503218935e-06           1.16863511480433e-08 
 0.000000 0.000000 
 0.000000 0.000000 
 0.000000 0.000000  0.000000
 -0.000020 -0.004010 
 -0.034125 -0.111882 
