 0.000000 0.000000 
 -0.089892 0.999420 
 0.000000 0.000000  0.000000
 0.000000 0.000000 0.000000
 0.000000 0.000000 0.000000
 0.000000 0.000000 0.000000
 0.000000 0.000000 0.000000
 0.046990 0.211002 -0.082828 0.032637 
 1.106651 -0.212997 -0.086365 -0.216791 
 0.095020 0.080279 
 2.000000e-07 0.992297 
 0.891707 0.636901 
           6.76035889231534e+00          -1.89163313242385e-01           2.05742327906033e-03
          -1.00681991123140e-05           1.87974988714278e-08 
 -0.004851 -0.017497 
 -0.016217 -0.003414  
-0.001034 -0.004400 0.024695
 -0.008764 -0.036201 
 -0.036518 -0.011503 