 0.000000 0.000000 
 -0.038793 0.999993 
 0.000000 0.000000  0.000000
 0.000000 0.000000 0.000000
 0.000000 0.000000 0.000000
 0.000000 0.000000 0.000000
 0.000000 0.000000 0.000000
 0.065889 0.180214 -0.061558 0.042763 
 1.129050 -0.170521 -0.116862 -0.263434 
 0.133469 0.107503 
 -1.000000e-07 1.020375 
 0.928420 0.710418 
           6.59843645982909e+00          -2.03103707245124e-01           2.47181453548035e-03
          -1.37783169147368e-05           2.95709644437809e-08 
 -0.005785 -0.019719 
 -0.017080 -0.002581  
-0.002211 -0.002275 0.023112
 -0.008187 -0.032843 
 -0.039884 -0.012016 