 -0.003164 0.817185 
 -0.082527 0.997043 
 -0.001106 0.644226  1.583062
 0.000000 0.000000 0.000000
 0.000000 0.000000 0.000000
 0.000000 0.000000 0.000000
 0.000000 0.000000 0.000000
 0.029546 0.213043 -0.082960 0.019611 
 1.099437 -0.193238 -0.052817 -0.191226 
 0.053806 0.048195 
 -7.500000e-08 0.841169 
 0.887693 0.632999 
           6.75527230365959e+00          -1.88136514129955e-01           2.03681586541697e-03
          -9.91687033890678e-06           1.84157513178557e-08 
 -0.000099 -0.000723 
 -0.000148 0.000342  
-0.000597 -0.000315 0.014300
 -0.001697 -0.008605 
 -0.013961 -0.007464 
