 -0.022351 0.580719 
 -0.001619 0.995764 
 -0.030793 0.335127  2.182916
 0.000000 0.000000 0.000000
 0.000000 0.000000 0.000000
 0.000000 0.000000 0.000000
 0.000000 0.000000 0.000000
 0.013645 0.246590 -0.089407 0.011157 
 1.105926 -0.158429 -0.023707 -0.194272 
 0.021497 0.020325 
 2.250000e-07 0.873877 
 0.941327 0.698085 
           6.84454717868940e+00          -2.07374265139412e-01           2.47354794472753e-03
          -1.34626836034076e-05           2.81656564462298e-08 
 -0.000237 -0.005006 
 -0.005064 -0.001277  
-0.000042 -0.003331 0.029159
 -0.008535 -0.038418 
 -0.053632 -0.018903 