 -0.000590 0.933258 
 0.000000 0.000000 
 0.000000 0.000000  0.000000
 -0.016791 0.731133 1.402891
 -0.000446 0.973237 1.259385
 0.000000 0.000000 0.000000
 0.000000 0.000000 0.000000
 0.000951 0.203071 -0.064614 0.003617 
 1.087358 -0.110698 -0.001678 -0.154620 
 0.001300 0.001293 
 -5.000000e-08 0.580443 
 0.952332 0.678832 
           7.09341628171928e+00          -2.09068886592298e-01           2.41398105855839e-03
          -1.26545959815296e-05           2.54333562654726e-08 
 0.000000 0.000000 
 0.000000 0.000000 
 0.000000 0.000000  0.000000
 -0.006353 -0.042584 
 -0.087884 -0.046710 
