 0.000000 0.000000 
 -0.080001 0.999862 
 0.000000 0.000000  0.000000
 0.000000 0.000000 0.000000
 0.000000 0.000000 0.000000
 0.000000 0.000000 0.000000
 0.000000 0.000000 0.000000
 0.048863 0.210186 -0.082422 0.034084 
 1.107228 -0.214390 -0.089719 -0.219200 
 0.099817 0.083846 
 1.000000e-07 1.006475 
 0.892288 0.637217 
           6.76069368838543e+00          -1.89255010151301e-01           2.05935469122404e-03
          -1.00829225275449e-05           1.88360871594609e-08 
 -0.005239 -0.018166 
 -0.016574 -0.003403  
-0.001146 -0.004258 0.024405
 -0.008918 -0.036260 
 -0.036037 -0.011180 