 -0.413228 0.444117 
 0.000000 0.000000 
 0.000000 0.000000  0.000000
 0.000000 0.000000 0.000000
 0.000000 0.000000 0.000000
 0.000000 0.000000 0.000000
 0.000000 0.000000 0.000000
 0.008524 0.151976 -0.057395 0.005031 
 1.067308 -0.152307 -0.014607 -0.123208 
 0.011396 0.010992 
 -7.500000e-08 0.519844 
 0.828524 0.633624 
           6.40737721435813e+00          -1.74424878706680e-01           1.84005369277402e-03
          -8.68983470038451e-06           1.56073606415747e-08 
 0.000228 -0.002812 
 -0.004626 -0.002583  
-0.000011 -0.002438 0.033197
 -0.002837 -0.025542 
 -0.048450 -0.030893 