 -0.000590 0.933258 
 0.000000 0.000000 
 0.000000 0.000000  0.000000
 -0.016788 0.731156 1.399817
 -0.000446 0.973821 1.246233
 0.000000 0.000000 0.000000
 0.000000 0.000000 0.000000
 0.002360 0.076110 -0.024170 -0.000324 
 1.032226 -0.095157 0.000213 -0.059169 
 0.001300 0.001293 
 7.500000e-08 0.262231 
 0.752482 0.654327 
           5.50471169734894e+00          -1.45495457646531e-01           1.47831531936079e-03
          -6.64498497030814e-06           1.12640537223031e-08 
 0.000000 0.000000 
 0.000000 0.000000 
 0.000000 0.000000  0.000000
 -0.000468 -0.011439 
 -0.039332 -0.055501 
