 0.000000 0.000000 
 -0.002489 0.999954 
 0.000000 0.000000  0.000000
 0.000000 0.000000 0.000000
 0.000000 0.000000 0.000000
 0.000000 0.000000 0.000000
 0.000000 0.000000 0.000000
 0.101440 0.138265 -0.049822 0.069748 
 1.133741 -0.163142 -0.195390 -0.307146 
 0.238729 0.170021 
 1.500000e-07 1.051631 
 0.922986 0.715119 
           6.49711943715740e+00          -2.00809111530086e-01           2.45778405107562e-03
          -1.37964919649155e-05           2.98357833237587e-08 
 -0.007753 -0.024690 
 -0.019132 -0.002253  
-0.008786 0.012889 0.019432
 -0.007740 -0.030787 
 -0.036583 -0.010706 