 -0.001949 0.838340 
 -0.010324 0.999981 
 0.000000 0.000000  0.000000
 0.000000 0.000000 0.000000
 0.000000 0.000000 0.000000
 0.000000 0.000000 0.000000
 0.000000 0.000000 0.000000
 0.017550 0.245129 -0.089433 0.013198 
 1.108102 -0.162242 -0.030666 -0.199881 
 0.028237 0.026371 
 -1.250000e-07 0.899980 
 0.939649 0.700099 
           6.80991108010012e+00          -2.06858581188287e-01           2.47533571696483e-03
          -1.35235159080496e-05           2.84080301648991e-08 
 -0.000403 -0.006243 
 -0.006094 -0.001435  
-0.000075 -0.003824 0.028172
 -0.008582 -0.037636 
 -0.051146 -0.017499 