 -0.057365 0.544023 
 0.000000 0.000000 
 0.000000 0.000000  0.000000
 0.000000 0.000000 0.000000
 -0.096536 0.758141 1.230443
 -0.000113 0.969275 1.115077
 0.000000 0.000000 0.000000
 -0.000020 0.036411 -0.008490 0.000174 
 1.015510 -0.047024 -0.000737 -0.027189 
 0.000291 0.000290 
 1.000000e-07 0.146215 
 0.764004 0.743147 
           4.47844489766308e+00          -1.26202834172835e-01           1.36835835034894e-03
          -6.56460348419649e-06           1.18075301077813e-08 
 0.000000 0.000000 
 0.000000 0.000000 
 0.000000 0.000000  0.000000
 -0.000022 -0.004141 
 -0.034346 -0.109617 
