 -0.005625 0.730250 
 -0.078776 0.990022 
 -0.006004 0.477152  1.905464
 0.000000 0.000000 0.000000
 0.000000 0.000000 0.000000
 0.000000 0.000000 0.000000
 0.000000 0.000000 0.000000
 0.031495 0.228323 -0.081172 0.021725 
 1.114820 -0.168892 -0.055095 -0.218816 
 0.056711 0.050324 
 1.250000e-07 0.956578 
 0.935268 0.704178 
           6.72702643093739e+00          -2.05550240028366e-01           2.47795858838939e-03
          -1.36565864838793e-05           2.89560234914751e-08 
 -0.001959 -0.010652 
 -0.010059 -0.001990  
-0.000362 -0.004735 0.027890
 -0.008537 -0.035687 
 -0.045820 -0.014733 