-0.005973 0.710455
-0.058437 0.991871 
-0.008073 0.491566 1.906913
0.000000 0.000000 0.000000
0.000000 0.000000 0.000000
0.000000 0.000000 0.000000
0.000000 0.000000 0.000000
0.026678 0.213334 -0.083564 0.016370
1.088397 -0.189125 -0.046418 -0.169251
0.047280 0.042750 
1.000000e-06 0.808250 
0.884750 0.632140 
6.745529e+00 -1.875947e-01 2.027972e-03 
-9.857620e-06 1.827314e-08 
-0.001386 -0.008353 
-0.010100 -0.002964 
-0.000178 -0.005567 0.028737 
-0.007227 -0.035178 
-0.044461 -0.017629 
