 0.000000 0.000000 
 -0.002489 0.999954 
 0.000000 0.000000  0.000000
 0.000000 0.000000 0.000000
 0.000000 0.000000 0.000000
 0.000000 0.000000 0.000000
 0.000000 0.000000 0.000000
 0.094240 0.176837 -0.074583 0.071772 
 1.100452 -0.227968 -0.190809 -0.256340 
 0.238729 0.170021 
 6.661338e-16 1.265544 
 0.900308 0.643135 
           6.73773571232173e+00          -1.89968974073370e-01           2.08328277838391e-03
          -1.02953838376235e-05           1.94431567020204e-08 
 -0.014629 -0.030867 
 -0.020345 -0.002695  
-0.008786 0.012889 0.019432
 -0.011268 -0.035676 
 -0.027737 -0.006755 