 -0.025946 0.650236 
 0.000000 0.000000 
 0.000000 0.000000  0.000000
 -0.000019 0.998320 1.188068
 -0.016609 0.863035 1.115909
 -0.000057 0.943625 1.050955
 0.000000 0.000000 0.000000
 -0.000027 0.169337 -0.049580 0.002309 
 1.075214 -0.087573 -0.000855 -0.132227 
 0.000363 0.000362 
 3.500000e-07 0.446778 
 0.954586 0.668717 
           7.16844831632093e+00          -2.08444962925460e-01           2.37068968134683e-03
          -1.22162858206462e-05           2.41056663946776e-08 
 0.000000 0.000000 
 0.000000 0.000000 
 0.000000 0.000000  0.000000
 -0.004754 -0.041534 
 -0.110329 -0.075912 
