 -0.004647 0.754154 
 -0.056993 0.994512 
 -0.007526 0.485131  1.891970
 0.000000 0.000000 0.000000
 0.000000 0.000000 0.000000
 0.000000 0.000000 0.000000
 0.000000 0.000000 0.000000
 0.026728 0.234563 -0.083899 0.018806 
 1.112473 -0.167991 -0.046148 -0.211953 
 0.046978 0.042538 
 3.885781e-16 0.944300 
 0.936489 0.703121 
           6.74982670939058e+00          -2.05969519299561e-01           2.47869517296382e-03
          -1.36321094608072e-05           2.88390386228639e-08 
 -0.001611 -0.009286 
 -0.008848 -0.001832  
-0.000219 -0.004690 0.026489
 -0.008589 -0.036222 
 -0.047054 -0.015327 