 -0.077873 0.445171 
 -0.003068 0.992696 
 -0.016142 0.341204  2.219755
 0.000000 0.000000 0.000000
 0.000000 0.000000 0.000000
 0.000000 0.000000 0.000000
 0.000000 0.000000 0.000000
 0.012699 0.173683 -0.066719 0.008325 
 1.076865 -0.164718 -0.022529 -0.142118 
 0.019898 0.018802 
 1.110223e-16 0.610000 
 0.851034 0.632161 
           6.55612413205427e+00          -1.79920589391624e-01           1.91604935155282e-03
          -9.15167797200149e-06           1.66417898555349e-08 
 -0.000216 -0.004805 
 -0.007063 -0.002988  
-0.000040 -0.003357 0.032230
 -0.004037 -0.029384 
 -0.048206 -0.025707 
