  0.000000 0.000000 
 -0.091261 0.999310 
 0.000000 0.000000  0.000000
 0.000000 0.000000 0.000000
 0.000000 0.000000 0.000000
 0.000000 0.000000 0.000000
 0.000000 0.000000 0.000000
 0.049029 0.202248 -0.068885 0.032855 
 1.122782 -0.171451 -0.086307 -0.242632 
 0.094470 0.079859 
 -2.000000e-07 0.997465 
 0.931275 0.707793 
           6.65119966139900e+00          -2.04167235809804e-01           2.47581504206250e-03
          -1.37407382396632e-05           2.93531526177079e-08 
 -0.003831 -0.015536 
 -0.014153 -0.002433  
-0.001027 -0.004367 0.024689
 -0.008369 -0.033997 
 -0.042053 -0.012960 
