 -0.025946 0.650236 
 0.000000 0.000000 
 0.000000 0.000000  0.000000
 -0.000019 0.998245 1.175473
 -0.016589 0.864589 1.119006
 -0.000057 0.944110 1.051778
 0.000000 0.000000 0.000000
 0.000046 0.039148 -0.009466 0.000170 
 1.016933 -0.051126 -0.000727 -0.029820 
 0.000363 0.000362 
 -2.500000e-08 0.155176 
 0.761646 0.735276 
           4.58315433128043e+00          -1.28728696050295e-01           1.39214517582415e-03
          -6.66536510892148e-06           1.19723389687847e-08 
 0.000000 0.000000 
 0.000000 0.000000 
 0.000000 0.000000  0.000000
 -0.000035 -0.004575 
 -0.034356 -0.101651 
