 0.000000 0.000000 
 0.000000 0.000000 
 0.000000 0.000000  0.000000
 0.000000 0.000000 0.000000
 0.000000 0.000000 0.000000
 0.000000 0.000000 0.000000
 0.000000 0.000000 0.000000
 0.114741 0.145996 -0.061781 0.091946 
 1.091112 -0.230501 -0.228326 -0.263035 
 0.318881 0.212397 
 -1.750000e-07 1.361850 
 0.901090 0.645244 
           6.72544198563972e+00          -1.90041452410623e-01           2.08900282452395e-03
          -1.03522706733897e-05           1.96122235059206e-08 
 -0.020433 -0.035342 
 -0.020906 -0.002386  
-0.015427 0.022431 0.016557
 -0.012000 -0.035184 
 -0.025209 -0.005675 