 -0.000097 0.958397 
 0.000000 0.000000 
 -0.000516 0.909262  2.789695
 0.000000 0.000000 0.000000
 0.000000 0.000000 0.000000
 0.000000 0.000000 0.000000
 0.000000 0.000000 0.000000
 0.015163 0.246515 -0.089830 0.011894 
 1.106851 -0.160029 -0.026594 -0.196618 
 0.023862 0.022464 
 -2.250000e-07 0.884561 
 0.940644 0.698949 
           6.82972561522393e+00          -2.07141989132848e-01           2.47401493939391e-03
          -1.34861409423052e-05           2.82620080008004e-08 
 -0.000209 -0.005449 
 -0.005387 -0.001327  
-0.000050 -0.003596 0.029538
 -0.008557 -0.038099 
 -0.052603 -0.018315 