 -0.002048 0.828950 
 0.000000 0.000000 
 -0.001601 0.694516  1.661752
 -0.000169 0.924828 1.227618
 0.000000 0.000000 0.000000
 0.000000 0.000000 0.000000
 0.000000 0.000000 0.000000
 0.004686 0.108971 -0.038501 0.000881 
 1.049216 -0.123650 -0.006223 -0.089980 
 0.003643 0.003576 
 7.500000e-08 0.366491 
 0.783409 0.639420 
           5.96339019626676e+00          -1.58898539250784e-01           1.63359300474722e-03
          -7.47362411560910e-06           1.29624710758713e-08 
 0.000316 -0.000996 
 -0.001827 -0.002164  
-0.000005 -0.000399 0.003776
 -0.001210 -0.017353 
 -0.044933 -0.042579 