 -0.057365 0.544023 
 0.000000 0.000000 
 0.000000 0.000000  0.000000
 0.000000 0.000000 0.000000
 -0.096667 0.756183 1.223775
 -0.000113 0.969268 1.123569
 0.000000 0.000000 0.000000
 -0.000067 0.162701 -0.046827 0.002115 
 1.072806 -0.083904 -0.000756 -0.127885 
 0.000291 0.000290 
 -5.551115e-17 0.423502 
 0.954726 0.666941 
           7.18117621132762e+00          -2.08360773579707e-01           2.36414948038973e-03
          -1.21501418350597e-05           2.39066623381923e-08 
 0.000000 0.000000 
 0.000000 0.000000 
 0.000000 0.000000  0.000000
 -0.004441 -0.040906 
 -0.114556 -0.083155 
