 -0.031905 0.551712 
 -0.000268 0.996101 
 -0.007475 0.362709  2.219580
 0.000000 0.000000 0.000000
 0.000000 0.000000 0.000000
 0.000000 0.000000 0.000000
 0.000000 0.000000 0.000000
 0.011811 0.172558 -0.066298 0.007984 
 1.075771 -0.164020 -0.020860 -0.139690 
 0.018552 0.017647 
 -7.500000e-08 0.602369 
 0.848602 0.632037 
           6.56278684522604e+00          -1.80048245865361e-01           1.91669188648397e-03
          -9.15033021996523e-06           1.66280729266930e-08 
 -0.000098 -0.002760 
 -0.003739 -0.001565  
-0.000077 -0.001080 0.014921
 -0.001003 -0.008459 
 -0.016677 -0.012390 
