 0.000000 0.000000 
 0.000000 0.000000 
 0.000000 0.000000  0.000000
 0.000000 0.000000 0.000000
 0.000000 0.000000 0.000000
 0.000000 0.000000 0.000000
 0.000000 0.000000 0.000000
 0.123874 0.100351 -0.034163 0.090022 
 1.132639 -0.158735 -0.234343 -0.327074 
 0.319966 0.212926 
 -7.500000e-08 1.066669 
 0.920182 0.717180 
           6.44695801840927e+00          -1.99678225996564e-01           2.45098165308745e-03
          -1.38068790008523e-05           2.99712299923165e-08 
 -0.010240 -0.028162 
 -0.020947 -0.002206  
-0.015533 0.022571 0.016522
 -0.007493 -0.029781 
 -0.035007 -0.010104 