 -0.004322 0.731566 
 0.000000 0.000000 
 0.000000 0.000000  0.000000
 -0.005032 0.778731 1.314463
 -0.008343 0.877368 1.108591
 0.000000 0.000000 0.000000
 0.000000 0.000000 0.000000
 0.000842 0.199687 -0.063082 0.003472 
 1.086267 -0.108570 -0.001602 -0.152591 
 0.001156 0.001150 
 3.000000e-07 0.566450 
 0.952542 0.678013 
           7.09860279683750e+00          -2.08938539158226e-01           2.40888045665448e-03
          -1.26069643258560e-05           2.52939690413330e-08 
 0.000000 0.000000 
 0.000000 0.000000 
 0.000000 0.000000  0.000000
 -0.006181 -0.042455 
 -0.089752 -0.048903 
