 -0.000123 0.977981 
 -0.034517 0.999940 
 0.000000 0.000000  0.000000
 0.000000 0.000000 0.000000
 0.000000 0.000000 0.000000
 0.000000 0.000000 0.000000
 0.000000 0.000000 0.000000
 0.023558 0.207698 -0.080678 0.015514 
 1.094352 -0.185481 -0.041496 -0.178460 
 0.041120 0.037636 
 -1.500000e-07 0.778283 
 0.882095 0.631214 
           6.73926242339583e+00          -1.87189732574966e-01           2.02111755686367e-03
          -9.81094751613174e-06           1.81596889309443e-08 
 -0.001330 -0.008883 
 -0.010383 -0.003174  
-0.000157 -0.004541 0.026464
 -0.006501 -0.034994 
 -0.045516 -0.018478 