 -0.000152 0.917021 
 0.000000 0.000000 
 -0.000038 0.996316  2.755283
 0.000000 0.000000 0.000000
 0.000000 0.000000 0.000000
 0.000000 0.000000 0.000000
 0.000000 0.000000 0.000000
 0.009990 0.165268 -0.063089 0.006919 
 1.071849 -0.159807 -0.016836 -0.131717 
 0.015489 0.014871 
 -1.500000e-07 0.571443 
 0.841142 0.632314 
           6.53041312165008e+00          -1.78729102040920e-01           1.89728680118546e-03
          -9.02692248123829e-06           1.63403606738859e-08 
 -0.000138 -0.003581 
 -0.005601 -0.002541  
-0.000018 -0.002697 0.026682
 -0.003533 -0.028300 
 -0.049063 -0.028067 