 -0.576328 0.467646 
 0.000000 0.000000 
 0.000000 0.000000  0.000000
 0.000000 0.000000 0.000000
 0.000000 0.000000 0.000000
 0.000000 0.000000 0.000000
 0.000000 0.000000 0.000000
 0.008518 0.151947 -0.057386 0.005020 
 1.067306 -0.152300 -0.014605 -0.123203 
 0.011367 0.010966 
 -1.500000e-07 0.519683 
 0.828453 0.633623 
           6.40724002767263e+00          -1.74420221956327e-01           1.83999266245053e-03
          -8.68947570506845e-06           1.56065733851493e-08 
 0.000233 -0.002806 
 -0.004614 -0.002580  
-0.000011 -0.002444 0.033201
 -0.002833 -0.025530 
 -0.048441 -0.030898 