 0.000000 0.000000 
 0.000000 0.000000 
 0.000000 0.000000  0.000000
 0.000000 0.000000 0.000000
 0.000000 0.000000 0.000000
 0.000000 0.000000 0.000000
 0.000000 0.000000 0.000000
 0.123618 0.100947 -0.034465 0.089761 
 1.132673 -0.158774 -0.234029 -0.326924 
 0.318881 0.212397 
 -2.500000e-08 1.066528 
 0.920208 0.717163 
           6.44739783222130e+00          -1.99687925823077e-01           2.45103534330203e-03
          -1.38067325794127e-05           2.99698738325141e-08 
 -0.010184 -0.028107 
 -0.020912 -0.002204  
-0.015427 0.022431 0.016557
 -0.007495 -0.029790 
 -0.035021 -0.010109 