 -0.004113 0.668688 
 -0.001154 0.951494 
 -0.000935 0.318808  2.240031
 0.000000 0.000000 0.000000
 0.000000 0.000000 0.000000
 0.000000 0.000000 0.000000
 0.000000 0.000000 0.000000
 0.010728 0.166193 -0.063508 0.007375 
 1.072628 -0.160764 -0.018354 -0.133600 
 0.016987 0.016062 
 -5.000000e-08 0.579203 
 0.842859 0.632403 
           6.53233709959288e+00          -1.78855454252311e-01           1.89952450571336e-03
          -9.04275082404700e-06           1.63801941387319e-08 
 -0.000200 -0.004061 
 -0.006379 -0.002810  
-0.000048 -0.002370 0.038054
 -0.003605 -0.028330 
 -0.048539 -0.027414 