 -0.007461 0.882305 
 -0.018810 0.999974 
 0.000000 0.000000  0.000000
 0.000000 0.000000 0.000000
 0.000000 0.000000 0.000000
 0.000000 0.000000 0.000000
 0.000000 0.000000 0.000000
 0.020511 0.201994 -0.078403 0.013511 
 1.090835 -0.181046 -0.036205 -0.170593 
 0.034925 0.032287 
 7.500000e-08 0.740291 
 0.876559 0.630781 
           6.71465691496198e+00          -1.86105452554729e-01           2.00469519578626e-03
          -9.70498905193705e-06           1.79106441192107e-08 
 -0.000969 -0.007719 
 -0.009440 -0.003101  
-0.000111 -0.004256 0.026882
 -0.005954 -0.034073 
 -0.046509 -0.019946 