 -0.003164 0.817185 
 -0.082527 0.997043 
 -0.001108 0.642343  1.584130
 0.000000 0.000000 0.000000
 0.000000 0.000000 0.000000
 0.000000 0.000000 0.000000
 0.000000 0.000000 0.000000
 0.030107 0.230051 -0.081620 0.020917 
 1.114112 -0.169152 -0.052292 -0.216666 
 0.053806 0.048195 
 -2.250000e-07 0.955402 
 0.935529 0.703916 
           6.73135961008985e+00          -2.05650559992509e-01           2.47860643532571e-03
          -1.36561705848333e-05           2.89456240795708e-08 
 -0.000052 -0.000862 
 -0.000221 0.000510  
-0.000597 -0.000315 0.014300
 -0.002128 -0.009894 
 -0.025572 -0.010871 