 -0.000706 0.808979 
 -0.068483 0.992873 
 0.000000 0.000000  0.000000
 0.000000 0.000000 0.000000
 0.000000 0.000000 0.000000
 0.000000 0.000000 0.000000
 0.000000 0.000000 0.000000
 0.053019 0.209066 -0.082342 0.037149 
 1.108273 -0.215239 -0.098150 -0.224649 
 0.110880 0.091370 
 -1.000000e-07 1.031385 
 0.894751 0.637698 
           6.76100098745736e+00          -1.89431369819071e-01           2.06342539509935e-03
          -1.01161995146945e-05           1.89294132417693e-08 
 -0.000760 -0.001334 
 -0.002273 -0.000206  
-0.002464 0.003236 0.017139
 -0.002130 -0.008474 
 -0.011295 -0.004978 
