 -0.000044 0.625949 
 -0.021523 0.998191 
 0.000000 0.000000  0.000000
 0.000000 0.000000 0.000000
 0.000000 0.000000 0.000000
 0.000000 0.000000 0.000000
 0.000000 0.000000 0.000000
 0.074354 0.169400 -0.058000 0.048212 
 1.131359 -0.169491 -0.133240 -0.273433 
 0.155100 0.121681 
 1.250000e-07 1.029200 
 0.927119 0.711743 
           6.57400204513717e+00          -2.02576367738483e-01           2.46910519384496e-03
          -1.37885046095352e-05           2.96513560477708e-08 
 -0.006682 -0.021502 
 -0.018109 -0.002581  
-0.003140 -0.000219 0.022378
 -0.008094 -0.032328 
 -0.039024 -0.011660 