 -0.000044 0.625949 
 -0.021523 0.998191 
 0.000000 0.000000  0.000000
 0.000000 0.000000 0.000000
 0.000000 0.000000 0.000000
 0.000000 0.000000 0.000000
 0.000000 0.000000 0.000000
 0.069280 0.199917 -0.079637 0.049636 
 1.110609 -0.222552 -0.129998 -0.242668 
 0.155100 0.121681 
 -5.000000e-08 1.133627 
 0.899034 0.639804 
           6.75716924664042e+00          -1.89904545129155e-01           2.07542972474509e-03
          -1.02150628979717e-05           1.92018489843080e-08 
 -0.009516 -0.024971 
 -0.019377 -0.003163  
-0.003140 -0.000219 0.022378
 -0.010298 -0.036559 
 -0.032114 -0.008767 