 -0.127884 0.523677 
 0.000000 0.000000 
 0.000000 0.000000  0.000000
 0.000000 0.000000 0.000000
 0.000000 0.000000 0.000000
 0.000000 0.000000 0.000000
 0.000000 0.000000 0.000000
 0.009151 0.157851 -0.059926 0.005824 
 1.069356 -0.155678 -0.015599 -0.127033 
 0.013073 0.012584 
 5.000000e-08 0.542337 
 0.834147 0.633024 
           6.46243207358323e+00          -1.76350415461913e-01           1.86565419689427e-03
          -8.84060085996849e-06           1.59351645832701e-08 
 0.000095 -0.003135 
 -0.005049 -0.002570  
-0.000014 -0.002583 0.030801
 -0.003131 -0.026748 
 -0.048747 -0.029609 