 -0.003706 0.801848 
 -0.072240 0.997005 
 -0.000631 0.709224  1.501789
 0.000000 0.000000 0.000000
 0.000000 0.000000 0.000000
 0.000000 0.000000 0.000000
 0.000000 0.000000 0.000000
 0.028753 0.231864 -0.082494 0.020074 
 1.113450 -0.168780 -0.049791 -0.214748 
 0.051047 0.045939 
 1.665335e-16 0.951374 
 0.935896 0.703607 
           6.73829620633463e+00          -2.05772494222075e-01           2.47869167255398e-03
          -1.36475590841087e-05           2.89067618440422e-08 
 -0.001790 -0.009882 
 -0.009348 -0.001900  
-0.000258 -0.004836 0.026427
 -0.008574 -0.035962 
 -0.046387 -0.014995 