 -0.576328 0.467646 
 0.000000 0.000000 
 0.000000 0.000000  0.000000
 0.000000 0.000000 0.000000
 0.000000 0.000000 0.000000
 0.000000 0.000000 0.000000
 0.000000 0.000000 0.000000
 0.008358 0.242026 -0.085953 0.008232 
 1.101800 -0.148930 -0.014610 -0.184440 
 0.011367 0.010966 
 2.000000e-07 0.807397 
 0.944329 0.694209 
           6.90008032832862e+00          -2.07738583218908e-01           2.45943211917538e-03
          -1.32721960532174e-05           2.75203173104585e-08 
 0.000481 -0.003050 
 -0.003418 -0.001094  
-0.000011 -0.002444 0.033201
 -0.008180 -0.039628 
 -0.059702 -0.022842 