-0.006269 0.721901 
-0.076470 0.989252 
-0.006082 0.483229  1.919481
0.000000 0.000000 0.000000
0.000000 0.000000 0.000000
0.000000 0.000000 0.000000
0.000000 0.000000 0.000000
0.030123 0.211358 -0.082508 0.020112 
1.100890 -0.192810 -0.053693 -0.196134 
0.052218 0.046682 
-5.000000e-08 0.842983 
0.886582 0.631727 
           6.74952407625496e+00          -1.87939081730269e-01           2.03421438599023e-03
          -9.90155465885683e-06           1.83816542428541e-08 
-0.002141 -0.011601 
-0.012759 -0.003464  
-0.000345 -0.020236 0.031269
-0.007189 -0.035487 
-0.042390 -0.015840 