  0.00000 0.000000 
 -0.000103 0.978223 
 0.000000 0.000000  0.000000
 0.000000 0.000000 0.000000
 0.000000 0.000000 0.000000
 0.000000 0.000000 0.000000
 0.000000 0.000000 0.000000
 0.122289 0.103148 -0.035359 0.088574 
 1.132727 -0.159035 -0.231699 -0.325725 
 0.314140 0.209872 
 2.250000e-07 1.065617 
 0.920372 0.717038 
           6.45041236332521e+00          -1.99755627110734e-01           2.45143777065173e-03
          -1.38060568278205e-05           2.99615970328284e-08 
 -0.010051 -0.027917 
 -0.020833 -0.002210  
-0.015040 0.022022 0.016715
 -0.007509 -0.029850 
 -0.035114 -0.010144 
