 -0.005594 0.706655 
 0.000000 0.000000 
 -0.000016 0.995636  2.752986
 0.000000 0.000000 0.000000
 0.000000 0.000000 0.000000
 0.000000 0.000000 0.000000
 0.000000 0.000000 0.000000
 0.010419 0.167454 -0.064054 0.007219 
 1.072910 -0.161066 -0.017799 -0.133829 
 0.016279 0.015599 
 1.500000e-07 0.580277 
 0.843228 0.632191 
           6.54312637461760e+00          -1.79212748859757e-01           1.90410570690193e-03
          -9.06897998485852e-06           1.64358468798370e-08 
 -0.000166 -0.003766 
 -0.005802 -0.002581  
-0.000019 -0.002808 0.027333
 -0.003650 -0.028648 
 -0.048974 -0.027544 