 0.000000 0.000000 
 -0.018858 0.999983 
 0.000000 0.000000  0.000000
 0.000000 0.000000 0.000000
 0.000000 0.000000 0.000000
 0.000000 0.000000 0.000000
 0.000000 0.000000 0.000000
 0.075208 0.167942 -0.057345 0.048691 
 1.131672 -0.169506 -0.134327 -0.274224 
 0.157056 0.123089 
 3.330669e-16 1.030256 
 0.927000 0.711884 
           6.57173857482584e+00          -2.02532077359014e-01           2.46897174971925e-03
          -1.37904682875034e-05           2.96617459881188e-08 
 -0.006855 -0.021758 
 -0.018293 -0.002597  
-0.003185 -0.000328 0.022217
 -0.008087 -0.032279 
 -0.038938 -0.011622 