 -0.004506 0.764571 
 -0.085595 0.993997 
 -0.000720 0.590785  1.642016
 0.000000 0.000000 0.000000
 0.000000 0.000000 0.000000
 0.000000 0.000000 0.000000
 0.000000 0.000000 0.000000
 0.031487 0.228480 -0.081141 0.021717 
 1.114831 -0.169220 -0.055046 -0.218779 
 0.056574 0.050341 
 2.500000e-08 0.958132 
 0.935210 0.704222 
           6.72543104571104e+00          -2.05532985921814e-01           2.47820228839618e-03
          -1.36607456208350e-05           2.89710082279117e-08 
 -0.001960 -0.010638 
 -0.009998 -0.001980  
-0.000343 -0.004801 0.027079
 -0.008544 -0.035663 
 -0.045712 -0.014672 