 -0.002287 0.771676 
 -0.083719 0.993808 
 -0.000024 0.713248  1.487251
 0.000000 0.000000 0.000000
 0.000000 0.000000 0.000000
 0.000000 0.000000 0.000000
 0.000000 0.000000 0.000000
 0.050392 0.201668 -0.069601 0.033426 
 1.123138 -0.170894 -0.089180 -0.244152 
 0.097792 0.081796 
 7.500000e-08 0.997131 
 0.931138 0.707900 
           6.64929629881523e+00          -2.04106036572549e-01           2.47509851230356e-03
          -1.37372680338608e-05           2.93474644672348e-08 
 -0.000131 -0.000351 
 -0.000889 0.000512  
-0.001959 0.002306 0.017678
 -0.002137 -0.009956 
 -0.024571 -0.009973 