 -0.002423 0.796444 
 0.000000 0.000000 
 0.000000 0.000000  0.000000
 -0.011171 0.737238 1.365204
 -0.004650 0.873143 1.114670
 0.000000 0.000000 0.000000
 0.000000 0.000000 0.000000
 0.000918 0.202057 -0.064156 0.003575 
 1.087026 -0.110052 -0.001655 -0.154003 
 0.001260 0.001254 
 -2.250000e-07 0.576282 
 0.952393 0.678580 
           7.09510350482994e+00          -2.09034269434188e-01           2.41250962569755e-03
          -1.26406411951159e-05           2.53922295667902e-08 
 0.000000 0.000000
 0.000000 0.000000  
 0.000000 0.000000 0.000000
 -0.006301 -0.042539 
 -0.088417 -0.047339 
