 -0.001940 0.774511 
 -0.080336 0.993530 
 0.000000 0.000000 0.000000
 0.000000 0.000000 0.000000
 0.000000 0.000000 0.000000
 0.000000 0.000000 0.000000
 0.000000 0.000000 0.000000
 0.049117 0.210574 -0.082875 0.034176 
 1.107180 -0.212507 -0.090800 -0.219673 
 0.100874 0.084084 
 -5.000000e-08 1.002904 
 0.893616 0.637055 
           6.76083703283299e+00          -1.89261062826370e-01           2.05967909303500e-03
          -1.00870972404527e-05           1.88522222757395e-08 
 -0.000609 -0.001230 
 -0.002018 -0.000174  
-0.002073 0.002537 0.017415
 -0.002066 -0.008526 
 -0.011666 -0.005280 

