 -0.000191 0.737090 
 -0.090343 0.998635 
 -0.000208 0.480210  1.950932
 0.000000 0.000000 0.000000
 0.000000 0.000000 0.000000
 0.000000 0.000000 0.000000
 0.000000 0.000000 0.000000
 0.046860 0.210777 -0.082788 0.032571 
 1.106370 -0.212582 -0.086271 -0.216344 
 0.094975 0.080049 
 1.750000e-07 0.990068 
 0.891644 0.636846 
           6.75980399654432e+00          -1.89131941351537e-01           2.05691945220639e-03
          -1.00649076684509e-05           1.87898502749363e-08 
 -0.004839 -0.017492 
 -0.016246 -0.003425  
-0.001079 -0.004003 0.025057
 -0.008729 -0.036145 
 -0.036546 -0.011543 