 -0.002423 0.796444 
 0.000000 0.000000 
 0.000000 0.000000  0.000000
 -0.011165 0.737751 1.364180
 -0.004647 0.874084 1.116866
 0.000000 0.000000 0.000000
 0.000000 0.000000 0.000000
 0.002265 0.074804 -0.023627 -0.000305 
 1.031826 -0.093942 0.000187 -0.058385 
 0.001260 0.001254 
 7.500000e-08 0.258586 
 0.752711 0.656351 
           5.47745758804216e+00          -1.45042738281968e-01           1.47668386996099e-03
          -6.65203424246965e-06           1.12997880491035e-08 
  0.000000 0.000000 
  0.000000 0.000000  
 0.000000 0.000000 0.000000
 -0.000453 -0.011237 
 -0.039374 -0.056565 
