 -0.001016 0.787959 
 -0.045799 0.999173 
 -0.001031 0.462515  1.935856
 0.000000 0.000000 0.000000
 0.000000 0.000000 0.000000
 0.000000 0.000000 0.000000
 0.000000 0.000000 0.000000
 0.025264 0.209349 -0.081418 0.016676 
 1.095837 -0.187665 -0.044819 -0.182203 
 0.044743 0.040608 
 1.750000e-07 0.796212 
 0.883818 0.631739 
           6.74395324536576e+00          -1.87466220226992e-01           2.02569984926198e-03
          -9.84188393900833e-06           1.82345987217565e-08 
 -0.001527 -0.009572 
 -0.010978 -0.003239  
-0.000209 -0.004427 0.027189
 -0.006719 -0.035222 
 -0.044796 -0.017757 