 -0.000054 0.978685 
 -0.037527 0.999784 
 -0.000673 0.448060  1.929281
 0.000000 0.000000 0.000000
 0.000000 0.000000 0.000000
 0.000000 0.000000 0.000000
 0.000000 0.000000 0.000000
 0.023973 0.208209 -0.080907 0.015790 
 1.094765 -0.186060 -0.042317 -0.179454 
 0.041961 0.038347 
 -1.000000e-07 0.782895 
 0.882560 0.631352 
           6.74065524569721e+00          -1.87267737592618e-01           2.02238770223381e-03
          -9.81943206545389e-06           1.81800804586068e-08 
 -0.001371 -0.009040 
 -0.010512 -0.003187  
-0.000166 -0.004567 0.026554
 -0.006559 -0.035063 
 -0.045344 -0.018294 