 -0.000054 0.978685 
 -0.037527 0.999784 
 -0.000677 0.440660  1.911496
 0.000000 0.000000 0.000000
 0.000000 0.000000 0.000000
 0.000000 0.000000 0.000000
 0.000000 0.000000 0.000000
 0.024266 0.238093 -0.085842 0.017228 
 1.111323 -0.167027 -0.041820 -0.208644 
 0.041961 0.038347 
 -7.500000e-08 0.935782 
 0.937219 0.702560 
           6.76358298696345e+00          -2.06202151974242e-01           2.47863749382701e-03
          -1.36131395128757e-05           2.87566822329496e-08 
 -0.001366 -0.008521 
 -0.008163 -0.001729  
-0.000166 -0.004567 0.026554
 -0.008609 -0.036545 
 -0.047886 -0.015743 