 -0.000557 0.906636 
 0.000000 0.000000 
 -0.000027 0.995523  2.769158
 0.000000 0.000000 0.000000
 0.000000 0.000000 0.000000
 0.000000 0.000000 0.000000
 0.000000 0.000000 0.000000
 0.009962 0.246401 -0.088187 0.009366 
 1.103612 -0.154313 -0.016708 -0.188453 
 0.015669 0.015039 
 -3.000000e-07 0.846262 
 0.943083 0.695923 
           6.88091968903070e+00          -2.07917095104936e-01           2.47173968086003e-03
          -1.33996459735054e-05           2.79141055370287e-08 
 -0.000261 -0.003859 
 -0.004175 -0.001131  
-0.000019 -0.002689 0.026782
 -0.008475 -0.039255 
 -0.056438 -0.020543 