 -0.157674 0.542256 
 0.000000 0.000000 
 0.000000 0.000000  0.000000
 0.000000 0.000000 0.000000
 0.000000 0.000000 0.000000
 0.000000 0.000000 0.000000
 0.000000 0.000000 0.000000
 0.009113 0.244268 -0.087098 0.008770 
 1.102697 -0.151607 -0.015593 -0.186411 
 0.013317 0.012815 
 2.000000e-07 0.826475 
 0.943720 0.695065 
           6.89044383757395e+00          -2.07819795333109e-01           2.46540209459026e-03
          -1.33343980388118e-05           2.77129510618560e-08 
 0.000165 -0.003422 
 -0.003777 -0.001115  
-0.000014 -0.002582 0.030537
 -0.008326 -0.039444 
 -0.058064 -0.021673 