 -0.088889 0.425727 
 -0.001918 0.994266 
 -0.013909 0.330007  2.185202
 0.000000 0.000000 0.000000
 0.000000 0.000000 0.000000
 0.000000 0.000000 0.000000
 0.000000 0.000000 0.000000
 0.012127 0.244935 -0.088183 0.010333 
 1.104681 -0.155543 -0.021042 -0.191331 
 0.018656 0.017685 
 -3.000000e-07 0.853782 
 0.942160 0.696912 
           6.86124873984935e+00          -2.07482853803090e-01           2.46928525301067e-03
          -1.34052984393621e-05           2.79714174766708e-08 
 -0.000050 -0.004496 
 -0.004704 -0.001252  
-0.000034 -0.003237 0.032236
 -0.008413 -0.038714 
 -0.055276 -0.019963 