 0.000000 0.000000 
 -0.061241 0.999656 
 0.000000 0.000000  0.000000
 0.000000 0.000000 0.000000
 0.000000 0.000000 0.000000
 0.000000 0.000000 0.000000
 0.000000 0.000000 0.000000
 0.054311 0.209380 -0.082362 0.038102 
 1.109142 -0.216620 -0.100494 -0.227031 
 0.113700 0.093777 
 -2.000000e-07 1.043805 
 0.895379 0.638009 
           6.76227149776965e+00          -1.89548238854928e-01           2.06562977671222e-03
          -1.01323019547275e-05           1.89708397259324e-08 
 -0.006281 -0.020112 
 -0.017496 -0.003350  
-0.001551 -0.003481 0.023926
 -0.009389 -0.036520 
 -0.035022 -0.010442 