 -0.023754 0.581665 
 -0.001244 0.995872 
 -0.033078 0.343111  2.216989
 0.000000 0.000000 0.000000
 0.000000 0.000000 0.000000
 0.000000 0.000000 0.000000
 0.000000 0.000000 0.000000
 0.013276 0.179110 -0.069134 0.008968 
 1.078974 -0.167812 -0.023837 -0.146118 
 0.021243 0.020098 
 1.500000e-07 0.630012 
 0.854530 0.631676 
           6.60063629081012e+00          -1.81499215222721e-01           1.93725491584020e-03
          -9.27764597378935e-06           1.69180670215651e-08 
 -0.000298 -0.004949 
 -0.007044 -0.002852  
-0.000043 -0.003226 0.028508
 -0.004316 -0.030376 
 -0.048209 -0.024768 