         1.000723838806152E+00        -9.239739995337004E-08        -2.443686052122640E-11
         1.001797437667847E+00        -1.189916588373308E-06         3.881396037908047E-10
         1.001862525939941E+00        -1.344961788163346E-06         3.934490511170452E-10
         1.001569390296936E+00        -3.356117304065265E-07        -1.516350656149967E-10
         1.001533746719360E+00        -9.035145467350958E-07         4.550038470996220E-11
         1.001501798629761E+00        -1.193280922962003E-06         2.585147373945773E-10
         1.001241683959961E+00        -7.230066216834530E-07         4.240724438275834E-11
         1.001413941383362E+00        -1.168996732303640E-06         2.665282716751705E-10
         1.001367807388306E+00        -1.248415514965018E-06         5.131945424174944E-10
         1.000472903251648E+00         4.424149437909364E-07        -9.892216212836757E-11
         1.000042200088501E+00         9.205283504343242E-07        -2.414568545106022E-10
         1.000105857849121E+00         4.778588049703103E-07        -2.226706492802766E-11
         1.000487327575684E+00        -4.220322864512127E-07         1.489587758696231E-10
         1.000813841819763E+00        -1.233535158462473E-06         3.991232622180263E-10
         1.000652670860291E+00        -9.744816225065733E-07         3.954674088202381E-10
         1.000338077545166E+00        -2.608102249723743E-07         1.117780520920597E-10
         9.998229742050171E-01         5.106662115395011E-07        -7.468593798964918E-11
         1.000622391700745E+00        -9.017807087730034E-07         3.403213266750527E-10
         1.000427126884460E+00        -7.370493193548100E-08         8.953824487401008E-11
         1.000923752784729E+00        -4.955242616233591E-07         1.359093809716327E-10
         1.001047968864441E+00        -6.544821644638432E-07         2.426485401496592E-10
         1.000764489173889E+00         7.113380462442365E-08         7.911393068438244E-11
         1.000752091407776E+00         3.135243957785860E-07         1.264471999329331E-10
         1.001025915145874E+00        -2.985182163683930E-07         2.733162030033043E-10
         1.000792741775513E+00         1.764542076898579E-07         1.954895134659296E-10
         1.001388192176819E+00        -4.486991826979647E-07         2.874943894060067E-10
         1.001177191734314E+00         1.761009826850568E-08         8.084545533026954E-11
         1.001090764999390E+00         4.625870531071996E-08         6.987842249284171E-11
         1.001212954521179E+00         1.556818318704245E-07         4.291598326711110E-11
         1.001090764999390E+00         2.304492596749697E-07         1.063929569444788E-10
         1.001113176345825E+00         2.619638053147355E-07        -1.596917736934600E-10
         1.001194596290588E+00         2.638415139699646E-07        -1.483415612568706E-10
         1.001142144203186E+00        -6.858845580381967E-08         9.702253757348789E-12
         1.000827550888062E+00         6.373556971084327E-08         2.979482979781345E-11
         1.000782966613770E+00         8.826879849266334E-08        -2.796999264143007E-11
         1.000054717063904E+00         1.680573291196197E-06        -4.577232481928206E-10
         1.000291228294373E+00         2.990342693465209E-07         1.483400669010163E-13
         1.000110983848572E+00         4.260445507497934E-07        -8.735823869843173E-11
         9.998899698257446E-01         3.636331484813127E-07        -7.436894156054308E-11
         9.991794228553772E-01         1.256212385669642E-06        -3.174422946727873E-10
         9.984990358352661E-01         1.860574116108182E-06        -6.228820792486545E-10
         9.988802671432495E-01         7.704267090957728E-07        -3.323801789356651E-10
         9.992056488990784E-01         1.285998365574414E-07        -1.082114189920880E-10
         9.984325170516968E-01         8.500199442096346E-07        -2.886677841207330E-10
         9.978188276290894E-01         1.407140416631592E-06        -4.302137535105999E-10
         9.978196024894714E-01         9.343948477180675E-07        -3.397714332109558E-10
         9.979308247566223E-01         1.376124828311731E-06        -5.222074994648551E-10
         9.984361529350281E-01         6.693659315715195E-07        -2.615213046119891E-10
         9.989272952079773E-01         1.619466445390572E-07        -7.058705291280998E-13
         9.991361498832703E-01         4.645946773962351E-07        -1.156571435845244E-10
         9.990991950035095E-01         1.037939455272863E-06        -3.380145885412134E-10
         9.995144009590149E-01         1.516966818826404E-07        -7.730888151868953E-11
         9.996671080589294E-01         4.874306469559997E-08        -1.148416015062104E-10
         9.994922876358032E-01         3.769141301290801E-07        -1.758825585174151E-10
         9.992938637733459E-01         6.841214599262457E-07        -2.383116481929903E-10
         9.989680647850037E-01         8.626013823231915E-07        -3.019558769690178E-10
         9.991195797920227E-01         7.574298592771811E-07        -2.873910276424141E-10
         9.995713829994202E-01         2.085473482793532E-07        -2.234285846614004E-11
         9.996915459632874E-01         5.395440894062631E-07        -1.739629273966870E-10
         9.999436736106873E-01         1.080494627103690E-07        -3.358105113426824E-11
         1.000005722045898E+00        -2.850487312855421E-08        -5.545469899254085E-12
         1.000291585922241E+00        -6.116331405792153E-07         7.752477826361570E-11
         9.999091029167175E-01        -2.307787525523963E-07         5.612248166197986E-11
         9.994357824325562E-01         1.424863853571878E-07        -1.519223358226185E-10
         9.996768832206726E-01        -5.181499886930396E-07         2.609427431077282E-11
         9.998978376388550E-01        -6.806727128605417E-07         8.417563868157174E-11
         9.999032020568848E-01        -3.393916188088042E-07        -4.596411792845423E-11
         9.999701380729675E-01        -4.821565653401194E-07         1.504884966641029E-10
         9.997326135635376E-01        -9.559637703659973E-08         8.922728528260038E-11
         9.997195601463318E-01         1.427527651642890E-09         4.109706672195124E-11
         9.999299049377441E-01        -1.537982967647622E-07         1.470190358343615E-10
         1.000487208366394E+00        -1.185784412882640E-06         3.501749168410839E-10
         1.000252604484558E+00        -1.138399397859757E-06         3.040497575934609E-10
         9.999112486839294E-01        -4.397357145080605E-07         6.291832332916414E-11
         9.991135001182556E-01         1.031162568665422E-07        -4.145542242817157E-11
         9.993096590042114E-01         3.063006559500536E-08         1.162110060959343E-10
         9.991663098335266E-01         3.398172623292339E-07        -5.838559496984530E-11
         9.993854165077209E-01        -7.353140318855367E-08         2.131043258524201E-10
         9.998376965522766E-01        -1.221620436808735E-06         5.388122725769051E-10
         1.000037193298340E+00        -1.980721208383329E-06         8.573194931749129E-10
         9.994052052497864E-01        -4.127159058953112E-07         1.868671190008442E-10
         9.992084503173828E-01         1.035980190522423E-07        -6.720862061326827E-11
         9.990754723548889E-01         5.141257588547887E-07        -2.194636833374730E-10
         9.991028308868408E-01         5.734092383136158E-07        -2.832399037533406E-10
         9.992201328277588E-01         2.698727428196435E-07        -1.226305723633914E-10
         9.994964003562927E-01         2.125989340129308E-07        -6.342356501098934E-11
         9.995085597038269E-01         3.615418791014235E-07        -8.946746815619022E-11
         9.997478723526001E-01         8.641480775395394E-08        -7.328792087091252E-12
         1.000038623809814E+00        -3.381057069873350E-07         1.367177759892257E-10
         1.000043511390686E+00         2.149816147323236E-08        -3.488602809409436E-11
         9.996751546859741E-01         6.322431431726727E-07        -1.697998547323110E-10
         9.997104406356812E-01         7.900547416284098E-07        -2.683233635281113E-10
         9.992680549621582E-01         1.511721052338544E-06        -3.844877194403296E-10
         9.996048212051392E-01         9.077106710719818E-07        -3.562755090946723E-10
         1.000408053398132E+00         1.303857999346292E-07        -1.962897205887160E-10
         1.000277638435364E+00         4.492646041853732E-07        -1.540849392522858E-10
         1.000269174575806E+00         4.909642825623450E-07        -1.765229212802311E-10
         1.000372529029846E+00         2.850513567409507E-07        -7.148465847039986E-11
         1.000106334686279E+00         1.621766472226227E-07         9.524170341279614E-11
         1.000025272369385E+00         4.198263070520625E-07        -2.646357265267962E-11
         1.000216484069824E+00         1.481025151406357E-07         6.753362192385426E-12
         9.995843172073364E-01         4.382260954116646E-07         3.502304002367396E-11
         9.997206330299377E-01         2.139280184110248E-07         3.841151355321593E-11
         1.000031471252441E+00        -2.143328430292968E-07         5.081749257507262E-11
         1.000183939933777E+00        -4.397583950321859E-07         7.894757764193017E-11
         1.000855565071106E+00        -1.431236228199850E-06         3.763960809699540E-10
         1.000686287879944E+00        -1.367887534797774E-06         3.004083926061440E-10
         9.997139573097229E-01         6.800595286904354E-08        -4.908523934532560E-11
         9.997989535331726E-01        -1.627502683732018E-07        -5.827636550409521E-13
         9.998201727867126E-01        -1.641859057599504E-07        -4.373968201520917E-11
         1.000024318695068E+00        -6.829768040006456E-07         1.816909817042855E-10
         9.996644258499146E-01         2.191769610249139E-08        -1.362898821577474E-10
         9.998582005500793E-01        -3.749025836441433E-07         6.145608327789986E-11
         9.999194741249084E-01        -1.264495779196295E-07         3.693188116438151E-11
         9.999123215675354E-01         1.001299043679182E-08         4.506557974015557E-11
         9.999356269836426E-01         5.137894376616714E-08        -5.859359438614709E-12
         1.000177741050720E+00        -4.998257168153941E-07         2.161351791984956E-10
         9.998914599418640E-01        -3.453860983881896E-07         1.854374570564588E-10
         9.999545216560364E-01        -2.161609273798604E-07         9.603671330404850E-11
         1.000099658966064E+00        -1.477929032489556E-07         1.683447409250860E-10
         9.999755024909973E-01        -4.192378355583060E-08        -1.049746331527324E-10
         1.000396013259888E+00        -8.989691764327290E-07         2.054233588788534E-10
         1.000339031219482E+00        -7.191867439360067E-07         1.080237496675629E-10
         9.998878836631775E-01         1.122804036413072E-07        -1.718706704734174E-10
         1.000239014625549E+00        -4.173587342393148E-07        -2.036578544695189E-11
         1.000018358230591E+00        -8.455842248622503E-08        -9.264163047806306E-11
         9.999398589134216E-01         2.201127244916279E-07        -1.016778883311531E-10
         1.000293731689453E+00        -8.613989166406100E-08        -5.737227359858821E-11
         1.000105023384094E+00         4.881312065663224E-07        -1.131433419176986E-10
         1.000308156013489E+00        -8.398343709359324E-08         1.020676321239478E-10
         9.999846816062927E-01         4.687435932737571E-07        -3.553371832887287E-11
         1.000201702117920E+00         3.003812025781372E-07        -1.728600873551756E-10
         1.000010728836060E+00         3.880346923779143E-07        -1.700948271121661E-10
         9.999862313270569E-01         5.825399966852274E-07        -2.561502954190331E-10
         1.000396013259888E+00         1.245422396323193E-07        -1.892032641670482E-10
         9.999747276306152E-01         6.793334250687622E-07        -2.912113605813005E-10
         9.996970295906067E-01         7.371535843958554E-07        -3.646211943486577E-10
         1.000110745429993E+00         2.246180343945525E-07        -7.810573715572033E-11
         1.000040888786316E+00         1.518131256261768E-07        -5.347304890546134E-11
         9.997543096542358E-01         5.035876711190213E-07        -1.771553598262088E-10
         9.996638894081116E-01         3.299746822449379E-07        -3.162659370503640E-12
         9.998486042022705E-01         2.472849018886336E-07        -9.970889391919258E-11
         9.996701478958130E-01         2.054250245464573E-07        -7.960664766271108E-11
         9.995405077934265E-01        -5.244354284172914E-08         4.352477753211126E-11
         9.996479153633118E-01        -3.629187972364889E-07         1.480118284880039E-11
         9.995064139366150E-01        -6.475887914803025E-08        -1.162613495059306E-11
         9.994908571243286E-01        -5.152995186108456E-07         1.533273646936451E-10
         9.996308684349060E-01        -1.090654563995486E-06         3.390268066283397E-10
         9.999580383300781E-01        -1.258098905054794E-06         4.954701648962612E-10
         1.000267148017883E+00        -1.174938347503485E-06         4.706499079354387E-10
         1.000143170356750E+00        -6.442366498049523E-07         4.262087627271427E-10
         9.995832443237305E-01         3.391187703982723E-07         8.622521446843834E-11
         1.000147819519043E+00         1.888398237781530E-08         1.403359234375401E-10
         1.000335335731506E+00         9.527659017294354E-08         1.463288934466789E-10
         1.000136256217957E+00         5.403211389420903E-07        -4.079102680631941E-11
         1.000319838523865E+00         1.971422847191207E-07        -1.026640317897121E-11
         1.000641942024231E+00        -2.029320143037694E-07         1.696360968361788E-10
         1.000709772109985E+00        -2.309104303321874E-07         1.047850486934898E-10
         1.000851273536682E+00        -6.729474080202635E-07         2.547969613075907E-10
         1.000717163085938E+00        -2.825659066729713E-07         5.985383022544255E-11
         1.001002192497253E+00        -9.216763032782183E-07         2.360630579900658E-10
         1.000826239585876E+00        -4.855523343394452E-07         1.202461602511917E-10
         1.001038432121277E+00        -7.191568442976859E-07         1.479039390961390E-10
         1.001450657844543E+00        -1.061912371369544E-06         1.858268677823460E-10
         1.001548051834106E+00        -9.203181434713770E-07         5.251732382305363E-11
         1.001377463340759E+00        -6.722455054841703E-07         1.591363568698156E-10
         1.001732826232910E+00        -1.209757670039835E-06         1.492814483139426E-10
         1.001819372177124E+00        -1.016652731777867E-06         2.307427998671230E-10
         1.002005338668823E+00        -1.144749944614887E-06         1.710804831134283E-10
         1.002249479293823E+00        -1.325598304902087E-06         1.936446419881221E-10
         1.002165079116821E+00        -1.106804575101705E-06         1.585154646432940E-10
         1.002334117889404E+00        -1.273060888706823E-06         1.142701558376480E-10
         1.002369523048401E+00        -1.105458864003594E-06         2.353281181033395E-10
         1.002442479133606E+00        -1.072571535587485E-06         2.335771298600520E-10
         1.002623677253723E+00        -1.576457975716039E-06         2.962985412580110E-10
         1.002529025077820E+00        -1.558364374432131E-06         3.535006176669242E-10
         1.003213882446289E+00        -2.395843011981924E-06         6.587935197366335E-10
         9.970233440399170E-01         4.740441909234505E-06        -1.171611363481873E-09
         9.970589876174927E-01         5.111098289489746E-06        -1.392592818838523E-09
         9.992275834083557E-01         2.647603196237469E-06        -6.861078927222763E-10
         1.001621603965759E+00         6.491760018434434E-08        -4.376550510887256E-11
         1.002708673477173E+00        -1.045395038090646E-06         2.312885577504531E-10
         0.000000000000000E+00         0.000000000000000E+00         0.000000000000000E+00
         0.000000000000000E+00         0.000000000000000E+00         0.000000000000000E+00
         0.000000000000000E+00         0.000000000000000E+00         0.000000000000000E+00
         9.974884390830994E-01         1.757785184963723E-06        -1.813808547801443E-09
         9.977113008499146E-01         1.868164986262855E-06        -1.961279139095495E-09
         9.974941611289978E-01         2.568166109995218E-06        -2.336608018183028E-09
         9.973025321960449E-01         2.529890934965806E-06        -1.818219796945186E-09
         9.975124001502991E-01         1.073596308742708E-06        -4.445200110780867E-11
         9.980208277702332E-01         5.186545948276944E-08        -3.236330040762292E-12
         9.986044168472290E-01        -7.928784384603205E-07         1.924359421812127E-10
         9.986985921859741E-01        -4.479794313283492E-07         4.957680446726620E-11
         9.985646605491638E-01        -1.631719115380292E-08        -4.720801874413816E-11
         9.987143278121948E-01        -2.739279238994641E-07         3.581934401863940E-11
         9.989489912986755E-01        -4.872628664998047E-07         6.744368952205093E-11
         9.993115663528442E-01        -1.074596980288334E-06         1.765502327666368E-10
         9.991753697395325E-01        -8.402364528592443E-07         2.234193108296978E-10
         9.995352029800415E-01        -1.207963464366912E-06         1.929944953849017E-10
         9.998087286949158E-01        -1.001196892502776E-06         1.652742109836680E-10
         9.996561408042908E-01        -1.958381687927613E-07         3.734422840406815E-11
         9.995767474174500E-01         1.201200632294785E-07         2.218062192249626E-11
         9.993202686309814E-01         4.845334728997841E-07        -1.022345957890636E-10
         9.990716576576233E-01         6.813181130382873E-07         7.481514539831036E-12
         9.991028904914856E-01         7.128439278858423E-07        -8.677250584732121E-11
         9.993560910224915E-01         9.580379582985188E-07        -1.781713387938311E-10
         9.999395608901978E-01         2.871176185692548E-08        -5.763207272524440E-11
         1.000039219856262E+00         9.971891756777040E-08        -1.180096298458722E-10
         9.998912215232849E-01         6.918376982412155E-08        -1.150411710337806E-11
         9.999604821205139E-01         2.436197519273264E-07        -1.221121675998305E-10
         1.000761747360229E+00        -4.067505585680919E-07         1.032367524800293E-10
         1.001036763191223E+00        -7.454210617652279E-07         5.211291814744001E-11
         1.000923752784729E+00        -5.049595870332269E-07         5.857880153170569E-11
         1.000982522964478E+00        -7.128441836812272E-08         4.284726046188680E-11
         1.001340150833130E+00        -2.894059321079112E-07         5.723359980391862E-11
         1.001270294189453E+00        -2.274563541959651E-07         2.104614260645121E-10
         1.001077175140381E+00        -2.659492963630328E-07         4.992711799545191E-11
         1.000630497932434E+00         2.840901736078649E-08        -5.162780619683005E-11
         1.000304460525513E+00         1.250688370646458E-07         6.571059668614154E-11
         1.000151395797729E+00         7.387417610971170E-08         2.652805579372863E-11
         9.999988675117493E-01         8.648866156590884E-08         1.020988987798788E-10
         1.000378012657166E+00        -6.524603577418020E-07         1.537796279205139E-10
         1.000236272811890E+00        -7.698401986999670E-07         7.879191743498382E-11
         9.996889233589172E-01         7.229193244029375E-08        -2.706720611533875E-11
         1.000087022781372E+00        -3.822244138973474E-07         1.044808944222764E-11
         1.000173449516296E+00        -4.348819118149549E-07        -6.714739181346019E-11
         9.999077320098877E-01         2.421842504318761E-09        -8.464590139922734E-11
         9.999468922615051E-01         2.930232483322470E-07        -1.268340987792271E-10
         9.998557567596436E-01         7.937268264868180E-08        -1.441613217689763E-10
         9.995679259300232E-01         2.584850733455824E-07        -1.702709639950228E-10
         9.994060993194580E-01         4.989425406165537E-07        -2.845338686885412E-10
         9.999246001243591E-01        -4.992834305994620E-07        -1.046943989835292E-10
         9.996974468231201E-01         1.860880729509518E-07        -1.807463761993588E-10
         9.996204376220703E-01         4.273073272997863E-07        -7.431231324739329E-11
         9.997711181640625E-01         2.841117918706004E-07        -1.541575755936719E-10
         9.992301464080811E-01         1.361809950140014E-06        -3.443250962131827E-10
         9.990410804748535E-01         1.166240735983592E-06        -3.203815823749068E-10
         9.989765286445618E-01         9.007401899907563E-07        -1.852028252979920E-10
         9.992839694023132E-01         6.957521918593557E-07        -1.611658445588304E-10
         9.997166395187378E-01         1.730623466755787E-07        -1.055829729201818E-10
         9.996356964111328E-01         2.249203276960543E-07        -1.436370744567483E-10
         9.992417097091675E-01         7.910883823569748E-07        -1.157326873224562E-10
         9.991210103034973E-01         8.277881988760782E-07        -2.448735936244617E-10
         9.991596341133118E-01         5.132562250764749E-07        -9.642207865478980E-11
         9.989222884178162E-01         1.280321839658427E-06        -2.612707550309068E-10
         9.990493059158325E-01         1.311092887590348E-06        -2.193688425355944E-10
         9.993842244148254E-01         1.037905917655735E-06        -7.100844218177471E-11
         9.996757507324219E-01         5.819769057779922E-07        -3.071405629828661E-11
         9.998875260353088E-01         1.316970781317650E-07         3.708712503769362E-11
         1.000342249870300E+00        -8.808984830466215E-07         2.931365705727274E-10
         1.000416159629822E+00        -6.692166039101721E-07         1.117009054696361E-10
         1.000491619110107E+00        -9.234712479155860E-07         2.225181150450339E-10
         1.000132679939270E+00        -3.083310673446249E-07         1.208429467602912E-10
         9.996627569198608E-01         2.181501486120396E-07        -1.490103457291170E-10
         9.992841482162476E-01         5.574503916250251E-07        -3.665590400658836E-11
         9.994868636131287E-01         3.011335536484694E-07         2.912613206174086E-11
         9.996727108955383E-01         4.274315301699971E-08         1.173382224717301E-10
         9.996454715728760E-01         1.199644543703471E-07         9.258554339863778E-11
         9.998377561569214E-01         4.271986711046338E-07        -9.127848477064049E-11
         1.000069022178650E+00         8.936520146107796E-08         1.540517435838495E-10
         1.000003933906555E+00         3.159731249979814E-07         2.425082357149222E-11
         1.000038027763367E+00         3.624769533416838E-07        -1.786903958134189E-10
         9.997604489326477E-01         3.867309601446323E-07        -1.832383550448569E-10
         9.999561309814453E-01        -1.008539101121642E-07        -6.500916471807727E-11
         9.996917843818665E-01         8.695234754441117E-08        -3.607723148002506E-11
         9.994927644729614E-01         1.696371327852830E-07         3.726193659181476E-11
         9.997519850730896E-01         4.370330586311866E-08        -4.466780417766714E-11
         9.997431635856628E-01         5.915916201360005E-09         3.639439097313790E-11
         9.998263120651245E-01        -9.323938598981840E-08         2.717465835688770E-11
         1.000016093254089E+00        -2.952263002953259E-07         7.153097558720845E-11
         9.997145533561707E-01         1.691607138809559E-07        -9.385420218777085E-11
         9.994323253631592E-01         2.677784038951359E-07        -1.938801758027964E-10
         9.995424747467041E-01         2.704623796034866E-07        -1.592375536985102E-10
         9.999862313270569E-01        -8.249831040529898E-08        -3.068077389367652E-11
         1.000051617622375E+00         1.600407273372184E-07        -1.426227608236630E-10
         1.000205993652344E+00        -4.607522807731357E-09        -6.454150408563564E-11
         1.000641107559204E+00        -1.065950755219092E-06         2.166760104671539E-10
         1.000385046005249E+00        -5.932964199928392E-07         9.415493384956619E-11
         9.999594688415527E-01         3.521340730117117E-08        -8.042562275878407E-12
         9.999716281890869E-01         7.377052213541901E-08        -1.094557014469366E-10
         9.994675517082214E-01         8.125786621349107E-07        -1.399199506257887E-10
         9.993591308593750E-01         6.668566356893280E-07         4.481777102216533E-11
         9.996868371963501E-01         5.397199842605005E-08         7.775943083876413E-11
         9.994894862174988E-01         1.572838783658881E-07        -8.086378788796367E-11
         9.991132020950317E-01         3.639883345840644E-07        -8.569762260934866E-11
         9.990821480751038E-01         7.393687155854423E-07        -2.813317634409174E-10
         9.995977878570557E-01         3.683193838810439E-08        -7.890110093056180E-11
         9.999330043792725E-01        -4.018534411898145E-07         4.437666553669395E-11
         9.998591542243958E-01         1.451206088631807E-07        -1.837064250720388E-10
         9.998025894165039E-01         3.654795355245710E-09        -7.026588338954198E-11
         1.000590920448303E+00        -9.947704029400484E-07         2.519229824748948E-10
         1.000297546386719E+00        -4.044540844461153E-07         1.007451969070594E-10
         1.000260949134827E+00        -6.480076422121783E-07         7.604621793388944E-11
         1.000099778175354E+00        -5.900465680497291E-07         2.829103618040563E-10
         1.000049829483032E+00        -1.299101768381661E-07        -6.705524330241630E-11
         9.999579787254333E-01         4.019117838538477E-08        -1.125851634142805E-10
         9.994047284126282E-01         6.612262382077461E-07        -1.616958476835517E-11
         9.997826814651489E-01        -6.989931478074141E-08        -9.147792766339702E-12
         9.999744892120361E-01        -3.999333273441152E-07         6.522322959501281E-11
         1.000311851501465E+00        -8.452187785223941E-07         2.656799502620544E-10
         1.000119566917419E+00        -2.592789769551018E-07         5.914994188893630E-11
         9.997020363807678E-01         7.531494361501245E-07        -2.656130038136695E-10
         9.998124837875366E-01         5.719456339647877E-07        -1.922394882170053E-10
         9.999431371688843E-01         5.080930804979289E-07        -2.075322136363411E-10
         1.000361919403076E+00        -1.117797623351180E-07        -1.051245635680376E-11
         1.000393748283386E+00        -2.570998560713633E-07        -4.289432004034310E-11
         1.000218749046326E+00         7.607069107962161E-08        -3.171718790384581E-11
         9.995512366294861E-01         1.356433813270996E-06        -5.223759202976908E-10
         9.997068047523499E-01         7.722213695160463E-07        -9.989144234001657E-11
         9.998279809951782E-01         6.500400218101277E-07        -1.122690135302307E-10
         1.000048756599426E+00         3.368939189840603E-07        -2.405122212500999E-10
         1.000020265579224E+00         3.828703825092816E-07        -1.953780748298328E-10
         9.998728036880493E-01         3.304716074126191E-07        -9.114253102238123E-11
         9.997019171714783E-01         4.315040484925703E-07        -8.726110806156484E-11
         9.993766546249390E-01         7.442727110174019E-07        -1.644006042411661E-10
         9.997518658638000E-01         2.759720985068270E-07         1.038215971527201E-10
         9.999752044677734E-01         6.265603502697559E-08         1.567815322012223E-10
         1.000200152397156E+00        -1.623374572545799E-07        -2.015312743075537E-11
         1.000190854072571E+00        -2.173684663375752E-07         1.291605294939657E-10
         1.000370621681213E+00        -6.621719990107522E-07         1.303017277409779E-10
         1.000078678131104E+00        -1.021996922645485E-07        -4.057641722621241E-11
         1.000160098075867E+00        -6.747805514351057E-07         6.419661330303583E-11
         9.997850656509399E-01        -1.523084875998393E-07         1.621752385161379E-11
         9.996214509010315E-01        -2.291499328066493E-07         1.460532944586035E-10
         9.999345541000366E-01        -5.290945068736619E-07         1.191578086201517E-10
         1.000040173530579E+00        -5.497585107150371E-07         1.811957528463637E-10
         1.000176787376404E+00        -6.054085588402813E-07         1.487973771974183E-10
         9.998147487640381E-01        -4.433817650806304E-07         1.820305711719428E-10
         9.996368288993835E-01        -1.836913838815235E-07         8.129692752323336E-11
         9.995486736297607E-01        -1.614463585042358E-08         7.793353462570707E-11
         9.994956254959106E-01         1.079960938454860E-07        -8.046802807415432E-11
         9.999573826789856E-01        -4.479564665871294E-07         2.825517597671023E-11
         1.000160455703735E+00        -3.608212182371062E-07        -7.819174994982969E-12
         1.000344514846802E+00        -2.019732647795536E-07        -1.049615117043601E-10
         1.000402092933655E+00        -8.672963502931452E-08        -2.154811225285602E-11
         1.000193476676941E+00         6.888939196869615E-07        -2.135248089452091E-10
         1.000423908233643E+00         2.499879485640122E-07         1.151576880728533E-12
         1.000116825103760E+00         5.787088070974278E-07        -4.527396860187771E-11
         9.998276233673096E-01         9.089145578400348E-07        -1.662121135170835E-10
         1.000228762626648E+00         2.953910183123298E-08         1.650423547827629E-10
         1.000191211700439E+00         4.599248200065631E-07         7.510526922605010E-11
         1.000284910202026E+00         6.386702580130077E-07        -3.452819627436376E-11
         1.000578999519348E+00         2.876796258988179E-07        -4.351006013814107E-11
         1.000420570373535E+00         1.006261030056521E-07        -6.866484464351785E-11
         1.000610113143921E+00        -4.581212067478191E-07        -9.321183408461664E-11
         1.000774860382080E+00        -9.941584266925929E-07         8.649094634938237E-11
         1.000639081001282E+00        -8.618344509159215E-07         1.459739412679184E-10
         1.000744938850403E+00        -1.249443357664859E-06         2.309249874654640E-10
         9.999980330467224E-01        -2.256102362707679E-07         1.154141920922669E-10
         1.000068902969360E+00        -1.192208287648100E-07         2.191883133328965E-11
         9.999041557312012E-01         6.727397021677461E-07        -1.868058624454605E-10
         9.995248317718506E-01         1.769537220752682E-06        -5.439445005528398E-10
         1.000001788139343E+00         1.108498850044271E-06        -1.426588569497511E-10
         1.000222325325012E+00         8.352002396350144E-07        -6.731800533676946E-11
         1.000310659408569E+00         6.030342092344654E-07         1.360509708364654E-11
         1.000752210617065E+00         8.781969285109881E-08        -2.019742532943791E-11
         1.000604271888733E+00         8.629707792806585E-08         4.773481263042889E-11
         1.000678777694702E+00         4.486959994665085E-07        -3.776137735833629E-11
         1.000652313232422E+00         7.595234592372435E-07        -4.486737370523741E-11
         1.000450730323792E+00         1.071132032848254E-06        -1.329090448809467E-10
         1.000066757202148E+00         1.497160496910510E-06        -1.894170653660154E-10
         9.999727606773376E-01         1.944324594660429E-06        -2.494072448566698E-10
         1.000229597091675E+00         1.704755618447962E-06        -2.350462047218116E-10
         1.000259637832642E+00         1.728046640891989E-06        -2.622125294671207E-10
         1.000221252441406E+00         1.637505874896306E-06        -4.401097541961718E-10
         1.000714421272278E+00         5.408232937043067E-07         1.071559724633020E-12
         0.000000000000000E+00         0.000000000000000E+00         0.000000000000000E+00
         0.000000000000000E+00         0.000000000000000E+00         0.000000000000000E+00
         0.000000000000000E+00         0.000000000000000E+00         0.000000000000000E+00
         0.000000000000000E+00         0.000000000000000E+00         0.000000000000000E+00
         9.998788237571716E-01        -2.657773165992694E-06         7.072882279857140E-10
         1.000002503395081E+00        -2.942009132311796E-06         1.222340562101465E-09
         1.000316619873047E+00        -3.833795744867530E-06         2.039358459882123E-09
         1.000098228454590E+00        -1.902684516608133E-06         2.833650258882159E-10
         1.000138521194458E+00        -1.810024627957318E-06         3.365878964434188E-10
         1.000082135200500E+00        -1.346119688605540E-06         2.646284025242807E-10
         1.000112295150757E+00        -1.134304284278187E-06         1.938771782006299E-10
         9.999765157699585E-01        -1.103655336009979E-06         1.423591383664657E-10
         9.997322559356689E-01        -8.410655141233292E-07         1.053574866238804E-10
         9.997693896293640E-01        -1.208065782520862E-06         1.639778868245401E-10
         9.997611045837402E-01        -1.129734869209642E-06         1.343084810034867E-10
         9.995582103729248E-01        -8.839886618261517E-07         5.087790952429394E-11
         9.997411966323853E-01        -1.162092189588293E-06         1.719865222460371E-10
         1.000062584877014E+00        -1.316019279329339E-06         2.162539453065548E-10
         1.000238895416260E+00        -1.313000780100992E-06         2.230199913633157E-10
         1.000095367431641E+00        -8.515320359947509E-07         5.753707232880600E-11
         9.998983740806580E-01        -3.884076420490601E-07        -4.623737850928400E-11
         9.999392628669739E-01        -3.292770145435497E-07        -4.866607550974011E-12
         1.000184893608093E+00        -7.667053125715029E-08        -7.591875045287466E-11
         1.000178456306458E+00         7.549569858156246E-09        -4.140275622344092E-11
         9.999693632125854E-01         3.973210596086574E-07        -6.480227465743837E-11
         9.999431371688843E-01         2.060940289538848E-07         2.212623487207743E-11
         1.000042319297791E+00         2.282393012364992E-07         5.990522661258879E-11
         1.000154137611389E+00        -1.915660021722942E-07         1.951657307985855E-10
         1.000174045562744E+00        -2.741664388850040E-07         1.609268551749921E-10
         1.000486373901367E+00        -4.703686329321499E-07         2.004902632801731E-10
         1.000466823577881E+00        -4.847524337492359E-07         2.354565986628643E-10
         1.000589609146118E+00        -5.986638598187710E-07         1.896157397762721E-10
         1.000572443008423E+00        -3.369813441622682E-07         5.732968613725298E-11
         1.000537991523743E+00        -5.049923856859095E-07         7.821704395283291E-11
         1.000491023063660E+00        -6.540014396705374E-07         9.607306616921107E-11
         1.000446200370789E+00        -7.643166668458434E-07         6.228018795129131E-11
         1.000223636627197E+00        -6.567444756910845E-07         4.106076242904599E-11
         1.000303983688354E+00        -9.245392220691429E-07         2.114081271153978E-10
         1.000132441520691E+00        -3.373464210199018E-07        -2.173239539715599E-11
         1.000380635261536E+00        -5.701719487660739E-07         6.507946959111166E-11
         1.000325679779053E+00        -1.657514161479412E-07        -4.060589017806926E-11
         1.000280261039734E+00         3.631359746236740E-08        -7.736297019667049E-11
         1.000289678573608E+00         4.028911746445374E-07        -1.374138303145145E-10
         1.000428795814514E+00         4.226348266911373E-07        -9.892209273942854E-11
         1.000691890716553E+00        -1.189260245837431E-08        -7.682440100742483E-11
         1.000471472740173E+00         4.797535169132061E-08        -7.509097510460805E-11
         1.000532865524292E+00        -3.188971788858908E-07         1.238776997647406E-10
         1.000704288482666E+00        -7.544323352703941E-07         2.034278856477556E-10
         1.000830054283142E+00        -8.351875067091896E-07         2.149692229780342E-10
         1.000866055488586E+00        -1.116674525292183E-06         3.762581357591444E-10
         1.000663042068481E+00        -1.057130248227622E-06         3.117992253276469E-10
         1.000490427017212E+00        -9.733688557389542E-07         2.209729066393606E-10
         1.000576615333557E+00        -7.479476948901720E-07         2.865180037670001E-10
         1.000358581542969E+00        -6.670912853223854E-07         2.205997884363597E-10
         1.000202775001526E+00        -6.236421654648439E-07         2.166578305651257E-10
         1.000097393989563E+00        -2.952563420421939E-07         9.848575427406914E-11
         9.999042153358459E-01        -4.914257090149476E-08         5.478204695430477E-11
         1.000149250030518E+00        -5.990266345179407E-07         2.067138682448899E-10
         9.999019503593445E-01         3.094353644428338E-07         3.213875693353074E-11
         1.000074625015259E+00         1.477040711961308E-07         1.011772349929219E-11
         9.999386668205261E-01         1.049283753218333E-07         4.731977656935449E-11
         9.995622038841248E-01         9.776815659279237E-07        -2.270909293944356E-10
         9.996795058250427E-01         5.635584443552943E-07        -2.282115642293636E-11
         9.995577931404114E-01         4.388511172237486E-07        -5.597432239934363E-11
         9.993332028388977E-01         5.498828272720857E-07        -1.306406927081838E-10
         9.994254708290100E-01         2.278584787518412E-07        -4.041898413187361E-11
         9.994327425956726E-01         2.196099444518040E-07        -7.388387124329654E-11
         9.993105530738831E-01         5.648830665450078E-07        -1.335858090811826E-10
         9.994111061096191E-01         4.858053443967947E-07        -1.855911951897937E-10
         9.991050958633423E-01         1.050611331265827E-06        -2.606916071901111E-10
         9.993245601654053E-01         4.357846705715929E-07        -1.228512014339600E-10
         9.997044205665588E-01         1.395268895976187E-07        -5.311693446197197E-11
         9.997923970222473E-01        -1.428088580723852E-07         2.285860806194862E-10
         9.995893836021423E-01        -3.259032155256136E-08        -1.707434194031521E-10
         9.997187256813049E-01        -4.085824514277192E-07        -1.161587579595613E-11
         9.994724392890930E-01         3.160747894526139E-07        -9.497811565006842E-11
         9.993369579315186E-01         5.047841682426224E-07        -1.781017139323993E-10
         9.992700815200806E-01         7.412933769046504E-07        -2.727262304880185E-10
         9.994364380836487E-01         4.992532467440469E-07        -1.401833094050176E-10
         9.996733069419861E-01         3.618094126522919E-07        -1.017928449864591E-10
         9.998429417610168E-01         1.334052512902417E-07        -1.309030800422661E-10
         1.000059247016907E+00        -1.006862575536616E-07        -6.306374866760223E-11
         9.996837973594666E-01         4.528118608959630E-07        -1.797658827351611E-10
         9.995674490928650E-01         1.961698359309594E-07        -5.132355998527238E-11
         9.995233416557312E-01         1.992927280980439E-07        -7.236976989899446E-11
         9.996501803398132E-01         3.346501671330770E-07        -6.483923120637058E-11
         9.997782707214355E-01         2.357921999873724E-07        -2.048784059072162E-11
         9.996456503868103E-01         3.125970238215814E-07        -1.180077979778815E-10
         9.998210072517395E-01         4.096163195299596E-07        -1.342671390736072E-10
         9.998232126235962E-01         3.940613453323749E-07        -1.010585504168660E-10
         9.997877478599548E-01         4.721055688605702E-07        -2.236242163666802E-10
         9.999520778656006E-01         2.540989498811541E-07        -9.523871274952356E-11
         1.000180244445801E+00         2.102843232876239E-08        -5.154884505365054E-11
         1.000079154968262E+00         8.360256487094375E-08        -3.914833041074317E-11
         1.000093102455139E+00        -1.354009810938805E-07        -1.805142146871219E-11
         1.000028848648071E+00        -8.845857024653014E-08         7.739892060598663E-12
         9.998978972434998E-01         1.672679417197287E-07        -7.317281502938755E-11
         9.998227357864380E-01         3.535278096933325E-07        -9.924357169399656E-11
         9.997965097427368E-01         2.965053909065318E-07        -1.000607444123780E-10
         1.000015616416931E+00        -1.613721707371951E-07        -5.395375812788927E-11
         1.000298142433167E+00        -1.858225999740171E-07        -6.510967459627537E-11
         1.000353574752808E+00        -2.936066607617249E-07        -8.032935427948473E-11
         1.000344038009644E+00        -1.858465452642122E-07        -8.044137578266941E-11
         1.000190615653992E+00        -1.062103223148370E-07        -8.761866926443318E-11
         1.000455021858215E+00        -3.798692773671064E-07         6.758252291128031E-11
         1.000220894813538E+00        -1.110620075905899E-07        -4.355726543336935E-11
         9.999067187309265E-01         3.216909405523438E-09        -2.383631920316320E-12
         0.000000000000000E+00         0.000000000000000E+00         0.000000000000000E+00
         9.994791746139526E-01        -1.451578697242439E-07         5.203308964252251E-11
         9.995974302291870E-01        -1.198205552555009E-07         8.120785294218891E-11
         9.994149208068848E-01         2.121942799249155E-07         1.250624777349163E-11
         9.993515014648438E-01         4.036074301438930E-07        -1.980766071996154E-11
         9.995682835578918E-01         4.441448595571273E-07         4.151705021437913E-11
         1.000019788742065E+00         2.912961178935802E-07        -3.639839818436741E-11
         1.000126719474792E+00         4.206023618280597E-07         3.098874976070753E-11
         1.000209808349609E+00         3.232156302601652E-07        -7.425141751449260E-11
         1.000314474105835E+00        -1.310517472319361E-08         9.012281199094474E-11
         1.000244498252869E+00        -3.125059606645664E-07         2.071717103424575E-10
         9.999858736991882E-01        -1.757489087594877E-07         8.012754348918349E-11
         1.000158786773682E+00        -6.995024932621163E-07         2.254333802964581E-10
         1.000195741653442E+00        -8.139351734826050E-07         2.622203842950199E-10
         9.999852180480957E-01        -8.462538971798494E-07         2.904455564944897E-10
         1.000145435333252E+00        -8.630805723441881E-07         2.895854389617369E-10
         9.998355507850647E-01        -1.535341738190255E-07         1.180045228199589E-10
         9.995469450950623E-01         6.700038852613943E-07         1.995734740661836E-12
         9.996736049652100E-01         5.651620540447766E-07        -2.524862784125670E-11
         9.995975494384766E-01         4.013126613244822E-07         1.202627719631977E-10
         9.996210336685181E-01         6.553867848424488E-08         1.427589990665723E-11
         9.998260140419006E-01        -2.418865392428415E-07         5.894059545985542E-11
         9.997463822364807E-01        -1.950456152144397E-07         1.192198284538648E-10
         9.996291399002075E-01         4.179614521149233E-08         7.811742225305451E-11
         9.996302127838135E-01         2.134843839485256E-07        -1.181167386121729E-10
         9.996547698974609E-01        -2.091429109896126E-07         5.293203375611455E-11
         9.997163414955139E-01        -1.227115831170522E-07        -1.891927413344430E-11
         1.000009775161743E+00        -1.067519832531616E-07        -5.459066879098806E-11
         1.000052452087402E+00        -1.937594760192951E-07         7.215783526248742E-11
         1.000117897987366E+00        -2.024742826733927E-07         8.518593816453368E-12
         9.997945427894592E-01         5.897553023714863E-07        -2.276539928791621E-10
         9.995990395545959E-01         4.948992113895656E-07        -1.504646129912857E-10
         9.997909069061279E-01         2.994084695728816E-07        -1.202186961091201E-10
         9.999452829360962E-01         1.873091974857743E-07        -6.201817531747977E-11
         1.000013709068298E+00         1.318692710583491E-07        -1.370304841818992E-10
         1.000107049942017E+00        -1.377700726834519E-07         3.028799086535194E-11
         1.000100493431091E+00        -1.507232241237944E-07        -7.029751086795599E-11
         9.998468160629272E-01         2.771278957425238E-07        -9.574862430694608E-11
         9.999609589576721E-01         1.963494433709911E-08        -5.126819455081311E-11
         9.999369382858276E-01        -2.391208226981689E-07         4.717684576327486E-11
         1.000023961067200E+00        -3.229398259918526E-07         4.223465674413340E-11
         1.000248670578003E+00        -4.032481513149833E-07         8.039525295489014E-11
         1.000401496887207E+00        -6.642577545790118E-07         1.676517119575394E-10
         1.000386834144592E+00        -4.058809963680687E-07         8.625559988484355E-11
         1.000428080558777E+00        -4.550085748178390E-07         1.539326721644585E-10
         1.000340461730957E+00        -8.231717885109902E-08         4.676099785161369E-11
         1.000389337539673E+00        -5.337059150178902E-08         6.864384061167073E-11
         1.000703096389771E+00        -4.553459120870684E-07         1.102054697499355E-10
         1.000605225563049E+00        -6.660308713435370E-07         9.719667432017687E-11
         1.000661015510559E+00        -7.825735792721389E-07         2.051752101550619E-10
         1.000976562500000E+00        -1.172942120319931E-06         2.861768322315328E-10
         1.000995874404907E+00        -1.165044295703410E-06         2.073709398642265E-10
         1.000943541526794E+00        -1.064721914190159E-06         2.090167205981430E-10
         1.001221895217896E+00        -1.662566432969470E-06         3.670078685402700E-10
         1.001123309135437E+00        -1.604740532457072E-06         4.135172204655646E-10
         1.001066923141479E+00        -9.655806252339971E-07         2.302515400565142E-10
         1.000891923904419E+00        -6.404271175597387E-07         3.319019503678078E-10
         1.000728249549866E+00        -6.048470595487743E-07         2.877009186441626E-10
         1.000376224517822E+00        -4.604032994848239E-07         2.943091048646096E-10
         1.000380396842957E+00        -7.616368407070695E-07         2.712454150177734E-10
         1.000340580940247E+00        -8.194775205083715E-07         2.988728986519362E-10
         1.000425934791565E+00        -1.006246066026506E-06         3.849857377336008E-10
         1.000365614891052E+00        -8.910090514291369E-07         3.679242743803712E-10
         1.000186204910278E+00        -7.003342830103065E-07         3.016839555947115E-10
         1.000077605247498E+00        -5.442576593850390E-07         3.341792120803433E-10
         9.999790191650391E-01        -3.697883812492364E-07         2.757066797087759E-10
         9.998389482498169E-01        -1.276829095786525E-07         2.432417878228676E-10
         9.999330639839172E-01        -4.438293785824499E-07         2.930607978512967E-10
         9.999483227729797E-01        -7.528425953751139E-07         3.958254835012553E-10
         1.000075340270996E+00        -8.411782346229302E-07         4.345954984774636E-10
         1.000329852104187E+00        -1.135753336711787E-06         4.732326197576242E-10
         1.000719070434570E+00        -1.472318899686798E-06         5.422978732738670E-10
         1.000653862953186E+00        -1.531395923848322E-06         6.388920503752615E-10
         9.979219436645508E-01         1.683506866356765E-06        -3.073011012322269E-10
         9.998773336410522E-01        -7.504102654820599E-07         3.360536293683936E-10
         9.995566606521606E-01         1.927357970998855E-07         8.252491745519563E-11
         9.994865655899048E-01         1.367591551115765E-07         1.792303666592332E-10
         1.000769615173340E+00        -1.534192051622085E-06         6.628594895197182E-10
         0.000000000000000E+00         0.000000000000000E+00         0.000000000000000E+00
         0.000000000000000E+00         0.000000000000000E+00         0.000000000000000E+00
         0.000000000000000E+00         0.000000000000000E+00         0.000000000000000E+00
         0.000000000000000E+00         0.000000000000000E+00         0.000000000000000E+00
         9.981063008308411E-01         4.410804194776574E-06        -3.352571553705275E-09
         9.989379048347473E-01         2.414583832432982E-06        -2.372373852921328E-09
         9.985787868499756E-01         3.734262918442255E-06        -2.854727565448911E-09
         9.990790486335754E-01         2.810106934703072E-06        -2.579025659699141E-09
         9.995244145393372E-01         3.992063000168855E-07        -2.987678437982311E-10
         9.991005063056946E-01         1.572883093103883E-06        -5.650806489398974E-10
         9.996371269226074E-01         7.138274327189720E-07        -3.363699319081093E-10
         9.996800422668457E-01         5.664655873260926E-07        -1.798395182772694E-10
         9.998986721038818E-01         4.302571596781490E-07        -1.083454437278419E-10
         9.994112253189087E-01         1.922808451126912E-06        -5.440514705412625E-10
         9.996140003204346E-01         1.146443878496939E-06        -2.892221184769284E-10
         9.999550580978394E-01         4.959604780196969E-07        -2.186356096167685E-10
         1.000348687171936E+00        -2.670327887699386E-07        -1.660311645113044E-11
         1.000114440917969E+00         7.213172921183286E-07        -2.793333064854409E-10
         1.000115275382996E+00         7.333294433919946E-07        -3.251675317894609E-10
         1.000021338462830E+00         8.183376394299557E-07        -2.234891854913101E-10
         1.000407576560974E+00         1.548553569818978E-07        -1.304205632379762E-10
         1.000767588615417E+00        -2.838463331045205E-07         4.217763291403109E-12
         1.001140117645264E+00        -9.958894224837422E-07         6.001037167191470E-11
         1.001081705093384E+00        -1.123187644225254E-06         1.620963502313444E-10
         1.000715970993042E+00        -7.115151561265520E-07         1.148745265577844E-10
         1.000507354736328E+00        -4.748771402773855E-07         1.981612443580083E-11
         1.000157475471497E+00         2.239934815406741E-07        -2.485997241397087E-10
         1.000093936920166E+00         4.305295249196206E-07        -2.121090109108437E-10
         1.000016450881958E+00         5.722819764741871E-07        -2.773241636333523E-10
         9.998611211776733E-01         1.260960289073410E-06        -5.084880294603522E-10
         9.996687173843384E-01         1.518256453891809E-06        -4.347497917223109E-10
         9.997458457946777E-01         1.329362248725374E-06        -3.237106138698209E-10
         1.000072240829468E+00         3.794762335473933E-07        -1.095162571740360E-10
         9.999006390571594E-01         4.756054181598302E-07        -1.602237925668604E-10
         1.000089168548584E+00        -3.268132502398657E-07         5.182700102412952E-11
         1.000125050544739E+00        -6.052011940482771E-07         1.511640951301629E-10
         1.000002264976501E+00         4.491201721634752E-08         1.288195852072738E-11
         1.000287771224976E+00         9.910257858791738E-08        -1.078321251735126E-10
         1.000113129615784E+00         6.896832474012626E-07        -2.507975493948322E-10
         1.000138401985168E+00         4.984141810382425E-07        -1.891466427927924E-10
         1.000097155570984E+00         8.148518304551544E-07        -2.565355150530024E-10
         1.000852823257446E+00        -1.344024326499493E-06         3.135832427059171E-10
         1.000222921371460E+00        -8.292411735055794E-07         1.181202080591248E-10
         1.000388145446777E+00        -1.536755121378519E-06         3.027548767242649E-10
         1.000406146049500E+00        -1.262425485037966E-06         2.878797478178541E-10
         9.999206066131592E-01        -2.833242831457028E-07         7.852125893936801E-11
         9.996197223663330E-01         2.094277107289599E-07        -9.823730023894583E-11
         9.995971322059631E-01         5.083608698441822E-07        -1.604678750988242E-10
         9.997376203536987E-01         1.949201333673045E-07        -1.101369863365509E-11
         9.994740486145020E-01         6.099274401094590E-07        -1.477053340748213E-10
         9.996148943901062E-01        -3.268909054554570E-08         2.353136852040194E-10
         9.996018409729004E-01        -1.840536185682140E-07         2.704292068056446E-10
         9.997081160545349E-01        -6.043463827154483E-07         5.297334793041841E-10
         9.997440576553345E-01        -8.125876149733813E-08         1.091272419651013E-10
         9.997134804725647E-01         2.562683221185580E-07        -1.417539280401670E-10
         9.999953508377075E-01         4.396597574896077E-08        -1.545912009515149E-10
         1.000005841255188E+00         3.937938970466348E-07        -1.593646881126176E-10
         9.999920129776001E-01         8.899008889784454E-07        -2.783256403127154E-10
         1.000214695930481E+00         8.074798643065151E-07        -2.266757198610136E-10
         1.000285506248474E+00         3.126872911707324E-07        -1.325388475185985E-12
         1.000481963157654E+00         2.303134607473112E-07        -7.080056679820146E-11
         1.000647306442261E+00        -2.829533940484907E-08        -2.499868888283796E-11
         1.000909566879272E+00        -4.404423918913380E-07         4.639049908106152E-11
         1.000470995903015E+00         2.038760840150644E-07        -1.818769995720615E-10
         1.000255465507507E+00         2.478944907124969E-07        -2.485970318488739E-10
         1.000182032585144E+00         3.343222374496690E-07        -2.789946884629302E-10
         1.000090837478638E+00         3.891721078730370E-08        -2.207625193761942E-10
         9.998968839645386E-01         7.046428436296992E-07        -3.804337678214864E-10
         1.000236868858337E+00        -1.578941777324872E-07        -7.705711069228016E-11
         9.996103048324585E-01         1.022069454847951E-06        -4.547740517502064E-10
         9.999151825904846E-01         4.562843614053236E-08        -1.912800889902755E-10
         9.989371895790100E-01         1.587479800946312E-06        -3.522443725589852E-10
         9.993576407432556E-01         3.642834087713709E-07        -1.755004475079147E-11
         9.989138841629028E-01         1.678175976849161E-06        -4.164422695573933E-10
         9.993619918823242E-01         4.365538472939079E-07         3.350631716525498E-10
         9.992662668228149E-01         8.876290849002544E-07         1.527787965582839E-11
         9.994761943817139E-01         7.332588438657694E-07        -1.395159265893398E-10
         9.994009137153625E-01         1.018242983263917E-06        -3.512377333425576E-10
         9.999470710754395E-01         1.223822607698821E-07        -5.186454130751139E-12
         1.000130653381348E+00         4.640363613361842E-07        -1.731230436785580E-10
         1.000486493110657E+00        -1.926019308484683E-07         2.854680727915060E-11
         1.000337243080139E+00         5.660818374053633E-07        -3.244212676278835E-10
         1.000858902931213E+00        -4.908339974463161E-07        -9.639763987046024E-11
         1.000623583793640E+00        -1.084695995245966E-07        -1.709534735994112E-10
         1.000415921211243E+00        -1.470216659527068E-07        -9.932190486727777E-11
         1.000295877456665E+00         3.833577455480963E-09        -2.547177399558898E-11
         1.000203728675842E+00        -7.489365572155293E-08         1.800144339147991E-10
         1.000281453132629E+00        -9.585207294549036E-08         1.626756090944426E-10
         1.000115036964417E+00         3.819944538463460E-07        -1.070592017815564E-10
         1.000442147254944E+00        -5.018938509238069E-07         1.110477682031430E-10
         9.998122453689575E-01         8.057431273300608E-07        -2.087753164792261E-10
         9.998364448547363E-01         7.559798973488796E-07        -1.552401263094083E-10
         1.000090003013611E+00        -5.888725951308516E-08         7.887009101370523E-11
         9.997816085815430E-01         2.291441489887802E-07         1.163960941519271E-10
         9.999037384986877E-01        -3.175301230839978E-07         3.349978072719750E-10
         9.995384216308594E-01         5.728180099140445E-07        -7.801093972192863E-12
         1.000329613685608E+00        -7.192001589828578E-07         2.209742111514146E-10
         1.000360965728760E+00        -6.091843829381105E-07         1.337232963249946E-10
         1.000185489654541E+00         5.381071588317354E-08        -1.336556421094315E-10
         9.999533891677856E-01         5.103334501654899E-07        -1.858150716627094E-10
         1.000288605690002E+00         4.115566554219185E-08        -3.103906368040477E-11
         1.000217199325562E+00         6.251197959272758E-08        -1.360138113248865E-10
         9.999279975891113E-01         3.807524819876562E-07        -1.452115927502717E-10
         9.997996091842651E-01         8.520815697465878E-08        -8.527328149154911E-12
         0.000000000000000E+00         0.000000000000000E+00         0.000000000000000E+00
         0.000000000000000E+00         0.000000000000000E+00         0.000000000000000E+00
         9.988990426063538E-01         3.503828907014395E-07        -2.022363387865767E-10
         9.991167783737183E-01         2.095952282843427E-07        -5.004463857205543E-11
         9.992145895957947E-01         1.656765817870109E-07        -3.524068883931086E-11
         9.991613626480103E-01         1.240389906342898E-07        -1.775167096651487E-10
         9.994663596153259E-01        -4.497990460095025E-07         7.341079827360986E-11
         9.993306994438171E-01        -8.571819165581473E-08        -1.287369603281130E-11
         9.997265338897705E-01        -7.434432518493850E-07         2.758057393581481E-10
         9.992012977600098E-01         4.720237427591201E-07        -2.219900825661814E-11
         0.000000000000000E+00         0.000000000000000E+00         0.000000000000000E+00
         9.994975924491882E-01        -1.367370856542038E-07         1.076577577086013E-10
         9.997531771659851E-01        -2.114600476943451E-07         8.788443583984673E-11
         1.000220298767090E+00        -8.976205663202563E-07         2.640400675879562E-10
         9.999477267265320E-01        -3.572299078768992E-08         7.896838738474798E-11
         0.000000000000000E+00         0.000000000000000E+00         0.000000000000000E+00
         0.000000000000000E+00         0.000000000000000E+00         0.000000000000000E+00
         9.994686245918274E-01         2.829756056144106E-07        -1.108012709361006E-10
         1.000406622886658E+00        -1.277388491871534E-06         4.069088677116639E-10
         9.998667836189270E-01         4.389980574615038E-07        -1.017563880378880E-10
         1.000124335289001E+00        -1.788442318684247E-07         2.245563179847920E-10
         9.998112320899963E-01         6.826250569247350E-07        -2.348745364866289E-10
         1.000118494033813E+00        -2.498693163488497E-07         1.071127214702372E-10
         1.000056505203247E+00        -1.391581321286139E-07        -1.574381597313490E-10
         9.998404979705811E-01         2.773173868320100E-08        -1.409773547900173E-10
         9.999554157257080E-01        -2.925452520230465E-07        -4.771125161617817E-11
         9.991955757141113E-01         9.854179552348796E-07        -2.088626910312641E-10
         1.000066399574280E+00        -1.146248905570246E-06         6.151238407525739E-10
         1.000111103057861E+00        -5.642040719067154E-07         4.135473075095319E-10
         1.000302910804749E+00        -4.474040338209306E-07         2.856005987261767E-10
         1.000149965286255E+00         2.938008947239723E-07         9.779745069327106E-11
         9.999404549598694E-01         6.208977652022440E-07        -3.193623837605131E-11
         9.995035529136658E-01         1.276301873076591E-06        -2.204355031842908E-10
         9.998844861984253E-01         7.486307822546223E-07        -3.146605753734377E-10
         1.000261545181274E+00         1.534341578235399E-07        -1.726179477135048E-10
         9.998925328254700E-01         5.127949407324195E-07        -1.811926442218947E-10
         9.996520280838013E-01         8.043192565310164E-07        -3.621072885984233E-10
         9.996193051338196E-01         4.946988383380813E-07        -2.532147269640461E-10
         9.990309476852417E-01         1.619110207684571E-06        -5.802909264218670E-10
         9.994050264358521E-01         1.219778482663969E-06        -3.488758726355456E-10
         9.998705387115479E-01         6.418371754079999E-07        -3.033110984596021E-10
         1.000065684318542E+00        -4.869145442398803E-08        -1.448274139503880E-10
         1.000326752662659E+00        -4.927325107928482E-07        -5.661626376052276E-11
         9.999614357948303E-01        -1.230687587394641E-07         1.356565554333500E-11
         9.995422959327698E-01         6.400205165846273E-07        -2.247404623512139E-10
         9.994086623191833E-01         7.241652610900928E-07        -2.695050571599467E-10
         9.995614886283875E-01         2.227025817091999E-07        -1.561873269606551E-10
         9.997569918632507E-01        -2.311549280875624E-07        -5.006316541877887E-11
         9.999108314514160E-01        -8.361642471754749E-07         1.559377488247193E-10
         9.995419383049011E-01        -3.640802219706529E-07         8.611891755272438E-11
         9.989541769027710E-01         8.716962156540831E-07        -2.791032960303141E-10
         9.990326166152954E-01         1.145338387686934E-06        -3.350174859750865E-10
         9.988968372344971E-01         1.391983460052870E-06        -2.812287347442322E-10
         9.991041421890259E-01         9.880454854283016E-07        -2.732283843620564E-10
         9.994677305221558E-01         3.669775594516977E-07        -7.975892862832623E-11
         9.996417164802551E-01        -8.441566734518346E-08         9.186294086527269E-12
         9.993330240249634E-01         1.203782176162349E-07        -4.955600513278924E-11
         9.999715089797974E-01        -6.317591783044918E-07         3.559155747900888E-10
         9.998440146446228E-01        -2.972688264435419E-07         1.454637937881031E-10
         9.996106624603271E-01         6.141752351140894E-07        -2.078602845401178E-10
         9.996294379234314E-01         5.245158263278427E-07        -1.843823288494306E-10
         9.996659159660339E-01         5.107827405481657E-07        -3.346141419502402E-10
         1.000098109245300E+00         3.064743623326649E-07        -2.309253066545836E-10
         1.000053882598877E+00         8.706356879883970E-07        -4.098099914973119E-10
         9.999224543571472E-01         1.328217081209004E-06        -5.252886459139461E-10
         1.000052690505981E+00         1.071324845725030E-06        -5.235422095850595E-10
         1.000233530998230E+00         8.253072110164794E-07        -3.741884857522138E-10
         1.000692248344421E+00         5.430273404272157E-07        -3.015673266659746E-10
         1.000960350036621E+00         5.496573418639628E-09        -3.054468622476492E-10
         1.000412821769714E+00         8.199694434551930E-07        -4.972128819780153E-10
         9.998981356620789E-01         1.739859385452291E-06        -7.619896380539615E-10
         1.000051498413086E+00         1.316490852332208E-06        -6.607610569808742E-10
         1.000043988227844E+00         1.175247916762601E-06        -5.081851606192345E-10
         1.000049114227295E+00         1.150682237494038E-06        -5.842837880187801E-10
         9.999555349349976E-01         1.252322135769646E-06        -4.919005758274864E-10
         1.000036597251892E+00         7.318199095607270E-07        -4.396757125046946E-10
         1.000336647033691E+00         4.105108075691533E-07        -3.665485970305582E-10
         9.983097314834595E-01         2.912472609750694E-06        -1.116187808847258E-09
         9.990848302841187E-01         2.031254780376912E-06        -9.269619516416583E-10
         9.993148446083069E-01         2.403627831881749E-06        -1.126744031409999E-09
         1.000905513763428E+00         9.829484497458907E-07        -6.192816259797951E-10
         1.000337839126587E+00         1.487874101258058E-06        -7.204281615713626E-10
         0.000000000000000E+00         0.000000000000000E+00         0.000000000000000E+00
         0.000000000000000E+00         0.000000000000000E+00         0.000000000000000E+00
         0.000000000000000E+00         0.000000000000000E+00         0.000000000000000E+00
         1.000175595283508E+00        -5.016105660615722E-06         3.469263099020736E-09
         1.000360965728760E+00        -4.470156909519574E-06         3.118478808517011E-09
         1.000654935836792E+00        -4.054603323311312E-06         2.919871677775632E-09
         1.000489354133606E+00        -2.289566964464029E-06         1.428222318189398E-09
         9.998704195022583E-01        -4.190301012840791E-07         4.273978948532431E-10
         1.000187873840332E+00        -7.338262548728380E-07         3.709560991715932E-10
         1.000594973564148E+00        -1.239331709257385E-06         4.620859805903876E-10
         1.000754714012146E+00        -1.455717665521661E-06         6.101027461014041E-10
         1.000354409217834E+00        -1.080261199604138E-06         5.841469530309951E-10
         9.999715089797974E-01        -8.347813604814291E-07         4.898315641987949E-10
         9.998931884765625E-01        -6.613810228373040E-07         3.959889083304802E-10
         1.000417232513428E+00        -1.271469045605045E-06         5.633863375820169E-10
         1.000372767448425E+00        -1.116244220611406E-06         5.442408190781123E-10
         1.000474572181702E+00        -1.505505451859790E-06         5.210719078441173E-10
         1.000432372093201E+00        -1.194407786897500E-06         4.251660412624148E-10
         1.000515937805176E+00        -1.184873440251977E-06         4.775483897212496E-10
         1.000434875488281E+00        -1.150877665168082E-06         5.356382559718043E-10
         1.000507712364197E+00        -9.053625831256795E-07         3.311391438831635E-10
         1.000908613204956E+00        -1.900682605082693E-06         6.282332987161965E-10
         1.000886678695679E+00        -1.527718609395379E-06         5.403896219391413E-10
         1.001369118690491E+00        -1.824566652430804E-06         6.449265566033091E-10
         1.001084446907043E+00        -1.235357331097475E-06         3.872038800700750E-10
         1.001127600669861E+00        -1.275187742066919E-06         3.848345531132225E-10
         1.001295208930969E+00        -1.348477439933049E-06         4.157235111712509E-10
         1.001001000404358E+00        -6.359069288919272E-07         1.360238727210472E-10
         1.000910162925720E+00        -5.884121492272243E-07         1.979476166313887E-10
         1.000600814819336E+00        -8.094937697933346E-07         2.053676673163807E-10
         1.000148773193359E+00        -2.312537645821067E-07         3.120796676636672E-11
         9.999626278877258E-01         3.644330774932314E-07        -1.741628230522707E-10
         1.000015020370483E+00        -3.928200698055662E-08        -7.162358206524999E-11
         1.000011682510376E+00        -4.265970119377016E-07         3.097850448385842E-11
         9.997760057449341E-01        -2.540158732244890E-07         1.292956713916382E-10
         9.999114274978638E-01        -6.169610173856199E-07         2.328036513565834E-10
         9.998775720596313E-01        -7.083474429236958E-07         1.966397877861681E-10
         9.997085928916931E-01        -6.177472187118838E-07         3.112308188946145E-10
         1.000201582908630E+00        -1.051076765179459E-06         3.419875216348345E-10
         9.999493956565857E-01        -5.255353130451113E-07         2.615431760055742E-10
         9.995880722999573E-01         5.083233745040161E-08         1.465518539855992E-10
         9.993458986282349E-01         2.000006702473911E-07         5.311133824403846E-11
         9.994317293167114E-01         2.920848771736928E-07         4.857203528274567E-11
         9.993958473205566E-01         5.617986857942014E-07        -1.054349108020602E-10
         9.996579885482788E-01         1.719499636010369E-07         1.014478986927081E-10
         9.997560381889343E-01         1.282162713778234E-07        -4.874000855692451E-11
         9.998592138290405E-01         2.064896165165919E-07        -2.156309505951803E-11
         9.997366666793823E-01         8.571087164455093E-07        -2.381622954406026E-10
         1.000019192695618E+00         6.778336683055386E-07        -1.674562849496297E-10
         1.000177979469299E+00         4.700697431303524E-08         9.451597837717429E-11
         9.999891519546509E-01         1.229654174039752E-07        -7.845604374501214E-12
         1.000401496887207E+00        -3.410865474506863E-07         1.625684031836272E-10
         1.000710368156433E+00        -5.656731332237541E-07         2.401802923213125E-10
         1.000707268714905E+00        -4.194820917291509E-07         2.390110054317773E-10
         1.000755906105042E+00        -8.251414556070813E-07         2.461111037188601E-10
         1.000431895256042E+00        -2.589087273463520E-07         1.673227667531307E-10
         1.000591754913330E+00         1.785820025190787E-08        -7.495883358465960E-10
         1.000112771987915E+00        -1.115502001880486E-07         2.034401397343899E-10
         1.000176787376404E+00        -5.296658969200507E-07         1.348151451585622E-10
         1.000200271606445E+00        -4.421520429787051E-07         1.716664310702498E-10
         1.000245928764343E+00        -6.860740882075334E-07         2.026540879551675E-10
         1.000534653663635E+00        -1.328353050666919E-06         3.691078276357729E-10
         1.000513315200806E+00        -8.217799063459097E-07         2.700050738546622E-10
         1.000537991523743E+00        -7.265298336278647E-07         2.771457230377194E-10
         1.000394701957703E+00        -7.056104891489667E-07         3.147771765465990E-10
         1.000703096389771E+00        -1.067490984496544E-06         3.774967005654162E-10
         1.000658273696899E+00        -8.481385975755984E-07         3.478062282624705E-10
         1.000307083129883E+00        -5.249454488875926E-07         2.146679639603022E-10
         1.000011324882507E+00         4.811486178368796E-07        -2.248837643881174E-10
         9.997659325599670E-01         7.915351716292207E-07        -3.438707651959305E-10
         9.997678995132446E-01         6.818060001023696E-07        -2.452431313582082E-10
         9.999637007713318E-01         9.564727179167676E-07        -3.805902815123829E-10
         9.999617338180542E-01         7.260164807121328E-07        -2.643317786876764E-10
         9.996000528335571E-01         1.520206637906085E-06        -1.122429371669398E-09
         9.995869398117065E-01         7.761549909446330E-07        -1.223165041475127E-10
         9.998015761375427E-01         5.956187578703975E-07        -3.327876307857025E-10
         9.997868537902832E-01         4.395566293169395E-07        -1.436879365490640E-10
         9.998126029968262E-01         5.631374051517923E-07        -1.288279621869393E-10
         9.997781515121460E-01         6.184257017594064E-07        -1.293661705537019E-10
         1.000058293342590E+00         3.544317053183477E-07        -1.157512835581187E-10
         1.000038623809814E+00         2.298365160413596E-07        -9.099886816299474E-11
         9.998425841331482E-01         5.452336608868791E-07        -2.031877444075292E-10
         1.000047326087952E+00         3.048985206532961E-07        -2.758716310946596E-10
         1.000199437141418E+00         1.399705524818273E-07        -9.006005663447780E-11
         1.000225067138672E+00        -1.356770837901422E-07        -5.002662520348089E-11
         1.000275850296021E+00        -2.381397621320502E-07         9.139443368777478E-11
         1.000058174133301E+00         4.234053960772144E-07        -2.809583295182438E-11
         1.000046968460083E+00         2.859661947240966E-07        -4.028913487552632E-12
         1.000228285789490E+00         2.055927268429514E-07        -3.670938900079967E-11
         1.000033736228943E+00         2.117521802347255E-08         4.533139488782645E-11
         1.000332236289978E+00        -4.552227039766876E-07         2.067261500870998E-10
         1.000002145767212E+00        -2.884376613110362E-07         1.981169117648562E-10
         9.999537467956543E-01        -6.116314352766494E-07         2.871791415781644E-10
         1.000391960144043E+00        -1.188404212371097E-06         5.071634223696719E-10
         1.000294208526611E+00        -1.082906806004758E-06         4.244596341074214E-10
         9.998602271080017E-01        -8.011299712507025E-08         2.134151050325883E-10
         9.998412728309631E-01         1.791072463674936E-07        -2.510019796175822E-11
         1.000473976135254E+00        -1.066135610017227E-06         3.982340013308772E-10
         1.000844955444336E+00        -1.684852463768038E-06         5.164045302485931E-10
         1.000713706016541E+00        -1.471484210924245E-06         3.531651082688825E-10
         1.000854253768921E+00        -1.959717792487936E-06         5.774058453589248E-10
         1.000908851623535E+00        -1.863996089923603E-06         4.315767743179322E-10
         1.000975728034973E+00        -1.930339067257592E-06         6.197312663047683E-10
         1.000733852386475E+00        -1.503819930803729E-06         3.867861864126354E-10
         1.000340819358826E+00        -1.327958329966350E-06         3.451291474831919E-10
         1.000441551208496E+00        -1.356382654194022E-06         3.701604578409956E-10
         1.000142574310303E+00        -8.236893904722820E-07         2.967595613689866E-10
         1.000126719474792E+00        -5.098297037875454E-07        -2.817564410950713E-11
         9.999106526374817E-01        -1.925434212068922E-08        -1.647182529262992E-10
         9.993416666984558E-01         1.220863055095833E-06        -5.566188621131118E-10
         9.995458126068115E-01         8.357611136489140E-07        -1.565759744082129E-10
         9.999803900718689E-01         9.190716809825972E-08        -6.270228780635989E-11
         1.000305056571960E+00        -5.563948661801987E-07         2.480546601457689E-10
         9.998052120208740E-01        -1.358553447516897E-07         1.978832375737483E-10
         9.995766282081604E-01         1.329391920990020E-07         8.096556064485227E-11
         9.997230768203735E-01        -6.899259830106530E-08         1.627567525197549E-10
         9.996579289436340E-01        -1.491313668111616E-07         2.628550155314713E-10
         9.995335936546326E-01        -2.124740205999842E-07         2.279594291110243E-10
         9.996883869171143E-01        -4.480302493448107E-07         2.047143288219644E-10
         9.996489882469177E-01        -2.325385111134892E-07         1.678585326292392E-10
         9.998186230659485E-01        -3.161949564400857E-07         8.387728012149154E-11
         9.998661279678345E-01         4.543253950828330E-08         1.584122763520490E-11
         9.997845292091370E-01         3.119264135875710E-07        -6.792601203731152E-11
         1.000026226043701E+00         2.478550982232264E-07        -6.331447172103211E-11
         9.999086856842041E-01         4.395090513753530E-07        -1.534310178907816E-10
         1.000127792358398E+00        -8.232316162093412E-08        -9.904790529424723E-12
         9.996980428695679E-01         7.552078500339121E-07        -2.326571713062719E-10
         9.999489784240723E-01         2.926342119735637E-07        -8.107187837724794E-11
         9.998208880424500E-01         4.800228339263413E-07        -1.474660948908024E-10
         9.997690320014954E-01         6.269701202654687E-07        -1.264657822908077E-10
         9.994726777076721E-01         7.499594971704937E-07        -1.565462759423042E-10
         9.994813799858093E-01         7.611407113472524E-07        -2.116987279920934E-10
         9.994302392005920E-01         7.591679036522692E-07        -8.478345803197840E-11
         9.999514818191528E-01        -2.331102564312459E-07         2.602000004348071E-10
         1.000066161155701E+00         4.702454532434786E-07        -2.099130452792863E-10
         1.000413060188293E+00        -3.039546641048219E-07         4.514683765721728E-11
         1.000030875205994E+00         2.978722761781682E-07        -1.596672932757670E-10
         9.999153614044189E-01         1.280493791000481E-07        -9.577025977813847E-11
         9.995704293251038E-01         4.197726468646579E-07         6.264665869393227E-11
         9.996593594551086E-01         5.134883167556836E-07        -2.032968376974864E-10
         9.997832775115967E-01         7.026477533145226E-07        -1.601238031057051E-10
         1.000101804733276E+00         3.868205453727569E-07        -1.427138129894701E-10
         9.999740719795227E-01        -2.275949739782845E-08         1.533630028527355E-10
         1.000044584274292E+00         1.186246905149346E-07         3.441821827543379E-11
         9.998585581779480E-01         7.024006976052988E-08         1.179550762619996E-10
         1.000037670135498E+00        -2.201595208362050E-07         3.177191010284020E-10
         9.997544884681702E-01        -3.356716149482963E-07         2.989781477946707E-10
         9.997753500938416E-01        -3.502708807445742E-07         3.777255175307914E-10
         9.995513558387756E-01         4.655433656353125E-07         3.384809099671315E-11
         9.995189309120178E-01         5.823836772833602E-07        -2.777340163406805E-11
         9.994516968727112E-01         5.622673597827088E-07        -1.458744236515486E-11
         1.000754594802856E+00        -2.148238309018780E-06         5.026906668703646E-10
         1.001113891601562E+00        -2.412654794170521E-06        -1.233538410305712E-10
         1.000957012176514E+00        -2.537770569688291E-06         1.033832186525530E-10
         9.997225999832153E-01        -4.942596660839627E-07         4.989156865420341E-10
         9.998606443405151E-01        -1.129013526224298E-06         4.965285960167876E-10
         9.993880987167358E-01        -3.239637180740829E-07         5.112431589182620E-10
         9.990248680114746E-01         7.325983233386069E-07         1.098458268788960E-10
         9.995840787887573E-01        -2.673005212727730E-07         1.560489792939990E-10
         9.993616938591003E-01         7.978814551279356E-07        -2.217221545253167E-10
         9.999155402183533E-01        -1.971555292357152E-07         8.402781248584290E-11
         1.000795006752014E+00        -1.893809098874044E-06         6.100954186294416E-10
         1.000704526901245E+00        -2.363397697990877E-06         7.928919187882855E-10
         1.000280022621155E+00        -1.449975684408855E-06         4.943324638517765E-10
         9.998618960380554E-01        -3.606870393468853E-07         1.241275277008569E-10
         9.998931288719177E-01        -1.355633401090017E-07         3.351972518994550E-11
         1.000030517578125E+00        -2.348894554415892E-07         1.278697842055365E-10
         9.998570680618286E-01         1.128862834320898E-07        -1.082279613151549E-10
         9.995142221450806E-01         1.432479280083498E-06        -2.739291293796242E-10
         9.998502135276794E-01         9.982276196751627E-07        -2.842977797623547E-10
         1.000839114189148E+00        -6.015829256966754E-08        -8.344163138218619E-10
         1.000826478004456E+00         2.355895247774242E-07        -2.214012029266854E-10
         1.000651359558105E+00         6.192675527927349E-07        -3.976084739232277E-10
         1.000721573829651E+00         3.591577524275635E-07        -4.020642707658340E-10
         1.000766992568970E+00        -3.308071541141544E-07        -2.061942422360019E-10
         1.000871300697327E+00        -3.551458860329149E-07        -1.340468153143703E-10
         1.000764846801758E+00         2.766572322343563E-07        -3.309933993556058E-10
         1.001250624656677E+00        -5.273485044199333E-07         2.524026820882597E-11
         1.001052737236023E+00        -2.775599057258660E-07        -2.301937503459972E-12
         1.000251412391663E+00         8.059309948293958E-07        -4.917638518620038E-10
         9.993452429771423E-01         1.930347025336232E-06        -5.477647779805750E-10
         9.991066455841064E-01         1.588755367265549E-06        -4.709506118416584E-10
         9.988439679145813E-01         1.770453536664718E-06        -5.090728949497247E-10
         9.991056323051453E-01         1.162632656814822E-06        -2.348108929517423E-10
         9.994302988052368E-01         6.946042958588805E-07        -2.011166511106666E-10
         9.991511106491089E-01         7.478764700863394E-07        -2.026275675026667E-10
         9.988989830017090E-01         8.085515901257168E-07        -2.078528044124894E-10
