         1.001237630844116E+00         9.687713031780731E-08        -1.573592089965103E-10
         1.002293229103088E+00        -1.691035436124366E-06         5.522030610549677E-10
         1.002204418182373E+00        -2.220837814093102E-06         8.074707569249995E-10
         1.001675963401794E+00        -8.654412226860586E-07         2.239515378699153E-10
         1.001760601997375E+00        -1.661547798903484E-06         5.253288914985887E-10
         1.001993894577026E+00        -1.655051960369747E-06         5.122945956337333E-10
         1.002213478088379E+00        -2.169194885937031E-06         7.245133937239245E-10
         1.002067804336548E+00        -2.402467771389638E-06         8.800599138325538E-10
         1.001791357994080E+00        -2.428718971714261E-06         8.928484063197573E-10
         1.000858426094055E+00        -1.029737518365437E-06         3.819056459963832E-10
         9.999638795852661E-01         4.096935697361914E-07        -6.632900478864556E-11
         1.000122427940369E+00        -8.052607114450439E-08         1.330227872298195E-10
         1.000540971755981E+00        -7.192248290266434E-07         3.170113616057790E-10
         1.001227736473083E+00        -1.765261458785972E-06         6.845555788892455E-10
         1.001035213470459E+00        -1.155218228632293E-06         5.171196804099054E-10
         1.000875711441040E+00        -5.436851893136918E-07         2.917001640234673E-10
         1.000164866447449E+00         7.655470994905045E-07        -1.199306071120176E-10
         1.000471591949463E+00        -1.991488289831977E-07         2.481023442246766E-10
         9.997654557228088E-01         4.507472510795196E-07         9.255640004424137E-11
         1.000176429748535E+00         5.687288080480357E-07        -1.202217214668622E-10
         1.000296592712402E+00         3.568809958665042E-08         4.901377567700926E-11
         1.000283122062683E+00         1.835110907677517E-08         4.789633967217100E-11
         1.000206708908081E+00         1.142648500263022E-07         1.511895643402372E-11
         1.000392675399780E+00        -5.875059514437453E-07         2.804325105465466E-10
         1.000176310539246E+00        -1.263989730659887E-07         1.072101019072846E-10
         1.000640749931335E+00        -5.990928002574947E-07         2.104481727771557E-10
         1.000451683998108E+00        -1.292738289748740E-07         5.042249603959270E-11
         1.000560402870178E+00        -1.716736641732552E-09        -5.285744064664755E-11
         1.000425934791565E+00        -1.516624621444862E-07         4.444378545742644E-11
         1.000391125679016E+00         1.567390839340987E-08        -6.505371241694036E-11
         1.000373482704163E+00        -5.363160582305682E-08        -8.695703879180172E-11
         1.000118851661682E+00         2.991909013871918E-07        -2.093012568815666E-10
         9.993934631347656E-01         1.288084263251221E-06        -5.278471548741948E-10
         9.995889663696289E-01         1.153521793639811E-06        -4.412975540546427E-10
         9.995335936546326E-01         1.779061790330161E-06        -6.893560167142709E-10
         9.997930526733398E-01         1.443104110876448E-06        -5.608573605542233E-10
         9.999193549156189E-01         4.768260168930283E-07        -1.390200315976031E-10
         9.995437264442444E-01         6.940600769667071E-07        -2.331999870985868E-10
         9.988998770713806E-01         1.517587634225492E-06        -5.085719623210139E-10
         9.982249140739441E-01         2.211457513112691E-06        -6.955242493056346E-10
         9.975890517234802E-01         2.663558689164347E-06        -7.835702087177765E-10
         9.979711771011353E-01         1.934828105731867E-06        -5.510105149930666E-10
         9.989603161811829E-01         7.985999559423362E-07        -2.738542725921889E-10
         9.986511468887329E-01         1.257323106074182E-06        -3.820513905239409E-10
         9.981505274772644E-01         1.794997501747275E-06        -4.895845395758158E-10
         9.979048967361450E-01         2.122280420735478E-06        -5.955576587446387E-10
         9.989248514175415E-01         1.237602987202990E-06        -3.450384977732313E-10
         9.991075992584229E-01         8.589684625803784E-07        -2.636303397807183E-10
         9.992251992225647E-01         2.889049994792003E-07        -1.638819288607429E-11
         9.990887045860291E-01         8.158814921443991E-07        -2.438877433341702E-10
         9.994027614593506E-01         8.169878924491059E-07        -3.120774749731936E-10
         9.996584057807922E-01         1.859524729752593E-07        -8.069691442846860E-11
         9.999513030052185E-01        -2.122038722518482E-07         5.182410750537159E-11
         9.996938705444336E-01         1.792094792563148E-07        -6.017025766524853E-11
         9.994191527366638E-01         7.130626045181998E-07        -2.695402234742517E-10
         9.993808269500732E-01         2.692945599847008E-08         4.707991288488422E-11
         9.992284774780273E-01         1.681118106944268E-07        -7.796524710557140E-12
         9.990949034690857E-01         6.071516622796480E-07        -2.265467535789156E-10
         9.993481040000916E-01         4.037322298700019E-07        -1.521892611933140E-10
         9.994457364082336E-01         1.836119736253750E-07        -9.630374275815257E-11
         9.996659159660339E-01        -2.926150557414076E-07         6.525840978710562E-11
         9.996997714042664E-01        -6.148111992843042E-07         1.548010331031691E-10
         9.993472695350647E-01         2.026474135163880E-07        -9.282668383958637E-11
         9.990631937980652E-01         2.837236365849094E-07        -5.467880662135549E-11
         9.991090893745422E-01         2.069073588018000E-07        -5.620969661945807E-11
         9.990513920783997E-01         6.544379402839695E-07        -2.763996809207470E-10
         9.993619918823242E-01         1.025689257971862E-07        -3.367876116877611E-11
         9.994234442710876E-01        -5.506979618985497E-07         2.649792052444866E-10
         9.996163249015808E-01        -6.426414529414615E-07         3.024678008056725E-10
         9.994763731956482E-01         2.441780111439584E-07        -5.053268220533980E-11
         9.999642372131348E-01        -5.139121981301287E-07         2.165218560001847E-10
         1.000494241714478E+00        -1.372218093820265E-06         5.080123544054516E-10
         1.000228285789490E+00        -1.336305331278709E-06         5.380789702691402E-10
         9.999188184738159E-01        -6.524878131131118E-07         2.819234012907401E-10
         9.998956322669983E-01        -5.819784973937203E-07         2.647547459044830E-10
         1.000098466873169E+00        -7.064540454848611E-07         3.137874959868725E-10
         9.998050928115845E-01        -4.644042519430513E-07         2.993478520618709E-10
         1.000082373619080E+00        -8.674500691085996E-07         4.355045768456023E-10
         1.000008583068848E+00        -1.352372464680229E-06         6.223720983022929E-10
         1.000121712684631E+00        -2.021482714553713E-06         8.624814196167563E-10
         9.998101592063904E-01        -9.952000254997984E-07         4.205078785179950E-10
         9.994133114814758E-01        -1.448952247073976E-07         1.029607440972136E-10
         9.995519518852234E-01         3.127493286569916E-08         2.656067900341785E-11
         1.000133633613586E+00        -3.927738987385965E-07         1.418825890109332E-10
         1.000391960144043E+00        -6.042945415174472E-07         1.457579890118410E-10
         1.000712752342224E+00        -8.418563766099396E-07         2.242486335513050E-10
         1.000654935836792E+00        -3.105394625890767E-07         3.141137350226586E-11
         1.000663876533508E+00        -8.161566000808307E-08        -6.760502574421068E-11
         1.000865817070007E+00        -5.008158723285305E-07         5.083333753930219E-11
         1.000661492347717E+00        -9.606621631519374E-08        -6.896881676876632E-11
         1.000047802925110E+00         4.802503781320411E-07        -2.039016178123632E-10
         1.000366926193237E+00         4.422253709890356E-07        -2.573496971081113E-10
         1.000487923622131E+00         3.679829490010889E-07        -2.564414791628167E-10
         1.000400424003601E+00         1.369370181691920E-07        -1.429231594185509E-10
         1.000241160392761E+00         2.053261169976395E-07        -1.780497416170590E-10
         1.000005602836609E+00         1.238696114569393E-07        -1.069390687113980E-10
         1.000300049781799E+00        -5.614469955617096E-07         1.333595456287640E-10
         1.000456690788269E+00        -3.545937374838104E-07         4.759323837810747E-11
         1.000503778457642E+00        -6.946974622223934E-07         2.095569134885622E-10
         1.000566959381104E+00        -5.410629455582239E-07         1.699969609525454E-10
         1.000728845596313E+00        -6.297104278019106E-07         1.760243478754475E-10
         1.000137209892273E+00         9.294054592601242E-08        -3.379503274447693E-11
         1.000232219696045E+00         4.083003091182036E-07        -1.453176745602747E-10
         1.000588893890381E+00        -1.830981233297280E-08        -1.299656909869995E-11
         1.000814199447632E+00        -2.233578726418273E-07         6.628284726639677E-11
         1.001213550567627E+00        -6.962137604205054E-07         2.209195604230274E-10
         1.001186490058899E+00        -1.168646690530295E-06         4.510833651050206E-10
         1.000623583793640E+00        -9.689442492799571E-08         7.244795041660979E-11
         1.000701069831848E+00        -3.189286132965208E-07         1.014875614102628E-10
         1.000612258911133E+00        -3.699513797528198E-07         8.907053566931111E-11
         1.000399589538574E+00        -3.679379005916417E-07         9.478651891159373E-11
         1.000094652175903E+00         3.053341117720265E-07        -1.750743300332758E-10
         9.999178051948547E-01         5.345584668248193E-07        -2.102306384532682E-10
         1.000241875648499E+00        -3.430838262374891E-07         9.408523959919535E-11
         1.000324010848999E+00        -7.217492452582519E-07         2.440864732555781E-10
         1.000205874443054E+00        -5.649042122968240E-07         2.196115372887775E-10
         1.000204801559448E+00        -7.096094236658246E-07         2.428925949260474E-10
         1.000317454338074E+00        -1.148564138020447E-06         3.974059414879605E-10
         1.000211358070374E+00        -6.497396611848671E-07         2.177049790441643E-10
         9.998923540115356E-01         1.590165226161844E-07        -6.434375254826818E-11
         9.998720288276672E-01        -1.911269009724492E-08        -1.145629771603929E-11
         9.999153614044189E-01        -1.385967038913805E-07         5.998973453408274E-12
         9.995666146278381E-01         6.313533162938256E-07        -2.921836106395403E-10
         9.994783401489258E-01         8.146901677719143E-07        -3.664980263717865E-10
         9.995334148406982E-01         9.094823667510354E-07        -4.023007760256547E-10
         9.993860125541687E-01         1.327113977822592E-06        -5.623964627332612E-10
         9.993351101875305E-01         8.394739552386454E-07        -3.214368493598130E-10
         9.992544651031494E-01         7.297078923329536E-07        -2.481919392227638E-10
         9.992126822471619E-01         1.118159161705989E-06        -3.923260882832125E-10
         9.993522763252258E-01         6.838112085461034E-07        -2.094163731314325E-10
         9.991609454154968E-01         9.993825642595766E-07        -3.269755299850630E-10
         9.993090033531189E-01         7.641285719728330E-07        -2.608001037351926E-10
         9.996241331100464E-01         2.007563040251625E-07        -6.622719039839353E-11
         9.995302557945251E-01         3.142497462249594E-07        -1.289535977999634E-10
         9.996194243431091E-01         3.286195351392962E-07        -1.299588492376103E-10
         9.996142983436584E-01         6.793650300096488E-07        -2.585585634484744E-10
         9.996567964553833E-01         5.636347282234055E-07        -2.124493497790425E-10
         9.999129176139832E-01         1.148631483260942E-07        -7.932592083204071E-11
         1.000273227691650E+00        -1.563327174380902E-07        -2.324729601529962E-12
         1.000244855880737E+00         4.537116637948202E-08        -8.831605585735147E-11
         1.000220417976379E+00        -3.118995266504498E-07         4.757730667770410E-11
         9.999746084213257E-01         1.905479329877835E-08        -5.137118855302880E-11
         9.999932646751404E-01         1.817433172845995E-07        -1.080936520847509E-10
         1.000263571739197E+00         6.037071287323670E-09        -3.895221992178399E-11
         1.000265836715698E+00        -1.378561051978977E-07         6.219029458076619E-11
         9.999549388885498E-01         4.142804073126172E-07        -1.086757628332435E-10
         9.999469518661499E-01         9.802484157717117E-08         2.521054762519293E-12
         1.000321745872498E+00        -5.445940018944384E-07         2.265763132669463E-10
         1.000275254249573E+00        -4.202884156256914E-07         1.600876653462535E-10
         1.000537753105164E+00        -1.178275283564290E-06         4.696041888685443E-10
         1.000249981880188E+00        -7.925932550278958E-07         3.374960311219866E-10
         1.000056862831116E+00        -4.035841811855789E-07         1.877144828466015E-10
         1.000192642211914E+00        -4.819322612092947E-07         2.092549467036520E-10
         1.000304222106934E+00        -9.961669320546207E-07         4.351733140506298E-10
         1.000279188156128E+00        -5.691133537766291E-07         2.880783944725351E-10
         9.999209642410278E-01         1.593642480202107E-07         4.091260316640977E-12
         1.000099301338196E+00        -3.203956211450532E-08         5.324186577726486E-11
         1.000065326690674E+00         1.148678023810135E-07        -2.818685042316194E-11
         1.000141501426697E+00        -5.279151764625567E-07         2.225539197375781E-10
         9.997451901435852E-01        -9.950285573268047E-08         7.459552420208126E-11
         9.999888539314270E-01        -4.438375924564752E-07         2.120164738217412E-10
         9.997444152832031E-01        -2.636918168263946E-07         1.366381313649967E-10
         9.994777441024780E-01        -8.848434873698352E-09         4.293098862517830E-11
         9.992543458938599E-01         1.567538134850111E-07        -4.281881099688079E-11
         9.993568062782288E-01         2.224781354698280E-07        -6.643771643943808E-11
         9.993049502372742E-01         1.613738334071968E-07        -8.677895207975794E-12
         9.995247125625610E-01        -1.460543614939525E-07         8.526061801017448E-11
         9.994953274726868E-01        -1.089190746483837E-07         9.687659702217744E-11
         9.997301101684570E-01        -2.988247445045999E-07         1.517485997970525E-10
         9.999615550041199E-01        -7.087038511599530E-07         2.905018170462625E-10
         9.996841549873352E-01        -4.489347986691428E-07         1.626071360893988E-10
         9.994488954544067E-01        -5.209827804719680E-07         1.785882275395778E-10
         9.993543624877930E-01        -8.154271426974447E-07         3.080859456439100E-10
         9.991747736930847E-01        -7.668443231523270E-07         2.941615007134857E-10
         9.992254972457886E-01        -1.178353954855993E-06         4.319832547228231E-10
         9.988977313041687E-01        -1.193106641039776E-06         4.560821442733953E-10
         9.989507198333740E-01        -1.773791154846549E-06         6.778725358813631E-10
         9.988863468170166E-01        -1.582895720275701E-06         6.092366611198941E-10
         9.986522197723389E-01        -1.190029024655814E-06         4.943699338788576E-10
         9.986691474914551E-01        -1.349244485027157E-06         5.523694279752078E-10
         9.988614916801453E-01        -1.544536075925862E-06         5.921280132881179E-10
         9.989470243453979E-01        -1.553319748381909E-06         6.066809832283582E-10
         0.000000000000000E+00         0.000000000000000E+00         0.000000000000000E+00
         0.000000000000000E+00         0.000000000000000E+00         0.000000000000000E+00
         0.000000000000000E+00         0.000000000000000E+00         0.000000000000000E+00
         0.000000000000000E+00         0.000000000000000E+00         0.000000000000000E+00
         0.000000000000000E+00         0.000000000000000E+00         0.000000000000000E+00
         0.000000000000000E+00         0.000000000000000E+00         0.000000000000000E+00
         0.000000000000000E+00         0.000000000000000E+00         0.000000000000000E+00
         1.001773953437805E+00         3.450272956229128E-08        -7.476766428204940E-11
         1.001475334167480E+00         5.043674491389538E-07        -2.673817001141998E-10
         1.001477479934692E+00         2.728242805005721E-07        -1.830954138304364E-10
         1.001310110092163E+00         1.729270593386900E-07        -1.344412636772319E-10
         1.001074910163879E+00         4.601477030519163E-07        -2.301265705773048E-10
         1.001229763031006E+00         2.952073714368453E-07        -1.630270224373120E-10
         1.001336455345154E+00         6.162017598398961E-07        -3.046450869348405E-10
         1.001271963119507E+00         6.099319875829678E-07        -2.797006515287137E-10
         1.001052856445312E+00         6.028737402630213E-07        -2.315746899794746E-10
         1.000882029533386E+00         8.056210845097667E-07        -3.050593111453281E-10
         1.001028180122375E+00         7.501205345761264E-07        -2.920187147648079E-10
         1.001198172569275E+00         5.443043278319237E-07        -2.158983686273430E-10
         1.001363396644592E+00         9.033989556428423E-09        -6.244327537680006E-12
         1.001071095466614E+00         2.877601730233437E-07        -1.156646028954711E-10
         1.000909686088562E+00         1.984376751806849E-07        -3.990147101617936E-11
         1.000863671302795E+00         3.101877723565849E-07        -1.040056929468847E-10
         1.000838637351990E+00         7.488243909392622E-07        -2.968535695035968E-10
         1.000882983207703E+00         4.431418005879095E-07        -1.448833969464047E-10
         1.000737667083740E+00         3.083996205077710E-07        -8.306263316049112E-11
         1.000560879707336E+00         5.401832936513529E-07        -2.016710409780131E-10
         1.000453829765320E+00         6.993928991505527E-07        -2.700194234872555E-10
         1.000517845153809E+00         5.609957156593737E-07        -2.536682253140299E-10
         1.000514030456543E+00        -2.182004834594409E-07         4.002586109774775E-11
         1.000189423561096E+00         1.222463481553859E-07        -6.972254718018434E-11
         1.000261306762695E+00        -9.848580617699554E-09        -4.260532898703318E-11
         1.000317931175232E+00        -1.742807285154413E-07        -2.192261823463770E-11
         1.000538110733032E+00        -6.063326054572826E-07         1.358999440759234E-10
         1.000480651855469E+00        -5.798067377327243E-07         1.342055216957405E-10
         1.000326871871948E+00        -1.476141306966383E-07        -4.388580471248460E-11
         1.000321984291077E+00        -6.021913918630162E-07         1.587971976135805E-10
         1.000146508216858E+00        -3.793020084685850E-07         7.269843754764693E-11
         9.999524950981140E-01         6.148370346181764E-08        -7.438370752677059E-11
         1.000187754631042E+00        -7.773457610937839E-08        -2.238921374686509E-11
         1.000356078147888E+00        -3.824580403488653E-07         1.106937805306352E-10
         9.996590018272400E-01         8.364295922547171E-07        -3.294295114475432E-10
         9.996151328086853E-01         8.367916279894416E-07        -3.619533561760591E-10
         9.995669722557068E-01         7.246234190461109E-07        -3.339922505229964E-10
         9.997653961181641E-01         5.763332637798158E-07        -2.702539858567832E-10
         9.997255206108093E-01         9.692615776657476E-07        -4.453437063567378E-10
         9.996992945671082E-01         7.448674637089425E-07        -3.375648649495133E-10
         9.998772144317627E-01         1.972041019371318E-07        -1.033175350828586E-10
         9.995487332344055E-01         7.800159096404968E-07        -3.340389076456063E-10
         9.994601011276245E-01         6.987531833146932E-07        -3.376271207056192E-10
         9.995515346527100E-01         4.583874257946263E-08        -8.128616529878840E-11
         9.995265007019043E-01         1.564663421049772E-07        -9.825645158612062E-11
         9.993597865104675E-01         1.999555934162345E-07        -8.372856574734300E-11
         9.990814328193665E-01         9.157042200058640E-07        -3.495708167378098E-10
         9.993177056312561E-01         1.868783101599547E-07        -5.213440790186041E-11
         9.992152452468872E-01         2.911173169195536E-07        -8.877217017033701E-11
         9.991265535354614E-01         2.374699761276133E-07        -7.208263153035688E-11
         9.995132088661194E-01         1.136028426884650E-08        -1.149064957767232E-11
         9.994258880615234E-01         5.245648253549007E-07        -2.013505889797429E-10
         9.993025660514832E-01         6.276630983848008E-07        -2.321432907015364E-10
         9.995806813240051E-01        -1.371426492369210E-07         8.571649640076728E-11
         9.992038011550903E-01         6.818885935899743E-07        -2.331677351197214E-10
         9.994465708732605E-01         2.861042958102189E-07        -1.038023555999246E-10
         9.993105530738831E-01         6.549922204612812E-07        -2.257759118551306E-10
         9.997451305389404E-01         2.019964995270129E-07        -2.633257500939123E-11
         9.997055530548096E-01         1.568872960433509E-07         1.387889195930692E-11
         9.995382428169250E-01         4.399680975097908E-08         6.665767937619194E-11
         9.995263218879700E-01        -3.318461727630506E-09         3.089144912094000E-11
         9.996144175529480E-01        -3.033302391486359E-07         1.481699901662026E-10
         9.997411966323853E-01        -3.318338883673277E-07         1.244183228665818E-10
         9.997550845146179E-01        -5.924966117731856E-08         9.861083304085749E-12
         9.994479417800903E-01         5.368376605474623E-07        -2.010354660519909E-10
         9.994606971740723E-01         5.036743004893651E-07        -1.521265058368471E-10
         9.996716976165771E-01         1.973608760863499E-07        -4.422624419464505E-11
         9.997065067291260E-01        -1.762939945137987E-07         1.222184436988627E-10
         9.992555975914001E-01         7.998776823114895E-07        -2.628304518470514E-10
         9.992038607597351E-01         7.406817985611269E-07        -2.356189410246401E-10
         9.994846582412720E-01         3.676558719689638E-07        -1.187798193136302E-10
         9.993818402290344E-01         7.264982855303970E-07        -2.553534605986840E-10
         9.996641874313354E-01         1.983030557539678E-07        -5.651840800924290E-11
         9.999029636383057E-01         3.880805721223624E-08        -1.386481814774632E-11
         1.000275135040283E+00        -2.241187928575528E-07         5.813301923174308E-11
         1.000046014785767E+00         1.314000854790720E-07        -6.788562767479078E-11
         1.000193238258362E+00        -2.492087105565588E-07         1.101869220865304E-10
         1.000170826911926E+00         3.687405296659563E-07        -1.369437063747370E-10
         1.000394225120544E+00        -1.366568938010460E-07         3.419167726725902E-11
         1.000675797462463E+00        -1.055361167345836E-06         4.141623988207499E-10
         1.000471711158752E+00        -7.841932756491587E-07         2.925661657382506E-10
         9.999086856842041E-01         3.947457400954590E-07        -1.774820707067803E-10
         1.000155329704285E+00        -6.742094171841018E-08         7.445303054631758E-12
         1.000006198883057E+00         3.832641368717304E-07        -1.523095954913956E-10
         1.000391244888306E+00        -1.709584580567025E-07         8.318784550098712E-11
         1.000417351722717E+00        -1.633792976463155E-07         9.024499203480474E-11
         1.000367283821106E+00        -2.281499789091868E-08         1.871185151269827E-11
         1.000334858894348E+00        -1.257845525515222E-07         6.064221347301668E-11
         1.000173091888428E+00         2.717205802582612E-07        -9.946288931361735E-11
         1.000121712684631E+00         1.072165360938016E-07        -4.624306146339130E-11
         1.000214934349060E+00        -2.539099739351514E-07         6.985279021876067E-11
         9.998930692672729E-01         9.554047153415013E-08        -2.565467976944902E-11
         9.998704791069031E-01         1.483877269947698E-07        -4.809828577090336E-11
         9.998650550842285E-01         3.866750262204732E-07        -1.428085427690462E-10
         9.999336004257202E-01         3.423139389724383E-07        -1.138205710238260E-10
         9.998325705528259E-01         1.182916022912650E-07         1.466443980135956E-11
         9.995613098144531E-01         3.080739361394080E-07        -7.850303740397635E-11
         9.993598461151123E-01         5.713782229577191E-07        -2.130739612526966E-10
         9.995391964912415E-01         1.570912075976594E-07        -5.872869551781790E-11
         9.996283054351807E-01         1.514087699661104E-07        -5.746642744997033E-11
         9.996919035911560E-01        -5.440041661586292E-08         3.080172228386857E-11
         9.998534321784973E-01        -6.019727152306587E-07         2.294438944394628E-10
         9.993487596511841E-01         3.276616951097822E-07        -1.316791120586913E-10
         9.995795488357544E-01        -6.284410858370393E-08         6.079091396937741E-11
         9.998255968093872E-01        -2.277063657629697E-07         1.003819180556142E-10
         1.000089883804321E+00        -4.216112188260013E-07         1.826937212623392E-10
         1.000189065933228E+00        -5.750585501118621E-07         2.443410751507002E-10
         9.999724030494690E-01        -9.775310161330708E-08         4.944035458809282E-11
         9.997910857200623E-01        -1.160924583132328E-07         6.951528241927463E-11
         9.994868040084839E-01         1.779078644403853E-07        -4.957203397770726E-11
         9.995780587196350E-01         1.889478511429843E-07        -1.068268112858206E-10
         9.997643232345581E-01         1.387778638672899E-07        -6.100613070270100E-11
         9.998832345008850E-01         1.436503094254249E-08         3.580056043284152E-11
         9.998225569725037E-01         5.505917215486988E-07        -1.868371846125427E-10
         9.998189806938171E-01         7.710589784437616E-07        -2.950941158097464E-10
         1.000568270683289E+00        -2.594190107174654E-07         6.248426775989913E-11
         1.000595211982727E+00        -5.642323586130260E-08        -4.572245013156895E-11
         1.000551462173462E+00        -2.235137230854889E-07         2.360886139363139E-11
         1.000248670578003E+00         8.275899432419465E-08        -5.164259297973928E-11
         1.000088095664978E+00         3.538604520514355E-09        -4.065048644918967E-12
         9.997739195823669E-01         2.623422119540919E-07        -9.586956922769119E-11
         9.997828006744385E-01         2.967624013194836E-08         1.591990081428740E-11
         9.999217987060547E-01        -9.188440941443332E-08         6.589562229208923E-11
         9.998959302902222E-01         3.497915486150305E-07        -1.111103639650501E-10
         1.000160336494446E+00         1.160456797322240E-08        -6.500422162353248E-12
         1.000235915184021E+00        -3.379244617462973E-07         1.166350627190837E-10
         1.000273585319519E+00        -3.700117474636500E-07         1.130789420433764E-10
         9.998283982276917E-01         4.301030571696174E-07        -1.963733758936215E-10
         1.000039577484131E+00         2.570333101914457E-08        -3.386454311415932E-11
         1.000039339065552E+00         3.193796160871898E-08        -2.051690761728509E-11
         1.000107884407043E+00         5.773635791683773E-08        -1.834775040232550E-11
         9.999796152114868E-01         6.114306643212331E-07        -2.295039852606706E-10
         1.000528931617737E+00        -5.959929012533394E-07         2.419984768131656E-10
         1.000445365905762E+00        -2.211599223755911E-07         1.118060991012193E-10
         1.000622510910034E+00        -3.647164419362525E-07         1.444342839773682E-10
         1.000365018844604E+00        -1.946657022244835E-07         5.904178534965610E-11
         1.000693082809448E+00        -1.106461922972812E-06         4.221217542177413E-10
         1.000428438186646E+00        -8.545798095838109E-07         3.332984999104838E-10
         1.000071048736572E+00        -2.184025476026363E-07         1.098348981209973E-10
         1.000007748603821E+00        -1.384333927489934E-07         9.471808060101949E-11
         1.000043749809265E+00         9.803233780303344E-09         4.797586633520368E-11
         9.999932050704956E-01        -4.719095514360561E-08         3.649671190264492E-11
         9.998998641967773E-01        -2.727712455907749E-07         1.313763403620882E-10
         9.994266033172607E-01         2.690909468583413E-07        -9.959094660061396E-11
         9.996926188468933E-01        -3.775100410052801E-08         3.818506112435865E-13
         9.997393488883972E-01         2.896527107054681E-08        -9.419502504381949E-12
         9.996876716613770E-01         1.877838116115527E-07        -6.900718885205492E-11
         9.997457265853882E-01         3.803673394031648E-07        -1.300311108787255E-10
         9.996170997619629E-01         4.217721141230868E-07        -1.291754342380713E-10
         9.997067451477051E-01         2.219711348061537E-07        -6.478900749229410E-11
         9.999271035194397E-01         9.205537310208456E-08        -3.135548418131684E-11
         9.999581575393677E-01         2.203528453037507E-07        -8.873981410806309E-11
         9.998417496681213E-01         6.054277150724374E-07        -2.315301422806115E-10
         9.998363256454468E-01         2.030919148410248E-07        -7.162336695953897E-11
         9.993859529495239E-01         5.328400334292382E-07        -2.056429748709121E-10
         9.994704127311707E-01         1.349945932815899E-07        -4.999265931782126E-11
         9.992996454238892E-01         1.341043542879561E-07        -5.445947859339384E-11
         9.992090463638306E-01        -2.462689607796165E-08         1.083500585259689E-12
         9.990898370742798E-01        -3.262945824644703E-07         8.846842008969347E-11
         9.985310435295105E-01        -1.031971592624359E-07         3.368364268063750E-11
         9.986327290534973E-01        -3.411404350117664E-07         1.249973874406507E-10
         9.987938404083252E-01        -4.782510814038687E-07         1.605682392602503E-10
         9.985271096229553E-01        -2.112596177994419E-07         8.513384441855010E-11
         9.986382722854614E-01        -6.594990509256604E-07         2.250428732253340E-10
         9.984425306320190E-01        -6.834063697169768E-07         2.635144324969474E-10
         9.985240697860718E-01        -8.573245509069238E-07         2.943888188777777E-10
         9.985632300376892E-01        -1.157112478722411E-06         4.018217147905290E-10
         9.983204007148743E-01        -1.117891770263668E-06         3.977302098778779E-10
         9.981511831283569E-01        -5.912502842875256E-07         1.707761015934395E-10
         9.983313083648682E-01        -1.074056626748643E-06         3.730049047412365E-10
         9.979777336120605E-01        -7.129929144866765E-07         2.463943493680176E-10
         9.978561997413635E-01        -9.719948366182507E-07         3.740308895938682E-10
         9.974545240402222E-01        -5.026585085943225E-07         1.863262460988224E-10
         9.975069165229797E-01        -7.735592362223542E-07         2.798372922274694E-10
         9.971838593482971E-01        -7.513261266467453E-07         2.883616401216926E-10
         9.967751502990723E-01        -1.929702477809769E-07         7.055402789779563E-11
         9.968621730804443E-01        -4.781137477039010E-07         1.625367063162741E-10
         0.000000000000000E+00         0.000000000000000E+00         0.000000000000000E+00
         0.000000000000000E+00         0.000000000000000E+00         0.000000000000000E+00
         0.000000000000000E+00         0.000000000000000E+00         0.000000000000000E+00
         0.000000000000000E+00         0.000000000000000E+00         0.000000000000000E+00
         0.000000000000000E+00         0.000000000000000E+00         0.000000000000000E+00
         0.000000000000000E+00         0.000000000000000E+00         0.000000000000000E+00
         0.000000000000000E+00         0.000000000000000E+00         0.000000000000000E+00
         1.003092408180237E+00         4.766037022818637E-07        -1.749779904303139E-10
         1.003346323966980E+00         2.374288783357770E-07        -7.432302689958092E-11
         1.003412842750549E+00         3.025951400559279E-07        -9.830064540139460E-11
         1.003348827362061E+00         4.677829110733001E-07        -1.823299983216842E-10
         1.003002405166626E+00         6.094186346672359E-07        -2.268788906745201E-10
         1.002844929695129E+00         5.296493554851622E-07        -1.986171366263889E-10
         1.002528786659241E+00         5.389136958910967E-07        -1.709730412802202E-10
         1.002309560775757E+00         5.863960836904880E-07        -1.791302522979876E-10
         1.002002596855164E+00         7.802679533597257E-07        -2.411658095446967E-10
         1.001852989196777E+00         5.972409553578473E-07        -1.551365980123620E-10
         1.001921415328979E+00         4.519157243976224E-07        -1.241487884717785E-10
         1.001935482025146E+00         3.783513591315568E-07        -1.318602865785223E-10
         1.001633405685425E+00         6.122789386608929E-07        -2.178734692659390E-10
         1.001464605331421E+00         6.081748438191426E-07        -2.192458020688903E-10
         1.001522660255432E+00         3.760745812542154E-07        -1.238725927388273E-10
         1.001487135887146E+00         7.772571564146347E-08        -1.646796934928751E-11
         1.001361131668091E+00        -1.361373733743676E-07         5.661904972642517E-11
         1.001003384590149E+00         2.139763353170565E-07        -5.941894198890907E-11
         1.000798225402832E+00         3.882769874508085E-07        -1.295057255878973E-10
         1.000868439674377E+00         3.271436810337036E-08         6.384657559588280E-12
         1.000836610794067E+00        -2.501968481283257E-07         1.220612222407880E-10
         1.000684976577759E+00        -1.096034267789037E-07         8.449745070304715E-11
         1.000551462173462E+00        -2.852696070476668E-07         1.510357394707285E-10
         1.000184178352356E+00        -1.309530688331506E-07         9.720811655622441E-11
         1.000061750411987E+00        -4.465899792194250E-07         2.090793788100953E-10
         9.997628331184387E-01        -2.740962941061298E-07         1.311001029957737E-10
         9.998857378959656E-01        -3.678647431115678E-07         1.418142409059797E-10
         9.997498989105225E-01        -1.188021698794728E-07         6.050792505929437E-11
         9.996343851089478E-01         1.259310522527812E-07        -5.113889173236075E-11
         9.997948408126831E-01        -1.279490930983229E-07         5.634486627270618E-11
         9.998088479042053E-01         1.920330987559282E-07        -5.468408711961636E-11
         9.997926950454712E-01         4.246107607741578E-07        -1.267233401547330E-10
         9.997975230216980E-01         5.572251211560797E-07        -1.648697289802215E-10
         9.995705485343933E-01         9.548665502734366E-07        -3.058002184808117E-10
         9.996517896652222E-01         7.154025638556050E-07        -1.977420033272281E-10
         9.997516274452209E-01         3.709374709615076E-07        -5.842096945096742E-11
         9.996990561485291E-01         5.679635819433315E-07        -1.463549281766063E-10
         1.000002145767212E+00         2.930109417320637E-07        -5.211539533256371E-11
         1.000191569328308E+00         4.306264145270688E-08         1.423472190814623E-11
         1.000290393829346E+00         1.090103207701532E-08         2.293218392956931E-11
         1.000287532806396E+00        -2.377650361040651E-07         1.249727543672918E-10
         1.000160574913025E+00        -2.951369140191673E-07         1.282183248463298E-10
         1.000082850456238E+00        -3.960065555475012E-07         1.684307554539188E-10
         9.998365044593811E-01        -2.712077957767178E-07         1.294148815889073E-10
         9.998748302459717E-01        -4.941464339935919E-07         2.000294652138024E-10
         1.000127315521240E+00        -7.894986993051134E-07         3.001560944237980E-10
         1.000326156616211E+00        -8.557093451599940E-07         3.202901555088289E-10
         1.000364542007446E+00        -6.210019023455970E-07         1.984594849568921E-10
         1.000429749488831E+00        -5.770928623860527E-07         1.739712679471594E-10
         1.000412464141846E+00        -3.320428731967695E-07         7.549242481141860E-11
         1.000484585762024E+00        -4.317687398724956E-07         1.323250953255695E-10
         1.000475406646729E+00        -5.389743478190212E-07         1.849406322529390E-10
         1.000475764274597E+00        -7.780224677844672E-07         2.780897179199826E-10
         1.000247120857239E+00        -4.826847543881740E-07         1.432562124481507E-10
         1.000313282012939E+00        -2.842522235368961E-07         4.081387658394497E-11
         1.000402927398682E+00        -3.614116508288134E-07         6.824852488707123E-11
         1.000168800354004E+00        -2.762615203266705E-08        -4.530921471346261E-11
         9.998611211776733E-01         3.271524633419176E-07        -1.621124623429893E-10
         9.996117949485779E-01         3.273576965057146E-07        -1.190957332752873E-10
         9.994164705276489E-01         3.976610116751544E-07        -1.419618728126792E-10
         9.992647171020508E-01         3.555471153049439E-07        -1.146170380827982E-10
         9.992224574089050E-01         3.185132300131954E-07        -9.662460415116314E-11
         9.994039535522461E-01         2.106096985698969E-07        -6.633891352914034E-11
         9.994856715202332E-01         4.110541738100437E-07        -1.490170764562038E-10
         9.996790885925293E-01         2.244618144686683E-07        -8.273862150964817E-11
         9.996889233589172E-01         3.334132543386659E-07        -1.321687759237022E-10
         9.996095895767212E-01         4.337038888024836E-07        -1.520139292221501E-10
         9.995200634002686E-01         6.223415311978897E-07        -2.226148293482666E-10
         9.994964003562927E-01         8.596360885348986E-07        -3.049827057566290E-10
         9.995810389518738E-01         6.299172241597262E-07        -2.266970361430865E-10
         9.993811845779419E-01         7.178409191510582E-07        -2.484181194084556E-10
         9.992762804031372E-01         7.269248385455285E-07        -2.682914446161533E-10
         9.994059801101685E-01         4.048174844228924E-07        -1.655178355486342E-10
         9.997049570083618E-01         2.926762192601018E-07        -1.448415970495276E-10
         9.999805092811584E-01        -7.203167395886112E-09        -4.516014645572497E-11
         1.000154733657837E+00         1.082256702034101E-07        -7.624392089899956E-11
         1.000067830085754E+00         1.698861495924575E-07        -8.116655264567285E-11
         9.999232888221741E-01         3.575520111098740E-07        -1.385585951529933E-10
         1.000054001808167E+00         2.465697832576552E-07        -1.018765904969854E-10
         1.000203490257263E+00        -3.003494675191121E-10        -6.830136499783035E-13
         1.000174760818481E+00        -6.988442891042723E-08         1.901389809488840E-11
         1.000052213668823E+00        -2.571541912743669E-08        -4.347132463028425E-12
         1.000152587890625E+00        -2.070863871495021E-07         5.891399867952174E-11
         9.999964237213135E-01         2.131526883886181E-07        -8.986855010162387E-11
         1.000100493431091E+00         1.929717399207220E-07        -1.169581237414619E-10
         1.000073075294495E+00         2.363163105201238E-07        -1.000018609587094E-10
         1.000087857246399E+00         2.619553924887441E-07        -7.928501605247718E-11
         9.999868869781494E-01         4.607851167293120E-07        -1.537086014025135E-10
         9.998181462287903E-01         3.819889968781354E-07        -1.200973209769529E-10
         9.997731447219849E-01         3.453510544204619E-07        -1.043079234097632E-10
         9.999156594276428E-01         1.939544489459877E-07        -4.862914931846873E-11
         9.999572038650513E-01        -7.206221397382251E-08         4.713071946604863E-11
         9.997078776359558E-01         2.375697079060046E-07        -6.551935383125596E-11
         9.998111724853516E-01        -5.722443319200465E-08         4.373363823861887E-11
         1.000003457069397E+00        -1.103365292465242E-07         6.884638692472578E-11
         9.999825358390808E-01         1.058154168731562E-07         3.282646073368700E-12
         1.000002264976501E+00         2.591397958440211E-07        -5.540728986730414E-11
         9.998012781143188E-01         2.451116927204566E-07        -5.857227897143602E-11
         9.996896386146545E-01         2.785140509331541E-07        -5.095626351425686E-11
         9.996476769447327E-01         3.670020021218079E-07        -7.401158852449186E-11
         0.000000000000000E+00         0.000000000000000E+00         0.000000000000000E+00
         9.994645714759827E-01         1.493516066375378E-07        -2.056964147623130E-11
         1.000019311904907E+00        -1.459852114749083E-07         5.119357368577049E-11
         9.999273419380188E-01        -6.477486635958485E-08         1.684151949843393E-11
         9.997365474700928E-01         2.052286873777120E-08        -1.414281539102724E-11
         9.998870491981506E-01        -2.063818271835771E-07         4.808376266596248E-11
         1.000026106834412E+00        -2.067447297804392E-07         4.165151903934294E-11
         1.000052452087402E+00        -8.374244231390549E-08         1.658652208635925E-11
         9.999285340309143E-01        -5.046800666264062E-08         7.330741916278249E-12
         1.000008344650269E+00        -2.733686130795832E-07         8.125974199080233E-11
         9.999675750732422E-01        -2.635038640619314E-07         4.926079336109446E-11
         9.998429417610168E-01        -1.597091028315845E-07        -1.384704156892624E-11
         9.998861551284790E-01        -1.429550451348405E-07        -1.808688268600811E-11
         9.998860955238342E-01        -8.782527771700188E-08        -5.574836382457593E-13
         1.000049352645874E+00        -1.905428916870733E-07         4.425735472546322E-11
         9.998162388801575E-01        -3.258804426309325E-08        -3.091797868073898E-12
         9.998195767402649E-01         1.276956140827679E-07        -7.475067093087873E-11
         9.999641180038452E-01         6.313018019454830E-08        -5.268054395490829E-11
         9.998653531074524E-01         8.834739873009312E-08        -3.871519424492043E-11
         9.998739957809448E-01         1.252829520126397E-07        -4.531228517401509E-11
         1.000005602836609E+00         6.952058129172656E-08        -1.863388610079397E-11
         1.000205397605896E+00        -2.420582063678012E-07         9.456038729815930E-11
         1.000186920166016E+00        -5.090292987119938E-08         2.448828639867173E-11
         1.000200033187866E+00         2.401835175191991E-08         2.767568292594280E-12
         1.000323057174683E+00        -1.474738411388898E-07         4.842362968937586E-11
         1.000345349311829E+00        -2.908445253524405E-07         9.555552182849425E-11
         1.000319957733154E+00        -3.094368423717242E-07         1.063370988485524E-10
         1.000177383422852E+00        -1.173224895012481E-08         7.791056862160861E-12
         1.000324130058289E+00        -2.462382155954401E-07         8.375469762178511E-11
         1.000284075737000E+00        -1.722481925980901E-07         5.971106942226356E-11
         1.000146627426147E+00         1.510181988351178E-07        -3.047917820908630E-11
         9.999611377716064E-01         1.817144266169635E-07        -3.150955191211224E-11
         9.998197555541992E-01         1.851973507882576E-07        -1.707054810007325E-11
         9.995476007461548E-01         3.150157965592371E-07        -6.491455983859140E-11
         9.993041157722473E-01         5.659601356455823E-07        -1.584199438298128E-10
         9.992281794548035E-01         6.046022349437408E-07        -1.939085558788634E-10
         9.991950392723083E-01         3.270871218319371E-07        -8.302642601210053E-11
         9.994682073593140E-01         1.312024693334024E-07        -4.248399895767641E-11
         9.996167421340942E-01        -5.339305886309376E-08         3.751503621640673E-11
         9.999833106994629E-01        -3.377861332864995E-07         1.339733046723524E-10
         9.998939633369446E-01        -3.913393982202251E-07         1.475965044628325E-10
         9.999760389328003E-01        -3.654488409665646E-07         1.242105723830988E-10
         1.000066280364990E+00        -4.502775539094728E-07         1.456035431113278E-10
         1.000211834907532E+00        -6.614461653953185E-07         2.109712821107834E-10
         9.998987317085266E-01        -2.694715419693239E-07         7.189002171337222E-11
         9.999573230743408E-01        -4.482188842303003E-07         1.314455905232492E-10
         1.000041007995605E+00        -4.723284519059234E-07         1.506155200559078E-10
         9.999246001243591E-01        -3.903153640294477E-07         1.474986799365752E-10
         1.000022411346436E+00        -5.389270540945290E-07         2.187013625754020E-10
         1.000196695327759E+00        -6.138627668406116E-07         2.389781150746728E-10
         1.000424742698669E+00        -8.418832635470608E-07         3.127727243867895E-10
         1.000538229942322E+00        -6.928164566488704E-07         2.510550656253940E-10
         1.000671029090881E+00        -9.233663718077878E-07         3.540815973757105E-10
         1.000509977340698E+00        -8.293035307360697E-07         3.134611459287839E-10
         1.000302195549011E+00        -7.058375786073157E-07         2.725425163330186E-10
         1.000265240669250E+00        -5.998452365929552E-07         2.200990362188904E-10
         9.999378323554993E-01        -2.267748868689523E-07         6.558199122652653E-11
         9.998595714569092E-01        -2.724429464251443E-07         8.606084594964258E-11
         9.994385838508606E-01         8.755191771570026E-08        -3.534398815285833E-11
         9.990848302841187E-01         3.342691172747436E-07        -1.365082352711156E-10
         9.987696409225464E-01         4.364561903003050E-07        -1.472997279705623E-10
         9.987215995788574E-01         2.703157804262446E-07        -1.123989790130508E-10
         9.986348152160645E-01         1.539215901402713E-07        -7.102322896468394E-11
         9.985064864158630E-01         3.146084281979711E-07        -1.635328816806947E-10
         9.981719851493835E-01         4.200520322683587E-07        -2.276854260685468E-10
         9.981332421302795E-01         7.510681712119549E-07        -3.406753767976056E-10
         9.980665445327759E-01         6.629589961448801E-07        -2.829508849444551E-10
         9.977335333824158E-01         8.200593129004119E-07        -3.318479380176598E-10
         9.974313378334045E-01         9.335480513072980E-07        -3.386599056742767E-10
         9.972860217094421E-01         9.705294132800191E-07        -3.586508867670091E-10
         9.971271157264709E-01         9.795489859243389E-07        -3.716845997647766E-10
         9.969834089279175E-01         1.046284069161629E-06        -4.132634512377109E-10
         9.964711070060730E-01         1.377295916427101E-06        -5.351599718927957E-10
         9.963547587394714E-01         1.163001456916390E-06        -4.685986598751413E-10
         9.960579276084900E-01         1.161823547590757E-06        -4.429146771567360E-10
         9.958791136741638E-01         1.189243675980833E-06        -4.529783770301776E-10
         9.956453442573547E-01         1.017900899569213E-06        -3.719999586149214E-10
         9.953954219818115E-01         9.322633331976249E-07        -3.462498066042485E-10
         0.000000000000000E+00         0.000000000000000E+00         0.000000000000000E+00
         0.000000000000000E+00         0.000000000000000E+00         0.000000000000000E+00
         0.000000000000000E+00         0.000000000000000E+00         0.000000000000000E+00
         0.000000000000000E+00         0.000000000000000E+00         0.000000000000000E+00
         0.000000000000000E+00         0.000000000000000E+00         0.000000000000000E+00
         0.000000000000000E+00         0.000000000000000E+00         0.000000000000000E+00
         0.000000000000000E+00         0.000000000000000E+00         0.000000000000000E+00
         0.000000000000000E+00         0.000000000000000E+00         0.000000000000000E+00
         1.003847241401672E+00         1.521441532759127E-07        -9.077701784709902E-11
         1.004306912422180E+00        -1.290529780817451E-06         5.234260802566837E-10
         1.004120230674744E+00        -1.335094793830649E-06         5.326107332948027E-10
         1.003589272499084E+00        -1.028312226480921E-06         4.145120358067800E-10
         1.003444314002991E+00        -1.199376697513799E-06         4.744447612559100E-10
         1.003455758094788E+00        -1.511732307335478E-06         5.810130154770832E-10
         1.003375768661499E+00        -1.513257416263514E-06         5.724553608921212E-10
         1.003243684768677E+00        -1.680207788012922E-06         6.342405489689895E-10
         1.003113389015198E+00        -1.784643700375455E-06         6.925629514320519E-10
         1.002791523933411E+00        -1.530462100163277E-06         5.845087192035692E-10
         1.002471446990967E+00        -1.097337872124626E-06         3.887739852270755E-10
         1.002669811248779E+00        -1.530238819213992E-06         5.294835681013410E-10
         1.002659916877747E+00        -1.633714305171452E-06         5.744051345679679E-10
         1.002649664878845E+00        -1.506463377154432E-06         5.432016503270631E-10
         1.002324819564819E+00        -8.599398597652907E-07         3.014929694789004E-10
         1.002158403396606E+00        -8.849594337334565E-07         3.324674979765518E-10
         1.001765370368958E+00        -2.757325887614570E-07         8.022596476031651E-11
         1.001672744750977E+00        -3.364554572726774E-07         1.151573558733077E-10
         1.001274228096008E+00         6.653751682961229E-08        -3.100294326818798E-11
         1.001215338706970E+00        -1.669496327849629E-07         7.718623656893797E-11
         1.000979661941528E+00        -1.783523195797443E-08         4.384844917715292E-11
         1.000829219818115E+00         1.406931033898218E-07         4.043173781886900E-12
         1.000735640525818E+00        -1.380034664322238E-08         8.887283270420099E-11
         1.000389099121094E+00         3.907326515673049E-07        -9.627609820483940E-11
         1.000386714935303E+00         1.461743721620223E-07        -3.668437775772304E-11
         1.000150203704834E+00         2.467901651925786E-07        -7.793127254629439E-11
         1.000026702880859E+00         3.045027199277683E-07        -7.927254686013185E-11
         9.999718070030212E-01         5.135673859513190E-07        -1.612799060968229E-10
         1.000071048736572E+00         4.149513870288501E-07        -1.295756557606609E-10
         1.000143766403198E+00         3.771210401737335E-07        -1.366558533000273E-10
         1.000182628631592E+00         2.916792709584115E-07        -1.007548627862676E-10
         1.000148296356201E+00         4.042122441205720E-07        -1.493982021427698E-10
         1.000068902969360E+00         6.529833171953214E-07        -2.472133608932836E-10
         1.000023961067200E+00         3.938204429232428E-07        -1.434651841769607E-10
         1.000011563301086E+00         1.290265032594107E-07        -2.917273714264645E-11
         9.999626874923706E-01         4.031478084698392E-08        -3.603573385871361E-12
         9.999875426292419E-01         1.428738869435620E-07        -5.050028104025550E-11
         9.998664855957031E-01         8.311777932590303E-09         2.088675586653377E-11
         9.998748302459717E-01        -9.071608531030506E-08         4.926950514239081E-11
         9.999403953552246E-01        -9.704903192186976E-08         2.137223384379716E-11
         9.998964667320251E-01        -1.638771607304079E-07         4.215151491737679E-11
         9.999668598175049E-01        -4.074402681908396E-07         1.231851148864038E-10
         9.998389482498169E-01        -3.796538692313334E-07         9.909447568068330E-11
         9.996598362922668E-01        -3.721202403994539E-07         8.972546317043140E-11
         9.996745586395264E-01        -5.762989303548238E-07         1.662847359806818E-10
         9.997416138648987E-01        -3.767519842767797E-07         1.014041489666440E-10
         1.000041961669922E+00        -2.626463242449972E-07         5.582995524222589E-11
         1.000128149986267E+00        -1.409926682072182E-07         3.363581982385178E-11
         1.000317692756653E+00        -5.075884814687015E-07         1.957998208013123E-10
         1.000081777572632E+00        -5.119382251450588E-08         1.605390299863618E-11
         1.000303864479065E+00        -2.755639343376970E-07         1.127265850109360E-10
         1.000445246696472E+00        -4.494971790336422E-07         1.777521047019448E-10
         1.000604748725891E+00        -2.876551832287078E-07         1.164220386762338E-10
         1.000609874725342E+00        -2.152682583300702E-07         1.013054362619670E-10
         1.000486493110657E+00         1.556042548145342E-07        -3.546590451874998E-11
         1.000192046165466E+00         4.784710654348601E-07        -1.910085145606644E-10
         9.999964237213135E-01         5.388555450736021E-07        -2.102438501072612E-10
         1.000030994415283E+00         2.484598837781959E-07        -1.035329252885298E-10
         1.000136375427246E+00         4.355049441073788E-07        -1.897518531190912E-10
         1.000145316123962E+00         2.097651332633177E-07        -8.045959731806107E-11
         1.000011205673218E+00         1.931379216557616E-07        -8.002685319974390E-11
         9.998648166656494E-01         4.214129205593053E-07        -1.908220664814664E-10
         9.997590184211731E-01         4.286370938189066E-07        -1.911363289863743E-10
         1.000008344650269E+00         4.761982097534201E-08        -1.789932785323245E-11
         1.000112652778625E+00         1.798733961777543E-07        -6.243829064889184E-11
         1.000148057937622E+00         3.925556200101710E-07        -1.546081318526404E-10
         9.999412894248962E-01         5.992932301523979E-07        -2.336963400573211E-10
         1.000115752220154E+00         1.642610527596844E-07        -8.267000972672633E-11
         1.000419139862061E+00        -3.070609579935990E-07         9.867257705353794E-11
         1.000384330749512E+00        -1.367873494473315E-07         2.372987223386858E-11
         1.000308871269226E+00        -1.666752780238312E-07         4.674035811169652E-11
         1.000308513641357E+00        -1.722621618682751E-07         3.311352927970468E-11
         1.000397205352783E+00        -4.148248820001754E-07         1.226649476437913E-10
         1.000384688377380E+00        -3.757817523819540E-07         1.230988783129661E-10
         1.000251412391663E+00        -2.092911017825827E-07         5.641755118634961E-11
         1.000169038772583E+00         6.561311494124311E-09        -3.133595466442429E-11
         1.000034570693970E+00        -5.270449321415072E-08         1.344320574997449E-11
         1.000106334686279E+00        -1.933810693799387E-07         1.085947581858093E-10
         9.999423027038574E-01        -3.774064083472695E-08         5.164827246439962E-11
         9.998843669891357E-01        -1.808803489211641E-07         8.403634038645080E-11
         9.997991323471069E-01         2.862281256454935E-08        -1.895551250685745E-11
         9.999694228172302E-01         2.379817374276172E-07        -1.211631073250174E-10
         1.000236630439758E+00        -1.995629048678893E-07         3.865460382335151E-11
         1.000046253204346E+00        -7.459551198962799E-08        -1.928451669186426E-11
         9.998534321784973E-01         9.860742267164824E-08        -7.465755097468829E-11
         9.998285770416260E-01         1.108336391553166E-07        -7.214207009553775E-11
         9.998705983161926E-01         4.344234483255605E-08        -4.831037653252324E-11
         1.000127196311951E+00        -2.920313306731259E-07         7.316369038390391E-11
         1.000107526779175E+00        -2.261643743395325E-07         4.040307324815195E-11
         1.000360965728760E+00        -4.915211206935055E-07         1.460798704222555E-10
         1.000523209571838E+00        -3.937095129913359E-07         1.044090300328371E-10
         1.000631928443909E+00        -2.417967550627509E-07         4.077881435304853E-11
         1.000267148017883E+00        -2.409314276974328E-07         3.901541589801383E-11
         1.000268459320068E+00        -4.823539256904041E-07         1.350344419615013E-10
         1.000209569931030E+00        -6.783758408346330E-07         2.384508979158539E-10
         1.000295519828796E+00        -6.242223662411561E-07         2.323722742003653E-10
         0.000000000000000E+00         0.000000000000000E+00         0.000000000000000E+00
         0.000000000000000E+00         0.000000000000000E+00         0.000000000000000E+00
         9.996721148490906E-01        -4.133462994104775E-08         5.401674246785504E-11
         9.996583461761475E-01         4.834795959141047E-07        -1.420297490728473E-10
         9.997640848159790E-01         3.766807878946565E-07        -1.128863807986491E-10
         1.000073432922363E+00        -1.766675694625519E-08         3.380896257398902E-11
         1.000162482261658E+00         2.142164703400340E-07        -1.125720142103326E-10
         9.999824166297913E-01         1.584011033450849E-09        -2.448373101482382E-11
         9.998242855072021E-01        -1.245077041467368E-09         9.648953511187663E-12
         9.999417066574097E-01        -1.806655376412891E-07         9.491993996357806E-11
         0.000000000000000E+00         0.000000000000000E+00         0.000000000000000E+00
         9.996200799942017E-01        -2.371639880038856E-07         1.261192955626100E-10
         9.997360110282898E-01        -1.701622096561550E-07         9.764028474634756E-11
         9.995797872543335E-01        -1.126358810665806E-07         7.143689806365927E-11
         9.995028376579285E-01        -7.246550470796365E-09         3.190281719356314E-11
         0.000000000000000E+00         0.000000000000000E+00         0.000000000000000E+00
         0.000000000000000E+00         0.000000000000000E+00         0.000000000000000E+00
         9.991859793663025E-01         3.679326994188159E-07        -1.128418747331494E-10
         9.993515014648438E-01         4.860322064814682E-07        -1.727906845383487E-10
         9.992602467536926E-01         4.635889752080402E-07        -1.838011409738272E-10
         9.991476535797119E-01         6.537829335684364E-07        -2.821416711373814E-10
         9.993765354156494E-01         4.811639655599720E-07        -1.975457852854134E-10
         9.995374679565430E-01         5.461415639729239E-07        -2.219753270082947E-10
         9.997503757476807E-01         6.634725764342875E-07        -2.523442010904375E-10
         9.996361732482910E-01         7.989142432052176E-07        -2.859861791826290E-10
         9.994636178016663E-01         4.633482717508741E-07        -1.566097945771006E-10
         9.995369911193848E-01         2.059095720596815E-07        -4.612544027282617E-11
         9.993737339973450E-01         5.179684308131982E-07        -1.523766668398707E-10
         9.993271827697754E-01         6.134360432952235E-07        -1.769253354932943E-10
         9.996433258056641E-01         3.503844254737487E-07        -8.277795809918942E-11
         9.999129176139832E-01         2.063347750436151E-07        -4.025218006131759E-11
         9.997657537460327E-01         4.393341157538089E-07        -1.263094906445161E-10
         9.996776580810547E-01         3.847731591122283E-07        -1.038682889697995E-10
         9.995648264884949E-01         8.189049367501866E-07        -2.934303078294676E-10
         9.997388124465942E-01         5.305803369992645E-07        -1.864667587003765E-10
         9.997562170028687E-01         6.440877768909559E-07        -2.480207705879423E-10
         9.998506307601929E-01         5.941904532846820E-07        -2.406265464660606E-10
         9.998410344123840E-01         5.761847887697513E-07        -2.575210600319622E-10
         9.997596144676208E-01         6.695757974739536E-07        -2.918272012930601E-10
         9.998052716255188E-01         6.029139285601559E-07        -2.465838921938968E-10
         9.996461272239685E-01         9.386832857671834E-07        -3.450530972060051E-10
         9.995732307434082E-01         1.040381903294474E-06        -3.519299573984114E-10
         9.995532631874084E-01         1.178412844637933E-06        -4.152880261898417E-10
         9.995446801185608E-01         1.028093038257794E-06        -3.613233878763111E-10
         9.996715784072876E-01         8.572357046432444E-07        -2.822687916737010E-10
         9.996675848960876E-01         6.125841878201754E-07        -1.925898468480014E-10
         9.996910095214844E-01         2.431504242395022E-07        -4.639190767652401E-11
         9.997498393058777E-01         2.080361660716790E-08         3.571843515404183E-11
         9.995270371437073E-01         3.081740942434408E-07        -9.633387837437724E-11
         9.995394349098206E-01         5.400275071565375E-08         4.903499481456741E-12
         9.994162321090698E-01         2.549260784689977E-07        -6.024202664489664E-11
         9.994248747825623E-01         2.805984706810705E-07        -6.396911472750233E-11
         9.994080066680908E-01         1.368329236584032E-07         1.001766204711263E-11
         9.995304346084595E-01         3.869292797276103E-08         5.427109456279666E-11
         9.996754527091980E-01        -1.319613716077583E-07         1.061048957029520E-10
         9.994670748710632E-01         1.064076826651217E-07        -5.042126004911607E-12
         9.994948506355286E-01        -1.317452529292495E-07         8.907035525806961E-11
         9.991509318351746E-01         1.901630071188265E-07        -3.013600827217466E-11
         9.993351697921753E-01        -4.457345070818519E-08         4.292187785748247E-11
         9.992823600769043E-01         8.157188347013289E-08        -2.238905415230530E-11
         9.992722868919373E-01        -5.553899029564491E-08         1.243055571670260E-11
         9.992468357086182E-01        -1.076597087035225E-07         2.331035364733225E-11
         9.990998506546021E-01        -1.409960646014952E-07         4.987652651999852E-12
         9.991042017936707E-01        -2.366220428484667E-07         2.588386449620117E-11
         9.992402195930481E-01        -3.279464237948559E-07         4.076718476686558E-11
         9.990999698638916E-01        -1.707382750737452E-07        -1.918434161529703E-12
         9.987568259239197E-01         8.572381915428195E-08        -9.284661234287839E-11
         9.984904527664185E-01         3.639155750079226E-07        -1.787002351649747E-10
         9.981942176818848E-01         4.360736625130812E-07        -1.821700151838357E-10
         9.975125193595886E-01         1.472158942306123E-06        -5.788788337568462E-10
         9.972394704818726E-01         1.578719661665673E-06        -6.086199322297148E-10
         9.969788789749146E-01         1.437058131159574E-06        -5.227037136457113E-10
         9.965459704399109E-01         1.842688675424142E-06        -6.541226449385817E-10
         9.970229864120483E-01         4.696973974205321E-07        -1.032996327365865E-10
         9.964733123779297E-01         1.199745383928530E-06        -4.143929921429645E-10
         9.967154264450073E-01         2.175373481350107E-07        -1.996109874613516E-11
         9.965855479240417E-01         1.825817008693775E-07         3.885343002191233E-12
         9.960376620292664E-01         1.320592332376691E-06        -4.794200592073139E-10
         9.966515302658081E-01         1.732460077619180E-07        -4.413203483211170E-11
         9.963116049766541E-01         7.322399255826895E-07        -2.909131824324618E-10
         9.959322214126587E-01         1.003759052764508E-06        -4.043427814792722E-10
         9.956129789352417E-01         9.848640729614999E-07        -3.922585034565884E-10
         0.000000000000000E+00         0.000000000000000E+00         0.000000000000000E+00
         0.000000000000000E+00         0.000000000000000E+00         0.000000000000000E+00
         0.000000000000000E+00         0.000000000000000E+00         0.000000000000000E+00
         0.000000000000000E+00         0.000000000000000E+00         0.000000000000000E+00
         0.000000000000000E+00         0.000000000000000E+00         0.000000000000000E+00
         0.000000000000000E+00         0.000000000000000E+00         0.000000000000000E+00
         0.000000000000000E+00         0.000000000000000E+00         0.000000000000000E+00
         1.004004359245300E+00         4.110905820198241E-07        -1.978047309281195E-10
         1.003657817840576E+00         3.328209174924268E-07        -1.722493814249049E-10
         1.003675222396851E+00         5.584949391845839E-08        -5.781612341659859E-11
         1.003598570823669E+00         1.766719925910820E-08        -3.436750536933708E-11
         1.003464221954346E+00        -3.092749238930992E-07         9.552850177563244E-11
         1.003271341323853E+00        -3.481826524875942E-07         1.151994888370922E-10
         1.003108024597168E+00        -3.220490043531754E-07         8.051806443809539E-11
         1.003101825714111E+00        -3.725570820733992E-07         8.210770258143540E-11
         1.003202438354492E+00        -5.143840553500922E-07         1.307921410065305E-10
         1.003062129020691E+00        -5.437011623143917E-07         1.538725952210385E-10
         1.002713084220886E+00        -4.333726053573628E-07         1.511349240201909E-10
         1.002339720726013E+00        -2.652692216997821E-07         8.504415227594819E-11
         1.002097606658936E+00        -5.922760948351424E-08         2.363960069362570E-11
         1.002195835113525E+00        -2.372869118971721E-07         1.261781373829152E-10
         1.002304196357727E+00        -7.212620403151959E-07         3.249684410455700E-10
         1.002477645874023E+00        -9.277317758460413E-07         3.732432141134723E-10
         1.002366781234741E+00        -9.342542739432247E-07         3.767423040201834E-10
         1.002138376235962E+00        -6.064513513592829E-07         2.303657126168090E-10
         1.002109766006470E+00        -9.531042906019138E-07         3.405865867112112E-10
         1.001638293266296E+00        -7.051343686725886E-07         2.307078694752107E-10
         1.001563072204590E+00        -6.578306965820957E-07         1.629291007665401E-10
         1.001256704330444E+00        -4.070975023751089E-07         6.204091407280288E-11
         1.001017928123474E+00        -9.273208689819512E-08        -6.492679310854399E-11
         1.000526189804077E+00         3.409532780551672E-07        -2.115539410318945E-10
         1.000168681144714E+00         5.192466687731212E-07        -2.578447177992160E-10
         9.998911023139954E-01         6.485339554274105E-07        -2.967830425859574E-10
         9.997957944869995E-01         4.718652064639173E-07        -1.838289104272306E-10
         9.998136162757874E-01        -9.353509256015968E-08         6.028851723405282E-11
         9.997238516807556E-01        -8.651005600768258E-08         8.094591663621031E-11
         9.999273419380188E-01        -3.903333833932265E-07         1.922942222121193E-10
         1.000072717666626E+00        -4.258223498254665E-07         1.794844828317821E-10
         1.000014185905457E+00        -3.059408868466562E-07         1.091210385939512E-10
         1.000081777572632E+00        -1.722309690421753E-07         8.360767633774913E-11
         9.999119043350220E-01        -1.734481713810965E-07         1.305206220880706E-10
         9.994860887527466E-01         2.293320875423888E-07        -7.513657231117410E-12
         9.995057582855225E-01         3.241282797716849E-07        -6.764744320264526E-11
         9.997869133949280E-01         2.245016617052897E-07        -6.171164967927467E-11
         9.998943209648132E-01         2.568217212228774E-07        -8.747558927213461E-11
         1.000023603439331E+00         3.989162777884303E-08        -1.295172649684595E-11
         1.000272035598755E+00        -3.220388009594899E-07         1.347453537636767E-10
         1.000142216682434E+00        -8.217694613676940E-08         3.390492053778615E-11
         1.000172615051270E+00        -2.885811341002409E-07         9.865719352575297E-11
         1.000300049781799E+00        -2.048950733524180E-07         4.842582931874340E-11
         1.000355958938599E+00         4.348563109601855E-08        -6.347693204400429E-11
         1.000986337661743E+00        -8.465905807497620E-07         2.566212242705035E-10
         1.000980854034424E+00        -9.398155498274718E-07         2.586182656916236E-10
         1.000925898551941E+00        -6.229648192856985E-07         1.030957749725836E-10
         1.000875473022461E+00        -7.755159003863810E-07         1.699323737280878E-10
         1.000466346740723E+00        -3.894629969636298E-07         3.676151397180583E-11
         1.000390172004700E+00        -6.903379556888467E-08        -5.981194012294466E-11
         1.000440597534180E+00        -4.154312875925825E-07         9.245328808082931E-11
         1.000254988670349E+00        -6.641921004302276E-07         1.999736209956637E-10
         1.000386118888855E+00        -8.310490784424474E-07         2.871539950266566E-10
         1.000583052635193E+00        -1.056394921761239E-06         4.063452074820617E-10
         1.000298857688904E+00        -8.757174327911343E-07         3.938263326563884E-10
         1.000383377075195E+00        -8.040242391871288E-07         3.807262283217483E-10
         1.000376462936401E+00        -8.735572691875859E-07         4.207721948645826E-10
         1.000423550605774E+00        -7.628158869010804E-07         3.182945018664896E-10
         1.000628471374512E+00        -1.151230549112370E-06         4.580523460528951E-10
         1.000864624977112E+00        -1.178422849079652E-06         4.576965473290784E-10
         1.000463604927063E+00        -5.823067112942226E-07         2.263731008200764E-10
         1.000050187110901E+00         1.213043532288793E-07        -3.788855514053058E-12
         9.999207854270935E-01         4.937663788950886E-07        -9.570467335295874E-11
         9.999132156372070E-01         5.647951297760301E-07        -1.376711245004714E-10
         9.998637437820435E-01         4.779806772603479E-07        -1.017380554801939E-10
         9.994311332702637E-01         8.294807116726588E-07        -2.191826581343648E-10
         9.990133643150330E-01         1.041990799421910E-06        -2.537803855950926E-10
         9.991975426673889E-01         1.101057591768040E-06        -3.063172215878041E-10
         9.996158480644226E-01         4.923151095681533E-07        -7.397325113567277E-11
         9.994911551475525E-01         6.260137297431356E-07        -1.403848981507139E-10
         9.998224377632141E-01         4.571620877413807E-07        -1.234249508152985E-10
         1.000304579734802E+00         1.788573484873268E-07        -8.405989099236066E-11
         1.000496268272400E+00         1.720859046372425E-07        -1.376446734369097E-10
         1.000748038291931E+00         8.016881025696421E-08        -1.188846243671549E-10
         1.000566124916077E+00         4.259783281668206E-07        -2.669198195803801E-10
         1.000268578529358E+00         4.239029749442125E-07        -2.937882437326067E-10
         1.000355005264282E+00         1.753189735609340E-07        -1.741845695457656E-10
         1.000398635864258E+00         1.231795323519691E-07        -1.552477729704904E-10
         1.000410199165344E+00         1.478137878763164E-08        -9.235418679809371E-11
         1.000476956367493E+00        -8.634052051093022E-08        -4.268046679967163E-11
         1.000150084495544E+00         1.968914205008332E-07        -1.599450571987404E-10
         1.000282764434814E+00        -8.054554001546421E-08        -6.054799717158943E-11
         1.000091791152954E+00        -3.999774378371512E-08        -3.862953013022974E-11
         1.000193238258362E+00        -4.287530259716732E-07         1.101317231855248E-10
         1.000415802001953E+00        -8.377513722734875E-07         2.905803930808304E-10
         1.000026345252991E+00        -6.142021788946295E-07         2.493679707171736E-10
         1.000135898590088E+00        -6.597149990739126E-07         2.798830056605084E-10
         1.000078678131104E+00        -1.904132034269423E-07         8.401472573194013E-11
         1.000203728675842E+00        -6.358069413181511E-07         2.753633432384106E-10
         1.000118017196655E+00        -2.074986298339354E-07         7.819302844103149E-11
         1.000173687934875E+00        -1.264581328541681E-07         1.865016127644559E-11
         1.000111937522888E+00        -2.376545609195091E-07         7.802297696812843E-11
         1.000190019607544E+00        -4.086268177161401E-07         1.566864138435875E-10
         9.998367428779602E-01        -1.998664522773197E-08        -3.634557715556652E-12
         9.999768137931824E-01        -2.494584236956143E-07         1.039327165996973E-10
         1.000102996826172E+00        -5.743776227973285E-07         2.849524227688249E-10
         1.000222444534302E+00        -5.401370799518190E-07         2.650534236536828E-10
         1.000292539596558E+00        -8.240760962507920E-07         4.057538194324195E-10
         9.998942017555237E-01        -5.115612111694645E-07         2.953394473426130E-10
         9.996715188026428E-01         1.546957690834461E-07         5.717999858323441E-12
         9.993572831153870E-01         5.885264613425534E-07        -1.859231935075201E-10
         9.993247389793396E-01         9.063274433174229E-07        -3.240782919800012E-10
         9.990023970603943E-01         1.639977199374698E-06        -6.106076200218524E-10
         9.994927048683167E-01         1.000206566459383E-06        -3.512641011393924E-10
         1.000062465667725E+00        -7.975949500860224E-08         6.368851973581613E-11
         1.000237941741943E+00        -9.839201311478973E-07         3.900480494145597E-10
         1.000221133232117E+00        -1.049072238856752E-06         4.439117684551519E-10
         1.000107884407043E+00        -7.059011863930209E-07         2.950610589191882E-10
         1.000203609466553E+00        -6.059464112695423E-07         2.100692675366389E-10
         1.000175952911377E+00        -6.989434950810391E-07         2.381847497012757E-10
         1.000176072120667E+00        -6.605051794394967E-07         2.162320184018185E-10
         9.997488856315613E-01        -1.875537805062777E-07         5.531804528335904E-11
         9.999328851699829E-01        -6.240273933144636E-07         2.221977324357027E-10
         9.995815753936768E-01         2.994887040586036E-07        -1.229649854161963E-10
         9.996389746665955E-01         5.887250154046342E-07        -2.654328423723484E-10
         9.998356699943542E-01         7.516707682952983E-07        -3.165390172199523E-10
         1.000088095664978E+00         2.861762595784967E-07        -1.502312441115095E-10
         1.000455617904663E+00        -3.170553668496723E-07         1.005183852820224E-10
         1.000742912292480E+00        -8.150361736625200E-07         2.629824136235470E-10
         1.000769615173340E+00        -8.012542593860417E-07         1.929863074900950E-10
         1.000566720962524E+00        -9.904880471367505E-07         3.174405183159479E-10
         1.000138163566589E+00        -3.458899868746812E-07         1.509190272752647E-10
         9.999805092811584E-01        -4.011489522781631E-07         2.206102939217303E-10
         9.999917149543762E-01        -3.734884046480147E-07         1.793579174069748E-10
         1.000072479248047E+00        -7.979505198818515E-07         3.437573004028138E-10
         1.000310301780701E+00        -7.600493177051248E-07         3.090877831457561E-10
         1.000097990036011E+00        -4.368871771021077E-07         1.292326801127786E-10
         1.000392198562622E+00        -7.767329179841909E-07         2.342129268306792E-10
         1.000409126281738E+00        -8.605356356383709E-07         2.708319957189786E-10
         1.000431180000305E+00        -7.712056344644225E-07         2.291134088006075E-10
         1.000088334083557E+00        -3.976177254116919E-07         1.506869212741790E-10
         9.999910593032837E-01        -2.839119872533047E-07         1.249133296798988E-10
         9.999184608459473E-01        -7.932443679692369E-08         5.490747093106485E-11
         1.000395417213440E+00        -3.000365609295841E-07         1.194768867174290E-10
         1.000272393226624E+00        -1.172846069152911E-07         6.023968129875712E-11
         1.000425338745117E+00        -5.833380782860331E-07         3.120909919385184E-10
         1.000192880630493E+00        -4.438008147644723E-07         2.723814229721455E-10
         1.000549674034119E+00        -1.178553702629870E-06         5.581533013554463E-10
         1.000643610954285E+00        -1.453308982490853E-06         6.636403093729371E-10
         1.000584483146667E+00        -1.753643005031336E-06         8.571870990792263E-10
         1.000029563903809E+00        -1.234037767972040E-06         6.720022871498088E-10
         9.999149441719055E-01        -7.805390396242728E-07         4.974697875859135E-10
         9.995173811912537E-01         1.310903172679900E-07         1.310276886989925E-10
         9.994583725929260E-01         3.852839540741115E-07         1.938532667722370E-11
         9.991984367370605E-01         8.695784572410048E-07        -1.785362135908741E-10
         9.992896914482117E-01         6.199888389346597E-07        -7.541218344231382E-11
         9.994115829467773E-01         1.707320080868158E-07         1.183353692812972E-10
         9.998927116394043E-01        -7.683074727538042E-07         4.164646127957639E-10
         1.000052809715271E+00        -7.665387897759501E-07         3.474775744916059E-10
         1.000371456146240E+00        -1.098410280064854E-06         5.029031635572778E-10
         1.000764250755310E+00        -1.263067360923742E-06         4.868937475421831E-10
         1.000526905059814E+00        -1.295538595513790E-06         4.382519624979153E-10
         1.000469207763672E+00        -1.082856329048809E-06         3.177041685287207E-10
         1.000906109809875E+00        -2.045933797489852E-06         7.063914453375730E-10
         1.001185774803162E+00        -3.174495986968395E-06         1.128429127916775E-09
         1.001365184783936E+00        -3.240789965275326E-06         1.149431105851306E-09
         1.000859260559082E+00        -2.298486606377992E-06         8.050183852859050E-10
         1.000564813613892E+00        -1.254726726074296E-06         3.444667606711249E-10
         1.000710368156433E+00        -1.379486434416322E-06         3.721029873116066E-10
         1.000385046005249E+00        -9.031957119987055E-07         2.672312371387875E-10
         9.995778799057007E-01         1.417861454910962E-07        -3.578518384395046E-11
         9.991235136985779E-01         1.320997057518980E-06        -4.876479220428109E-10
         9.996255040168762E-01         9.057226861841627E-07        -4.045007662156763E-10
         9.992974996566772E-01         2.013604671446956E-06        -8.969561759997191E-10
         1.000595569610596E+00         2.907088401116198E-07        -3.375698054419729E-10
         1.000968933105469E+00         7.366045196022242E-08        -3.085870725616502E-10
         1.000819087028503E+00         2.810106103368071E-08        -2.758220596366101E-10
         1.000664949417114E+00        -1.237466591419434E-07        -1.525173043415151E-10
         1.000285863876343E+00         3.442714842094574E-07        -3.385365321406653E-10
         1.000598549842834E+00        -3.805928940892045E-07        -3.118100916355004E-11
         1.001005291938782E+00        -6.743461540281714E-07         6.359490711815852E-11
         1.000763654708862E+00        -1.781053811100719E-07        -1.739191290983655E-10
         1.000184416770935E+00         6.949474027351243E-07        -4.780451590136181E-10
         9.991862177848816E-01         1.545795271340467E-06        -6.386707274153025E-10
         9.981493353843689E-01         2.373032202740433E-06        -8.178535071401427E-10
         9.978221654891968E-01         2.720247039178503E-06        -8.782187754796666E-10
         9.977760314941406E-01         2.697719764910289E-06        -8.366761172773352E-10
         9.978600740432739E-01         2.269957349199103E-06        -6.912323491370387E-10
         9.977953433990479E-01         2.432272140140412E-06        -8.221515690465253E-10
         9.978157877922058E-01         2.001019083763822E-06        -6.685653142213255E-10
