         1.000929117202759E+00        -8.046158654906321E-07         3.130580239485425E-10
         1.002172827720642E+00        -2.311829803147702E-06         7.804396573440897E-10
         1.002023458480835E+00        -2.190530267398572E-06         7.172438198921327E-10
         1.001531243324280E+00        -9.383599604007031E-07         1.652638581539634E-10
         1.002306938171387E+00        -1.883790218926151E-06         4.619344073919507E-10
         1.002688169479370E+00        -1.855694563346333E-06         4.273525699982628E-10
         1.002699851989746E+00        -1.727584276522975E-06         3.162690942470903E-10
         1.002651453018188E+00        -2.019525027208147E-06         5.484326326410383E-10
         1.002670884132385E+00        -1.867526862042723E-06         5.259401247847961E-10
         1.001723408699036E+00         1.471709083489259E-07        -6.191194779070486E-11
         1.001163601875305E+00         1.735896830723505E-06        -5.935574809434740E-10
         1.001485466957092E+00         9.856972837951616E-07        -4.043027301836588E-10
         1.001984000205994E+00        -1.167352863262749E-07        -2.977172328111344E-11
         1.002386689186096E+00        -1.245958515028178E-06         4.210709281249336E-10
         1.002051353454590E+00        -9.374322758048947E-07         2.896226036774863E-10
         1.001817226409912E+00        -4.285429611172731E-07         1.194282589489504E-10
         1.001004815101624E+00         7.916951858533139E-07        -2.899984419268975E-10
         1.001502037048340E+00        -6.849098213024263E-07         2.142496596801990E-10
         1.001011013984680E+00        -2.863066299596539E-07         1.022040230225230E-10
         1.001556634902954E+00        -8.860477578309656E-07         2.121268577459645E-10
         1.001550912857056E+00        -9.465798029850703E-07         3.824806860119878E-10
         1.000788927078247E+00         6.974019584049529E-08         8.792696432058378E-11
         1.000342845916748E+00         4.975182719135773E-07         4.416711094079595E-11
         1.000321865081787E+00        -6.577360522896925E-08         2.834509849058975E-10
         9.999143481254578E-01         9.739638784367344E-08         1.037093882994000E-10
         1.000056266784668E+00        -6.255273774513626E-07         2.995837744546037E-10
         9.992883801460266E-01         1.195341639004255E-07         5.336142118450571E-12
         9.988773465156555E-01         7.030258757367847E-07        -2.127012455055421E-10
         9.989096522331238E-01         5.349555749489809E-07        -5.650258039224809E-11
         9.988063573837280E-01         9.046123636835546E-07        -1.751953304651721E-10
         9.990037083625793E-01         1.292662886953622E-06        -3.318202657087710E-10
         9.995253682136536E-01         8.479944426653674E-07        -2.664835019317024E-10
         9.992725253105164E-01         1.283595565837459E-06        -4.368000683374618E-10
         9.995740056037903E-01         1.249281694981619E-06        -4.048624768770992E-10
         9.997666478157043E-01         1.234688966178510E-06        -5.317310480812409E-10
         9.994640350341797E-01         2.130288976331940E-06        -6.312062539315377E-10
         9.999731779098511E-01         7.875638630139292E-07        -1.331825066896997E-10
         9.999331235885620E-01         7.487498123737168E-07        -2.042757352160862E-10
         9.996987581253052E-01         1.033290232044237E-06        -2.746620153537549E-10
         9.992225766181946E-01         1.635502258068300E-06        -5.560171212337650E-10
         9.986789226531982E-01         1.864871364887222E-06        -6.974089639122383E-10
         9.990977048873901E-01         9.744833278091392E-07        -4.637173978139231E-10
         9.995447397232056E-01         4.508677022840857E-07        -3.141743809553788E-10
         9.989436864852905E-01         1.068135588866426E-06        -4.222725502600611E-10
         9.988647699356079E-01         1.155894779003575E-06        -4.210980453223101E-10
         9.991187453269958E-01         1.054295012181683E-06        -5.464652064191000E-10
         9.992768764495850E-01         1.516470319984364E-06        -6.028877397312726E-10
         9.994828701019287E-01         1.280846959161863E-06        -5.441152528540272E-10
         9.997792243957520E-01         7.472252718798700E-07        -3.066558673658903E-10
         9.997668862342834E-01         5.985450570733519E-07        -1.796575527235333E-10
         9.998196363449097E-01         5.571477572630101E-07        -8.529155159919810E-11
         1.000131487846375E+00        -5.734175374527695E-07         1.909689767431999E-10
         1.000178575515747E+00        -8.512453746334359E-07         3.957082439498549E-10
         9.994688034057617E-01        -3.560197470164894E-08         1.144871003555537E-10
         9.990717172622681E-01         5.491090746545524E-07        -1.410401101464842E-10
         9.986119270324707E-01         1.013184601106332E-06        -2.754421690731590E-10
         9.988058209419250E-01         6.004376018609037E-07        -1.388470727281543E-10
         9.992206096649170E-01        -1.683085493198178E-08         9.253527805119788E-11
         9.993762969970703E-01        -1.363192296821580E-07         1.169853935945042E-10
         9.994952082633972E-01        -1.314927970952340E-07         1.879705766039130E-11
         9.993895292282104E-01         2.011750268593460E-07        -5.683594870783959E-13
         9.995397329330444E-01         8.673173823581237E-08        -6.827538534537325E-11
         9.991202950477600E-01         1.281086724702618E-06        -4.482680338036005E-10
         9.992819428443909E-01         1.270177449441690E-06        -4.377794515786348E-10
         1.000105619430542E+00         4.347688502548408E-07        -3.427210737427799E-10
         1.000235199928284E+00         2.903061613324098E-07        -2.886612060493121E-10
         1.000103473663330E+00         1.196626726596151E-07        -1.838800223197268E-10
         9.999778270721436E-01         4.921628615761620E-08        -2.647520917775648E-11
         1.000010728836060E+00        -7.986057681819148E-08         1.166357149751107E-10
         1.000127434730530E+00         6.560109255815405E-08         1.186317571955087E-10
         1.000531077384949E+00        -7.409511226796894E-07         2.896652639972075E-10
         1.000914812088013E+00        -1.837058562159655E-06         6.578171340976269E-10
         1.000337004661560E+00        -1.269652216251416E-06         4.214260607149356E-10
         9.998030066490173E-01        -3.884521788677375E-07         6.787517770057150E-11
         9.991273283958435E-01        -2.308453872501559E-08         4.380064366760195E-11
         9.995135664939880E-01        -4.479049948713509E-07         1.454980580462006E-10
         9.998504519462585E-01        -4.098642136796116E-07         2.464867754348177E-10
         1.000018358230591E+00        -7.420798624480085E-07         4.452385127251546E-10
         1.000004410743713E+00        -1.127349946727918E-06         5.856826135186566E-10
         1.000247478485107E+00        -2.063790361717110E-06         8.648076699202534E-10
         9.997011423110962E-01        -4.515676721439377E-07         2.845869095935427E-10
         9.988393783569336E-01         2.715428593091929E-07        -1.009147765351770E-10
         9.984079003334045E-01         8.008361760403204E-07        -2.644378049865281E-10
         9.988251924514771E-01         9.398735301147099E-07        -3.680439009112746E-10
         9.995889067649841E-01         2.007690653726968E-07        -1.911966002188237E-10
         9.998479485511780E-01        -2.649049122283031E-07         5.369059146928534E-13
         9.996363520622253E-01        -7.727636841536878E-08        -3.638409365458450E-11
         9.999706745147705E-01        -3.419728216158546E-07        -2.878971193387425E-11
         1.000282049179077E+00        -8.840547138788679E-07         2.231515944250972E-10
         9.998544454574585E-01        -3.921309499332892E-08        -2.733083377670642E-11
         9.991445541381836E-01         9.751619245434995E-07        -3.574590345944983E-10
         9.991810917854309E-01         8.489508900311193E-07        -4.186396507233070E-10
         9.985758066177368E-01         1.715212420094758E-06        -5.969528760196852E-10
         9.991461038589478E-01         6.652354613834177E-07        -3.307138174424296E-10
         9.998531341552734E-01        -3.672090258532990E-07        -2.474036774058330E-11
         9.995502233505249E-01        -6.487570658464392E-08        -2.961461631478812E-11
         9.995424747467041E-01        -2.716188589602098E-07         1.255097414887274E-10
         9.997909069061279E-01        -4.935222364110814E-07         1.302376539946692E-10
         9.996079802513123E-01        -3.829519812370563E-07         2.368348572812096E-10
         9.994887113571167E-01        -1.592868272837222E-07         1.528441956333282E-10
         9.994401931762695E-01        -1.741971011881560E-08         1.303894908710745E-10
         9.991034269332886E-01         8.016686479095370E-07         3.753729532068872E-12
         9.999536871910095E-01         3.451642669460853E-07         1.630071078118078E-10
         1.000265717506409E+00         4.549997356662061E-07         5.425182178497856E-11
         1.000818848609924E+00        -4.306656933295017E-07         1.634447299725394E-10
         1.001946806907654E+00        -2.040435674643959E-06         5.648476686381798E-10
         1.001736164093018E+00        -2.104790382873034E-06         6.624015780332115E-10
         1.000624775886536E+00        -4.720969002391939E-07         4.588844235153822E-11
         1.000634670257568E+00        -8.507640245625225E-07         1.616206335430803E-10
         1.000515580177307E+00        -6.470344260378624E-07         1.413218014834072E-10
         1.000487923622131E+00        -5.514435201803281E-07         1.170999547328577E-10
         9.999554157257080E-01         2.155586642516027E-08        -5.743711062322632E-11
         9.995612502098083E-01         2.685893321086041E-07        -3.270854767589704E-11
         9.999603629112244E-01        -1.827449693792005E-07         1.770110585885831E-10
         1.000141739845276E+00        -5.872933002137870E-07         2.333365722861913E-10
         9.995315074920654E-01         6.612813763240410E-07        -6.819259740220573E-11
         1.000122785568237E+00        -1.644261260480562E-07         1.443911830378841E-11
         9.999054670333862E-01         2.428994960723685E-08        -6.038720912204809E-11
         1.000186920166016E+00         7.907355126235416E-08        -1.652454978406936E-10
         1.000601649284363E+00         3.530083745317825E-07        -2.376994989727876E-10
         1.000651836395264E+00         5.347151841306186E-07        -3.726161879047396E-10
         1.001053690910339E+00        -2.331542106048801E-07        -1.083837949944488E-10
         1.000753402709961E+00         1.786911525414325E-07        -3.775026125030223E-10
         1.000205755233765E+00         6.655441211478319E-07        -5.011982495695122E-10
         1.000258207321167E+00         1.311878037313363E-07        -2.733179238489925E-10
         9.999995231628418E-01         5.136618028700468E-07        -3.493309808089151E-10
         9.996250867843628E-01         9.595022447683732E-07        -4.757398364141352E-10
         9.995543956756592E-01         8.302042147079192E-07        -3.667217363112485E-10
         9.991847872734070E-01         1.529030328129011E-06        -4.999381464365626E-10
         9.992511272430420E-01         1.060063482327678E-06        -3.265103742933206E-10
         9.987149834632874E-01         1.768734591678367E-06        -5.620032772490902E-10
         9.988625049591064E-01         1.476733814342879E-06        -5.583672968434428E-10
         9.992253780364990E-01         8.984167720882397E-07        -3.590175934320428E-10
         9.993935227394104E-01         6.677198598481482E-07        -2.975686919093334E-10
         9.996842145919800E-01         2.846119855348661E-07        -1.724348719367441E-10
         9.992513060569763E-01         8.189850291273615E-07        -2.999634707290255E-10
         9.989889264106750E-01         5.313426072461880E-07        -2.037471302784866E-10
         9.990557432174683E-01         2.952509419174021E-07        -1.134602550800778E-10
         9.992315769195557E-01         1.568461982515146E-08        -6.440147026776089E-12
         9.991971850395203E-01         4.551650079065439E-08        -8.547326041385972E-11
         9.992946982383728E-01        -4.342018655734137E-07         2.036893709256304E-10
         9.992383718490601E-01        -6.953326447955988E-08         9.765887404311613E-11
         9.994608163833618E-01        -1.900209696259481E-07         3.198857845276848E-11
         9.995830059051514E-01        -2.053391909839775E-07         5.896855226339426E-11
         9.996068477630615E-01        -2.670971639417985E-07         8.532508727343568E-11
         9.995918273925781E-01        -2.984249078963330E-07         1.274227945380346E-10
         9.997679591178894E-01        -5.548291710510966E-07         3.344185484088769E-10
         1.000123381614685E+00        -1.054236804520770E-06         5.023056970365758E-10
         1.000236749649048E+00        -7.822266070434125E-07         3.907185963658577E-10
         1.000330567359924E+00        -8.204333425965160E-07         4.274645359902962E-10
         9.998696446418762E-01         4.024685154035978E-07         7.843320437572743E-11
         9.997919797897339E-01         7.957693242133246E-07        -2.200422136167113E-11
         9.999085068702698E-01         1.033319904308883E-06        -1.239883890002957E-10
         1.000175356864929E+00         4.044377703849023E-07         1.618763179056515E-10
         1.000046610832214E+00         8.721934818822774E-07        -6.759473189510423E-12
         1.000272870063782E+00         3.355712010488787E-07         3.629209086031260E-11
         1.000275254249573E+00         3.959949026466347E-07        -8.802689827058785E-11
         1.000288248062134E+00         2.494513751116756E-07        -1.442555658259792E-10
         1.000612616539001E+00        -2.863634165350959E-07         5.859627366655573E-11
         1.000720143318176E+00        -2.700156187529501E-07         4.653334662041431E-11
         1.000709295272827E+00        -3.383202056284063E-07         8.685308028333338E-11
         1.000795483589172E+00        -5.141504288985743E-07         1.333391175251109E-10
         1.000680327415466E+00        -8.757755267652101E-07         1.160778417830244E-10
         1.000627994537354E+00        -1.392407853018085E-06         2.745601801468212E-10
         1.000324010848999E+00        -1.049096795213700E-06         1.851718361978172E-10
         1.000111579895020E+00        -5.337615220923908E-07         1.020417014774289E-10
         1.000175595283508E+00        -4.637492452275183E-07         1.958291341586094E-11
         9.999298453330994E-01         1.659584292212912E-08        -4.607276365975466E-12
         9.999345541000366E-01        -5.244825018735355E-08         7.188872414021219E-11
         9.998200535774231E-01        -2.233286693353875E-07         1.101831334504588E-10
         9.995079636573792E-01         1.820678647845853E-07        -2.513035786411155E-11
         9.997782707214355E-01         1.739521948707079E-08        -9.626372615700873E-11
         9.997196793556213E-01         1.562087703632642E-07         2.711132880695022E-11
         9.999088048934937E-01        -3.342114212045999E-07         1.513136560493678E-10
         1.000203609466553E+00        -9.272326906284434E-07         2.951824340513554E-10
         1.000171542167664E+00        -8.701088063389761E-07         3.169594864349534E-10
         1.000902175903320E+00        -1.863888428488281E-06         5.747799458610814E-10
         9.942832589149475E-01         5.693428647646215E-06        -1.366718183071214E-09
         9.952498078346252E-01         4.730897671834100E-06        -1.187897002985494E-09
         9.969983696937561E-01         2.462406882841606E-06        -5.353484322512259E-10
         9.991152286529541E-01         2.630729625252570E-07         4.032714440160845E-11
         1.000118017196655E+00        -6.359270514622040E-07         2.704112211926457E-10
         0.000000000000000E+00         0.000000000000000E+00         0.000000000000000E+00
         0.000000000000000E+00         0.000000000000000E+00         0.000000000000000E+00
         0.000000000000000E+00         0.000000000000000E+00         0.000000000000000E+00
         1.000022053718567E+00         1.158912255050382E-06        -1.761999657290403E-09
         1.000372886657715E+00         7.505734060941904E-07        -1.460691456678376E-09
         1.000070571899414E+00         1.269933591174777E-06        -1.601505594805985E-09
         9.998540878295898E-01         1.200540964418906E-06        -1.133331983815822E-09
         9.998425841331482E-01         1.018118950923963E-06        -1.444815794782173E-10
         1.000604033470154E+00         1.637200952586682E-08        -1.127525937200113E-11
         1.001261472702026E+00        -9.167206371785142E-07         1.392488763185540E-10
         1.000940322875977E+00        -8.873322485669632E-07         1.487347051076782E-10
         1.000618457794189E+00        -6.443245865739300E-07         1.298234159063938E-10
         1.000900268554688E+00        -7.071114964674052E-07         1.978553293424667E-10
         1.001282095909119E+00        -1.111977098844363E-06         2.103775903483651E-10
         1.001237154006958E+00        -1.446911710445420E-06         2.886299255155933E-10
         1.000898718833923E+00        -8.915522471397708E-07         1.005142843957252E-10
         1.001177787780762E+00        -1.699523636489175E-06         2.367439300154928E-10
         1.001184701919556E+00        -1.301935981246061E-06         1.420171757970934E-10
         1.000714540481567E+00        -2.659880351529864E-07         3.587390150563974E-12
         1.000134706497192E+00         7.028760364846676E-07        -1.503781682510308E-10
         1.000011205673218E+00         9.014327133627376E-07        -1.517015402185962E-10
         9.997545480728149E-01         1.208970502375450E-06        -1.594400028670506E-10
         9.998283386230469E-01         1.487138320044323E-06        -3.112270996474820E-10
         1.000288724899292E+00         1.371353960166743E-06        -2.596778903019015E-10
         1.000732660293579E+00         5.317481281963410E-07        -1.410411093472064E-10
         1.000768899917603E+00         3.890717721333203E-07        -1.310059005721342E-10
         1.000578165054321E+00         4.586723889588029E-07        -1.002830110619080E-10
         1.000301241874695E+00         4.239477391365654E-07        -1.238268931835762E-10
         1.000420331954956E+00         1.126958650843335E-07        -1.264306020987149E-10
         1.000619769096375E+00        -1.300447536323190E-07        -7.940537810613435E-11
         1.000476598739624E+00         1.715307007543743E-07        -2.451328029451361E-10
         1.000574827194214E+00         2.130300629232806E-07        -1.575506530793191E-10
         1.000563740730286E+00        -5.804809788401144E-08        -3.847656915301201E-11
         1.000426530838013E+00        -1.031375447269056E-07        -4.806383589739394E-12
         1.000382304191589E+00        -2.654446973338054E-07        -3.790749658616477E-11
         1.000117301940918E+00         3.469149234547331E-08        -1.152722500785686E-10
         1.000125765800476E+00        -4.812933340758718E-08        -7.958417952425023E-11
         9.998161792755127E-01         3.683222757899784E-07        -1.314604258784158E-10
         9.998648166656494E-01         2.191195989098560E-07        -6.860922854151630E-12
         1.000312209129333E+00        -3.300093851521524E-07         1.216467204745442E-10
         1.000204563140869E+00        -5.020741582484334E-07         7.665267032219703E-11
         9.997121095657349E-01         2.372363354652407E-07        -1.452034603666164E-10
         1.000004649162292E+00        -2.329466752826193E-07        -3.122027636415226E-11
         9.999375939369202E-01        -6.039078925823560E-07         1.300475560572778E-10
         9.991862177848816E-01         2.736034900863160E-07        -8.331528522642628E-11
         9.990699887275696E-01         4.905772357233218E-07        -1.879944949711998E-10
         9.991983175277710E-01         1.016559849631449E-07        -8.532959755447322E-11
         9.991182684898376E-01         4.589731972259870E-08        -5.296651658937002E-11
         9.990717768669128E-01         1.718476738687968E-07        -1.740093069635407E-10
         9.996004104614258E-01        -3.092592351094936E-07        -1.342589789343762E-10
         9.993804097175598E-01         5.661448554405979E-08        -8.236943765949079E-11
         9.990825057029724E-01         5.773559905719594E-07        -4.196382477617000E-11
         9.989901781082153E-01         6.851262810414482E-07        -6.783965750267740E-11
         9.986449480056763E-01         1.808027150218550E-06        -2.670890175693330E-10
         9.986692070960999E-01         1.686405539658153E-06        -2.183519060006134E-10
         9.987980127334595E-01         1.260627300325723E-06        -1.060766405269753E-10
         9.989897608757019E-01         1.011899257719051E-06        -8.840792681263920E-11
         9.996817111968994E-01         1.979626631509745E-07         3.110572997094829E-12
         9.997786879539490E-01         5.045129114478186E-07        -1.304013286240746E-10
         9.997413754463196E-01         5.452320124277321E-07        -1.394411530686313E-10
         9.993664026260376E-01         7.769584726702305E-07        -2.610048288609335E-10
         9.991570711135864E-01         8.463278504677874E-07        -2.827678091676944E-10
         9.991562962532043E-01         1.123049287343747E-06        -2.527654197059803E-10
         9.990069270133972E-01         1.491532088948588E-06        -2.652092712107645E-10
         9.991386532783508E-01         1.367684944852954E-06        -2.481446714774904E-10
         9.995614886283875E-01         6.949577482373570E-07        -7.991338840662721E-11
         9.999641776084900E-01        -2.671042409474467E-07         5.451289419866612E-11
         1.000230908393860E+00        -1.002836256702722E-06         1.768232088528165E-10
         1.000355839729309E+00        -1.105536512113758E-06         1.278847305830055E-10
         1.000432610511780E+00        -1.163632418865745E-06         1.548304678911094E-10
         1.000308752059937E+00        -5.632137458633224E-07         1.181801531635607E-11
         9.997275471687317E-01         1.889972764956838E-07        -1.672543770148138E-10
         9.993029236793518E-01         3.224327258521953E-07        -7.659120559999621E-11
         9.996092915534973E-01        -2.368303455568821E-07         9.780704718354016E-11
         9.999865293502808E-01        -7.629134870512644E-07         1.755137840619980E-10
         9.998736381530762E-01        -1.294570921572813E-07         4.002233613964457E-11
         1.000004410743713E+00         1.212425075891588E-07        -4.440141310180223E-11
         1.000141024589539E+00        -1.049751503501284E-07         6.393512802516099E-11
         9.998093843460083E-01         2.351720809201652E-07        -5.448841725042008E-11
         9.995626211166382E-01         3.903081164935429E-07        -6.347533609840639E-11
         9.993675351142883E-01         5.099871600577899E-07        -1.409506816818507E-10
         9.995561838150024E-01         2.103702598788004E-07        -3.129279821378894E-11
         9.992578029632568E-01         8.044835340115242E-07        -1.745559252697149E-10
         9.990827441215515E-01         6.953493993933080E-07        -6.819792647272394E-11
         9.994815587997437E-01         2.209040417255892E-07        -3.222641944966576E-11
         9.996268749237061E-01         1.978900314725252E-07        -3.643969501143651E-11
         9.994910359382629E-01         6.189431189795869E-08         2.658745272554608E-11
         9.995536208152771E-01         9.198472206151109E-09        -4.250873611444383E-11
         9.994047284126282E-01         1.988765241378587E-08        -7.578393468321565E-11
         9.994158148765564E-01         2.128695939518366E-07        -1.673148286585047E-10
         9.997129440307617E-01        -2.796289209072711E-07        -4.779809360810905E-12
         1.000032901763916E+00        -7.952367013785988E-07         1.668482574324059E-10
         1.000074744224548E+00        -2.400384744305484E-07         9.017596391824867E-11
         1.000402808189392E+00        -5.476092610479100E-07         1.100158991684808E-10
         1.000327825546265E+00        -3.860766355501255E-07         6.914848554862019E-11
         1.000364065170288E+00        -5.840454946337559E-07         8.165626508294110E-11
         9.999653697013855E-01         9.095289499327919E-08        -3.916703766870810E-11
         9.998367428779602E-01        -2.248672075211289E-07         1.107662017663102E-10
         9.990260004997253E-01         1.105017190639046E-06        -1.405102006968306E-10
         9.992945790290833E-01         5.796060236207268E-07        -2.154906114659738E-11
         9.997090101242065E-01        -7.078885744249419E-08         1.206677258114297E-10
         9.997006654739380E-01         9.658656097144558E-08         1.428364093669643E-10
         9.995458722114563E-01         7.894527129792550E-07        -9.379078763638304E-11
         9.994704127311707E-01         1.194356286760012E-06        -1.839294133665348E-10
         9.998713135719299E-01         8.792151220404776E-07        -2.132862636505806E-10
         9.999284148216248E-01         3.357921514179907E-07        -1.959864388834109E-11
         9.996588230133057E-01         5.218352043812047E-07        -7.587678402254383E-11
         9.994317889213562E-01         5.746215947510791E-07        -1.865045756721528E-10
         1.000123143196106E+00        -7.461022164534370E-07         9.618108393061320E-11
         9.998037815093994E-01        -3.777614665523288E-07         1.316002723461551E-10
         9.998484849929810E-01        -4.984563020116184E-07         5.527388616255458E-11
         9.999698996543884E-01        -3.542949968959874E-07        -5.792514471553156E-12
         9.998508691787720E-01        -1.443713983917405E-07        -3.481960206275225E-11
         9.997556209564209E-01         1.193762688700417E-08         5.958312315756942E-11
         9.989645481109619E-01         1.313226562160708E-06        -3.080951327394388E-10
         9.995938539505005E-01         3.066639635562751E-07        -8.710680093892975E-11
         1.000340938568115E+00        -4.732568470444676E-07         3.829292785639815E-11
         1.000405073165894E+00        -2.344289953271073E-07        -1.067403665455657E-10
         1.000183343887329E+00         5.012862303033216E-08        -1.612859568123071E-10
         9.996873736381531E-01         8.665429049869999E-07        -3.250572311319644E-10
         1.000024795532227E+00         6.018851195221941E-07        -4.403012121567684E-10
         1.000285863876343E+00         4.902954060526099E-07        -3.550533755891649E-10
         1.001080393791199E+00        -4.609910888575541E-07        -1.188545512009753E-10
         1.001127123832703E+00        -7.228221647892497E-07        -2.204378866943468E-11
         1.000733971595764E+00         1.229324908536000E-07        -1.792153231372495E-10
         9.998800158500671E-01         1.214128360516042E-06        -4.111563312036992E-10
         9.996460080146790E-01         1.217186877511267E-06        -3.514790125613843E-10
         9.997216463088989E-01         7.845396226002777E-07        -2.600827331278310E-10
         1.000344872474670E+00         2.910625198637717E-07        -1.214716660591364E-10
         1.000221967697144E+00         6.012022026880004E-07        -1.661054627177805E-10
         9.996782541275024E-01         1.023460185933800E-06        -2.748275496067265E-10
         9.996270537376404E-01         7.294265742530115E-07        -1.622411927026945E-10
         9.995247125625610E-01         5.060410899204726E-07        -9.190544852932803E-11
         9.992937445640564E-01         3.846610070468159E-07         2.674167658145432E-11
         9.993813037872314E-01         3.271320565545466E-07        -8.510976645670354E-12
         9.996810555458069E-01        -3.154025023377471E-07         8.905972487260883E-11
         9.996341466903687E-01        -2.607306157642597E-07         7.543457525294173E-11
         1.000035285949707E+00        -3.613779426814290E-07         1.161990156872683E-10
         1.000099182128906E+00         9.690744207091484E-08         6.409397318440924E-11
         1.000157952308655E+00        -4.256209820141521E-07         1.163115645463897E-10
         9.992901682853699E-01         6.846686915196187E-07        -1.202774130293349E-10
         9.992299079895020E-01         7.147471592361399E-07        -7.048638062112644E-11
         9.997082352638245E-01        -1.997067755610260E-08         1.993513826237248E-10
         9.997796416282654E-01        -5.795077484549438E-08         2.056750464385360E-10
         9.998453259468079E-01        -7.202446568044252E-07         3.550467697621684E-10
         9.997510313987732E-01        -4.716346495570178E-07         2.323016085048479E-10
         9.999067783355713E-01        -3.629598381849064E-07         7.733531176556951E-11
         9.996155500411987E-01         1.791986115051714E-08        -2.161739537376306E-11
         9.996063709259033E-01        -6.304854878180777E-07         1.385868503289700E-10
         9.995518326759338E-01        -5.246673708825256E-07         7.660800466213757E-11
         9.998732209205627E-01        -4.023746669190587E-07         1.805507653107608E-11
         1.000214338302612E+00        -5.069945814284438E-07         1.888142420192196E-10
         1.000142335891724E+00        -7.403096358160610E-09         3.872969306373264E-11
         1.000005483627319E+00         3.960561230087478E-07        -3.370933046586977E-11
         1.000002980232239E+00         3.416878939788148E-07         4.469111539173731E-11
         9.998555779457092E-01         3.578778091650747E-07         8.546485741334209E-11
         9.996023774147034E-01         3.658749108126358E-07        -4.583013656078716E-12
         9.995193481445312E-01         3.444071126068593E-07        -6.100753235926959E-11
         9.994577765464783E-01         5.844138399879739E-07        -1.900292562195816E-10
         9.997467398643494E-01         4.735337597594480E-07        -1.526552911856882E-10
         9.999074935913086E-01         5.364808686181277E-08        -6.386409456826669E-11
         9.996691346168518E-01         2.365997460174185E-07        -6.314258838013842E-11
         9.996348023414612E-01        -2.486536914148019E-07        -4.786454912975024E-11
         9.999266266822815E-01        -6.749862677679630E-07        -8.917953181475369E-11
         1.000160098075867E+00        -4.853833388551720E-07         7.074064251044732E-11
         1.000693798065186E+00        -8.717752280062996E-07         1.254479714551948E-10
         1.000576496124268E+00        -1.617986669089078E-07         1.294028911802414E-10
         1.000326514244080E+00         2.716212463838019E-07         2.202974781762013E-11
         9.999117851257324E-01         7.418991003760311E-07        -1.039730662677485E-10
         9.991087317466736E-01         1.689515670477704E-06        -2.537056120743841E-10
         9.993643760681152E-01         8.065410952440288E-07         6.242768801900667E-11
         9.993603229522705E-01         8.833155220600020E-07        -6.355218434839216E-11
         9.993634223937988E-01         7.827990202713409E-07        -1.028671037239803E-10
         9.999840259552002E-01         8.894638803269572E-09         1.303225444226896E-10
         9.997472167015076E-01         1.752552520883910E-07         1.014158201861903E-10
         9.995555877685547E-01         7.171532274696801E-07        -1.662688736692175E-11
         9.993726611137390E-01         1.437398623238550E-06        -1.251274223124099E-10
         9.993765354156494E-01         1.661843839428911E-06        -1.327177673315916E-10
         9.992812275886536E-01         2.011682454394759E-06        -1.734909299555554E-10
         9.993415474891663E-01         2.069687070616055E-06        -1.627085827182739E-10
         9.994725584983826E-01         1.820416287046100E-06        -1.578021463499724E-10
         9.966565966606140E-01         4.881595941697014E-06        -9.472993500736493E-10
         9.987289905548096E-01         2.502573579477030E-06        -3.858350305918634E-10
         9.991631507873535E-01         1.985173412322183E-06        -1.832930890399709E-10
         0.000000000000000E+00         0.000000000000000E+00         0.000000000000000E+00
         0.000000000000000E+00         0.000000000000000E+00         0.000000000000000E+00
         0.000000000000000E+00         0.000000000000000E+00         0.000000000000000E+00
         0.000000000000000E+00         0.000000000000000E+00         0.000000000000000E+00
         1.001144647598267E+00        -4.298354269849369E-06         2.373632623786648E-09
         1.000644445419312E+00        -1.217058297697804E-06        -1.365208363024450E-10
         1.000975489616394E+00        -1.784687697181653E-06         3.990532349007481E-10
         1.001158714294434E+00        -1.707044248178136E-06        -2.426621681372865E-10
         1.000979661941528E+00        -1.743861048453255E-06        -1.615271666421947E-10
         1.000605821609497E+00        -1.020664853967901E-06        -3.379139468240311E-10
         1.000608086585999E+00        -9.819326578508480E-07        -3.804053183564804E-10
         1.000466346740723E+00        -1.020379386318382E-06        -3.719492769338473E-10
         1.000519275665283E+00        -1.083849383576307E-06        -3.909851054029190E-10
         1.000091910362244E+00        -8.000989168976957E-07         9.441329662518427E-11
         1.000381827354431E+00        -1.002272597361298E-06         2.068660798215660E-10
         1.000319600105286E+00        -8.609591191088839E-07         2.097643309051378E-10
         1.000685334205627E+00        -1.302616396969825E-06         3.147168081696350E-10
         1.000895261764526E+00        -1.424420020157413E-06         3.381393498536056E-10
         1.000847816467285E+00        -1.084034806808631E-06         1.600330562512298E-10
         1.000476598739624E+00        -6.179112688187161E-07         9.222058013069745E-12
         1.000545382499695E+00        -2.991075120917230E-07        -5.123283464136819E-10
         1.000621318817139E+00        -3.338215037729242E-07        -4.819222798602141E-10
         1.000025153160095E+00         7.002625324048495E-08         6.513335704116940E-11
         9.996297359466553E-01         2.159309104854401E-07         5.482177212190464E-11
         9.994710087776184E-01         6.494122430922289E-07        -2.368187894050133E-12
         1.000014305114746E+00         4.435054847817810E-07        -5.771056410530662E-10
         9.997892975807190E-01         4.045267303354194E-07        -4.987819601787180E-10
         9.995952248573303E-01         1.519760530754866E-07         2.558093181725951E-10
         1.000017285346985E+00        -1.438865382397125E-07         3.320550223673280E-10
         1.000401496887207E+00        -4.930897716803884E-07         3.747464838443904E-10
         1.000174999237061E+00        -1.723329745573210E-07         2.808982213498012E-10
         1.000051617622375E+00        -1.769860915601384E-07         2.966638046331127E-10
         1.000146627426147E+00        -1.079859313080078E-08         2.327903564358635E-10
         1.000285029411316E+00        -1.267286648953814E-07         2.567730472691210E-10
         1.000194668769836E+00         7.696596071582462E-08         1.741074229233419E-10
         1.000343918800354E+00        -1.246072542926413E-07         1.450379816247960E-10
         1.000365376472473E+00        -1.059227301425381E-07         2.219820854909571E-10
         1.000219941139221E+00         2.570349488806301E-09         1.967630502974771E-10
         1.000445008277893E+00        -1.643249305516292E-07        -3.687604943625189E-10
         1.000123858451843E+00        -2.156510845452431E-07         2.196375720187049E-10
         1.000042915344238E+00        -8.601604983837774E-10         1.191885617979338E-10
         1.000023722648621E+00         1.751042333353325E-07         1.653225334408148E-10
         1.000195026397705E+00         1.733103260903590E-07         2.209932098429235E-10
         1.000093817710876E+00         2.280750663885556E-07         2.310606012079219E-10
         1.000738859176636E+00        -9.279374921788985E-07        -1.608996408331009E-10
         1.000401258468628E+00        -5.833227305629407E-07        -1.896500456677330E-10
         1.000001788139343E+00        -8.255333483475624E-08         1.228882134940434E-10
         1.000092983245850E+00        -3.932122751848510E-07         5.171823524996455E-10
         1.000663638114929E+00        -1.075538307304669E-06         6.740344393740827E-10
         1.000847339630127E+00        -1.428510131518124E-06         7.290756331990167E-10
         1.000604510307312E+00        -1.490951376581506E-06         7.694821446690980E-10
         1.000944852828979E+00        -2.032976681221044E-06         2.351282779589070E-10
         1.000848174095154E+00        -1.869250013442070E-06         1.892356132904283E-10
         1.000396966934204E+00        -1.347712100141507E-06         3.936401204995832E-11
         1.000453114509583E+00        -9.213987368639209E-07        -2.738130902568692E-11
         1.000315308570862E+00        -4.139901648159139E-07         3.859860209232124E-10
         1.000018239021301E+00         3.439522799908445E-08         2.769893758802766E-10
         1.000292539596558E+00        -1.983648445502695E-08         2.944870736154570E-10
         1.000615477561951E+00         5.403324365715889E-08        -3.262098646761302E-10
         1.000833034515381E+00        -6.113112931416254E-07        -1.526962306597213E-10
         1.000497341156006E+00        -3.917793378604983E-07        -2.483983019274660E-10
         9.998701810836792E-01         2.475245253208413E-07        -4.101038675319302E-10
         9.994230270385742E-01         2.389187727658282E-07        -3.275189008888901E-10
         9.992105960845947E-01         3.898034321991872E-07        -3.794383696131831E-10
         9.988873004913330E-01         5.052560823060048E-07         2.125429277022306E-10
         9.990355968475342E-01         3.322983275211300E-07         2.094683593245605E-10
         9.987843632698059E-01         7.694731039009639E-07         1.140538080646181E-10
         9.989779591560364E-01         6.407686896636733E-07         1.744354383159674E-10
         9.997408986091614E-01         3.752469979190209E-07        -4.046885049291404E-10
         9.999400973320007E-01         4.635336665614886E-07        -4.027247979543347E-10
         1.000308513641357E+00        -1.882584683698951E-07        -3.042519847173963E-10
         1.000138640403748E+00        -2.437414821088169E-07        -2.611406924035720E-10
         9.997224211692810E-01         2.977232611556246E-07         1.563514456792703E-10
         9.997534155845642E-01         4.104760762402293E-07         1.933090632011414E-10
         9.998625516891479E-01         3.476627625786932E-07         2.221491324227998E-10
         9.995384216308594E-01         8.944965657065040E-07         7.527380802008210E-11
         9.996700286865234E-01         6.931476264071534E-07         9.516473720161400E-11
         1.000069379806519E+00         4.070194279393036E-07        -3.956107941238685E-10
         9.999206662178040E-01         7.825044576748041E-07        -1.834475210626962E-10
         1.000221848487854E+00         2.301645025681864E-07        -4.160807254294241E-10
         9.995235204696655E-01         6.481650416390039E-07         5.310043377226847E-11
         9.999184608459473E-01         2.981144859859342E-07        -4.121527286127247E-10
         9.995114207267761E-01         8.581430961385195E-07         3.747068627601990E-11
         1.000026822090149E+00         5.276133947518247E-07        -4.649380325183472E-10
         1.000035285949707E+00         2.490250778919290E-07        -3.906990841961999E-10
         9.995512962341309E-01         4.046363812904019E-07        -3.688753469344164E-10
         9.997705221176147E-01        -6.227526228030911E-08        -2.887091399284003E-10
         9.998943209648132E-01        -1.073165734055692E-07        -2.872161120048844E-10
         1.000094890594482E+00        -2.374169554286709E-07        -2.941139831680317E-10
         1.000083804130554E+00        -1.603740429345635E-07        -2.791434583482300E-10
         9.993115067481995E-01         5.440659833766404E-07         2.054288961161888E-10
         9.989737272262573E-01         6.185573511174880E-07         2.331421167234282E-10
         9.991962313652039E-01         4.437831790937707E-08         3.716124075126004E-10
         9.993099570274353E-01        -1.278278887184570E-07         4.117560459260261E-10
         9.992824792861938E-01        -2.322854726344303E-07         4.536033215707391E-10
         9.991984963417053E-01        -1.475575714948718E-07         4.169797562791899E-10
         9.991925358772278E-01        -8.592214584268731E-08         3.939535087038593E-10
         9.996095299720764E-01        -1.819679624759374E-07        -1.689923756487133E-10
         9.993571043014526E-01         2.596172805624519E-07         3.005687365664755E-10
         1.000319719314575E+00        -4.883534074906493E-07        -1.434708601921741E-10
         1.000691652297974E+00        -6.200028792591183E-07        -1.092341841979483E-10
         1.000789403915405E+00        -6.712435265399108E-07         7.764206812199692E-12
         1.000765323638916E+00        -4.037972587411787E-07        -6.808494740218052E-11
         1.000589489936829E+00        -4.444036392214912E-07        -7.931042628195328E-11
         1.000637054443359E+00        -8.005667382349202E-07         1.947139324776082E-11
         1.000649929046631E+00        -9.091586434806231E-07         3.428698644447614E-11
         1.000685691833496E+00        -8.173946071110549E-07        -5.296353980388524E-11
         0.000000000000000E+00         0.000000000000000E+00         0.000000000000000E+00
         9.999650716781616E-01         1.365777961837011E-07         3.204807252910058E-10
         9.999810457229614E-01         3.634766585491889E-07         2.183101477370997E-10
         9.997318387031555E-01         4.920121909890440E-07         2.028748002924630E-10
         9.994770884513855E-01         8.240334636866464E-07         1.053475015555527E-10
         9.995540380477905E-01         8.136061637742387E-07        -4.478840076593826E-10
         9.994964003562927E-01         6.461001476054662E-07        -4.377570250735374E-10
         9.991961717605591E-01         8.391804726670671E-07        -5.473250741516722E-10
         9.992879033088684E-01         8.935087976169598E-07        -5.609791520200247E-10
         9.994163513183594E-01         9.025136478157947E-07        -4.616520776767885E-10
         9.998003244400024E-01         2.770453306766285E-07        -3.408815174577029E-10
         9.998815655708313E-01         3.013196590018197E-07        -4.081751950324453E-11
         1.000647425651550E+00        -7.531463097620872E-07        -8.283566194089431E-11
         1.000740289688110E+00        -1.110198695641884E-06         4.408301848557450E-11
         1.000579953193665E+00        -1.337782350674388E-06         6.552699355344416E-11
         1.000218510627747E+00        -1.283761889681045E-06         6.239678912445257E-11
         9.994591474533081E-01        -3.600005982207222E-07        -2.150418731972081E-10
         9.991681575775146E-01         3.811531996689155E-07        -4.152387600431240E-10
         9.994454383850098E-01         4.933061177325726E-07        -3.990432984046777E-10
         9.998769760131836E-01         2.968327237340418E-07        -3.322797870186633E-10
         9.999805092811584E-01        -2.482683392202034E-08        -2.566877266296785E-10
         9.996936917304993E-01         4.631564465285010E-08         7.710307392549964E-11
         9.997699856758118E-01        -1.993460472249353E-07         4.141776366317629E-10
         9.998773336410522E-01        -2.002487207164450E-07         3.510114698901390E-10
         9.998304247856140E-01         5.478404396797032E-09         2.680409505462222E-10
         1.000017642974854E+00        -2.947741393199976E-07         3.775555423857213E-10
         1.000235676765442E+00        -5.252557002677349E-07         3.891353905771666E-10
         1.000274419784546E+00        -3.785759190577664E-07         2.675077104274948E-10
         1.000341057777405E+00        -2.294496965760118E-07         2.869934845328714E-10
         1.000295877456665E+00        -2.643727725626377E-07         2.841061275127288E-10
         1.000059127807617E+00         1.945656862289979E-07        -4.253382090979585E-10
         9.992998242378235E-01         6.151811362542503E-07         7.108756638896097E-11
         9.997467994689941E-01         1.385471364301338E-07        -3.650617863559802E-10
         9.995569586753845E-01         3.220140740722854E-07         1.480806033349324E-10
         9.997208118438721E-01         1.663716204802768E-07         1.415872419308073E-10
         9.998213052749634E-01         3.613690182646678E-07         6.188336648671466E-11
         9.999539852142334E-01         3.408339921406878E-07         2.928549069913799E-11
         9.999358057975769E-01         3.960606420605473E-07         1.301223850891375E-10
         1.000056266784668E+00         1.703115373175024E-07         1.473199617851861E-10
         1.000160217285156E+00         3.164781503528502E-08         1.852843573013629E-10
         1.000151872634888E+00         3.103263424009128E-08         1.766729262886457E-10
         1.000182628631592E+00         4.867617775516919E-08         1.230925084083623E-10
         1.000255107879639E+00        -2.014612903167290E-07        -3.163182493715055E-10
         9.997127056121826E-01         1.043507680265066E-07         1.458732162840093E-10
         1.000072717666626E+00         4.167253209175215E-08         1.609062466600975E-10
         1.000278830528259E+00         1.148782402538018E-07         1.517903441827784E-10
         1.000300168991089E+00         2.456952188367723E-07         5.642708522657358E-11
         1.000365853309631E+00        -9.944911028014758E-08         1.219958578602132E-10
         1.000623106956482E+00        -3.078443739923387E-07         1.593975784697221E-10
         1.000784277915955E+00        -5.529594773179269E-07         3.317723318296828E-10
         1.000650048255920E+00        -8.021422104320663E-07         3.463817288551496E-10
         1.000473022460938E+00        -9.463090577810362E-07         3.182862862161073E-10
         1.000509500503540E+00        -1.018106331684976E-06         4.729283631377257E-10
         1.000831484794617E+00        -1.326029973824916E-06         5.370471289900536E-10
         1.000660538673401E+00        -1.010501136988751E-06         4.832130251486433E-10
         1.000488400459290E+00        -6.775528618163662E-07         3.694864136871701E-10
         1.000831246376038E+00        -7.119948008948995E-07        -2.018196304520714E-10
         1.000960111618042E+00        -6.615692313971522E-07        -2.482094807465529E-10
         1.000554919242859E+00        -7.941992521409702E-07        -2.461664760922133E-10
         9.999258518218994E-01        -3.693260453019320E-07         5.966346861008276E-11
         1.000105261802673E+00        -6.745771088390029E-07         3.472352960720571E-10
         1.000603556632996E+00        -9.930934083968168E-07        -1.753100581369793E-10
         1.000423669815063E+00        -8.223495342463139E-07        -2.299480050815816E-10
         1.000141978263855E+00        -5.934454065936734E-07        -3.596566100494414E-10
         9.999079704284668E-01        -4.881318318439298E-07        -4.157336419563507E-10
         9.999007582664490E-01        -7.107678356987890E-07        -3.742483545288167E-10
         9.998582601547241E-01        -2.159771810283928E-07        -5.023883531407591E-10
         9.999505281448364E-01        -1.337008370683179E-07        -4.380092122335810E-10
         9.998440742492676E-01        -4.837547749048099E-07         1.772361146734625E-10
         1.000024676322937E+00        -7.405690212181071E-07         2.268468746180474E-10
         9.999380111694336E-01        -9.861308853942319E-07         3.291417138839847E-10
         1.000163078308105E+00        -1.329744236500119E-06         3.346307120288827E-10
         1.000302076339722E+00        -1.520084424555534E-06         4.113861751253722E-10
         9.979671239852905E-01         1.345559212495573E-06        -4.359725358504818E-10
         9.995062351226807E-01        -5.960857833997579E-07        -2.234939837364447E-11
         9.995992779731750E-01        -7.965119266373222E-07         1.004570662765936E-10
         1.002587318420410E+00        -4.626189365808386E-06         5.948656012222386E-10
         1.004153490066528E+00        -6.482427579612704E-06         1.106895686220355E-09
         0.000000000000000E+00         0.000000000000000E+00         0.000000000000000E+00
         0.000000000000000E+00         0.000000000000000E+00         0.000000000000000E+00
         0.000000000000000E+00         0.000000000000000E+00         0.000000000000000E+00
         0.000000000000000E+00         0.000000000000000E+00         0.000000000000000E+00
         9.990801215171814E-01         1.430912220712344E-06        -1.214250505698899E-10
         9.998049139976501E-01         6.511210131066036E-07        -4.178531687326625E-10
         9.991378188133240E-01         2.431205075481557E-06        -1.183038556007432E-09
         9.994561672210693E-01         1.933763542183442E-06        -1.527290627301170E-09
         9.999337792396545E-01         3.089099607223034E-07         2.865330472889838E-10
         9.993727803230286E-01         1.460144289922027E-06         2.545526567310219E-10
         9.999614357948303E-01         3.218111714886618E-07         2.694132694713858E-10
         9.999545812606812E-01         1.816621164607568E-07         3.095945722009219E-10
         1.000110626220703E+00        -9.171800030571831E-08         3.732193720740185E-10
         9.994164109230042E-01         1.089991997105244E-06         3.633394973778792E-10
         9.999113082885742E-01         2.711437900870806E-07         4.028538336253717E-10
         1.000033736228943E+00        -4.374061006728880E-07         5.043520601155649E-10
         1.000133037567139E+00        -6.913771812833147E-07         5.321660334622891E-10
         9.997438788414001E-01         4.186704529729468E-07         4.197553415963284E-10
         9.997382164001465E-01         4.848409957958211E-07         3.833086625881776E-10
         1.000134110450745E+00         3.199619698079914E-07         3.447755692054244E-10
         1.000596761703491E+00        -3.533328651883494E-07         4.007311427134397E-10
         1.000386714935303E+00        -1.042190405087240E-07         3.313824770145857E-10
         1.000793814659119E+00        -8.636140478301968E-07         2.631158069199557E-10
         1.000713825225830E+00        -8.420389576713205E-07         1.230498758442167E-10
         1.000271439552307E+00        -2.280328317283420E-07         2.423505146564864E-11
         9.999371767044067E-01         1.076661959587000E-07        -1.096028962033202E-10
         9.997844696044922E-01         8.318693289766088E-07        -2.214324557048286E-10
         9.998844861984253E-01         9.510635550213919E-07        -1.199228633064209E-10
         9.997579455375671E-01         8.917060654312081E-07        -9.392563116161767E-11
         9.992825388908386E-01         1.856886001405655E-06        -3.079895505297969E-10
         9.996005892753601E-01         1.484650852034974E-06        -2.371033924752908E-10
         9.997940063476562E-01         1.334088551629975E-06        -2.142633986901288E-10
         1.000481486320496E+00        -1.329601095889643E-09        -6.291262649726903E-11
         1.000268220901489E+00         1.452973652504852E-08        -1.024032664220798E-10
         1.000374555587769E+00        -6.083549806135125E-07        -5.915361950270537E-11
         1.000271439552307E+00        -9.014786428451771E-07        -1.458712491075875E-11
         9.997748732566833E-01         2.711734659044396E-08        -7.361507931014089E-11
         1.000144600868225E+00        -1.814608339145707E-07         3.354269639821439E-11
         9.998027086257935E-01         5.707083232664445E-07        -6.112888667475502E-11
         1.000021457672119E+00         3.389770313333429E-07        -6.859610796050575E-11
         9.997358322143555E-01         1.393833031215763E-06        -3.444934060237159E-10
         1.001128196716309E+00        -6.580255558219505E-07        -9.382391391588030E-11
         1.000995993614197E+00        -6.011703845842931E-08        -1.051323472722743E-10
         1.001405000686646E+00        -6.822919544902106E-07        -8.077230551073455E-11
         1.001267075538635E+00        -7.690975394325505E-07         3.171366641518958E-11
         1.000810146331787E+00         3.103305701301906E-08         4.740860481966536E-11
         1.000433683395386E+00         6.065487241357914E-07        -3.558325856189981E-11
         1.000114917755127E+00         5.484122311827377E-07        -2.251175287848461E-11
         1.000315427780151E+00         3.138493696042133E-07         9.902020176033588E-11
         1.000219583511353E+00         1.557706639232492E-07         1.310049430047755E-10
         1.000276327133179E+00        -6.100540304032620E-07         2.148600047879867E-10
         1.000129699707031E+00        -7.625288844792522E-07         2.246157565499729E-10
         1.000525236129761E+00        -1.402252109983237E-06         2.949972488508479E-10
         1.000358462333679E+00        -8.573348395657376E-07         2.087607725576035E-10
         1.000290870666504E+00        -3.560950858627621E-07         1.268773974771875E-10
         1.000288248062134E+00        -3.715805974024988E-07         1.491736872916150E-10
         1.000194311141968E+00         1.322316904861509E-07         9.758994307107471E-11
         1.000060915946960E+00         4.220092648665741E-07         3.049838159796536E-11
         1.000008106231689E+00         3.020143708454270E-07         2.221930278656359E-11
         1.000205874443054E+00        -1.239881584069735E-07         1.349334671774116E-10
         1.000280737876892E+00         5.029494687391889E-08         1.131625210204490E-10
         1.000030517578125E+00         4.280256149513662E-09         5.081993159627984E-11
         9.999976158142090E-01        -1.405362297646207E-07         2.745536090142942E-11
         9.999619126319885E-01         2.834714791788429E-07        -3.278440713350150E-11
         9.999902248382568E-01         5.212417590882978E-07        -1.101878172038440E-10
         9.998290538787842E-01         5.922001378166897E-07        -1.890944484328472E-10
         9.995985627174377E-01         7.269442789947789E-07        -1.788221098975029E-10
         9.993063807487488E-01         1.212268216477241E-06        -3.784113578042536E-10
         9.996575713157654E-01         2.423410876417620E-07        -8.828593411891461E-11
         9.998554587364197E-01         9.023104325933673E-07        -1.003321647985445E-09
         9.999909996986389E-01        -5.313106399285061E-08        -4.751805546265864E-11
         9.993230104446411E-01         1.456780751141196E-06        -2.975951152173195E-10
         1.000309109687805E+00        -3.526253351537889E-07         1.169677375789657E-11
         9.994889497756958E-01         1.037205151988019E-06        -1.228667029229413E-10
         1.000041127204895E+00        -4.553160337650297E-08        -4.513353232815653E-12
         9.997856020927429E-01         2.728414756347775E-07         6.459021512084107E-11
         9.995359182357788E-01         1.055511020808808E-07         9.449097060354461E-11
         9.992117285728455E-01         3.292296071322198E-07         5.540700537265408E-11
         9.997624754905701E-01        -6.042596396582667E-07         1.574929908709777E-10
         9.996046423912048E-01         4.617282343133411E-07        -3.852494365186310E-11
         1.000161647796631E+00        -4.274984917174152E-07         1.131167035040015E-10
         9.998813867568970E-01         5.165978222976264E-07        -1.104151232250716E-11
         1.000440835952759E+00        -5.040810151513142E-07         9.984720689137916E-11
         1.000313282012939E+00         3.380054067747551E-07        -6.754006381948230E-11
         1.000352263450623E+00         7.704458937496383E-08        -1.141342229060704E-10
         9.999969005584717E-01         4.591770448314492E-07        -1.784772885038421E-10
         1.000139951705933E+00        -2.676998178685608E-08        -1.170408076012208E-10
         1.000195860862732E+00        -2.594977388525876E-07        -1.716948111463168E-11
         1.000113725662231E+00         1.220321195205543E-07        -2.246587638143893E-11
         1.000653982162476E+00        -7.669505635021778E-07         4.587500865294025E-11
         9.999089837074280E-01         5.813312213831523E-07        -1.102328575641742E-10
         9.998223185539246E-01         4.923836627312994E-07        -6.023687104672604E-11
         1.000513911247253E+00        -2.554772891016910E-07        -1.582356051743616E-10
         9.999980330467224E-01        -1.173873158677452E-07        -2.048521942354942E-11
         9.998576641082764E-01        -4.644853959234752E-07         8.852833049965980E-11
         9.994103908538818E-01         1.359376966547643E-07         1.379961336173130E-11
         1.000113129615784E+00        -1.039796529767045E-06         1.548229183745420E-10
         1.000150799751282E+00        -7.752167334729165E-07         1.120913917240784E-10
         1.000041365623474E+00        -3.915049262559478E-07         4.616366750670453E-12
         9.997520446777344E-01         3.766016902773117E-07        -1.037600491637924E-10
         1.000256061553955E+00        -3.684244802570902E-07         8.578136118098101E-11
         1.000582218170166E+00        -4.676778075918264E-07         1.033317043042103E-10
         1.000219225883484E+00         1.323114844353768E-07         1.083886383423938E-10
         1.000137805938721E+00        -1.737996768724770E-07         1.710737246307659E-10
         0.000000000000000E+00         0.000000000000000E+00         0.000000000000000E+00
         0.000000000000000E+00         0.000000000000000E+00         0.000000000000000E+00
         9.998121857643127E-01         3.033190409951203E-07         3.405646251120054E-11
         1.000003337860107E+00         4.931061425850203E-07        -9.863793809516963E-11
         9.998912811279297E-01         7.709369924668863E-07        -1.497347801304727E-10
         9.997424483299255E-01         5.367834319258691E-07        -2.544804124371414E-11
         9.997692704200745E-01        -1.994723675124987E-07         6.743447467094654E-11
         9.994792342185974E-01         2.878248324122978E-07         7.969240545246947E-11
         1.000054359436035E+00        -4.995536073693074E-07         1.952997902288089E-10
         9.994384050369263E-01         5.899666462028108E-07         9.652175586571943E-11
         0.000000000000000E+00         0.000000000000000E+00         0.000000000000000E+00
         9.991119503974915E-01        -1.400794928940741E-07         2.120323500109933E-10
         9.992343783378601E-01        -5.237934601609595E-07         1.813915406767563E-10
         9.994922280311584E-01        -1.080633410310838E-06         1.280857919727652E-10
         9.988574981689453E-01         2.899093765051930E-08         9.578132037502129E-11
         0.000000000000000E+00         0.000000000000000E+00         0.000000000000000E+00
         0.000000000000000E+00         0.000000000000000E+00         0.000000000000000E+00
         9.987739324569702E-01         3.418687697376299E-07         5.417260043327765E-11
         9.996219277381897E-01        -7.621640634170035E-07         2.832898325644262E-11
         9.989237189292908E-01         9.619842558095115E-07        -1.387692738497037E-10
         9.997162818908691E-01         1.412309469372985E-08        -3.677716464700609E-11
         9.994502067565918E-01         7.986625405465020E-07        -1.125986318073480E-10
         1.000013351440430E+00        -3.212260253349086E-07        -5.318931059483667E-11
         9.997245669364929E-01        -2.007352435384746E-07        -1.177110076078236E-10
         9.994352459907532E-01         1.402854934440256E-07        -2.270767324175083E-10
         9.995051026344299E-01        -3.536991641794884E-07        -4.335908368457986E-11
         9.991026520729065E-01         7.280578415702621E-07        -1.050726242124433E-10
         1.000323891639709E+00        -1.052872107720759E-06         2.642238337846603E-11
         1.000271201133728E+00        -6.406918942047923E-07         9.219675804056360E-13
         1.000405073165894E+00        -8.222768315135909E-07        -5.768099886616085E-11
         1.000009298324585E+00        -1.409892860237960E-07        -7.268671081694933E-11
         9.998535513877869E-01         4.430035858149495E-07        -2.293025630484280E-10
         9.999472498893738E-01         6.261537919272087E-07        -2.498947715423583E-10
         1.000441789627075E+00         1.515528822437773E-07        -1.111319647417730E-10
         1.000751018524170E+00        -3.054915609368436E-08        -1.060082854831279E-10
         1.000474214553833E+00        -2.590065051322199E-08        -8.780032256794357E-11
         1.000226020812988E+00         3.089573965553427E-07        -1.499019658401934E-10
         9.998520016670227E-01         6.782663035664882E-07        -1.566583807122157E-10
         9.994131922721863E-01         1.299682480748743E-06        -2.014679950645970E-10
         9.994713068008423E-01         1.375669739900331E-06        -2.062501142097162E-10
         9.996725320816040E-01         7.962826771290565E-07        -2.514919383855840E-10
         9.997899532318115E-01         2.942470871403202E-07        -2.493453221674713E-10
         9.999845623970032E-01         2.146768451893877E-08        -1.838848240343083E-10
         9.995905160903931E-01         1.420970221488460E-07        -8.005085483375751E-11
         9.992991089820862E-01         5.568423944168899E-07         4.039181836223982E-11
         9.993683099746704E-01         1.099576820706716E-06        -5.154817545038881E-12
         1.000014662742615E+00         1.848559492145796E-07        -5.809577818816081E-10
         9.997074007987976E-01        -1.867984877890194E-07         1.564920693031269E-10
         9.997089505195618E-01        -4.535399398264417E-07         4.914522608312488E-11
         9.994724988937378E-01        -5.280014758746177E-10        -8.206020585266316E-11
         9.991347193717957E-01         9.644553529142286E-07        -1.659653664498606E-10
         9.993690848350525E-01         1.135261868512316E-06        -8.244868676676731E-11
         9.995242953300476E-01         1.131655039898760E-06        -9.715827448131265E-11
         9.997026920318604E-01         8.912008411243733E-07        -4.004672982116375E-11
         9.998297095298767E-01         3.922256439636840E-07        -5.165535100354335E-12
         9.999403953552246E-01        -2.757518871021603E-07         3.169036214001331E-11
         1.000008106231689E+00        -5.139012841937074E-07         8.999789802288660E-11
         1.000175833702087E+00        -7.408229407701583E-07        -7.376470961828474E-11
         9.998526573181152E-01        -3.361778908583801E-07        -5.196837404852772E-11
         9.995144009590149E-01         6.166924322315026E-07        -8.802796686024905E-11
         9.993466138839722E-01         7.407222710753558E-07         9.420155627770654E-12
         9.994549751281738E-01         3.987709362718306E-07         5.943193159829718E-11
         9.995210170745850E-01         2.258582298964029E-07         3.269469764366484E-11
         9.990867972373962E-01         1.219746309288894E-06        -7.607531965492242E-11
         9.991220235824585E-01         1.755946072989900E-06        -1.932878718191589E-10
         9.992417693138123E-01         2.008609953918494E-06        -3.012352312037336E-10
         9.997496604919434E-01         1.508183572695998E-06        -3.192095754389612E-10
         1.000059843063354E+00         1.241164795828809E-06        -4.182953705633707E-10
         1.000414729118347E+00         8.807638778307592E-07        -2.427585632513996E-10
         9.997889995574951E-01         1.740590505505679E-06        -2.717526759177247E-10
         9.990442395210266E-01         2.512993660275242E-06        -3.543102478076321E-10
         9.990597367286682E-01         2.264257091155741E-06        -2.594226222729645E-10
         9.991081357002258E-01         1.840763161453651E-06        -2.395852405356891E-10
         9.991383552551270E-01         1.675792077548977E-06        -1.684622441544548E-10
         9.992403984069824E-01         1.279012735722063E-06        -8.432680248526836E-11
         9.994086027145386E-01         8.484860245516757E-07         4.024983471517807E-12
         9.995801448822021E-01         7.038769922473875E-07        -2.867867748834740E-11
         9.985851645469666E-01         2.318637143616797E-06        -5.413556825040189E-10
         9.990409612655640E-01         1.990143573493697E-06        -5.451487039564995E-10
         9.997779726982117E-01         1.401825102220755E-06        -2.687320921346270E-10
         9.995437264442444E-01         2.016447297137347E-06        -1.580973407744324E-10
         9.984070658683777E-01         3.305774271211703E-06        -3.481316068754126E-10
         0.000000000000000E+00         0.000000000000000E+00         0.000000000000000E+00
         0.000000000000000E+00         0.000000000000000E+00         0.000000000000000E+00
         0.000000000000000E+00         0.000000000000000E+00         0.000000000000000E+00
         1.000023722648621E+00        -2.226475089628366E-06         6.861265999802413E-10
         1.000050663948059E+00        -1.120921183428436E-06        -6.606667296571445E-11
         1.000205159187317E+00        -3.669887576052133E-07        -5.840206651619440E-10
         1.000454068183899E+00        -3.940343447084160E-07        -5.618864262757484E-10
         1.000713706016541E+00        -5.639608957608289E-07        -5.806828906607109E-10
         1.001504659652710E+00        -1.411588755217963E-06        -3.327774444894516E-10
         1.001679778099060E+00        -1.742071845001192E-06        -1.893620260595696E-10
         1.001933336257935E+00        -2.090510406560497E-06         1.520937542576206E-11
         1.001721978187561E+00        -1.952463207999244E-06        -2.767036599848893E-12
         1.001155018806458E+00        -1.781566311365168E-06        -4.091006353124094E-11
         1.000705003738403E+00        -1.577199668645335E-06        -8.587731914477814E-11
         1.000866889953613E+00        -2.252882495668018E-06         1.167667906809555E-10
         1.000303745269775E+00        -1.668442223490274E-06         1.035176198233012E-11
         9.999057054519653E-01        -1.148978867604455E-06        -3.858432323644578E-11
         9.997527599334717E-01        -4.336933727699943E-07        -1.901054036412830E-10
         1.000057935714722E+00        -3.521299731801264E-07        -2.559736589358153E-10
         1.000249862670898E+00        -5.111953669256764E-07         8.232356463189205E-11
         1.000619411468506E+00        -8.356411171916989E-07         1.372488789286308E-10
         1.000961661338806E+00        -1.488898419665929E-06         3.686485283704855E-10
         1.000927567481995E+00        -1.590716919963597E-06         7.544787572477674E-10
         1.001183509826660E+00        -1.581785681992187E-06         4.512639428799758E-10
         1.001256585121155E+00        -1.137089952862880E-06         1.604481408845615E-10
         1.000983715057373E+00        -1.040225924953120E-06         2.345444949369835E-10
         1.000383019447327E+00        -5.074506361779640E-07         2.155747802490282E-10
         1.000622391700745E+00        -6.223995114851277E-07         2.028203299753173E-10
         1.000835180282593E+00        -4.050372695019178E-07        -1.071010576232656E-12
         1.000896096229553E+00        -7.295172963495133E-07         3.015270672035442E-11
         1.000521302223206E+00         2.733433177581901E-07        -2.477200944372981E-10
         1.000191688537598E+00         6.653319815086434E-07        -2.283417760429174E-10
         9.998884201049805E-01         7.605824521306204E-07        -2.272552562798680E-10
         9.997963309288025E-01         2.370453131561590E-07         2.039086260952061E-11
         9.998462200164795E-01        -1.919140970585431E-07         3.584053887006888E-10
         1.000107169151306E+00        -3.753700639208546E-07         3.504987966529427E-10
         1.000388860702515E+00        -5.298188057167863E-07         2.984539004824427E-10
         1.000481843948364E+00        -7.265039698722831E-07         2.787058361874983E-10
         1.000668048858643E+00        -1.206937781716988E-06         3.412574389738410E-10
         1.000444412231445E+00        -3.826476984158944E-07         1.196513027545976E-10
         1.000040531158447E+00         5.431741456618511E-08         5.707851552516630E-11
         9.997411966323853E-01         7.004729809523269E-07        -4.420559404638702E-11
         9.999476671218872E-01         5.782800371889607E-07        -6.907114463716724E-11
         9.999370574951172E-01         6.438179411816236E-07        -2.188376979628259E-10
         9.997874498367310E-01         4.322801885336958E-07        -1.692160717103874E-10
         9.995240569114685E-01         2.629554103350529E-07        -1.710627819950794E-11
         9.996123313903809E-01         3.794934855250176E-07        -7.956585043600306E-12
         9.995500445365906E-01         9.657642294769175E-07        -1.954610084897723E-10
         9.995551705360413E-01         1.007370997285761E-06        -2.069698579187929E-10
         9.996547698974609E-01         1.028863266583357E-06        -1.810277344693745E-10
         9.999418258666992E-01         6.169444759507314E-07        -2.013111344290053E-10
         1.000245928764343E+00         3.448969039254735E-07        -1.078125921871731E-10
         1.000658273696899E+00        -4.262057018422638E-07         4.497765354605221E-11
         1.000549316406250E+00        -2.496350930414337E-07        -4.446111881439840E-11
         1.000187754631042E+00         5.759532228921671E-08        -2.181439057169499E-10
         9.999324083328247E-01         1.014317803083031E-07        -2.198078524751068E-10
         9.998967647552490E-01         2.290062894871880E-07        -2.393735487604687E-10
         9.997731447219849E-01         3.946113906749815E-07        -1.890112927283027E-10
         1.000153064727783E+00        -4.822828145734093E-07         4.658535363022409E-11
         1.000160336494446E+00        -5.335844548426394E-07         6.744795694180183E-11
         1.000065565109253E+00        -8.460619369543565E-07         2.346554617282948E-10
         1.000089764595032E+00        -1.116044586524367E-06         4.460090075042444E-10
         1.000170230865479E+00        -7.829216883692425E-07         3.823146244030795E-10
         1.000429511070251E+00        -8.280090924017713E-07         2.398345411158687E-10
         1.000719666481018E+00        -1.419850491402030E-06         3.938958326177300E-10
         1.001141190528870E+00        -1.839191213548474E-06         5.064693664458275E-10
         1.001143097877502E+00        -1.654762968428258E-06         4.527328234527062E-10
         1.000581145286560E+00        -8.045963113545440E-07         1.364708901441247E-10
         1.000181913375854E+00        -2.976767987661333E-08        -9.688545105079882E-11
         9.998069405555725E-01         5.768861797150748E-07        -3.906821255394988E-10
         9.993816614151001E-01         1.246471242666303E-06        -4.780751350352830E-10
         9.993218183517456E-01         1.150949969996873E-06        -4.155065180810880E-10
         9.993724822998047E-01         1.201489681079693E-06        -4.923583207805393E-10
         9.993290901184082E-01         1.507053980276396E-06        -4.648504636772799E-10
         9.997754096984863E-01         9.344912541564554E-07        -3.924351954509575E-10
         9.996192455291748E-01         7.925153227006376E-07        -2.737982063294453E-10
         9.995527267456055E-01         7.231279823827208E-07        -2.142824390150011E-10
         9.999117255210876E-01         6.704143515889882E-07        -2.096419704500363E-10
         9.998721480369568E-01         4.771441126649734E-07        -1.517072856227486E-10
         9.999451637268066E-01         4.732232810056303E-07        -1.777689662141313E-10
         1.000195264816284E+00         3.890132234118937E-07        -1.776034042055841E-10
         1.000142335891724E+00         3.161284496400185E-07        -2.204007393258323E-10
         1.000213027000427E+00         1.050634352850466E-07        -8.991737909802566E-11
         1.000306129455566E+00        -1.009405181662260E-07         3.084381361428967E-11
         1.000260829925537E+00         1.761975596537013E-07         3.607678739081521E-11
         1.000316500663757E+00         2.340148910207063E-07         7.753604702731565E-11
         9.999194145202637E-01         8.158336299857183E-07        -1.314686276510102E-10
         9.997642040252686E-01         8.745461741455074E-07        -1.941728722254510E-10
         1.000194191932678E+00         3.329689945985592E-07        -1.280844597051356E-10
         1.000373721122742E+00         2.271025465461207E-07        -1.279230055217795E-10
         1.000829219818115E+00        -3.949828055738180E-07         6.460874890645840E-11
         1.000730991363525E+00        -4.464522476155253E-07         6.706655369947967E-11
         1.000555872917175E+00        -1.062116780303768E-06         3.652454727554044E-10
         1.000676155090332E+00        -1.608359411875426E-06         5.410881187550842E-10
         1.000720858573914E+00        -1.356894699711120E-06         4.165197631245121E-10
         1.000219583511353E+00        -4.488250056056131E-07         2.015770744767664E-10
         1.000296235084534E+00        -5.308627919475839E-07         1.701154911382119E-10
         1.000835061073303E+00        -1.362252874059777E-06         4.093249073022776E-10
         1.001127123832703E+00        -1.949948682522518E-06         6.356128401385774E-10
         1.001189827919006E+00        -2.053648358923965E-06         7.772544829975914E-10
         1.001260995864868E+00        -1.920989234349690E-06         5.393441804280030E-10
         1.000910520553589E+00        -1.339824962087732E-06         3.928374014972036E-10
         1.000836253166199E+00        -1.491364855610300E-06         5.314738094064353E-10
         1.001023650169373E+00        -1.836729552451288E-06         4.944918918781127E-10
         1.000694155693054E+00        -1.424122956450447E-06         4.427747890556333E-10
         1.000635027885437E+00        -1.398667109242524E-06         3.916864610431503E-10
         9.996987581253052E-01        -2.651268289355357E-07         1.714435954314197E-10
         9.994809031486511E-01         5.715936524097742E-08        -3.348891997045911E-11
         9.991183876991272E-01         8.955764769780217E-07        -2.633804563334508E-10
         9.988541603088379E-01         1.426440348950564E-06        -4.889333937718732E-10
         9.990249872207642E-01         1.025066467263969E-06        -3.028780559688471E-10
         9.995661973953247E-01        -3.139540751817549E-07         1.199982890831564E-10
         1.000141143798828E+00        -1.161989189313317E-06         4.345646897885302E-10
         9.999799132347107E-01        -8.115272862596612E-07         4.032738587511631E-10
         9.998902082443237E-01        -2.490289432444115E-07         1.628945589526865E-10
         1.000153660774231E+00        -4.426636621701618E-07         8.070120960379512E-11
         1.000341057777405E+00        -8.821864980745886E-07         2.892473760507386E-10
         9.999997615814209E-01        -7.531785399805813E-07         2.163707268909576E-10
         9.996097683906555E-01        -5.637307936012803E-07         2.163064866111952E-10
         9.994977712631226E-01        -7.110123760867282E-07         2.414067556966160E-10
         9.994434714317322E-01        -2.874834024169104E-07         1.722394588066223E-10
         9.997584223747253E-01         3.144582194636314E-08         8.119235839210148E-11
         9.994923472404480E-01         6.625180049013579E-07        -2.170293805781043E-10
         9.997213482856750E-01         4.369914563540078E-07        -3.022796596363619E-11
         1.000013828277588E+00        -1.004066803034220E-07         4.427066699341786E-11
         1.000150561332703E+00        -5.475088755702018E-07         2.103449636692289E-10
         9.996958374977112E-01        -2.827314204978393E-08        -1.322567749761916E-10
         9.995303153991699E-01        -9.064378048151411E-08        -1.228705748257397E-10
         9.990348219871521E-01         5.605073738479405E-07        -2.019062556035678E-10
         9.990029931068420E-01         6.711367177558714E-07        -1.598809418190683E-10
         9.985859394073486E-01         1.264588377125619E-06        -3.562657391320556E-10
         9.987623691558838E-01         1.372236170027463E-06        -3.246146962343488E-10
         9.990171194076538E-01         1.438966251043894E-06        -2.819952049648577E-10
         9.999065995216370E-01         7.890274673627573E-07        -2.375919738728527E-10
         1.000187993049622E+00         8.216487117351789E-07        -2.425593614852062E-10
         1.000577688217163E+00        -2.145599431457867E-08        -5.512971676391309E-11
         1.000129103660583E+00         3.826190777544980E-07        -1.272794925011311E-10
         1.000130295753479E+00         3.018497807261156E-07        -1.650172359868307E-10
         9.996652007102966E-01         8.184485409401532E-07        -2.568990575824159E-10
         9.995364546775818E-01         1.131250314756471E-06        -3.780726287594405E-10
         9.993255734443665E-01         1.101083284993365E-06        -3.482258092990520E-10
         9.993380308151245E-01         7.082463184815424E-07        -2.077978067394071E-10
         9.993069171905518E-01         2.977276665205864E-07        -5.816189543872419E-12
         9.997560977935791E-01         1.394028714685192E-08         5.891909876654111E-11
         1.000007867813110E+00         3.847097929110532E-08         1.231665047729535E-10
         1.000299811363220E+00        -1.366869071262045E-07         9.158453856406013E-11
         1.000035047531128E+00         8.223922520755877E-08         1.268964378020598E-10
         9.998484849929810E-01        -7.228956100391315E-09         1.796714027557655E-10
         9.998612403869629E-01         3.321029282687959E-07         3.031194739655518E-11
         9.997096657752991E-01         1.152664367509715E-06        -2.864607995256563E-10
         9.996450543403625E-01         1.265691253138357E-06        -3.746455645714519E-10
         1.001337051391602E+00        -2.704588041524403E-06         4.389154872885825E-10
         1.000509738922119E+00        -1.805211581995536E-06         5.402478464588967E-10
         1.000516176223755E+00        -2.431085022180923E-06         8.707408682973039E-10
         1.000149965286255E+00        -1.810762910281483E-06         7.422482073415893E-10
         1.000310420989990E+00        -1.935495674842969E-06         5.108744538517840E-10
         1.000192999839783E+00        -1.795885737010394E-06         8.702319420628157E-10
         9.997836351394653E-01         7.545460078972610E-08         1.298509355596167E-10
         1.000253558158875E+00        -4.915904128210968E-07         1.086425220619969E-12
         9.998118877410889E-01         6.297260597420973E-07        -1.700641849566864E-10
         1.000001311302185E+00         4.944353904079435E-08        -6.813717645659523E-11
         1.000856280326843E+00        -1.816911208152305E-06         7.000863777584243E-10
         1.001337528228760E+00        -2.895484158216277E-06         1.037373853485235E-09
         1.000394701957703E+00        -1.455518940929323E-06         6.287306786312286E-10
         9.999499917030334E-01        -4.243152886829193E-07         1.952219774725705E-10
         1.000151753425598E+00        -1.513152341203750E-07         1.505125885037373E-10
         1.000237226486206E+00        -3.003855226779706E-07         2.802719167860346E-10
         9.999004006385803E-01         4.215008289065736E-07         1.002663230220691E-11
         9.994424581527710E-01         2.046582039838540E-06        -4.458874103274724E-10
         9.999300241470337E-01         1.024868765853171E-06        -3.911572454828871E-10
         1.000161528587341E+00         4.059034779402282E-07        -2.620176298151478E-10
         1.000354766845703E+00         4.905527362097928E-07        -3.106168933175724E-10
         1.000237464904785E+00         7.441789193762816E-07        -3.502326761939401E-10
         1.000410079956055E+00         4.930524255541968E-07        -3.428192174581568E-10
         1.000894904136658E+00        -5.481865628098603E-07         1.044921579818059E-10
         1.001127481460571E+00        -7.968973250171985E-07         1.386057379981764E-10
         1.001189708709717E+00        -4.510567350735073E-07         2.021724107570400E-11
         1.001368999481201E+00        -8.867965561876190E-07         2.160197853928736E-10
         1.000994443893433E+00        -5.823220590173150E-07         1.368978125304565E-10
         1.000100255012512E+00         8.767729013925418E-07        -4.511371831661393E-10
         9.992485046386719E-01         1.835381908676936E-06        -6.741791569453426E-10
         9.989131093025208E-01         1.664351202634862E-06        -5.647481926551734E-10
         9.990670680999756E-01         1.732116402308748E-06        -5.402851499525241E-10
         9.994632005691528E-01         9.796087852009805E-07        -1.809239702499355E-10
         9.996685385704041E-01         2.011271220681010E-07        -1.894515100353544E-11
         9.991562962532043E-01         4.641227064894338E-07        -1.258892989852711E-10
         9.989452362060547E-01         4.912263875667122E-07        -1.540432226221355E-10
