         1.001981019973755E+00        -4.933410195917531E-07         1.490733508857645E-10
         1.002521395683289E+00        -1.012254188026418E-06         3.844476403891406E-10
         1.002082347869873E+00        -4.994653863832355E-07         1.948665534490246E-10
         1.001710653305054E+00        -6.871758273518935E-08         3.137061097002736E-11
         1.001598715782166E+00        -5.248154479886580E-07         2.749598881912618E-10
         1.001563668251038E+00        -7.099853291947511E-07         3.397334635835136E-10
         1.001444220542908E+00        -6.989890266595467E-07         3.060583453340371E-10
         1.001151919364929E+00        -8.382386909033812E-07         4.606050818534158E-10
         1.000564694404602E+00         2.802562448778190E-07        -2.643661678458642E-11
         1.000164508819580E+00         7.720088888163446E-07        -1.766015944593136E-10
         9.996888041496277E-01         1.370048153148673E-06        -3.502683976197574E-10
         9.994746446609497E-01         1.947903456311906E-06        -6.039313493744203E-10
         9.999268054962158E-01         9.523309358883125E-07        -2.604720605869915E-10
         1.000522613525391E+00        -4.096024142086208E-08         1.252116049732521E-10
         1.000448107719421E+00         6.368829907898998E-09         1.024603318855455E-10
         9.998960494995117E-01         7.935765324873501E-07        -2.213534633366265E-10
         9.992465376853943E-01         1.979984290301218E-06        -6.538726782245874E-10
         9.993016719818115E-01         1.485351504015853E-06        -5.084906939956113E-10
         9.996918439865112E-01         9.803827651921893E-07        -3.561537176288709E-10
         1.000045895576477E+00         5.431556928670034E-07        -2.195350568001686E-10
         9.998840689659119E-01         7.033520432742080E-07        -2.726740500058611E-10
         9.999030232429504E-01         7.332373570534401E-07        -2.500609996847203E-10
         1.000075936317444E+00         4.988126534044568E-07        -1.663934129370048E-10
         1.000454783439636E+00         1.714986268552821E-07        -7.846207017436768E-11
         1.000439286231995E+00         1.297028688895807E-07        -3.225754732771868E-11
         1.000281691551208E+00         3.455005881392026E-08        -2.750871752610351E-11
         1.000108242034912E+00         3.537371924267063E-07        -1.494974005700200E-10
         1.000152707099915E+00         1.391064614608695E-07        -1.136472999041516E-10
         1.000612378120422E+00        -6.070521294532227E-07         1.657818604616779E-10
         1.000398635864258E+00        -3.514741990784387E-07         1.063029039793939E-10
         1.000415682792664E+00        -2.150826077240708E-07         1.074131669026590E-11
         1.001219272613525E+00        -1.267549805561430E-06         3.457141517504425E-10
         1.000775218009949E+00        -7.393576879621833E-07         1.601426075081847E-10
         1.000376939773560E+00        -3.001115373990615E-07         2.058373090030319E-11
         1.000343799591064E+00        -8.282545138627029E-08        -9.261424266382434E-11
         1.000430703163147E+00        -2.277813280215923E-07        -3.365702508362212E-11
         1.000500917434692E+00        -6.715166023241181E-07         1.463897336684283E-10
         9.997133016586304E-01        -5.213998477415771E-08        -2.935814438775886E-11
         9.995251297950745E-01        -3.437984332776978E-07         1.316889097768836E-10
         9.989853501319885E-01         4.923296046399628E-07        -1.713063579877883E-10
         9.990814924240112E-01         4.074756532190804E-07        -1.273818689417894E-10
         9.992395639419556E-01         5.440965011871413E-08         1.877911368075580E-11
         9.995787143707275E-01         1.225476040644935E-07        -6.431988969213265E-11
         9.993591308593750E-01         2.079291334666777E-07        -2.526055753460099E-11
         9.989212155342102E-01         7.424050636473112E-07        -1.836136798161192E-10
         9.988542795181274E-01         9.056780072569381E-07        -2.725396297531546E-10
         9.988368153572083E-01         1.057658209902002E-06        -3.107210877484334E-10
         9.986028671264648E-01         1.434987780157826E-06        -4.554322752259310E-10
         9.992446899414062E-01         6.002311465636012E-07        -1.824072282108347E-10
         9.990368485450745E-01         1.018141801978345E-06        -3.113640456575695E-10
         9.989497661590576E-01         1.292590013690642E-06        -4.304610001781839E-10
         9.988722205162048E-01         1.060830868482299E-06        -3.139032367371897E-10
         9.992231726646423E-01         6.212172820596606E-07        -1.825422452084169E-10
         9.994752407073975E-01         2.011444166782894E-07        -2.983727501182365E-11
         9.995599985122681E-01         3.310704528303177E-07        -1.107592906279820E-10
         9.990774393081665E-01         6.702014161419356E-07        -1.729199283762028E-10
         9.989603161811829E-01         9.126834470407630E-07        -2.692102374357574E-10
         9.990546703338623E-01         9.999167787100305E-07        -3.419203253862690E-10
         9.995488524436951E-01         8.149451673489239E-07        -2.906320739626267E-10
         9.995437860488892E-01         9.382288226333912E-07        -3.638707113395867E-10
         9.996166229248047E-01         5.958892188573373E-07        -2.265855419958385E-10
         9.988434314727783E-01         1.649278146942379E-06        -6.165723487328023E-10
         9.988032579421997E-01         1.165788717116811E-06        -3.286129146573558E-10
         9.986230731010437E-01         1.204509203489579E-06        -3.108547308450227E-10
         9.986448287963867E-01         1.111695837607840E-06        -2.941272225776004E-10
         9.985415935516357E-01         9.225602752849227E-07        -1.985126368841961E-10
         9.986569285392761E-01         6.543527319990972E-07        -6.143072162068108E-11
         9.991793036460876E-01         3.731185671540516E-08         1.240600677743231E-10
         9.992786645889282E-01         5.481270548557404E-08         1.128218213297671E-10
         9.995182752609253E-01        -2.670820187233858E-08         9.035233672349818E-11
         9.995580315589905E-01         6.015640252599042E-08        -1.900128318577110E-11
         9.998220801353455E-01        -6.556275025104696E-07         2.372206597822668E-10
         9.993737339973450E-01        -4.661364414459968E-07         2.068327870086151E-10
         9.991276860237122E-01         2.836637236214301E-08         3.537509174478259E-11
         9.992259144783020E-01        -1.003567096091729E-08         9.114371063434490E-11
         9.993481636047363E-01        -3.134459234388487E-07         2.040910634937276E-10
         9.990691542625427E-01        -1.646198626303885E-07         1.491573531353652E-10
         9.991205334663391E-01        -3.110372404080408E-07         1.957086437354150E-10
         9.993885159492493E-01        -5.180968400964048E-07         2.398177489926212E-10
         9.996371269226074E-01        -5.294701281854941E-07         2.186310854579432E-10
         9.999440908432007E-01        -3.604829998948844E-07         8.750405955382234E-11
         9.996396303176880E-01         4.690749904057157E-07        -2.656607711593040E-10
         9.995852708816528E-01         6.524757054648944E-07        -3.086539634988839E-10
         9.996824264526367E-01         3.361587062045146E-07        -1.824461137722722E-10
         1.000384807586670E+00        -5.149004778104427E-07         1.390910581156035E-10
         1.000545144081116E+00        -2.985873948091466E-07         2.466440940374071E-11
         1.000763654708862E+00        -5.077254741081560E-07         1.308168018354650E-10
         1.000621676445007E+00        -8.676225604631327E-08        -3.359050234144623E-12
         1.001119971275330E+00        -7.861106041673338E-07         2.209308569423030E-10
         1.000870585441589E+00        -4.062631830947794E-07         1.071309777000984E-10
         1.000373482704163E+00         4.088264802248887E-07        -1.620520662104497E-10
         1.000717043876648E+00        -8.181768151871438E-08         3.174230409769274E-12
         1.000796556472778E+00         1.221069112489204E-07        -5.424298510359193E-11
         1.000212788581848E+00         8.018782864382956E-07        -3.072026244499426E-10
         1.000465869903564E+00         5.468904760164151E-07        -2.135138038594775E-10
         1.000398397445679E+00         1.463146332980614E-07        -5.520398027591966E-11
         1.000372886657715E+00        -3.205222753877024E-07         1.174117469915359E-10
         1.000511050224304E+00        -4.564067239698488E-07         1.631745988328603E-10
         1.000503778457642E+00        -8.701644560460409E-07         3.730298292481393E-10
         1.000568866729736E+00        -6.301395387708908E-07         2.480109451141743E-10
         1.000950336456299E+00        -1.076647436093481E-06         3.834997874818669E-10
         1.000600576400757E+00        -5.452188247545564E-07         2.009310912098883E-10
         1.000810265541077E+00        -5.393184778768045E-07         1.756457063128991E-10
         1.000911116600037E+00        -7.365434271378035E-07         2.442953339620857E-10
         1.000748276710510E+00        -8.449454753645114E-07         3.191641118061028E-10
         1.000932455062866E+00        -1.107605612560292E-06         4.030576428171173E-10
         1.000922918319702E+00        -1.559371412440669E-06         6.137398922412274E-10
         1.000973939895630E+00        -1.389126737194601E-06         5.535663594180562E-10
         1.000503659248352E+00        -8.604310437476670E-07         3.371955492603718E-10
         1.000467419624329E+00        -1.301254542340757E-06         4.478785953221376E-10
         1.000178575515747E+00        -9.354172902931168E-07         2.934343046323562E-10
         9.998320341110229E-01        -7.165015603050051E-08        -4.244650117501969E-11
         9.995167851448059E-01         3.786123272675468E-07        -1.862574677824469E-10
         9.997027516365051E-01         4.134885784878861E-07        -2.269745641436671E-10
         1.000372052192688E+00        -6.981018714213860E-07         1.844246144688810E-10
         1.000238180160522E+00        -5.119193815517065E-07         1.535595539614576E-10
         1.000507712364197E+00        -2.558102778493776E-07         3.215071264772718E-11
         1.000491857528687E+00        -1.215961162870371E-07        -4.034069259195583E-11
         1.000364422798157E+00        -2.011450028760464E-08        -7.126273182667120E-11
         9.998259544372559E-01         6.243012649065349E-07        -2.749926952816395E-10
         9.999420642852783E-01         6.334321938084031E-07        -3.171609086471960E-10
         9.996706843376160E-01         9.837729066930478E-07        -4.170747358589466E-10
         9.995059370994568E-01         1.257163830814534E-06        -5.187689167129861E-10
         9.994526505470276E-01         1.204018076350621E-06        -5.414575454665282E-10
         9.997255802154541E-01         8.306326435558731E-07        -4.149214583026861E-10
         9.998981952667236E-01         4.944751594848640E-07        -2.977607327370180E-10
         9.997933506965637E-01         5.900991482121754E-07        -3.423661354418073E-10
         9.996253252029419E-01         6.035438104845525E-07        -3.049570040936089E-10
         9.994341731071472E-01         7.989259529495030E-07        -3.484608435133651E-10
         9.992104768753052E-01         9.684753194960649E-07        -3.879663257322363E-10
         9.987958669662476E-01         1.539120376037317E-06        -5.679935410896064E-10
         9.991307854652405E-01         1.187465500152030E-06        -4.005267228990306E-10
         9.992219209671021E-01         1.377449507344863E-06        -5.027255833844890E-10
         9.994344115257263E-01         9.944574230758008E-07        -3.636867751399819E-10
         9.994991421699524E-01         1.119940634453087E-06        -3.976241003122993E-10
         9.995498061180115E-01         1.029286067932844E-06        -3.572989959454986E-10
         9.997279644012451E-01         4.095957706340414E-07        -1.177571234967090E-10
         9.998632669448853E-01         1.423732101102360E-07        -3.674721291146987E-11
         1.000150799751282E+00        -3.323434683011328E-08        -1.572552504880420E-11
         1.000258326530457E+00        -2.597239188162348E-07         4.469865796941086E-11
         1.000105142593384E+00        -4.475749051380262E-07         1.687451151033414E-10
         9.997420907020569E-01        -1.315149233960256E-07         7.264949752894267E-11
         9.995652437210083E-01         2.226738473609657E-07        -4.726636443352916E-11
         9.995291233062744E-01         2.934786493824504E-07        -6.065160873536257E-11
         9.993162155151367E-01         4.714709689324081E-07        -1.120421325162546E-10
         9.995154738426208E-01         3.495590590318898E-07        -5.874624398050088E-11
         9.996818304061890E-01         2.225764603736025E-07        -3.779843452123011E-11
         1.000112533569336E+00        -8.370937507606868E-07         3.502277634570561E-10
         1.000129461288452E+00        -6.689606379950419E-07         2.255270414863730E-10
         1.000256061553955E+00        -9.093113249036833E-07         3.346426746819731E-10
         9.998031854629517E-01        -3.793333860357961E-07         1.764925844360832E-10
         9.997984170913696E-01        -4.309036398808530E-07         2.063473697466733E-10
         1.000143885612488E+00        -5.055049427937774E-07         2.210967658955454E-10
         1.000230908393860E+00        -5.834466492160573E-07         2.595640924418774E-10
         1.000120520591736E+00        -2.214804624145472E-07         9.163238917642147E-11
         1.000420570373535E+00        -3.907753125531599E-07         1.323649523321535E-10
         1.000586867332458E+00        -2.941828824987169E-07         1.106471511636009E-10
         1.000558972358704E+00        -1.355612084807944E-07         4.993494159832856E-11
         1.000355601310730E+00        -1.619660849883076E-07         5.735439900789174E-11
         1.000074982643127E+00        -2.304500270611243E-07         1.031834340192717E-10
         9.998307824134827E-01        -1.773345132960458E-07         9.879718571026430E-11
         9.998605251312256E-01        -2.349196108752949E-07         1.242453639971330E-10
         9.998799562454224E-01        -3.836065047835291E-07         1.684113543065635E-10
         9.998822212219238E-01        -7.014880907263432E-07         3.158946992876110E-10
         9.997174143791199E-01        -1.961813183015693E-07         1.272027205789783E-10
         9.995396733283997E-01        -2.709691955260496E-07         1.678778366320799E-10
         9.995967149734497E-01        -5.793152126898349E-07         2.629085837924094E-10
         9.993951320648193E-01        -6.371016070261248E-07         3.158984462903192E-10
         9.993194341659546E-01        -6.886788241899922E-07         3.171046758509988E-10
         9.992694854736328E-01        -7.886840194260003E-07         3.604558318492934E-10
         9.989190101623535E-01        -4.037053997762996E-07         1.900095358831067E-10
         9.990062713623047E-01        -6.730729182891082E-07         2.798019871352864E-10
         9.989205598831177E-01        -7.060908160383406E-07         3.023078454233996E-10
         9.987650513648987E-01        -6.742774871781876E-07         2.908537299894931E-10
         9.985636472702026E-01        -6.400470056178165E-07         2.688177180854012E-10
         9.985185265541077E-01        -9.045203910318378E-07         3.726096375888943E-10
         9.988102912902832E-01        -1.429523422302736E-06         5.427736593510701E-10
         9.985918402671814E-01        -1.428906216460746E-06         5.434805938620002E-10
         9.983407258987427E-01        -1.172643010249885E-06         4.475317338936691E-10
         9.982498884201050E-01        -1.143512122325774E-06         4.442059775566776E-10
         9.982688426971436E-01        -9.513125860394211E-07         3.710133589240883E-10
         9.983881711959839E-01        -1.025940719046048E-06         4.211077042626243E-10
         0.000000000000000E+00         0.000000000000000E+00         0.000000000000000E+00
         0.000000000000000E+00         0.000000000000000E+00         0.000000000000000E+00
         0.000000000000000E+00         0.000000000000000E+00         0.000000000000000E+00
         0.000000000000000E+00         0.000000000000000E+00         0.000000000000000E+00
         0.000000000000000E+00         0.000000000000000E+00         0.000000000000000E+00
         0.000000000000000E+00         0.000000000000000E+00         0.000000000000000E+00
         0.000000000000000E+00         0.000000000000000E+00         0.000000000000000E+00
         1.002495646476746E+00        -2.201158189052421E-08         2.211803136475954E-11
         1.002365589141846E+00         4.486538500714232E-07        -1.842030417087415E-10
         1.002377390861511E+00         6.171299560264742E-07        -2.666387666216963E-10
         1.002373576164246E+00         3.291748669198569E-07        -1.546603678459491E-10
         1.002472519874573E+00        -1.150133996929981E-07        -1.848255402892018E-11
         1.002690434455872E+00        -4.577410663841874E-07         1.100604885007073E-10
         1.002616763114929E+00        -2.900331423916214E-07         4.512670098710814E-11
         1.002527832984924E+00        -3.763457527838909E-07         9.076819157405325E-11
         1.002207994461060E+00        -3.911315005211691E-08        -3.093414066568378E-11
         1.002115845680237E+00        -1.123525539270531E-08        -4.309711268413174E-11
         1.002130985260010E+00        -1.359925931865291E-07        -2.117522476807743E-11
         1.001650691032410E+00         1.110129730363951E-07        -1.110119426939171E-10
         1.001363754272461E+00        -2.017947196009118E-07         2.577140931214750E-11
         1.000980257987976E+00        -1.707052632582418E-07         3.068753237633892E-11
         1.000411272048950E+00         3.061052211705828E-07        -1.282398909285831E-10
         1.000170230865479E+00         5.546129955291690E-07        -2.483828143162725E-10
         1.000153899192810E+00         3.782787416639621E-07        -2.047711861186130E-10
         1.000114440917969E+00         3.153026000290993E-07        -1.787108933060111E-10
         1.000035524368286E+00         2.577075974841136E-07        -1.469185606506329E-10
         1.000150561332703E+00         1.798187128088102E-07        -1.173882241412016E-10
         1.000278472900391E+00         2.412610911051161E-07        -1.426732620934956E-10
         1.000319719314575E+00         3.260200003296632E-07        -1.463778542820648E-10
         1.000015020370483E+00         5.707278774025326E-07        -2.471048365926265E-10
         9.998512864112854E-01         4.778485163114965E-07        -2.345205696308028E-10
         9.996495842933655E-01         3.716609171533491E-07        -1.750684597290331E-10
         9.995533823966980E-01         3.208931786957692E-07        -1.541765048962418E-10
         9.995877742767334E-01         1.902920985230594E-07        -9.204757095426785E-11
         9.995042681694031E-01         4.468220424769243E-07        -1.791760906311168E-10
         9.997051954269409E-01         3.911537191925163E-07        -1.283667061535709E-10
         9.999380707740784E-01         3.994200312718021E-07        -1.514207231823050E-10
         9.997626543045044E-01         7.335769396377145E-07        -3.109062729489409E-10
         9.997905492782593E-01         9.262974458579265E-07        -3.936950210281509E-10
         1.000331759452820E+00         2.231030249433275E-09        -5.735484309710159E-11
         1.000371336936951E+00        -6.027769217098466E-08        -1.597958744492534E-11
         1.000221252441406E+00         1.786866299369194E-08        -1.934651050472525E-11
         1.000085830688477E+00         1.869087498107547E-07        -1.028838958472278E-10
         9.999058842658997E-01         7.693761006066779E-08        -3.669731879485383E-11
         9.997546672821045E-01         4.167403631072375E-07        -1.441205349506092E-10
         9.999369978904724E-01         6.499814162452822E-07        -2.448332647730922E-10
         1.000085115432739E+00         8.225491683333530E-07        -3.118091618237173E-10
         1.000135779380798E+00         8.798417070465803E-07        -3.457552855135049E-10
         9.998512864112854E-01         9.209804829879431E-07        -3.653786440072082E-10
         9.997583031654358E-01         8.602112302469322E-07        -3.756785438291388E-10
         1.000117421150208E+00         1.909898514895758E-07        -1.224066681349001E-10
         9.999473690986633E-01         4.484555518047273E-07        -2.178319746803936E-10
         9.998742938041687E-01         4.254713132922916E-07        -1.823736300865519E-10
         9.998226165771484E-01         4.468054726203263E-07        -1.705365709758766E-10
         9.996780753135681E-01         4.445113006568135E-07        -1.587999870489298E-10
         9.997304677963257E-01         1.867281866907433E-07        -7.761214587675980E-11
         9.997848868370056E-01         1.018215698422864E-07        -6.036474792248114E-11
         9.998074173927307E-01         1.790055534911517E-07        -1.082676795438609E-10
         9.998745322227478E-01         6.058099444317122E-08        -8.237887455520010E-11
         9.998279809951782E-01        -6.644726435744985E-10        -8.226881675899023E-11
         9.997627735137939E-01         1.232370863135657E-07        -1.154152606819281E-10
         9.996457695960999E-01         9.913519249948877E-08        -8.815394247907449E-11
         9.994612336158752E-01         1.262638420485018E-07        -8.847097360265010E-11
         9.994205832481384E-01         6.445458211601363E-08        -3.469859469196201E-11
         9.991388320922852E-01         6.207671958691208E-07        -2.468541204780905E-10
         9.994809031486511E-01        -1.470854371632413E-08        -3.536029975770294E-12
         9.996682405471802E-01        -3.628386195941857E-07         1.276629080226854E-10
         9.998582005500793E-01        -6.256227607082110E-07         2.274842814120603E-10
         9.997038841247559E-01        -5.913153700021212E-07         2.119828479418828E-10
         9.993158578872681E-01        -8.139720364397363E-08         1.865329245231973E-11
         9.991760253906250E-01         4.128801478486821E-08        -1.125848459598844E-11
         9.991996288299561E-01         7.865996565215028E-08         1.054903668758211E-12
         9.991092681884766E-01         3.793393545947765E-07        -9.116200849756950E-11
         9.990400075912476E-01         6.258230769162765E-07        -1.666318888426943E-10
         9.991919398307800E-01         3.235341239360423E-07        -5.670225053377997E-11
         9.992830157279968E-01         6.697791832266375E-07        -1.967175589090431E-10
         9.995495676994324E-01         5.134568255016347E-07        -1.539954969098645E-10
         9.995471835136414E-01         6.853787795080279E-07        -2.295304224464445E-10
         9.998128414154053E-01         4.407627898217470E-07        -1.551554301704172E-10
         1.000151395797729E+00        -1.269392324587670E-08         8.422845754196828E-12
         1.000131487846375E+00         1.053573939202579E-07        -5.139483630345332E-11
         9.997922182083130E-01         6.463114914367907E-07        -2.496359507997425E-10
         9.997308254241943E-01         6.569262041011825E-07        -2.398506115941501E-10
         9.998300075531006E-01         3.206210124062636E-07        -8.473860502178354E-11
         9.996011853218079E-01         5.494675292538886E-07        -1.572301594476855E-10
         9.996809959411621E-01         5.619938292511506E-07        -1.544835787070653E-10
         9.997694492340088E-01         2.555896969624882E-07        -4.741327122581573E-11
         1.000065684318542E+00        -1.822234096948705E-08         6.922146883470148E-11
         1.000051856040955E+00         3.912963109087286E-07        -1.262799864676367E-10
         1.000121831893921E+00         1.518533281341661E-07        -5.612364739615572E-11
         9.998234510421753E-01         4.006745086826413E-07        -1.595446691426972E-10
         9.999857544898987E-01        -1.292838192057388E-07         7.843746485658443E-11
         9.998110532760620E-01         2.672333607733890E-07        -8.502799159204599E-11
         9.997463226318359E-01         2.703982033835928E-07        -6.421038006854118E-11
         9.996557831764221E-01         4.341789008321939E-07        -1.366965152183042E-10
         9.999656677246094E-01        -9.017592361715288E-08         5.658946922171282E-11
         9.998823404312134E-01         3.051329144909687E-08         9.312208122669308E-12
         9.998927712440491E-01        -7.933132195603321E-08         8.232649284511950E-11
         9.998822212219238E-01        -1.312732393898841E-07         9.560401081909475E-11
         9.997806549072266E-01        -5.182724649444026E-08         6.817857389762594E-11
         1.000047087669373E+00        -3.841278726213204E-07         2.075770944021116E-10
         9.999510049819946E-01         1.496895585262337E-08         5.820977033721420E-11
         9.999031424522400E-01        -1.196974039885390E-07         1.223703360864192E-10
         9.998527765274048E-01         8.424143516094773E-08         3.257249331367618E-11
         9.997449517250061E-01         4.195420046926301E-07        -1.104819569164306E-10
         9.999291300773621E-01         2.124435525274748E-07        -2.573826915486244E-11
         1.000132322311401E+00        -1.371526821003499E-07         1.148183353949506E-10
         1.000223159790039E+00         2.500295437357636E-08         3.057875133660737E-11
         1.000323295593262E+00        -2.903559277456225E-07         1.353521461577856E-10
         1.000019907951355E+00        -3.011279829934210E-07         1.315986764005572E-10
         9.996407628059387E-01         2.115081976228339E-08         4.804124806301324E-11
         9.998968243598938E-01        -3.878818972680165E-07         1.758519024841476E-10
         9.998834729194641E-01        -2.684167270672333E-07         1.176234526445441E-10
         9.998553991317749E-01        -2.130379925802117E-07         6.149023651369490E-11
         1.000068902969360E+00        -5.919313252888969E-07         1.934836041384003E-10
         9.999268651008606E-01        -1.284815596136468E-07        -5.763712857681513E-12
         1.000041961669922E+00        -2.641001195513581E-08        -6.383307077362232E-11
         1.000473141670227E+00        -6.971734478611324E-07         1.969606283624969E-10
         1.000214219093323E+00        -3.261970960011240E-07         8.416237845532137E-11
         1.000198721885681E+00        -2.245574961534658E-07         5.288051246887804E-11
         1.000128865242004E+00         2.173357671608755E-07        -1.053760967373307E-10
         1.000146508216858E+00         4.457814100078394E-07        -1.726018772352234E-10
         1.000130057334900E+00         4.510328892592952E-07        -1.631095397636173E-10
         1.000086426734924E+00         1.856524818322214E-07        -8.192681949514835E-11
         1.000019192695618E+00         3.250335964821716E-07        -1.323358228555449E-10
         1.000128626823425E+00         3.491998370463989E-07        -1.547276334834535E-10
         9.999888539314270E-01         5.396780125010991E-07        -2.018771538825348E-10
         9.998488426208496E-01         5.920713874729699E-07        -2.272511900880403E-10
         9.998874664306641E-01         2.457488221807580E-07        -6.391892570789537E-11
         9.999926686286926E-01         1.530956552642238E-07        -3.079504012903911E-11
         9.999744296073914E-01         3.189828419181140E-07        -1.080745354320456E-10
         9.998652935028076E-01         5.537823994927749E-07        -2.149569133802487E-10
         1.000178217887878E+00        -2.458995673748632E-08         1.079003986853566E-11
         1.000080466270447E+00         9.749994234198311E-08         6.928794777510960E-12
         1.000230669975281E+00         8.860432387791661E-08         2.613126381945108E-11
         9.998748302459717E-01         5.817225314785901E-07        -1.698743506972633E-10
         9.999678730964661E-01         3.322742827549519E-07        -5.247387940832127E-11
         1.000080227851868E+00         2.151941913552946E-07        -1.741903843388570E-11
         9.999480247497559E-01         1.711850927677006E-07        -3.799855569086574E-11
         9.999423027038574E-01         3.706713869178202E-07        -1.555022777210979E-10
         9.999573230743408E-01         4.995682729713735E-07        -2.056576853259884E-10
         1.000034809112549E+00         1.219045486777759E-07        -6.734241636552341E-11
         9.999424219131470E-01        -3.623787279138924E-07         1.142035147005949E-10
         9.999168515205383E-01        -1.755784211354694E-07         4.787198068512133E-11
         9.998625516891479E-01         6.963280441141251E-08        -4.557316676812029E-11
         1.000110030174255E+00        -3.814152194081544E-07         1.290026280242884E-10
         1.000090479850769E+00        -2.820167139816476E-07         9.132403167022574E-11
         1.000161170959473E+00        -6.397008291969541E-07         2.283572914096865E-10
         1.000197052955627E+00        -8.072749437815219E-07         2.908748519825366E-10
         1.000001668930054E+00        -6.057923656044295E-07         2.260880649362917E-10
         9.997793436050415E-01        -5.173901058697083E-07         2.146257616075786E-10
         9.996979832649231E-01        -2.250457669106254E-07         1.138772270925514E-10
         9.995344877243042E-01        -5.974631278604647E-08         5.830511767834778E-11
         9.995309114456177E-01        -8.227739556332381E-08         8.943682600071057E-11
         9.997630119323730E-01        -3.634589518242137E-07         1.838482699412225E-10
         9.997790455818176E-01        -3.010801776781591E-07         1.695653895072979E-10
         1.000068664550781E+00        -3.594047939259326E-07         1.721717768354836E-10
         9.998752474784851E-01         1.012920094467518E-07        -1.661810988297374E-12
         1.000159263610840E+00        -2.337395557105992E-07         1.444703245923051E-10
         1.000104784965515E+00         5.561928873021316E-08         1.450344076607546E-12
         1.000118732452393E+00        -2.888256460664707E-07         1.474090155495489E-10
         9.996227025985718E-01         4.075269544046023E-07        -1.176937991509419E-10
         9.997249245643616E-01        -6.009789110805741E-09         4.436857825584894E-11
         9.997135996818542E-01         2.710534658945107E-07        -9.971511810702438E-11
         9.997591972351074E-01         1.700452685327036E-07        -8.398890610772369E-11
         9.996758699417114E-01        -4.321163089571201E-07         1.295202278761565E-10
         9.993911385536194E-01        -5.240971745479328E-07         1.573185748338091E-10
         9.990637898445129E-01        -4.755876545914361E-07         1.496970047920598E-10
         9.989709258079529E-01        -6.492617785625043E-07         2.121573333679905E-10
         9.988623261451721E-01        -6.329226494017348E-07         1.762601592458779E-10
         9.985966086387634E-01        -5.160799787518044E-07         1.548123851335959E-10
         9.986354112625122E-01        -2.369886544784094E-07         4.105637010920482E-11
         9.987958669662476E-01        -5.544175678551255E-07         1.902181884227971E-10
         9.986403584480286E-01        -6.032352644069761E-07         2.131628068502422E-10
         9.983891248703003E-01        -5.608520154964936E-07         2.003031213115847E-10
         9.980714917182922E-01        -5.073574698144512E-07         1.941196370314202E-10
         9.975206851959229E-01        -4.475525372527045E-07         1.893575296563199E-10
         9.972055554389954E-01        -4.444138141934673E-07         1.847778180463777E-10
         9.970347285270691E-01        -1.725478711023243E-07         6.234971566820846E-11
         9.970028996467590E-01        -1.834167164815881E-07         9.051298599516144E-11
         9.968758821487427E-01        -1.901597954656609E-07         1.175897712535345E-10
         9.968589544296265E-01        -2.658266851085500E-07         1.637252972086500E-10
         9.967377185821533E-01        -2.031834753779549E-07         1.407045729928669E-10
         9.968139529228210E-01        -2.796812452743325E-07         1.627205731269399E-10
         0.000000000000000E+00         0.000000000000000E+00         0.000000000000000E+00
         0.000000000000000E+00         0.000000000000000E+00         0.000000000000000E+00
         0.000000000000000E+00         0.000000000000000E+00         0.000000000000000E+00
         0.000000000000000E+00         0.000000000000000E+00         0.000000000000000E+00
         0.000000000000000E+00         0.000000000000000E+00         0.000000000000000E+00
         0.000000000000000E+00         0.000000000000000E+00         0.000000000000000E+00
         0.000000000000000E+00         0.000000000000000E+00         0.000000000000000E+00
         1.003491640090942E+00         4.792038339473947E-07        -1.765134705067339E-10
         1.003385186195374E+00         2.738548801062279E-07        -1.035039762231627E-10
         1.003095746040344E+00         3.493126712328376E-07        -1.121742282395033E-10
         1.002703905105591E+00         6.086935400162474E-07        -1.978199826169202E-10
         1.002532243728638E+00         6.695008778478950E-07        -2.208384308755029E-10
         1.002386331558228E+00         7.100467200871208E-07        -2.461399417619248E-10
         1.001937747001648E+00         7.668034527341661E-07        -2.672764787270410E-10
         1.001762151718140E+00         4.832130002796475E-07        -1.502272750641964E-10
         1.001667618751526E+00         7.876749918978021E-07        -2.791441799931960E-10
         1.002171158790588E+00         4.659917465232866E-07        -1.549542438805673E-10
         1.002409100532532E+00         3.357883713306364E-07        -1.283446821043199E-10
         1.002143025398254E+00         3.423493524223886E-07        -1.413664185712094E-10
         1.001811385154724E+00         6.220508339538355E-07        -2.415906086294939E-10
         1.001677513122559E+00         4.921087111142697E-07        -1.967105922595636E-10
         1.001440525054932E+00         4.760216256727290E-07        -1.729112131254595E-10
         1.001192092895508E+00         5.291779530125496E-07        -1.837621721456628E-10
         1.001040458679199E+00         3.771514798245335E-07        -1.160407533951080E-10
         1.000721693038940E+00         6.305283477558987E-07        -1.863067339291646E-10
         1.000602602958679E+00         6.606684337384650E-07        -1.958069401064577E-10
         1.000816464424133E+00         2.768682918485865E-07        -5.445933634606881E-11
         1.000763893127441E+00        -7.655654599147965E-08         5.891445664651940E-11
         1.000462889671326E+00        -2.282456819102663E-07         1.248983694246419E-10
         1.000516295433044E+00        -4.790173875335313E-07         2.208780242041186E-10
         1.000270128250122E+00        -3.757874083021306E-07         1.762104767655259E-10
         1.000026583671570E+00        -2.681285593553184E-08         5.032133390536764E-11
         9.999980330467224E-01         4.785792739880890E-08         2.006342314508913E-11
         1.000057339668274E+00         2.690290159534925E-07        -8.838777626474226E-11
         9.999691247940063E-01         2.291402125820241E-07        -1.051256304229753E-10
         9.999911189079285E-01         2.111771948420937E-07        -1.096399082634036E-10
         1.000304222106934E+00        -5.036415728909560E-08        -5.091018318720275E-12
         1.000449061393738E+00        -7.618858433033893E-09        -1.115548538960232E-11
         1.000398039817810E+00        -5.836312766405172E-09         9.229729827642252E-12
         1.000117301940918E+00         4.994198832264374E-09         1.394816553923484E-11
         1.000019431114197E+00         6.144792052964476E-08        -2.700071936867499E-12
         9.998004436492920E-01         5.467754249366408E-08         2.906443748867948E-12
         9.996812343597412E-01        -3.407400228638835E-08         2.414165915787247E-11
         9.997435808181763E-01         5.649158296705536E-08        -1.856172854308724E-11
         9.999350309371948E-01         3.428256789561601E-08         5.586695602660674E-12
         1.000059008598328E+00        -8.067456747085089E-08         5.918894541157016E-11
         1.000161290168762E+00        -7.389655110046078E-08         8.041590310314817E-11
         1.000259757041931E+00        -1.609917461564692E-07         1.149285180912507E-10
         1.000467658042908E+00        -3.670909336506156E-07         1.427048063051828E-10
         1.000555038452148E+00        -4.214224134102551E-07         1.619207684599999E-10
         1.000454664230347E+00        -4.333709284765064E-07         1.579079783597948E-10
         1.000150322914124E+00        -2.298237831155348E-07         7.895781944933233E-11
         1.000024914741516E+00        -6.514049744055228E-08        -1.118480828787849E-11
         9.997904300689697E-01         4.316011725791213E-08        -5.655133999971085E-11
         9.996533393859863E-01         6.638300220629390E-08        -5.658803980956861E-11
         9.996024370193481E-01         4.658874885876685E-08        -5.091665977730031E-11
         9.995319843292236E-01         5.322054619227856E-08        -4.205079687236157E-11
         9.995638132095337E-01         1.080780265283465E-07        -7.464254214717414E-11
         9.996715188026428E-01        -6.113446460176419E-08         4.430728353654878E-12
         9.998864531517029E-01        -2.118355553193396E-07         8.435178250332243E-11
         9.998955130577087E-01        -1.059333030184462E-07         5.660230270598809E-11
         1.000089287757874E+00        -2.634355666941701E-07         1.096647425646857E-10
         1.000106096267700E+00        -3.428554293805064E-07         1.436986918346150E-10
         1.000099658966064E+00        -2.403040184617566E-07         9.158165198419610E-11
         1.000014781951904E+00        -2.431356733723078E-07         9.525637223450900E-11
         1.000044107437134E+00        -1.091054784296830E-07         4.484434698581730E-11
         9.999811649322510E-01         1.281830108723625E-08         1.663032385412766E-11
         9.999926090240479E-01         9.244665477581293E-08        -6.911348663513062E-12
         9.999120831489563E-01         2.244624113245663E-07        -4.116114393770687E-11
         9.999160170555115E-01         2.153969802520805E-07        -3.732159026270665E-11
         1.000038981437683E+00         2.826280081080768E-07        -9.269588568949771E-11
         1.000145435333252E+00         3.807104675956907E-08        -8.654466032709252E-12
         9.998817443847656E-01         4.575295520226064E-07        -1.597235260719643E-10
         9.996453523635864E-01         7.323019417526666E-07        -2.557160871941022E-10
         9.997217059135437E-01         6.281752007453179E-07        -2.157403838909389E-10
         9.997458457946777E-01         7.148877330109826E-07        -2.705660695490053E-10
         9.999310374259949E-01         6.619819714615005E-07        -2.634996387751443E-10
         9.999658465385437E-01         5.597185577244090E-07        -2.148597966211696E-10
         9.998203516006470E-01         5.606305535366118E-07        -2.263609438779568E-10
         9.996193051338196E-01         4.971119551555603E-07        -2.048649860864060E-10
         9.994845390319824E-01         4.803316642210120E-07        -2.229571111067585E-10
         9.995195865631104E-01         3.882349517425610E-07        -2.068568510926738E-10
         9.997147917747498E-01         5.111147629577317E-07        -2.300708373814686E-10
         9.997736215591431E-01         5.299094141264504E-07        -2.362612327999614E-10
         9.998580217361450E-01         6.088863528930233E-07        -2.669784671116560E-10
         9.998300075531006E-01         5.177565753911040E-07        -2.268460558285668E-10
         9.996877312660217E-01         4.145629475260648E-07        -1.922512010699151E-10
         9.997252821922302E-01         2.611344029901375E-07        -1.396592286262432E-10
         9.997628331184387E-01         8.880554958068387E-08        -5.543216233250270E-11
         9.997938871383667E-01         4.935816733109277E-08        -4.891813343288476E-11
         9.995908141136169E-01         2.646435746100906E-07        -1.183705911067534E-10
         9.997799992561340E-01        -5.616525911023018E-08         1.389169508592136E-11
         9.999592900276184E-01        -1.566519785001219E-07         5.583040973977660E-11
         1.000118017196655E+00        -2.995431316321628E-07         1.192581727815778E-10
         1.000326156616211E+00        -4.803603701475367E-07         1.902292628974678E-10
         1.000319004058838E+00        -4.618684101842518E-07         2.062829074223060E-10
         1.000306487083435E+00        -4.392883852233354E-07         1.781125663624650E-10
         1.000096917152405E+00        -1.677318692827612E-07         7.641515198386628E-11
         9.997496604919434E-01         1.361497510288245E-07        -3.075739316016346E-11
         9.994516372680664E-01         4.253824670286122E-07        -1.329224647017568E-10
         9.993910789489746E-01         4.655534553421603E-07        -1.532964449824092E-10
         9.993976354598999E-01         3.185254513482505E-07        -6.913220690352162E-11
         9.993595480918884E-01         2.671042125257372E-07        -3.603320419820477E-11
         9.993465542793274E-01         2.555138394200185E-07        -1.459458075225850E-11
         9.992906451225281E-01         2.250253743341091E-07        -4.161414268732955E-12
         9.994141459465027E-01         1.530271589444965E-07         6.884646065047351E-12
         9.993901848793030E-01         1.114244483346738E-07         2.942785988849228E-12
         0.000000000000000E+00         0.000000000000000E+00         0.000000000000000E+00
         9.994496703147888E-01        -1.124018993436948E-07         3.727448211199302E-11
         9.995990395545959E-01         2.046112967946101E-07        -7.457350709172417E-11
         9.994779825210571E-01         2.663013844994566E-07        -1.005653754715397E-10
         9.996474385261536E-01         4.011006069504219E-07        -1.648044062330101E-10
         9.999780058860779E-01         3.169939475355932E-07        -1.235582886005560E-10
         1.000312685966492E+00         2.829643506174762E-07        -1.252376674587552E-10
         1.000144243240356E+00         5.979327397653833E-07        -2.437732793403313E-10
         1.000064969062805E+00         4.976357672603626E-07        -2.034007406948035E-10
         1.000150442123413E+00         2.793123030642164E-07        -1.203065147503679E-10
         1.000417709350586E+00        -9.653660271169429E-08         1.378629415488275E-11
         1.000583291053772E+00        -2.589408154562989E-07         8.289837566399783E-11
         1.000516533851624E+00        -1.901918267321889E-07         4.345012197259912E-11
         1.000409960746765E+00        -3.167584452512529E-07         1.166165497501481E-10
         1.000060677528381E+00         6.070695235393941E-08        -2.590196633567299E-11
         9.998555779457092E-01         2.210880296615869E-07        -5.455570370460627E-11
         9.997404217720032E-01         2.444084543640201E-07        -5.859437934851996E-11
         9.995902776718140E-01         5.214180873736041E-07        -1.579783942551316E-10
         9.994365572929382E-01         5.123341111357149E-07        -1.430533885793395E-10
         9.995134472846985E-01         2.824623948072258E-07        -5.055128537989617E-11
         9.997986555099487E-01        -5.411201442484526E-08         7.445669775174579E-11
         1.000051617622375E+00        -2.841703974354459E-07         1.268221638817124E-10
         1.000333786010742E+00        -4.884148552264378E-07         1.871773569472879E-10
         1.000377416610718E+00        -3.503988921238488E-07         1.068207189369730E-10
         1.000204086303711E+00        -1.869290855438521E-07         6.884021824804520E-11
         9.999622702598572E-01        -1.231044990390728E-07         5.753998319479869E-11
         9.999476075172424E-01        -2.439184356717305E-07         9.130637218524029E-11
         9.999521970748901E-01        -7.339549057405748E-08         2.529478189405854E-11
         1.000161051750183E+00        -1.001786671395166E-07         3.078625201990981E-11
         1.000166296958923E+00         1.613438769254572E-07        -7.679668012627872E-11
         1.000219583511353E+00         1.445970951863274E-07        -6.772504779206656E-11
         1.000081777572632E+00         1.679881762584046E-07        -8.983497973291676E-11
         1.000146865844727E+00         2.120204101174750E-08        -2.243018444592071E-11
         1.000166177749634E+00         5.202330299880487E-08        -3.548743590653380E-11
         9.999626278877258E-01         1.933128572773057E-07        -7.427865267306544E-11
         9.995846152305603E-01         4.085993907665397E-07        -1.459776743928387E-10
         9.994358420372009E-01         3.094739895459497E-07        -9.477850448913472E-11
         9.996221661567688E-01        -1.302060326224819E-07         5.899491312133520E-11
         9.998867511749268E-01        -3.167889701671811E-07         1.132445526241810E-10
         9.999701380729675E-01        -3.734706410796207E-07         1.093803797536097E-10
         9.998847842216492E-01        -3.371405057350785E-07         8.185702116136895E-11
         1.000019788742065E+00        -3.041632794520410E-07         4.599462130605581E-11
         9.998533725738525E-01        -9.161015412928464E-08        -3.092485642564036E-11
         9.997928142547607E-01        -4.131547015617798E-08        -4.562565603105639E-11
         9.997162222862244E-01        -4.558726018899506E-08        -1.475537053652332E-11
         9.997038841247559E-01        -1.115580232635693E-07         2.565653939301527E-11
         9.998528361320496E-01        -1.206454953717184E-07         3.235311324401025E-11
         1.000076293945312E+00        -1.951000001554348E-07         6.274115255111568E-11
         1.000419497489929E+00        -4.095709869034181E-07         1.506119257088656E-10
         1.000706076622009E+00        -6.379040087267640E-07         2.257215386824996E-10
         1.000527501106262E+00        -5.824940672027878E-07         2.273948668252146E-10
         1.000236272811890E+00        -4.127242618778837E-07         1.728017035018681E-10
         1.000022768974304E+00        -2.297367842629683E-07         9.473864054365677E-11
         9.999894499778748E-01        -2.922520536685624E-07         1.093145782227189E-10
         9.999616146087646E-01        -1.554990234353681E-07         3.635531806156500E-11
         9.997382760047913E-01         7.966701787154307E-08        -4.071803311189726E-11
         9.997529983520508E-01        -1.724987015450097E-07         7.018640529876663E-11
         9.996278285980225E-01        -2.578162821009755E-07         1.095792415140018E-10
         9.994137883186340E-01        -2.235929059679620E-07         1.092829854387745E-10
         9.991977214813232E-01        -1.322652138924241E-07         7.980545391195193E-11
         9.990178346633911E-01        -1.811344816360361E-07         1.157687001818175E-10
         9.988403916358948E-01        -1.510038600827102E-07         1.276212191481108E-10
         9.988021850585938E-01        -2.429843561913003E-07         1.348407219214920E-10
         9.987526535987854E-01        -7.536121948703567E-09         3.471683877875886E-12
         9.986882209777832E-01        -9.412559620614047E-08         1.197427313553989E-11
         9.984465241432190E-01        -2.371837615200434E-09        -2.157323972240555E-11
         9.980109930038452E-01         2.499408537914860E-07        -1.227402068870731E-10
         9.976608157157898E-01         3.277956466263277E-07        -1.649013980919989E-10
         9.974283576011658E-01         6.387828648257710E-07        -2.658946951505925E-10
         9.973332881927490E-01         6.035066348886176E-07        -2.410524557738825E-10
         9.971561431884766E-01         7.039565161903738E-07        -2.805065069111379E-10
         9.970279335975647E-01         6.259117526496993E-07        -2.678940680400643E-10
         9.966060519218445E-01         7.780391229061934E-07        -3.307116247519559E-10
         9.964261651039124E-01         4.985299142390431E-07        -2.311843633195920E-10
         9.959734678268433E-01         6.558318546012742E-07        -2.917396324519927E-10
         9.956447482109070E-01         9.575261401550961E-07        -3.965510975145747E-10
         9.956023097038269E-01         9.226924362337741E-07        -3.644078094833247E-10
         9.952576160430908E-01         9.538352969684638E-07        -3.735670939253311E-10
         0.000000000000000E+00         0.000000000000000E+00         0.000000000000000E+00
         0.000000000000000E+00         0.000000000000000E+00         0.000000000000000E+00
         0.000000000000000E+00         0.000000000000000E+00         0.000000000000000E+00
         0.000000000000000E+00         0.000000000000000E+00         0.000000000000000E+00
         0.000000000000000E+00         0.000000000000000E+00         0.000000000000000E+00
         0.000000000000000E+00         0.000000000000000E+00         0.000000000000000E+00
         0.000000000000000E+00         0.000000000000000E+00         0.000000000000000E+00
         0.000000000000000E+00         0.000000000000000E+00         0.000000000000000E+00
         1.004590749740601E+00        -1.122705612033315E-06         4.830126854038497E-10
         1.004497885704041E+00        -1.531775069452124E-06         6.536584606919860E-10
         1.004121422767639E+00        -1.161024897555762E-06         5.230769706265903E-10
         1.003227472305298E+00         4.668543169827899E-07        -1.506857000288520E-10
         1.003442287445068E+00        -1.989009916769646E-07         8.574780469006171E-11
         1.003076195716858E+00         3.265603538693540E-07        -1.276558164731156E-10
         1.003527164459229E+00        -1.019438855109911E-06         4.170220557764281E-10
         1.003259658813477E+00        -1.120046135838493E-06         4.408913234499323E-10
         1.003066778182983E+00        -1.154178562501329E-06         4.457601510132747E-10
         1.002735614776611E+00        -8.771973512011755E-07         3.605259424332985E-10
         1.002677679061890E+00        -9.380548817716772E-07         3.821557792438313E-10
         1.002409338951111E+00        -8.278508971670817E-07         3.312944640843085E-10
         1.002337217330933E+00        -9.154283020507137E-07         3.420437821866074E-10
         1.002177238464355E+00        -8.157028332789196E-07         2.956315470203918E-10
         1.002086400985718E+00        -6.716633151881979E-07         2.547882183012717E-10
         1.001923918724060E+00        -4.674554077155335E-07         1.809476457559356E-10
         1.001772165298462E+00        -5.681685024683247E-07         1.986709408097198E-10
         1.001238942146301E+00        -7.062818951908412E-08         2.842235127809012E-11
         1.001136541366577E+00        -1.330317616066168E-07         6.600586743843451E-11
         1.001134991645813E+00         5.124903168507444E-08         1.135771945243169E-11
         1.001153349876404E+00        -2.010629884807713E-08         4.372730996737850E-11
         1.001218318939209E+00         4.447011647812360E-08        -2.846318016350158E-12
         1.001215696334839E+00         4.138945541853900E-08         4.423840200412643E-12
         1.001010656356812E+00         3.909778456545610E-08        -2.448086655268411E-12
         1.000817894935608E+00        -4.637417561070833E-08         7.780680613689306E-12
         1.000415325164795E+00         2.176911948481575E-07        -6.370460409188539E-11
         1.000275015830994E+00         4.442942724836030E-07        -1.353293033190539E-10
         1.000138163566589E+00         5.939783704889123E-07        -1.838891400263165E-10
         1.000302314758301E+00         3.462056383796153E-07        -8.995865163896610E-11
         1.000243067741394E+00         4.664204027449159E-07        -1.693820500525689E-10
         1.000328063964844E+00         2.945952246591332E-07        -1.189980614046959E-10
         1.000111937522888E+00         4.524487167145708E-07        -1.926931808560184E-10
         9.999659061431885E-01         2.425472018785513E-07        -1.170757379931331E-10
         9.999164342880249E-01         7.216147679400819E-08        -5.524571425330471E-11
         9.999703168869019E-01        -1.632916877269963E-07         2.873885504572904E-11
         9.999691247940063E-01        -2.623658303946286E-07         3.865761877275276E-11
         9.998670816421509E-01        -2.875507618682605E-07         5.479070322444990E-11
         9.999884963035583E-01        -2.399181084911106E-07         5.961808824395121E-11
         9.998177289962769E-01         2.098072968692577E-07        -6.921983125574016E-11
         9.999396204948425E-01         1.184623883432323E-07        -1.704771740440592E-11
         9.996280074119568E-01         2.061797914620911E-07        -4.592945468395726E-11
         9.995387792587280E-01         8.077105650983185E-11         7.634882309703883E-12
         9.997161030769348E-01        -1.654484123037037E-07         2.880153233963956E-11
         9.999878406524658E-01        -5.177942625778087E-07         1.604938404398126E-10
         1.000081181526184E+00        -3.331849143251020E-07         8.911275883871639E-11
         9.999430775642395E-01        -1.806760110412142E-07         4.564096323100841E-11
         9.998622536659241E-01         6.637112193175199E-08        -3.466331388590760E-11
         1.000024199485779E+00        -5.457014751186762E-08         1.720349383782516E-11
         9.999862313270569E-01         5.721119133994534E-09         1.566704882147163E-12
         9.999247789382935E-01         1.695607494411888E-07        -7.123100026484863E-11
         1.000178813934326E+00        -7.007991342788955E-08         4.229015054812990E-11
         1.000289559364319E+00        -9.794484157055194E-08         9.008104678853712E-11
         1.000323653221130E+00         2.067586279963507E-07        -1.060271054981188E-11
         1.000337481498718E+00         3.484886690330313E-07        -5.438376138311440E-11
         1.000186085700989E+00         5.532475597647135E-07        -1.309219677114726E-10
         1.000116705894470E+00         5.697962706108228E-07        -1.593501719465706E-10
         1.000050425529480E+00         4.163061362305598E-07        -1.368958280068000E-10
         9.998311400413513E-01         5.867895538358425E-07        -2.260746312376938E-10
         9.999606609344482E-01         2.721282044149120E-07        -9.739956063903321E-11
         9.999634623527527E-01         3.521397218264610E-07        -1.352725848002834E-10
         1.000126957893372E+00         1.013409018923994E-07        -4.245946996772609E-11
         1.000119090080261E+00         3.782680551012163E-07        -1.478738381743838E-10
         1.000369787216187E+00         2.473934159752389E-07        -1.378455682932156E-10
         1.000650167465210E+00         2.956076272653263E-08        -3.751059532430823E-11
         1.000435948371887E+00         2.560178415933478E-07        -1.200784471855343E-10
         1.000256180763245E+00         4.173477350377652E-07        -1.696378176818669E-10
         1.000262975692749E+00         1.862892275994454E-07        -8.179078941905615E-11
         1.000217556953430E+00         2.157065779329059E-07        -1.221256012984284E-10
         1.000187635421753E+00         1.814119769960598E-07        -1.231744289897918E-10
         1.000239253044128E+00        -1.065881107820132E-07        -1.033072152129000E-11
         1.000237107276917E+00        -1.408968870464378E-07        -1.429056178947619E-11
         1.000308632850647E+00        -2.907356133619032E-07         3.690587765947662E-11
         1.000436544418335E+00        -3.435022222220141E-07         7.765184328878405E-11
         1.000380873680115E+00        -1.808074756581846E-07         1.831786805572833E-11
         1.000007271766663E+00        -8.345550384092348E-08        -1.369709250534368E-12
         9.998478889465332E-01        -2.472300479894329E-07         7.060494550126251E-11
         9.996067285537720E-01         1.230575463750938E-07        -5.703404415413615E-11
         9.994408488273621E-01         5.099309987599554E-07        -1.755620648857814E-10
         9.993066787719727E-01         3.669015313789714E-07        -9.571635845029292E-11
         9.993070363998413E-01         3.072993024488824E-07        -8.206986479297740E-11
         9.993566274642944E-01         2.876579685562319E-07        -6.663964519093568E-11
         9.997435808181763E-01         2.071315634566417E-07        -4.041961557121887E-11
         9.999238252639771E-01         2.994834176206496E-07        -7.753291064727108E-11
         1.000180125236511E+00         8.100496273755198E-08        -8.315931276925426E-12
         1.000415086746216E+00        -1.542453702541025E-07         5.664373831093528E-11
         1.000263333320618E+00        -3.379094337674360E-08         1.442150739106030E-11
         1.000257730484009E+00        -2.920180861565314E-07         1.104273131269373E-10
         1.000289559364319E+00        -2.453265324220411E-07         8.275507362709433E-11
         1.000378012657166E+00        -3.633228971011704E-07         1.318568726427216E-10
         1.000359177589417E+00        -1.742592843356761E-07         2.531170238684322E-11
         1.000360965728760E+00        -2.346206287029418E-07         6.443356265206646E-11
         1.000414490699768E+00        -1.492262526880950E-07         4.518328072800060E-11
         1.000171661376953E+00        -2.450007912102592E-07         9.644660764474011E-11
         1.000079512596130E+00        -7.969054394152408E-08         4.105082246352865E-11
         1.000133037567139E+00        -5.641467168970848E-07         2.333366555529182E-10
         9.999285936355591E-01        -2.820374618295318E-07         1.090946152859651E-10
         0.000000000000000E+00         0.000000000000000E+00         0.000000000000000E+00
         0.000000000000000E+00         0.000000000000000E+00         0.000000000000000E+00
         9.993844032287598E-01        -7.838887228217573E-08         4.964775812688060E-11
         9.995638728141785E-01         9.349233920374900E-08        -1.856146833456584E-11
         9.996036887168884E-01         2.715235609684896E-07        -9.072403245324878E-11
         9.999295473098755E-01        -1.799762685550377E-07         9.636730302631236E-11
         9.998221397399902E-01        -7.773420129808528E-09        -2.850533004083999E-11
         9.999127984046936E-01        -5.026236493677061E-08        -6.289202231918312E-12
         1.000189065933228E+00        -3.315932701752899E-07         1.051905090809768E-10
         1.000277161598206E+00        -1.118553925039123E-07         3.798021619427772E-11
         0.000000000000000E+00         0.000000000000000E+00         0.000000000000000E+00
         9.998129606246948E-01        -1.894548091740944E-07         6.631426657799366E-11
         9.996410012245178E-01         1.426618752020659E-07        -3.617292923530080E-11
         9.995039701461792E-01         1.544701717648422E-07        -2.084899961007913E-11
         9.992952942848206E-01         3.297137425306573E-07        -8.003364637687582E-11
         0.000000000000000E+00         0.000000000000000E+00         0.000000000000000E+00
         0.000000000000000E+00         0.000000000000000E+00         0.000000000000000E+00
         9.989206790924072E-01         3.445399272550276E-07        -9.069831691244090E-11
         9.990347027778625E-01         2.916239623118599E-07        -6.962257159681684E-11
         9.991268515586853E-01         3.213779962152330E-07        -1.066672791760759E-10
         9.994568228721619E-01         2.347025542803749E-07        -9.293095459828038E-11
         9.995237588882446E-01         4.359210947768588E-07        -1.689643841507049E-10
         9.997279047966003E-01         4.229827368362749E-07        -1.693149509485181E-10
         9.997162222862244E-01         5.735388981520373E-07        -2.097032963943590E-10
         9.998118281364441E-01         6.266552077249798E-07        -2.393719666926586E-10
         9.998239278793335E-01         2.168201262975344E-07        -8.443271776181760E-11
         9.997907280921936E-01         2.879943394873408E-07        -9.631745401250669E-11
         9.999315738677979E-01        -1.852568376481400E-10         1.282198479335417E-11
         9.999471902847290E-01        -1.925508854583313E-07         1.159237220105247E-10
         1.000048518180847E+00        -5.264058344778277E-08         7.727475603847012E-11
         1.000120520591736E+00        -4.123616648143980E-08         7.312280642102209E-11
         1.000016450881958E+00         2.388984796652949E-07        -6.440165761789629E-11
         9.999005198478699E-01         4.062370635438128E-07        -1.225149148798010E-10
         9.997601509094238E-01         6.605461635444954E-07        -2.282583566604046E-10
         9.997022151947021E-01         5.390944011196552E-07        -1.928235349168972E-10
         9.998912215232849E-01         3.554422391971457E-07        -1.735111915257548E-10
         9.997899532318115E-01         6.307548687800590E-07        -2.874195326185713E-10
         9.995987415313721E-01         4.264910273832356E-07        -2.074262567264284E-10
         9.994364380836487E-01         5.821812578687968E-07        -2.664231890658897E-10
         9.994792342185974E-01         4.648998981338082E-07        -2.255229752945453E-10
         9.993786215782166E-01         7.445868277500267E-07        -3.396930792209929E-10
         9.993876218795776E-01         6.837868795628310E-07        -2.669079957051679E-10
         9.994872808456421E-01         6.329747748168302E-07        -2.479027538804246E-10
         9.996271133422852E-01         4.208597488286614E-07        -1.442945485319314E-10
         9.998278617858887E-01         2.230087403631842E-07        -6.358654575100431E-11
         9.999038577079773E-01         8.588597211200977E-08        -1.484930581274746E-11
         1.000053763389587E+00         1.159375351278413E-08        -1.212886822227199E-11
         1.000243663787842E+00        -1.675041261250954E-07         4.296987071716885E-11
         1.000087022781372E+00        -2.746460836533515E-07         8.615593655170173E-11
         9.999224543571472E-01        -5.832437466324336E-08         2.608905799728056E-11
         9.997864365577698E-01         5.777351219649063E-08        -1.046817840744119E-11
         9.997529983520508E-01         1.052916758226274E-07        -2.138866557824248E-12
         9.998977184295654E-01        -1.365247292994809E-08         4.628384828175847E-11
         9.999840259552002E-01        -6.423292120416590E-08         5.015652823625594E-11
         1.000065684318542E+00        -2.593851036181150E-07         1.337437105508599E-10
         9.999985694885254E-01         1.489903951323868E-07        -1.676731323230207E-11
         1.000099539756775E+00         6.322569134908917E-08         3.587765067675219E-12
         9.997878670692444E-01        -3.474224641308865E-08         3.670786244414082E-11
         9.996997714042664E-01        -1.754049527846746E-08         2.813819663383121E-11
         9.994649887084961E-01         1.293500559995664E-07        -3.147367436118209E-11
         9.993022680282593E-01         1.160584091053352E-07        -4.944612774782087E-11
         9.991484880447388E-01         2.222862036660445E-07        -1.017141995629522E-10
         9.989503622055054E-01         1.385670458375898E-07        -9.249557370027972E-11
         9.987745285034180E-01         2.083853729573093E-07        -1.240670344238026E-10
         9.985683560371399E-01         2.797662261855294E-07        -1.469237231876974E-10
         9.983028769493103E-01         4.949961294187233E-07        -2.354618444666556E-10
         9.981976747512817E-01         5.125584721099585E-07        -2.646532160088810E-10
         9.981191754341125E-01         3.523931866311614E-07        -2.265778814569686E-10
         9.980893135070801E-01         3.502324830151338E-07        -2.353924555276166E-10
         9.982069134712219E-01         2.807489352107950E-08        -7.663551737646657E-11
         9.978768229484558E-01         1.949713066551340E-07        -1.009090311310246E-10
         9.978173375129700E-01         5.867303087825348E-08        -2.748350158565671E-11
         9.975855946540833E-01         2.999031778472272E-08         2.478249203075045E-11
         9.974949359893799E-01        -2.051760503718469E-07         1.146607531143928E-10
         9.972831606864929E-01        -1.675969372172403E-07         9.349628016241951E-11
         9.967000484466553E-01         7.519131486333208E-07        -3.198443732088663E-10
         9.971015453338623E-01        -5.223139964982693E-07         2.236915513931237E-10
         9.969004392623901E-01        -3.123327019238786E-07         1.181528208604732E-10
         9.968410730361938E-01        -3.388534537407395E-07         9.616502039122565E-11
         9.968414306640625E-01        -1.263352942260099E-07         2.260180540988865E-12
         9.968387484550476E-01        -2.410128274732415E-07         3.912985213627707E-11
         9.967415332794189E-01        -5.405124170465569E-07         1.446290032180997E-10
         0.000000000000000E+00         0.000000000000000E+00         0.000000000000000E+00
         0.000000000000000E+00         0.000000000000000E+00         0.000000000000000E+00
         0.000000000000000E+00         0.000000000000000E+00         0.000000000000000E+00
         0.000000000000000E+00         0.000000000000000E+00         0.000000000000000E+00
         0.000000000000000E+00         0.000000000000000E+00         0.000000000000000E+00
         0.000000000000000E+00         0.000000000000000E+00         0.000000000000000E+00
         0.000000000000000E+00         0.000000000000000E+00         0.000000000000000E+00
         1.003845334053040E+00         1.005018816613301E-06        -4.600806680077341E-10
         1.003598451614380E+00         8.942834597291949E-07        -4.227148353574961E-10
         1.003514409065247E+00         7.165790520957671E-07        -3.622958599791559E-10
         1.003408670425415E+00         4.554033239401178E-07        -2.438756696587774E-10
         1.003089547157288E+00         5.319965907801816E-07        -2.731939119371418E-10
         1.002781271934509E+00         5.926582389292889E-07        -3.075598387081158E-10
         1.002500295639038E+00         5.802498321827443E-07        -2.982624980329973E-10
         1.002458333969116E+00         5.923187131884333E-07        -3.097996581491458E-10
         1.002604365348816E+00         3.896984424045513E-07        -2.382449793003616E-10
         1.002466797828674E+00         4.189592175407597E-07        -2.394620057799557E-10
         1.002138614654541E+00         7.159623010011273E-07        -3.454759534005092E-10
         1.001887321472168E+00         1.146015733866079E-06        -4.911365758530906E-10
         1.002120256423950E+00         8.064743610702862E-07        -3.432276962644920E-10
         1.002209305763245E+00         2.772699474462570E-07        -1.283566170018346E-10
         1.002249360084534E+00        -1.526405526419694E-07         4.730585367873630E-11
         1.002224445343018E+00        -4.101520119093038E-07         1.553442235957547E-10
         1.001912951469421E+00        -4.241434510277031E-07         1.548085409863731E-10
         1.001391172409058E+00        -1.703766940863716E-07         5.882757475594858E-11
         1.001088619232178E+00        -8.786633287627410E-08         4.227300801074030E-11
         1.000915169715881E+00        -1.168905470194659E-07         4.071366507818475E-11
         1.000928163528442E+00        -2.208939804404508E-07         6.151439774226830E-11
         1.000998735427856E+00        -5.166118057786662E-07         1.735955129644751E-10
         1.000730037689209E+00        -5.110233587402035E-07         1.807660687802581E-10
         1.000207781791687E+00        -1.035603318655376E-07         4.174280712754275E-11
         1.000028014183044E+00         6.874541469414908E-08        -9.890106095200579E-12
         9.999351501464844E-01         3.313499803425657E-07        -8.465281253755563E-11
         9.999251961708069E-01         4.249474727657798E-07        -1.012442352177345E-10
         1.000007271766663E+00         2.605298448088433E-07        -2.632401761848424E-11
         1.000431299209595E+00        -2.528907145915582E-07         1.605272303972782E-10
         1.000542163848877E+00        -1.408331371521854E-07         7.572055482629736E-11
         1.000658035278320E+00        -2.109954522211410E-07         7.534106671869267E-11
         1.000608444213867E+00        -4.054452347190818E-07         1.375275310300239E-10
         1.000302433967590E+00        -9.189147931465413E-08         6.277062897241947E-11
         9.997926950454712E-01        -1.343547069154738E-07         1.023053516902017E-10
         9.994925260543823E-01        -1.905777935462538E-08         4.788121288346048E-11
         9.994726181030273E-01         4.262195574256111E-08         2.577961108474192E-11
         9.995557665824890E-01         1.671128302405123E-07         5.049074006113763E-12
         9.994710683822632E-01         3.804524908446183E-07        -6.153230702743429E-11
         9.995179772377014E-01         3.505603274334135E-07        -6.330792834408072E-11
         9.995956420898438E-01         3.822060534730554E-07        -1.044296177310500E-10
         9.995680451393127E-01         4.175240633230715E-07        -1.564352952732051E-10
         9.994712471961975E-01         6.866052899567876E-07        -2.690436762264881E-10
         9.997870326042175E-01         4.355512146503315E-07        -1.703069490988085E-10
         1.000056624412537E+00         4.503965556068579E-07        -1.778085317871714E-10
         1.000322699546814E+00        -1.237026765465998E-07         1.839826554994595E-11
         1.000485420227051E+00        -3.725491524164681E-07         8.315723803997699E-11
         1.000599265098572E+00        -4.132278945689905E-07         5.167187164256681E-11
         1.000302433967590E+00        -2.066354340968246E-07        -5.389316597159688E-12
         9.999124407768250E-01         1.276351326851000E-07        -9.230634312462627E-11
         9.998583197593689E-01         3.547231131051376E-07        -1.659878900994727E-10
         9.998748302459717E-01         4.708838616807043E-07        -2.072391286356279E-10
         1.000016212463379E+00         3.701671289491060E-07        -1.656379616798986E-10
         1.000330090522766E+00        -1.769185615785318E-07         3.329108169691786E-11
         1.000329017639160E+00        -2.393427109836921E-07         5.801364943991416E-11
         1.000031352043152E+00         8.165051923469946E-08        -3.137791068641427E-11
         1.000230550765991E+00        -1.940781828579929E-07         1.072852084949005E-10
         1.000284671783447E+00        -1.787438890232806E-07         9.516640947504484E-11
         1.000369310379028E+00        -2.001109891125452E-07         7.046090100271130E-11
         1.000525116920471E+00        -2.554683931066393E-07         8.761177894278660E-11
         1.000538229942322E+00         1.317228850439278E-07        -5.496486599199102E-11
         1.000321626663208E+00         3.678014763863757E-07        -1.392572168690265E-10
         9.998901486396790E-01         9.081319376491592E-07        -3.398559489387054E-10
         9.996808767318726E-01         9.107063760893652E-07        -3.396151970758154E-10
         9.995887875556946E-01         9.051385632119491E-07        -2.998942483234401E-10
         9.997411966323853E-01         5.068999939794594E-07        -1.280326122898856E-10
         9.999572038650513E-01         3.048990322440659E-07        -5.140663589253691E-11
         1.000001788139343E+00        -2.774085849921448E-08         8.155027347855892E-11
         9.998680949211121E-01         1.657897286122534E-07         1.104620821895663E-11
         9.998468756675720E-01         2.966768590795255E-07        -2.584277410122571E-11
         9.997147917747498E-01         4.431956597272801E-07        -7.005423324768500E-11
         1.000065803527832E+00         1.315659545753078E-07         8.467406463485982E-12
         1.000236630439758E+00        -9.837243020172082E-09        -9.007751142209308E-12
         1.000245094299316E+00        -4.278768415133527E-07         8.869256024057748E-11
         1.000398278236389E+00        -5.456219014376984E-07         1.287274314920595E-10
         1.000134706497192E+00         4.589699997836760E-08        -6.707220889801135E-11
         1.000021696090698E+00         3.600835611905495E-07        -2.005745292077421E-10
         9.999193549156189E-01         3.151445184812474E-07        -1.854745940166325E-10
         9.999310970306396E-01         9.263564493267040E-08        -6.658590345764992E-11
         9.999100565910339E-01        -1.317815758739016E-07         7.862459294738500E-11
         9.998309016227722E-01         3.655275904179689E-08         4.027173386433880E-11
         9.998241662979126E-01         2.260596971837003E-07        -7.371926680210805E-11
         1.000028491020203E+00         2.447528970606072E-07        -1.277940947508327E-10
         9.997085928916931E-01         5.639024607262400E-07        -2.628699480311525E-10
         9.997162222862244E-01         1.925465795693526E-07        -1.134647861777971E-10
         9.997997879981995E-01        -2.518070196799727E-08        -1.937828196518776E-11
         9.997619390487671E-01        -1.124978084021677E-07         2.537838862670672E-11
         9.998604655265808E-01        -1.777445106654341E-07         3.984307328508407E-11
         1.000076651573181E+00        -3.260279868300131E-07         3.585328214872341E-11
         1.000026702880859E+00        -2.962707128517650E-07         1.498146745548823E-11
         1.000226736068726E+00        -3.180022360993462E-07         3.906541756748538E-11
         1.000077843666077E+00        -6.405457497749012E-08        -6.675451164062096E-11
         1.000311136245728E+00        -2.621512464884290E-07         2.351017817925349E-11
         1.000515699386597E+00        -2.088040957914927E-07        -1.276019914731030E-11
         1.000560164451599E+00        -4.508062829700066E-07         7.097272769485130E-11
         1.000582814216614E+00        -1.040107662220180E-07        -8.541022750163663E-11
         1.000632882118225E+00        -1.159014786367152E-07        -5.389657123378022E-11
         1.000858664512634E+00        -2.131763778834284E-07        -1.331144135890971E-11
         1.000784516334534E+00        -3.637807992618036E-07         7.293785020401344E-11
         1.000806450843811E+00        -6.413460482690425E-07         1.953992523340276E-10
         1.000710844993591E+00        -6.860875032543845E-07         2.736877668940707E-10
         1.000244975090027E+00        -2.574005861788464E-07         1.521130166270979E-10
         9.999855160713196E-01        -8.494328795904948E-08         9.447111842808553E-11
         9.997892379760742E-01         1.283042507793652E-07         1.061004322594483E-11
         9.998874664306641E-01         1.316581261789906E-07        -1.115832686665597E-11
         1.000075817108154E+00        -1.643277727225723E-07         1.000375407511633E-10
         1.000231266021729E+00        -7.137837201298680E-07         2.928722264705641E-10
         1.000530838966370E+00        -1.281259642382793E-06         5.117363199858005E-10
         1.000363945960999E+00        -1.168978428722767E-06         5.246116319135297E-10
         1.000301241874695E+00        -7.086223376973066E-07         2.972348200902530E-10
         1.000253558158875E+00        -8.026401019378682E-07         2.878646487847192E-10
         1.000300168991089E+00        -8.349902032023238E-07         3.122624936402474E-10
         1.000110030174255E+00        -4.345754689438763E-07         1.481576666906292E-10
         9.999017119407654E-01        -1.534000944047875E-07         4.002071937736495E-11
         9.997251629829407E-01         3.235454215655409E-08        -7.069502622192303E-11
         9.997200369834900E-01         3.577051899128492E-08        -1.292388279727774E-10
         9.995629787445068E-01         5.651437504639034E-07        -3.471870846372127E-10
         9.995744824409485E-01         2.101031952861376E-07        -1.949367195441809E-10
         9.997466802597046E-01        -2.083148586962125E-07        -2.754823799633321E-11
         9.999181032180786E-01        -7.480543899873737E-07         1.507260705135849E-10
         1.000051379203796E+00        -6.163850798657222E-07         7.685599379136931E-11
         9.994719028472900E-01         3.128846515210171E-07        -2.023367723369418E-10
         9.992647767066956E-01         4.672666307214968E-07        -1.639076652182325E-10
         9.991339445114136E-01         4.044586319196242E-07        -1.058557755340139E-10
         9.995377063751221E-01        -5.400405811428755E-08         5.802142186844828E-12
         9.996944665908813E-01        -3.282111435964907E-07         1.217747569448591E-10
         1.000058889389038E+00        -6.126338689682598E-07         2.410505406391650E-10
         9.998934864997864E-01        -2.788455333302409E-07         8.535562534550678E-11
         1.000028610229492E+00        -3.129910908228339E-07         8.543458995813324E-11
         1.000053286552429E+00        -3.556830279194401E-07         9.870866624073216E-11
         9.997839331626892E-01         4.503781383391470E-07        -1.542456995462516E-10
         9.991273283958435E-01         1.090489035959763E-06        -3.090865619004290E-10
         9.993637800216675E-01         1.009762513604073E-06        -2.644138796803475E-10
         9.996834397315979E-01         6.138931780697021E-07        -1.308554792300853E-10
         1.000008225440979E+00         2.857082392893062E-07        -3.712013335599451E-11
         9.998095631599426E-01         3.602677907110774E-07        -4.958354907214080E-11
         9.994602799415588E-01         7.094292868714547E-07        -9.152373997567409E-11
         9.992798566818237E-01         8.660221624268161E-07        -1.626295070833450E-10
         9.995905756950378E-01         5.943715564171725E-07        -1.063749227592226E-10
         9.999966621398926E-01        -5.502270994384162E-08         1.381890157858834E-10
         1.000641584396362E+00        -8.411645353589847E-07         4.223953409265846E-10
         1.000500917434692E+00        -7.413326557070832E-07         3.865283093595906E-10
         1.000481724739075E+00        -6.426984668905789E-07         3.552172445075996E-10
         9.999454021453857E-01         3.207198631116626E-07         7.289276821031976E-12
         9.996781945228577E-01         6.398929031092848E-07        -1.519763898061299E-10
         9.993880987167358E-01         1.103892714127142E-06        -3.655242220013122E-10
         9.991759657859802E-01         9.461369359087257E-07        -2.637173257546976E-10
         9.993119835853577E-01         4.698436271155515E-07        -1.121338716325582E-10
         9.999580979347229E-01        -8.321803193211963E-07         3.267270620721519E-10
         1.000327706336975E+00        -9.194073413709702E-07         3.359749700670989E-10
         9.999724626541138E-01        -1.016001363041141E-07         1.025203463789204E-10
         1.000431776046753E+00        -8.814755005914776E-07         3.381864233098497E-10
         1.000144600868225E+00        -7.471151661775366E-07         2.114362157579208E-10
         1.000443696975708E+00        -9.565637810737826E-07         2.693852640955896E-10
         1.000735521316528E+00        -1.222276182488713E-06         3.625753863811809E-10
         1.000537753105164E+00        -1.528990992483159E-06         4.787973351128016E-10
         1.000182390213013E+00        -1.154839310402167E-06         3.348995525342957E-10
         9.994523525238037E-01         1.849046213919792E-07        -1.759653533994765E-10
         9.996455907821655E-01         1.293307576588631E-07        -1.401657401256529E-10
         1.000481605529785E+00        -9.571716645950801E-07         2.921086150742269E-10
         1.000164270401001E+00        -4.209705650737305E-07         1.662625453979771E-10
         9.999729990959167E-01         6.322951406900756E-08        -2.960065526025346E-11
         9.996032714843750E-01         8.137266718222236E-07        -3.247159208186190E-10
         9.997004270553589E-01         5.944698386883829E-07        -2.949994692968971E-10
         9.992222189903259E-01         1.701949599919317E-06        -7.120360412393723E-10
         9.995734691619873E-01         1.389759972880711E-06        -6.230740923207634E-10
         9.996153116226196E-01         8.153786552611564E-07        -3.986215801887738E-10
         9.997101426124573E-01         5.457119982565928E-07        -3.270213821959800E-10
         1.000132799148560E+00         9.768312736468943E-08        -1.366688151538398E-10
         1.000262260437012E+00         8.401686812931075E-08        -1.204693289569292E-10
         1.000203847885132E+00         2.921584609794081E-07        -1.894140816416368E-10
         1.000063896179199E+00         4.232984167629184E-07        -2.063588327994026E-10
         9.994652271270752E-01         9.747026297191042E-07        -3.873533160891895E-10
         9.987629652023315E-01         1.688295242274762E-06        -5.962257909608581E-10
         9.988402724266052E-01         1.604043291081325E-06        -5.436636696387609E-10
         9.988866448402405E-01         1.547856868455710E-06        -5.368758215773539E-10
         9.990749359130859E-01         1.403569967806106E-06        -4.560435917788652E-10
         9.994452595710754E-01         6.402905796676350E-07        -1.310403174858976E-10
         9.993528723716736E-01         7.888750701567915E-07        -2.151184785859073E-10
         9.996613264083862E-01         1.900171042734655E-07         1.534975618833201E-11
         9.992895722389221E-01         5.077330911262834E-07        -6.150448900177352E-11
