         1.002578854560852E+00        -1.104584953282028E-06         3.223879219138581E-10
         1.003582596778870E+00        -3.254041303080157E-06         1.145509354039120E-09
         1.002777934074402E+00        -3.302518507553032E-06         1.230228030557612E-09
         1.002039551734924E+00        -1.897354309221555E-06         6.002981445263345E-10
         1.001930594444275E+00        -2.658179028003360E-06         8.891353209250497E-10
         1.002118468284607E+00        -3.111240857833764E-06         1.041269404034040E-09
         1.001829504966736E+00        -3.138934289381723E-06         1.034886953910075E-09
         1.001513361930847E+00        -3.255601995988400E-06         1.170958330298788E-09
         1.001157760620117E+00        -2.923178044511587E-06         1.093448553923793E-09
         1.000149488449097E+00        -1.122353637583728E-06         4.364142103252533E-10
         9.989693164825439E-01         5.453889002637879E-07        -8.527523825963002E-11
         9.994668960571289E-01        -6.697601406813192E-07         3.355729027987309E-10
         1.000001430511475E+00        -1.461626879972755E-06         5.602827646278286E-10
         1.000312924385071E+00        -1.797179720597342E-06         7.233335042045042E-10
         1.000197410583496E+00        -9.338888276033686E-07         4.639851280963114E-10
         1.000053405761719E+00         1.026947273885526E-07         4.051411289784923E-11
         9.996075034141541E-01         1.007413061415718E-06        -2.477058835825829E-10
         1.000059843063354E+00        -4.363330674550525E-07         2.873402349390375E-10
         9.996674656867981E-01        -2.447383735670883E-07         2.590541670066671E-10
         1.000475883483887E+00        -5.852427875652211E-07         2.263191162255040E-10
         1.000545740127563E+00        -3.669478019219241E-07         1.160858353888017E-10
         1.000365734100342E+00         1.343017146382408E-07         1.168908286136583E-11
         1.000315785408020E+00         5.336389676813269E-07        -1.259558291000218E-10
         1.000451683998108E+00         4.576932894906349E-07        -1.045837375035497E-10
         1.000410556793213E+00         9.108207450481132E-07        -2.776730789744164E-10
         1.001003503799438E+00         8.511689486567775E-08        -6.137631375358055E-11
         1.000665307044983E+00         5.257853672446799E-07        -2.312553620820168E-10
         1.000781059265137E+00         4.995609970137593E-07        -2.683529232161419E-10
         1.001103401184082E+00        -8.116189320617195E-08        -6.573128152886909E-11
         1.001054525375366E+00         6.624014190492744E-07        -3.707784079765020E-10
         1.001264452934265E+00         1.265620852564098E-07        -1.897215301527311E-10
         1.000966310501099E+00         1.939960441177391E-07        -1.983296721297378E-10
         9.996371865272522E-01         1.599331426405115E-06        -6.395050045071571E-10
         9.992626905441284E-01         1.900828465295490E-06        -7.571086535484994E-10
         9.992271661758423E-01         2.247608108518762E-06        -9.166998271581406E-10
         9.993797540664673E-01         1.927393668665900E-06        -7.766670084841110E-10
         9.997851848602295E-01         7.637175940544694E-07        -2.673529175822864E-10
         9.994259476661682E-01         1.219614318870299E-06        -4.305650558311669E-10
         9.990280866622925E-01         1.905875478769303E-06        -6.536790553290928E-10
         9.981926679611206E-01         3.187512675140169E-06        -1.034029195601249E-09
         9.976547360420227E-01         3.474891627774923E-06        -1.041097763554433E-09
         9.983062148094177E-01         2.810925025187316E-06        -8.431617071202879E-10
         9.996211528778076E-01         1.246283886757737E-06        -4.472193171345396E-10
         9.993380308151245E-01         1.503584599049645E-06        -4.741165238186795E-10
         9.983583688735962E-01         2.403445705567719E-06        -7.047020189610009E-10
         9.976118206977844E-01         3.219510972485295E-06        -9.414983237476804E-10
         9.980009198188782E-01         2.724855676206062E-06        -7.966521886615396E-10
         9.982770085334778E-01         2.151846274500713E-06        -6.398653829009504E-10
         9.980852007865906E-01         2.074528765660943E-06        -6.192610313426883E-10
         9.983419775962830E-01         1.740919742587721E-06        -5.279688908288449E-10
         9.988819956779480E-01         1.186887516269053E-06        -4.163774047771795E-10
         9.994505643844604E-01         4.007563347840915E-08        -6.927006190871055E-11
         9.996612071990967E-01        -2.260796918562846E-07         2.379159542986731E-11
         9.992229342460632E-01         4.846691226134681E-08        -1.963798741677625E-11
         9.989747405052185E-01         4.864361926593119E-07        -1.878053962345305E-10
         9.983902573585510E-01         6.272530868045578E-07        -1.489258993903064E-10
         9.980033636093140E-01         7.517811582147260E-07        -1.437511221169530E-10
         9.986155033111572E-01        -1.451198556878808E-07         1.574746999466470E-10
         9.990271329879761E-01        -1.880038098533987E-07         8.118121452849181E-11
         9.991218447685242E-01        -3.835787367734156E-07         1.702316759777389E-10
         9.992754459381104E-01        -1.608469943903401E-07         2.050446097634495E-11
         9.991005063056946E-01         5.479030278365826E-07        -2.808537014065138E-10
         9.992180466651917E-01         5.140531129654846E-07        -2.024128226141286E-10
         9.985146522521973E-01         1.525790025880269E-06        -5.324458651756458E-10
         9.986134171485901E-01         1.031035026244354E-06        -3.984012564295369E-10
         9.988458752632141E-01         6.263221052904555E-07        -2.913626284684057E-10
         9.983721971511841E-01         1.232960471497790E-06        -4.635979378164734E-10
         9.986789822578430E-01         1.977047219270389E-07        -3.527228856214926E-11
         9.989750385284424E-01        -5.323708140991812E-09         8.848081121948237E-12
         9.994380474090576E-01        -2.177382469881195E-07         9.127579247980577E-11
         9.999777078628540E-01        -5.602502710644330E-07         1.536483440478520E-10
         1.000890135765076E+00        -1.759302449499955E-06         6.189028178837930E-10
         1.000563383102417E+00        -1.274839291909302E-06         5.046957851639888E-10
         1.000020623207092E+00        -2.482139791482041E-07         1.325943105312533E-10
         1.000216603279114E+00        -6.392780278474675E-07         2.842540647307601E-10
         1.000653624534607E+00        -1.017377712742018E-06         4.061175284952867E-10
         1.000534653663635E+00        -8.797799182502786E-07         3.939073511816105E-10
         1.000348210334778E+00        -1.139146434070426E-06         5.058326535412050E-10
         1.000386834144592E+00        -1.772076188899518E-06         7.299802429194813E-10
         1.000685811042786E+00        -2.686142124730395E-06         1.041836172888111E-09
         1.000148415565491E+00        -1.467276433686493E-06         5.587259543915479E-10
         9.994006156921387E-01        -3.322241752812261E-07         1.665458604360737E-10
         9.993453025817871E-01         2.983059914640762E-07        -5.203496661332352E-11
         9.998154640197754E-01         1.324698075677588E-07        -3.763199474260404E-11
         1.000423431396484E+00        -5.675461807186366E-07         1.355194012564453E-10
         1.000736117362976E+00        -7.488058031412947E-07         1.918621511665108E-10
         1.000463366508484E+00        -1.903692492533082E-07         2.193115827830994E-11
         1.000368595123291E+00         1.792417805290825E-07        -1.328954446488950E-10
         1.001150488853455E+00        -1.045394242282782E-06         3.005265758471154E-10
         1.000855922698975E+00        -5.052600613453251E-07         1.468371257917767E-10
         1.000662446022034E+00        -9.081388441245508E-08         2.319379931170484E-12
         1.000871539115906E+00         1.252505796855985E-07        -1.818736827807754E-10
         1.000888109207153E+00         1.348521472266384E-08        -1.567725671502984E-10
         1.000759601593018E+00        -3.150820191422099E-07        -6.770095768715567E-12
         1.000505924224854E+00         3.181496310844523E-08        -1.303444990830016E-10
         1.000192046165466E+00         4.431402373938909E-07        -2.061804060815575E-10
         1.000729322433472E+00        -4.503223749452445E-07         1.159410137341332E-10
         1.000743389129639E+00        -5.790150794382498E-07         1.732370219498236E-10
         1.000667929649353E+00        -1.076317744264088E-06         4.296678846049673E-10
         1.000422716140747E+00        -3.528635943439440E-07         1.364329760278338E-10
         1.000447511672974E+00        -5.429765224107541E-07         1.739718369364596E-10
         9.999499320983887E-01        -1.523894610500065E-07         1.152027570561209E-10
         9.996629953384399E-01         5.862805210199440E-07        -1.788232617538910E-10
         9.999638199806213E-01         7.952683489520496E-08         1.474740121687468E-11
         1.000526666641235E+00        -4.517694947026030E-07         1.559712636822752E-10
         1.000955581665039E+00        -9.520780963612197E-07         2.777174046286746E-10
         1.000868201255798E+00        -1.368233256471285E-06         4.899756156362400E-10
         1.000144839286804E+00        -7.462983120376521E-08         7.862497458654971E-11
         1.000235915184021E+00        -3.571222464415769E-07         1.383942821453488E-10
         1.000438809394836E+00        -5.889630187994044E-07         1.885404748991348E-10
         1.000292181968689E+00        -1.329317882436953E-07        -4.465848697787766E-12
         1.000115752220154E+00         2.662534939190664E-07        -1.268087163053266E-10
         9.997389912605286E-01         5.601546035904903E-07        -1.927798753964538E-10
         1.000147223472595E+00        -3.683060754156031E-07         1.000868415923506E-10
         1.000533223152161E+00        -8.780341431702254E-07         2.824260825207148E-10
         1.001047015190125E+00        -1.373535951643134E-06         5.211575615504671E-10
         1.001163125038147E+00        -1.343422695754271E-06         4.445525336738143E-10
         1.000991702079773E+00        -1.428113250767638E-06         4.822719446018198E-10
         1.000662207603455E+00        -6.014782343299885E-07         1.622435102932585E-10
         1.000364303588867E+00         3.038649936115689E-07        -1.464889043401030E-10
         1.000353455543518E+00         6.289150178417913E-07        -3.160703920812580E-10
         1.000263094902039E+00         6.409613888536114E-07        -3.527281244863900E-10
         9.999147653579712E-01         1.249346837539633E-06        -5.758839516367686E-10
         9.995269775390625E-01         1.486708015363547E-06        -6.537076990831281E-10
         9.994713664054871E-01         1.216586042573908E-06        -5.430251248661477E-10
         9.994191527366638E-01         1.276660100302252E-06        -5.361348032195679E-10
         9.992082118988037E-01         1.241804625351506E-06        -5.131541302993980E-10
         9.990176558494568E-01         1.059062697095214E-06        -4.176342049966308E-10
         9.991971254348755E-01         1.272570671062567E-06        -5.257698720839699E-10
         9.995429515838623E-01         9.258726549887797E-07        -3.808152959638988E-10
         9.992221593856812E-01         1.660199586694944E-06        -6.238415894976868E-10
         9.991647601127625E-01         1.473788415751187E-06        -5.462122976140904E-10
         9.994475245475769E-01         8.548124696972081E-07        -3.219590982705967E-10
         9.994878768920898E-01         5.491195906870416E-07        -2.022108036570103E-10
         9.992728829383850E-01         6.119902309364988E-07        -2.239894936195697E-10
         9.992058277130127E-01         8.475436175103823E-07        -2.916926422624755E-10
         9.992268085479736E-01         7.490800157938793E-07        -2.359472062174461E-10
         9.992316961288452E-01         5.673966256836138E-07        -2.214582128789999E-10
         9.993755221366882E-01         3.641957277977781E-07        -1.746662536827870E-10
         9.994968771934509E-01         1.481519973367540E-07        -1.021720624772016E-10
         9.993894100189209E-01        -3.552180487531587E-07         1.055288148532618E-10
         9.990532994270325E-01         8.802298623322713E-08        -3.352912392173835E-11
         9.991807937622070E-01         6.572235378143887E-08        -3.411630006278088E-11
         9.991916418075562E-01         1.747306157540152E-07        -9.810464246529094E-11
         9.989849328994751E-01         4.462216907086258E-08        -2.416690805806532E-11
         9.987553358078003E-01         1.680899259781654E-07        -1.320198117493732E-11
         9.988457560539246E-01        -7.146950764536086E-08         5.301682010072639E-11
         9.993855953216553E-01        -6.231238103282521E-07         2.612394744971880E-10
         9.998651146888733E-01        -7.837206794647500E-07         3.233107670475022E-10
         9.999779462814331E-01        -7.078773478497169E-07         3.391804892505235E-10
         9.997211098670959E-01        -7.811465962959119E-08         1.297423835033840E-10
         9.999607801437378E-01        -1.350650506992679E-07         1.327775667192554E-10
         1.000391006469727E+00        -6.634780902459170E-08         1.077577541086505E-10
         1.000554919242859E+00        -7.526335252805438E-07         3.667250114691711E-10
         1.000276923179626E+00        -3.468050522315025E-07         2.376932539682741E-10
         1.000226616859436E+00        -1.095895783009837E-07         1.275042016413153E-10
         1.000337362289429E+00        -5.948250603182714E-08         1.024835771801236E-10
         1.000155210494995E+00         3.008544240401534E-07        -7.377985722367697E-11
         1.000009298324585E+00         1.094497577014408E-07         9.110046050864185E-12
         1.000076889991760E+00         1.898582269177496E-07        -2.009744801134694E-11
         1.000360488891602E+00         2.287229960984405E-07        -3.612047119738726E-11
         1.000497341156006E+00         1.217813547782498E-07        -8.438985621417316E-12
         1.000430107116699E+00         1.910175768671252E-07        -4.052974622581473E-11
         1.000640988349915E+00        -3.276303743859899E-07         1.188551479458511E-10
         1.000694394111633E+00        -2.815270363498712E-07         1.192727167032004E-10
         1.000334739685059E+00        -5.209518150195436E-08         4.022109381662808E-11
         1.000292181968689E+00        -2.561849612447986E-07         1.116178954818636E-10
         1.000184893608093E+00        -9.155919400427592E-08         5.512558118314637E-11
         9.998443722724915E-01         4.683261334292865E-09         3.538219717214020E-11
         9.997437596321106E-01        -1.550042583176037E-07         8.972409620833233E-11
         9.992274641990662E-01         1.787896337646089E-07        -8.499465020683772E-11
         9.989986419677734E-01         1.340345079370309E-07        -1.065730836913303E-10
         9.987655282020569E-01         1.957524631279739E-07        -1.251048986627978E-10
         9.988627433776855E-01        -1.462927770035094E-07         2.252410237491009E-11
         9.989181160926819E-01        -8.225232477343525E-07         2.819440236834225E-10
         9.988635778427124E-01        -1.023532718136266E-06         3.781104873645802E-10
         9.993926882743835E-01        -1.626568405299622E-06         5.633172817098853E-10
         9.997879266738892E-01        -1.899387143566855E-06         6.713691824700163E-10
         9.992765188217163E-01        -1.006705247164064E-06         3.437045092979929E-10
         9.989129900932312E-01        -8.435486051894259E-07         2.840426782668715E-10
         9.990563988685608E-01        -1.257574695046060E-06         3.934811088068813E-10
         9.990205168724060E-01        -1.014617964756326E-06         2.946393407032843E-10
         0.000000000000000E+00         0.000000000000000E+00         0.000000000000000E+00
         0.000000000000000E+00         0.000000000000000E+00         0.000000000000000E+00
         0.000000000000000E+00         0.000000000000000E+00         0.000000000000000E+00
         0.000000000000000E+00         0.000000000000000E+00         0.000000000000000E+00
         0.000000000000000E+00         0.000000000000000E+00         0.000000000000000E+00
         0.000000000000000E+00         0.000000000000000E+00         0.000000000000000E+00
         0.000000000000000E+00         0.000000000000000E+00         0.000000000000000E+00
         1.002035021781921E+00        -3.562412018709438E-07         5.797504837312673E-11
         1.001844286918640E+00        -2.087964112718055E-08        -4.923650723243078E-11
         1.001788854598999E+00        -2.867668058570416E-07         4.647683626846089E-11
         1.001468420028687E+00        -4.062063396759186E-07         8.753130859018299E-11
         1.001190423965454E+00        -3.254967566590494E-07         4.700982658700781E-11
         1.000946998596191E+00        -3.102321670667152E-07         2.913555854910932E-11
         1.000709533691406E+00        -3.995029942416295E-07         8.030025255845175E-11
         1.000244855880737E+00        -2.824328646511276E-07         8.193405676149013E-11
         1.000163316726685E+00        -2.363422524354064E-08         3.632892597860149E-11
         1.000497221946716E+00        -2.477415250723425E-07         1.274992472710679E-10
         1.000744342803955E+00        -1.510664162651665E-07         7.158033193954694E-11
         1.000778555870056E+00         1.889791718667766E-07        -3.069194898230876E-11
         1.001065135002136E+00        -9.758094421385977E-08         8.245792937344731E-11
         1.000870466232300E+00         3.570521016627026E-07        -6.582197287219316E-11
         1.000621318817139E+00         2.826618299422989E-07         8.450612605515051E-12
         1.000444173812866E+00         3.664489724997111E-07        -7.796596007692003E-11
         1.000424027442932E+00         5.305411718836694E-07        -1.776339908499125E-10
         1.000481128692627E+00         5.995744913889212E-07        -1.983039704667178E-10
         1.000490784645081E+00         6.372189886860724E-08         9.614592108575515E-12
         1.000609397888184E+00        -3.781249517942342E-07         1.177450498213162E-10
         1.000317454338074E+00        -2.775713348057707E-08        -1.616145238469979E-11
         1.000217676162720E+00         2.859424057533033E-07        -1.527475507190346E-10
         1.000518798828125E+00        -1.751193394738948E-07         1.889274500732618E-11
         1.000338792800903E+00         2.181040343884888E-07        -1.400269067364235E-10
         1.000350117683411E+00         1.877506576875021E-07        -1.456151449419352E-10
         1.000663995742798E+00        -1.433155745189651E-07        -4.826443758543242E-11
         1.000772714614868E+00        -1.764483670285699E-07        -2.349882614882670E-11
         1.000809073448181E+00        -2.090231632223549E-08        -8.011351998460370E-11
         1.000803589820862E+00        -3.220830180339362E-08        -6.590590573285482E-11
         1.000505685806274E+00        -3.212784349670983E-08        -5.945965247944329E-11
         1.000360727310181E+00         8.671378992630707E-08        -1.082511580374756E-10
         1.000306248664856E+00         1.326848177995998E-07        -1.299156338063767E-10
         1.000375866889954E+00        -1.085285106228184E-07        -2.899589596205843E-11
         1.000038504600525E+00         2.134803622766412E-07        -1.212074329792756E-10
         9.994056224822998E-01         8.773446893428627E-07        -3.496072042974419E-10
         9.991306066513062E-01         8.830209026200464E-07        -3.348885613263519E-10
         9.994630813598633E-01         2.986507183777576E-07        -1.040250593997705E-10
         9.997410178184509E-01         5.538228151635849E-07        -2.275760135894700E-10
         9.997479319572449E-01         8.644088893561275E-07        -3.708906237687160E-10
         9.998555779457092E-01         4.492315497373056E-07        -2.131843729324956E-10
         9.998279213905334E-01         4.806619244845933E-07        -2.399580811829338E-10
         9.995813369750977E-01         6.413495157175930E-07        -3.113903301876775E-10
         9.996886253356934E-01         8.244705362869809E-09        -1.120596601622559E-10
         9.998536109924316E-01        -6.812012429691094E-07         1.599577553745846E-10
         9.995288848876953E-01        -7.202170593245683E-08        -1.135028356025192E-11
         9.995257854461670E-01        -1.662162247839660E-07         6.234824462270083E-11
         9.992657899856567E-01         8.477921653593512E-08        -5.243169440283246E-11
         9.990635514259338E-01         2.849035638519126E-07        -8.778826970923248E-11
         9.993945956230164E-01        -9.352915952831609E-08         8.462325978841889E-11
         9.992660284042358E-01         2.019861966573444E-08         4.293191149806752E-11
         9.995691776275635E-01        -2.961698726267059E-07         1.673454708139843E-10
         9.993861913681030E-01         6.162072168081068E-07        -2.276949739865586E-10
         9.995531439781189E-01         4.777446065418189E-07        -1.638588986718759E-10
         9.992494583129883E-01         6.968774073357054E-07        -2.301164259144173E-10
         9.992485642433167E-01         5.685270707544987E-07        -1.649149566906871E-10
         9.992697834968567E-01         3.533659480581264E-07        -9.008754853212508E-11
         9.991648197174072E-01         4.094644339147635E-07        -9.530207178976013E-11
         9.994058012962341E-01         6.769149081264914E-07        -1.859408321758238E-10
         9.994776248931885E-01         6.054719960957300E-07        -1.742423150208339E-10
         9.996778368949890E-01         1.849267761144802E-07        -6.051804890550017E-11
         9.997503161430359E-01         1.577672037456068E-07        -7.804803331401544E-11
         1.000001192092896E+00        -5.202398369874572E-07         1.669832050410491E-10
         9.998649358749390E-01        -1.216238274537318E-07        -7.748137201279981E-12
         9.996998310089111E-01         2.875714528727258E-07        -1.480674610698784E-10
         9.991734027862549E-01         5.468530162033858E-07        -2.157231615562694E-10
         9.987699985504150E-01         6.460455779233598E-07        -2.344954230792951E-10
         9.986814260482788E-01         1.987578173157090E-07        -4.331893177500490E-11
         9.988625645637512E-01        -1.015548534155641E-07         7.013732650218429E-11
         9.988854527473450E-01         4.095782628610323E-07        -9.327867644959298E-11
         9.989498853683472E-01         1.018698526422668E-06        -3.184033314784784E-10
         9.998766779899597E-01         4.962794264429249E-07        -1.563116441838375E-10
         1.000186800956726E+00         7.941432613733923E-07        -2.630785589374796E-10
         1.000661015510559E+00         3.764047846743779E-07        -1.432223922792630E-10
         1.000771045684814E+00        -5.632403343724945E-08         1.123203526715022E-11
         1.000760436058044E+00         1.619729061985709E-07        -1.041005198709755E-10
         1.000380754470825E+00         3.984251577549003E-07        -1.797401116832020E-10
         9.997925758361816E-01         4.763927279327618E-07        -1.588606746150134E-10
         9.996823668479919E-01         6.896387390042946E-07        -2.588078085175027E-10
         9.999957680702209E-01         1.820015427256294E-07        -5.494040639097975E-11
         9.999019503593445E-01         4.213066162606083E-08         1.598993333573606E-11
         9.999659657478333E-01         3.194562054886774E-07        -9.721071864143838E-11
         1.000137686729431E+00         1.301263807818032E-07        -4.043305620871074E-11
         1.000167131423950E+00         2.002788477284412E-07        -8.390607653119275E-11
         1.000223278999329E+00         2.131362037971485E-07        -1.087853765402436E-10
         1.000228881835938E+00        -5.911583400575182E-08         1.814419621493091E-11
         1.000156760215759E+00        -5.133806268986518E-08         2.990485983844771E-11
         1.000131487846375E+00         2.828844571922673E-07        -1.203272897987162E-10
         1.000507354736328E+00        -5.585869757851469E-07         2.167624274518332E-10
         1.000526905059814E+00        -6.387969619936484E-07         2.523703745982431E-10
         1.000155329704285E+00        -3.796494922880811E-07         1.489674772425786E-10
         9.998981952667236E-01        -5.313640372150985E-07         1.932004140003940E-10
         9.995718598365784E-01        -1.153137390019765E-07         6.436266797305024E-11
         9.997807145118713E-01        -3.916252637736761E-07         1.411842864840196E-10
         1.000119447708130E+00        -6.926578635102487E-07         2.789490305410425E-10
         1.000257968902588E+00        -4.187776028174994E-07         2.070003890519700E-10
         9.994716048240662E-01         4.302175113934936E-07        -4.455209812181948E-11
         9.994716644287109E-01         2.859528365206643E-07        -1.616220178524141E-11
         9.995217919349670E-01         3.074586345519492E-07        -8.328453898753807E-11
         9.997529387474060E-01        -3.337725900109945E-07         1.370535213096602E-10
         9.995402693748474E-01        -2.470277991051262E-07         1.083555328795782E-10
         9.992647767066956E-01         2.404841836778360E-07        -6.750981718095517E-11
         9.995918273925781E-01        -4.231534376231139E-07         1.684710426719249E-10
         9.994316697120667E-01        -4.215516469230352E-07         2.053505282484380E-10
         9.994242191314697E-01        -1.210643034710301E-07         9.764714731241853E-11
         9.995914101600647E-01        -3.655256008983088E-08         3.903077947647882E-12
         9.994131326675415E-01         4.208378356906906E-07        -1.567729557283570E-10
         9.998100399971008E-01        -4.394092343318334E-07         1.593489784568192E-10
         9.992221593856812E-01         5.565677270169544E-07        -1.804715543674007E-10
         9.992322325706482E-01         5.537057745641505E-07        -1.963339352206717E-10
         9.992405772209167E-01         6.211887466633925E-07        -2.736302295858195E-10
         9.994409680366516E-01         4.116687080113479E-07        -1.982868869099264E-10
         9.996092915534973E-01         1.388468859886416E-07        -4.923434576697971E-11
         9.993427395820618E-01         1.152524077951966E-06        -4.123823504897928E-10
         9.995462298393250E-01         1.290303885070898E-06        -4.841926304344213E-10
         9.998692870140076E-01         1.173434611700941E-06        -4.579957524342149E-10
         1.000841736793518E+00        -3.444161791321676E-07         9.098742592694720E-11
         1.000706911087036E+00         1.027396407948800E-07        -8.498643455645549E-11
         1.000826954841614E+00         1.175767891936630E-07        -6.997587231882818E-11
         1.000609874725342E+00         8.152771897584898E-07        -2.862278747350899E-10
         1.000870823860168E+00         8.748458668605963E-08        -3.557006425514153E-11
         1.000674843788147E+00        -4.446826551429695E-08         3.221434924371991E-11
         1.000417351722717E+00         3.732129982836341E-08         2.688767264391601E-11
         1.000506162643433E+00        -1.663478030877741E-07         9.899648462097232E-11
         1.000349879264832E+00         3.169052149587515E-07        -9.408896578522175E-11
         1.000749349594116E+00        -4.325297879859136E-07         1.688654355236352E-10
         1.000766277313232E+00        -4.254065686382091E-07         1.471943122943742E-10
         1.000856518745422E+00        -7.569435069854080E-07         2.653997022150634E-10
         1.000661849975586E+00        -6.105104262132954E-07         2.193191600552424E-10
         1.000370264053345E+00        -3.968676480781141E-07         1.441736868779131E-10
         1.000168919563293E+00        -2.058242216662620E-07         8.458922451382023E-11
         9.999807476997375E-01        -7.042842753435252E-08         8.192220339597878E-12
         9.997832179069519E-01        -1.575495645056435E-07         5.759001608929282E-11
         9.997794628143311E-01        -2.862440737771976E-07         1.093287266273890E-10
         9.994512200355530E-01         2.148093471987522E-07        -7.953505909430447E-11
         9.997537732124329E-01        -2.018188638430729E-07         7.234808585554475E-11
         9.994663596153259E-01        -5.326398309080105E-07         2.113672431525160E-10
         9.993137121200562E-01        -7.033984843474173E-07         3.295839434702685E-10
         9.993695020675659E-01        -9.088230967790878E-07         4.167259315401850E-10
         9.993484020233154E-01        -3.610424244016031E-07         2.113747649135078E-10
         9.995843768119812E-01        -8.889717406646014E-08         8.915516935825707E-11
         9.995701909065247E-01         2.294045486905816E-07        -4.120194463386184E-11
         9.997936487197876E-01        -4.524514807258129E-08         4.344146570245400E-11
         9.995754957199097E-01         8.185402293747757E-07        -3.461702313689585E-10
         9.998762011528015E-01         5.004090652960258E-08        -2.179422961545718E-11
         9.997923374176025E-01        -1.969857663652874E-07         8.044282601149533E-11
         9.994990825653076E-01         1.781550764690110E-07        -3.252160693523187E-11
         9.994080662727356E-01         4.293969482205284E-07        -1.175890912419320E-10
         9.996353387832642E-01         2.851956537597289E-07        -5.305304806579869E-11
         9.997501969337463E-01         7.826762953300204E-07        -2.838667634286196E-10
         1.000201225280762E+00         2.621104044919775E-07        -9.611080681315443E-11
         1.000642180442810E+00         4.940817532883557E-08        -2.883745499338008E-11
         1.000741600990295E+00         2.985358804608040E-08        -3.777310755848085E-11
         1.000555872917175E+00         1.924634602801234E-07        -1.002437438613057E-10
         1.000435233116150E+00         4.518474128190064E-08        -4.399228550888701E-11
         9.999942779541016E-01         3.329707567445439E-07        -1.168153768160707E-10
         9.998172521591187E-01         5.278847652334662E-07        -1.837413277083755E-10
         9.999844431877136E-01         4.782416453963378E-07        -1.595655968467113E-10
         1.000013709068298E+00         1.822655377736737E-07        -5.267489569527051E-11
         1.000155806541443E+00        -3.428046397857543E-07         9.924503580061028E-11
         1.000207662582397E+00        -5.721958018511941E-07         1.710565161738842E-10
         9.998553991317749E-01        -4.451605093436228E-07         1.300845819951491E-10
         9.994488954544067E-01        -5.416235921984480E-07         1.524380482953447E-10
         9.990250468254089E-01        -4.136784639285906E-07         1.313553571469228E-10
         9.986201524734497E-01        -4.944080274071894E-07         1.793523246584883E-10
         9.981381297111511E-01        -9.408088885720645E-07         3.719249908051836E-10
         9.976741671562195E-01        -8.137420195453160E-07         2.994560710511962E-10
         9.975759983062744E-01        -1.367059326184972E-06         5.065608488230566E-10
         9.971119761466980E-01        -1.088965404960618E-06         4.116852969637819E-10
         9.973300695419312E-01        -1.417387466062792E-06         5.146099102404378E-10
         9.972164034843445E-01        -9.649812682255288E-07         3.427189365634575E-10
         9.975307583808899E-01        -1.312566610067734E-06         4.960916677454463E-10
         9.976457953453064E-01        -1.070635448741086E-06         4.016623977864953E-10
         9.977203011512756E-01        -7.913416197879997E-07         2.907409313301912E-10
         9.979288578033447E-01        -7.869643354752043E-07         2.662479681170282E-10
         9.976992607116699E-01        -5.164110348232498E-07         1.905604007923500E-10
         9.974577426910400E-01        -5.128416660227231E-07         2.325411807557742E-10
         9.974884390830994E-01        -4.315169235269423E-07         1.801666038581118E-10
         0.000000000000000E+00         0.000000000000000E+00         0.000000000000000E+00
         0.000000000000000E+00         0.000000000000000E+00         0.000000000000000E+00
         0.000000000000000E+00         0.000000000000000E+00         0.000000000000000E+00
         0.000000000000000E+00         0.000000000000000E+00         0.000000000000000E+00
         0.000000000000000E+00         0.000000000000000E+00         0.000000000000000E+00
         0.000000000000000E+00         0.000000000000000E+00         0.000000000000000E+00
         0.000000000000000E+00         0.000000000000000E+00         0.000000000000000E+00
         1.002372741699219E+00         5.269861276246957E-07        -1.946679206721313E-10
         1.002511024475098E+00         3.381842645922006E-07        -1.045550312994692E-10
         1.002378344535828E+00         4.719316848422750E-07        -1.348842287862695E-10
         1.002043843269348E+00         7.911996249276854E-07        -2.681873056964434E-10
         1.001812338829041E+00         1.128735902966582E-06        -4.141577081284709E-10
         1.001952409744263E+00         9.146654633696016E-07        -3.272325466152637E-10
         1.002097606658936E+00         9.358925012747932E-07        -3.203077247881936E-10
         1.002224326133728E+00         6.344106395772542E-07        -1.738088423186568E-10
         1.002094984054565E+00         7.280512477336742E-07        -1.872960675441959E-10
         1.002306103706360E+00         3.521683424878574E-07        -3.947228655043489E-11
         1.002246856689453E+00         5.928368977947684E-07        -1.842730135148685E-10
         1.002147197723389E+00         5.774458600171783E-07        -1.969957530434385E-10
         1.001725316047668E+00         1.146636805060552E-06        -4.039321377380389E-10
         1.001677751541138E+00         1.043562861013925E-06        -3.696945249931360E-10
         1.001382112503052E+00         1.039565631799633E-06        -3.838753204199463E-10
         1.001413106918335E+00         6.400806000783632E-07        -2.527406894881068E-10
         1.001296401023865E+00         6.530884775202139E-07        -2.804698695513252E-10
         1.001151204109192E+00         5.524381094801356E-07        -2.273001925567897E-10
         1.000923752784729E+00         5.544153509617900E-07        -2.395008913413932E-10
         1.001062870025635E+00         1.571756342855224E-07        -1.885559763881162E-11
         1.001074314117432E+00         4.479712956140247E-08         2.666017753782945E-11
         1.000905632972717E+00         6.780581429666199E-08         4.818221776420328E-12
         1.000515222549438E+00        -4.185362101338796E-08         5.486619145123051E-11
         9.998115897178650E-01         1.341040416491524E-07         1.628929955331537E-12
         9.995062947273254E-01         2.097368501097208E-08         3.901701878250563E-11
         9.994036555290222E-01        -3.327885451653856E-07         1.755478262754906E-10
         9.993047714233398E-01        -2.977644442125893E-07         1.412826661217892E-10
         9.986607432365417E-01         2.708748638724501E-07        -6.515340350565779E-11
         9.986642599105835E-01         2.984829166052805E-07        -9.632475372889360E-11
         9.991188049316406E-01         1.412299042158338E-07        -5.858032808836455E-11
         9.991210103034973E-01         3.060516746700159E-07        -1.199869648083052E-10
         9.993160367012024E-01         2.114451405077489E-07        -9.177734960896800E-11
         9.990659356117249E-01         4.610289181528060E-07        -1.787469061653724E-10
         9.989807009696960E-01         6.312425853138848E-07        -2.513285413119348E-10
         9.990200400352478E-01         3.083478645748983E-07        -1.316634856696197E-10
         9.992533326148987E-01        -9.468165274029161E-08         3.205716594956165E-11
         9.992612004280090E-01         3.207209147149115E-07        -1.019471243535186E-10
         9.996356964111328E-01         1.807748759574679E-07        -4.125411470767837E-11
         9.999754428863525E-01         1.734481713810965E-07        -3.704818743455185E-11
         1.000303626060486E+00        -2.498337323686428E-07         1.371395497162808E-10
         1.000219225883484E+00        -2.766044531199441E-07         1.647226799406099E-10
         1.000196814537048E+00        -5.365646416066738E-07         2.442826219084537E-10
         1.000510573387146E+00        -8.000333764357492E-07         3.477224341796870E-10
         1.000941514968872E+00        -8.014126819944067E-07         3.244155777348823E-10
         1.001265406608582E+00        -1.042881990542810E-06         4.000194619990793E-10
         1.001515150070190E+00        -1.176173896055843E-06         4.100121353545205E-10
         1.001387715339661E+00        -9.394911444360332E-07         2.998321313452124E-10
         1.001254796981812E+00        -9.067642281479493E-07         2.923485897809996E-10
         1.001129865646362E+00        -7.196636033768300E-07         2.333882809235632E-10
         1.001099705696106E+00        -7.136716249078745E-07         2.667238929721094E-10
         1.000798821449280E+00        -5.553052346840559E-07         2.334832605033199E-10
         1.000802278518677E+00        -8.993459914563573E-07         3.691627559199162E-10
         1.000644922256470E+00        -9.629271744415746E-07         3.596954956108789E-10
         1.000399827957153E+00        -9.987298881242168E-07         3.446958829478319E-10
         1.000395774841309E+00        -6.824006959504914E-07         2.184833702845168E-10
         1.000342965126038E+00        -4.177263406290876E-07         1.062683066543890E-10
         1.000283718109131E+00        -2.376302461470914E-07         4.921241192334946E-11
         9.997807741165161E-01         3.129055983208673E-07        -1.437888003108512E-10
         9.995006918907166E-01         6.262900456022180E-07        -2.458776515723571E-10
         9.993242621421814E-01         6.121004503256700E-07        -1.989457765194658E-10
         9.994620680809021E-01         5.062872787675587E-07        -1.620928252732412E-10
         9.993100762367249E-01         6.388417546077108E-07        -2.021895845194521E-10
         9.993286132812500E-01         5.282493589220394E-07        -1.568144919472658E-10
         9.994144439697266E-01         6.453936407524452E-07        -2.248014552286293E-10
         9.996656179428101E-01         5.689068416359078E-07        -2.068081539352562E-10
         9.998266100883484E-01         4.636398500679206E-07        -1.613738448424940E-10
         1.000012993812561E+00         2.385955042427668E-07        -9.877158813065279E-11
         9.997064471244812E-01         5.600681447504030E-07        -2.035985546822161E-10
         9.993531107902527E-01         7.701436857132649E-07        -2.724364900341669E-10
         9.995167255401611E-01         6.821634315201663E-07        -2.533447618358053E-10
         9.992586374282837E-01         1.056882183547714E-06        -3.839309703490557E-10
         9.992606043815613E-01         1.047923547048413E-06        -4.074597048653317E-10
         9.990848302841187E-01         1.058316684066085E-06        -4.089940885965149E-10
         9.993118643760681E-01         1.138965558311611E-06        -4.541713116701374E-10
         9.993177056312561E-01         1.011399604067265E-06        -4.433932110359251E-10
         9.995051622390747E-01         7.683331659791293E-07        -3.486520794293568E-10
         9.994562268257141E-01         4.930116688228736E-07        -2.234609997042725E-10
         9.995756149291992E-01         3.845082119369181E-07        -1.853508874161136E-10
         9.998634457588196E-01         3.727851449752961E-08        -3.697354228338057E-11
         9.999541640281677E-01        -1.589309306382347E-07         5.436141120584992E-11
         1.000041007995605E+00        -2.793468638628838E-07         1.024588122677805E-10
         9.999595880508423E-01        -3.736105327334371E-07         1.451188752499277E-10
         9.999241232872009E-01        -6.282050435402198E-07         2.363576279140744E-10
         9.998770356178284E-01        -4.116130583042832E-07         1.627189494257664E-10
         1.000184297561646E+00        -4.956687575941032E-07         1.561428486507310E-10
         1.000102877616882E+00        -4.001238949058461E-07         1.088906950719171E-10
         9.999079704284668E-01        -3.212225010429393E-07         1.070697766558659E-10
         9.996420741081238E-01        -2.422128204671026E-07         1.004668293003164E-10
         9.995827674865723E-01        -1.379252978495060E-07         8.050055066988193E-11
         9.995567798614502E-01        -1.025461955350693E-07         9.300823305968819E-11
         9.995529055595398E-01        -1.516198580020500E-07         1.071974245481222E-10
         9.997788071632385E-01        -1.760515289106479E-07         1.095825374886061E-10
         9.998272061347961E-01        -1.921894288159365E-08         5.673021774565967E-11
         1.000044465065002E+00        -4.269557791758416E-07         1.686016881663477E-10
         1.000172853469849E+00        -4.249000085110310E-07         1.713017089288726E-10
         1.000301003456116E+00        -2.229744069381923E-07         9.785999788292088E-11
         1.000163793563843E+00         8.913225713058637E-08        -2.014902307501121E-11
         9.999154806137085E-01         3.682445139929769E-07        -1.464070670254003E-10
         9.997177124023438E-01         3.894782025781751E-07        -1.146171213495251E-10
         9.996048808097839E-01         6.410812147805700E-07        -2.086631145647999E-10
         0.000000000000000E+00         0.000000000000000E+00         0.000000000000000E+00
         9.998815059661865E-01         4.116645300200616E-07        -1.598413901238160E-10
         1.000211477279663E+00         5.055560450273333E-07        -2.431540802039223E-10
         1.000156641006470E+00         1.299579821534280E-07        -1.212682732010251E-10
         1.000046014785767E+00        -1.167544070312942E-07        -2.050979178158663E-11
         1.000251889228821E+00        -4.394507584493113E-07         6.991532353062269E-11
         1.000309348106384E+00        -6.555252980433579E-07         1.615790695685959E-10
         1.000114560127258E+00        -5.453707885294534E-08        -5.616597811841650E-11
         9.999737739562988E-01         1.239621951754089E-07        -9.949371188033851E-11
         1.000145673751831E+00        -2.218602546122384E-08        -2.550464700545874E-11
         1.000555634498596E+00        -2.013248519006083E-07         4.511182746802511E-11
         1.000674605369568E+00        -2.396570764062744E-08        -5.160626787015232E-11
         1.000659942626953E+00         1.433519400961814E-07        -1.089359574768523E-10
         1.000754237174988E+00         5.075648346064554E-08        -5.044577602864031E-11
         1.000766754150391E+00        -3.314700336431997E-07         8.662028039285730E-11
         1.000062584877014E+00         1.612712878795719E-07        -7.582236921654939E-11
         9.996305108070374E-01         3.528798799834476E-07        -1.295092089126371E-10
         9.995566606521606E-01         5.049251967648161E-07        -1.782599901023474E-10
         9.994055628776550E-01         4.739614212212473E-07        -1.487650974629773E-10
         9.994275569915771E-01         3.033237589988858E-07        -7.924531170155902E-11
         9.995098114013672E-01         4.990938577975612E-07        -1.418893058602322E-10
         9.999430179595947E-01         2.725819285842590E-07        -8.133198975412981E-11
         1.000230431556702E+00         2.526243179090670E-07        -9.324365585205996E-11
         1.000326633453369E+00         2.433725398987008E-07        -6.851328532286871E-11
         1.000066876411438E+00         4.067341308200412E-07        -1.312478320469879E-10
         1.000059604644775E+00         2.074677354357846E-07        -2.657676509421059E-11
         1.000273823738098E+00        -5.617172949001770E-09         5.291820801001101E-11
         1.000170946121216E+00        -1.146196737522587E-07         1.006092015254367E-10
         1.000246286392212E+00        -6.370042910930351E-07         2.882191985076332E-10
         1.000041127204895E+00        -7.549851943622343E-07         3.006003779226774E-10
         9.994499087333679E-01        -2.203388191901468E-07         1.208476790859336E-10
         9.991166591644287E-01        -2.222984960553731E-07         1.385779546669852E-10
         9.990541934967041E-01        -4.268239877092128E-07         2.107135022022533E-10
         9.989823698997498E-01        -5.394658160184918E-07         2.304791218987745E-10
         9.988719224929810E-01        -2.944381947145303E-07         1.448239306256482E-10
         9.988482594490051E-01        -2.448074667427136E-07         1.448488828881267E-10
         9.989928603172302E-01        -1.226732990744495E-07         9.079741125628260E-11
         9.996950030326843E-01        -5.986024689264013E-07         2.225704759384328E-10
         1.000015020370483E+00        -6.353263302116829E-07         2.252266567692729E-10
         1.000379920005798E+00        -6.035728006281715E-07         1.796896936800962E-10
         1.000771403312683E+00        -8.464410825581581E-07         2.458276360250977E-10
         1.000916838645935E+00        -7.390509040305915E-07         1.995027198997690E-10
         1.001009464263916E+00        -6.024924346093030E-07         1.693012258163762E-10
         1.000890135765076E+00        -3.650862936410704E-07         8.856777117260961E-11
         1.000737667083740E+00         8.656423489128429E-08        -7.238254440267156E-11
         1.000945329666138E+00         3.096825906823142E-08        -7.941596685823171E-11
         1.000943541526794E+00        -5.371640909856978E-08        -6.764269699921499E-11
         1.000541448593140E+00         9.701933123551498E-08        -9.677697532239904E-11
         1.000408768653870E+00        -3.414856664107901E-08        -2.840618712474097E-11
         1.000521540641785E+00         1.383206722493924E-07        -1.102552146803326E-10
         1.000782847404480E+00        -4.013249110812467E-07         6.764851873120037E-11
         1.000522613525391E+00        -3.961549737141468E-07         4.686520616026257E-11
         1.000326871871948E+00        -2.939613352737069E-07         1.218698059135548E-11
         1.000247955322266E+00        -3.831321180314262E-07         5.754845905370232E-11
         9.999291896820068E-01        -3.759141407044808E-07         1.260868909280788E-10
         9.995544552803040E-01        -1.656306807262808E-07         8.563914161152653E-11
         9.994871616363525E-01        -8.823356978382435E-08         8.002696422204636E-11
         9.993186593055725E-01        -8.815784546811756E-09         4.422317720353952E-11
         9.989258646965027E-01         2.223169275339387E-07        -4.342861140149701E-11
         9.988057017326355E-01         2.485812728991732E-07        -8.900619130614018E-11
         9.985970258712769E-01         2.609787088658777E-07        -8.102998133585615E-11
         9.983946681022644E-01         1.989082534237241E-07        -7.410783792183295E-11
         9.979894161224365E-01         2.157083116571812E-07        -6.244040007263862E-11
         9.979580044746399E-01         1.594713161523487E-08        -1.072430165505178E-11
         9.974446892738342E-01         5.769757649431995E-07        -2.402883447771842E-10
         9.971848130226135E-01         8.268423812296533E-07        -3.087240463273133E-10
         9.968481063842773E-01         1.000162455966347E-06        -3.487099220489398E-10
         9.965232610702515E-01         9.512767178421200E-07        -3.033822359999050E-10
         9.964345097541809E-01         1.088156750483904E-06        -3.469167453307165E-10
         9.963859915733337E-01         1.220490844389133E-06        -4.040443535302529E-10
         9.963003396987915E-01         1.441565814275236E-06        -4.876651304996926E-10
         9.962068796157837E-01         1.489425017098256E-06        -5.014205162190422E-10
         9.961917400360107E-01         1.214659391735040E-06        -4.057116032019081E-10
         9.959926009178162E-01         8.891531138033315E-07        -3.022631589466585E-10
         9.960282444953918E-01         1.023468371386116E-06        -3.797965830720784E-10
         9.961997270584106E-01         9.386380952491891E-07        -3.463331565978223E-10
         9.959855079650879E-01         8.122878512040188E-07        -2.849859792597442E-10
         9.958540797233582E-01         7.949701625875605E-07        -3.001443815708882E-10
         0.000000000000000E+00         0.000000000000000E+00         0.000000000000000E+00
         0.000000000000000E+00         0.000000000000000E+00         0.000000000000000E+00
         0.000000000000000E+00         0.000000000000000E+00         0.000000000000000E+00
         0.000000000000000E+00         0.000000000000000E+00         0.000000000000000E+00
         0.000000000000000E+00         0.000000000000000E+00         0.000000000000000E+00
         0.000000000000000E+00         0.000000000000000E+00         0.000000000000000E+00
         0.000000000000000E+00         0.000000000000000E+00         0.000000000000000E+00
         0.000000000000000E+00         0.000000000000000E+00         0.000000000000000E+00
         1.004729151725769E+00        -1.791291083463875E-06         7.202169971520789E-10
         1.004425525665283E+00        -1.689729515419458E-06         6.586332590430288E-10
         1.004310011863708E+00        -1.576338831910107E-06         5.914978506993407E-10
         1.004048109054565E+00        -1.519970737717813E-06         5.602211472499619E-10
         1.003938078880310E+00        -1.721953253763786E-06         6.168154875751952E-10
         1.004040002822876E+00        -1.820720854084357E-06         6.489870307824219E-10
         1.003931879997253E+00        -1.672976395639125E-06         5.848789785822817E-10
         1.003913044929504E+00        -2.057942538158386E-06         7.286998227051811E-10
         1.004010558128357E+00        -2.198504489570041E-06         7.894689346699124E-10
         1.003630876541138E+00        -1.682565311966755E-06         6.121302909001258E-10
         1.003278851509094E+00        -1.770521521393675E-06         6.282450670802575E-10
         1.002815723419189E+00        -1.679730303294491E-06         5.819792980865657E-10
         1.002848982810974E+00        -1.807109470064461E-06         6.094668103528988E-10
         1.002953529357910E+00        -1.850537955760956E-06         6.120297046940948E-10
         1.002858281135559E+00        -1.307348838963662E-06         4.092244598741246E-10
         1.002777814865112E+00        -1.119264766202832E-06         3.047077867801562E-10
         1.002343773841858E+00        -8.326657621182676E-07         2.223504436127399E-10
         1.001900076866150E+00        -2.447852125442296E-07         1.504610325220312E-11
         1.001834988594055E+00        -2.194037307390317E-07         4.137972603457385E-11
         1.001922965049744E+00        -3.703852939906938E-07         1.117780104586963E-10
         1.001730561256409E+00        -1.196961108007599E-07         3.388117217340003E-11
         1.001167297363281E+00         1.418013084730774E-07        -3.733601275368592E-11
         1.000368356704712E+00         4.484079454414314E-07        -1.120380385688513E-10
         9.999201297760010E-01         4.094424355116644E-07        -1.007179409318049E-10
         9.998103380203247E-01         3.048263579330523E-07        -9.058187533383943E-11
         9.997202754020691E-01         1.808027718652738E-07        -1.364253588570508E-11
         9.997294545173645E-01         2.342223268669841E-07        -1.213218241147285E-11
         9.999076724052429E-01         3.951884366415470E-07        -8.926581696044877E-11
         1.000214695930481E+00         5.123445703247853E-07        -1.792458265148511E-10
         1.000511646270752E+00         1.512476899279136E-07        -6.021240450682086E-11
         1.000306367874146E+00         2.768125852981029E-07        -1.125374446409033E-10
         9.999847412109375E-01         6.336768478831800E-07        -2.150627176344955E-10
         9.999622106552124E-01         7.889813673500612E-07        -2.655165531884052E-10
         9.998792409896851E-01         7.159907227105577E-07        -2.401687460018564E-10
         9.998993277549744E-01         5.408151650954096E-07        -1.483344141961496E-10
         9.999945759773254E-01         3.808087001289095E-07        -9.267143302738035E-11
         9.999763965606689E-01         8.171054588501647E-08         1.052885122837521E-11
         9.998053908348083E-01         4.721838706700510E-07        -1.529153470514188E-10
         9.999770522117615E-01         6.046063276698987E-07        -1.883566080884691E-10
         1.000383496284485E+00         2.957535798486788E-07        -9.071458167975166E-11
         1.000739812850952E+00        -7.093636611443799E-08        -3.752045982935437E-12
         1.000553011894226E+00        -2.983709945780788E-09        -3.870702369734857E-11
         1.000643372535706E+00        -3.256199931911397E-07         8.467800072242682E-11
         1.000375866889954E+00        -4.307678693749040E-07         1.188445869493293E-10
         1.000273942947388E+00        -4.214981004224683E-07         1.011171632536723E-10
         1.000275969505310E+00        -5.195370249566622E-07         1.434491692098305E-10
         1.000321984291077E+00        -3.516483957355376E-07         1.078858946623740E-10
         1.000355958938599E+00        -2.243930623535562E-07         7.755956293875599E-11
         9.999209046363831E-01        -2.834116941130560E-08         3.511965718239196E-11
         1.000102281570435E+00        -3.743046477211465E-07         1.747816058550455E-10
         1.000029683113098E+00        -2.460696748585178E-07         1.322083692523179E-10
         9.997760057449341E-01        -3.306417895032610E-08         4.900216343806107E-11
         9.997111558914185E-01        -2.538288299547276E-07         1.504467800339526E-10
         9.997245669364929E-01        -1.320210287758528E-07         1.080593045599265E-10
         9.994309544563293E-01         8.599013767707220E-08         1.603045474141140E-11
         9.995073080062866E-01         1.555611390813283E-07        -1.116058807870690E-11
         9.994439482688904E-01         4.067490522174921E-07        -1.157855478162162E-10
         9.996575117111206E-01         4.268338784640946E-07        -1.195666066156065E-10
         9.997672438621521E-01         3.279708096215472E-07        -6.446226191725302E-11
         9.999379515647888E-01         3.266376609190047E-07        -8.225885250734422E-11
         9.999451041221619E-01         3.940724297990528E-07        -1.102451671619598E-10
         1.000063419342041E+00         2.741687978868868E-07        -7.881776481477587E-11
         1.000378489494324E+00        -1.150540995809024E-07         1.913463658353987E-11
         1.000372290611267E+00        -2.118285209462556E-07         5.399483984924736E-11
         1.000423431396484E+00        -1.227374895051980E-07         3.096526160484281E-11
         1.000677824020386E+00        -1.136434732984526E-07         3.967449632713560E-11
         1.000657320022583E+00        -1.952936656834936E-08        -1.407549077292458E-11
         1.000860691070557E+00        -4.578505752306228E-07         1.261976773081486E-10
         1.000830650329590E+00        -7.378692998827319E-07         2.162405809968959E-10
         1.000248312950134E+00        -5.217394232204242E-07         1.412909650388983E-10
         1.000265598297119E+00        -4.910020265924686E-07         1.327886550717139E-10
         1.000520467758179E+00        -7.288603001143201E-07         2.013781641441170E-10
         1.000394463539124E+00        -5.204967123972892E-07         1.191578780090907E-10
         1.000299215316772E+00        -4.421100925355859E-07         1.182457465276343E-10
         1.000126719474792E+00        -4.689972286087141E-07         1.417574113649067E-10
         1.000120878219604E+00        -5.009713390791148E-07         1.708741759198773E-10
         1.000208020210266E+00        -2.621927137624880E-07         8.082203656334386E-11
         1.000128269195557E+00        -1.938987423955041E-07         5.806135086605657E-11
         9.998978376388550E-01        -8.682998497988592E-08         4.893904032021723E-11
         9.999454021453857E-01        -3.103810115590022E-07         1.226506396445615E-10
         9.997652173042297E-01        -1.404026335194430E-07         5.669128708141180E-11
         1.000025987625122E+00         7.612311492266599E-08        -4.124272104388815E-11
         1.000322937965393E+00         1.626550272249006E-07        -6.462413243424336E-11
         1.000364303588867E+00         3.668259296318865E-08        -2.946199187392473E-11
         1.000320911407471E+00         2.717856091294379E-07        -1.467771737484469E-10
         1.000144839286804E+00         2.233935418871624E-07        -1.287707440678076E-10
         1.000101089477539E+00         1.124078750081026E-07        -1.006541378023584E-10
         1.000330448150635E+00        -1.873001309604660E-07        -1.332989101043847E-11
         1.000141739845276E+00        -1.991793823208354E-07        -9.361878459956952E-12
         1.000295996665955E+00        -3.257812011270289E-07         3.887281121994768E-11
         1.000591397285461E+00        -6.337133839906528E-08        -5.488321949687069E-11
         1.000644326210022E+00         1.969275054136688E-08        -5.676226502715487E-11
         1.000050544738770E+00         8.950201646484857E-08        -5.926388546573236E-11
         1.000109195709229E+00        -1.340387996151549E-07         2.940311535915008E-11
         1.000387430191040E+00        -5.294517677612021E-07         1.699088231221779E-10
         1.000179171562195E+00        -3.678563018638670E-07         1.173884600635944E-10
         0.000000000000000E+00         0.000000000000000E+00         0.000000000000000E+00
         0.000000000000000E+00         0.000000000000000E+00         0.000000000000000E+00
         9.995576739311218E-01        -1.288101625362970E-08         3.850513657921439E-11
         9.995713233947754E-01         3.438492797158688E-07        -7.312662975156314E-11
         9.990920424461365E-01         8.152239843184361E-07        -2.739770077475612E-10
         9.992123246192932E-01         1.179470743295497E-07        -1.248669570519390E-11
         9.989060759544373E-01         6.975495807637344E-07        -3.083459598762772E-10
         9.992364645004272E-01         3.306503515432269E-08        -1.646470459970573E-11
         9.991936683654785E-01         1.032351946150811E-07        -1.916541057800369E-11
         9.993591308593750E-01         1.262303186422287E-07        -4.506488585076518E-11
         0.000000000000000E+00         0.000000000000000E+00         0.000000000000000E+00
         9.990763068199158E-01        -1.144438783740043E-07         7.722508049701204E-11
         9.992994666099548E-01        -1.027063802894190E-07         8.458318073722992E-11
         9.992392063140869E-01         2.999752837240521E-07        -7.722545519728286E-11
         9.991756677627563E-01         5.540525194192014E-07        -1.755199180442091E-10
         0.000000000000000E+00         0.000000000000000E+00         0.000000000000000E+00
         0.000000000000000E+00         0.000000000000000E+00         0.000000000000000E+00
         9.988440275192261E-01         6.261194585022167E-07        -2.175674085336254E-10
         9.990856051445007E-01         5.223266157372564E-07        -1.625816842265593E-10
         9.990382790565491E-01         5.778085778729292E-07        -1.920101577734812E-10
         9.990679025650024E-01         4.235310768763156E-07        -1.387324560786496E-10
         9.989821910858154E-01         4.888444777861878E-07        -1.570157615038426E-10
         9.995288252830505E-01         1.629806121172805E-07        -2.643436684823808E-11
         9.996572732925415E-01         7.189850634858885E-07        -2.308126328953719E-10
         9.997701048851013E-01         7.106656880750961E-07        -2.098450718746037E-10
         9.998576045036316E-01         5.432536340777006E-07        -1.292553702958443E-10
         9.996576905250549E-01         4.426295845405548E-07        -7.194723289360994E-11
         9.996986389160156E-01         4.826782173950050E-08         7.255469836042749E-11
         9.998081922531128E-01         3.861342889877051E-08         7.339582414056522E-11
         1.000021100044250E+00         9.033991688056631E-08         2.186725106545495E-11
         1.000183820724487E+00         2.623924633127217E-09         3.977082899120354E-11
         9.999144077301025E-01        -7.377025923460678E-08         7.698549436829794E-11
         9.997048377990723E-01         2.682342312709807E-07        -6.625525128534093E-11
         9.996725320816040E-01         4.063088567818340E-07        -1.266043381242810E-10
         9.996406435966492E-01         3.444551168740873E-07        -1.230484741876481E-10
         9.999302029609680E-01         5.540882597188101E-08        -2.163172939384506E-11
         9.999578595161438E-01         2.335115709684032E-07        -9.858201061030414E-11
         9.999754428863525E-01         4.296756515032030E-07        -1.911631547502068E-10
         1.000282168388367E+00         4.930892600896186E-07        -2.176941266140986E-10
         1.000406980514526E+00         5.748374860559124E-07        -2.326645265338101E-10
         1.000301599502563E+00         8.534112794222892E-07        -3.190779307438163E-10
         1.000075936317444E+00         9.604189017409226E-07        -3.134564274809293E-10
         9.998912811279297E-01         9.905119213726721E-07        -3.015704352904436E-10
         9.997723102569580E-01         9.073395972336584E-07        -2.507384022631953E-10
         9.998755455017090E-01         6.851500415905321E-07        -1.823815265478146E-10
         1.000259518623352E+00         1.460670802089226E-07        -9.301978458331472E-12
         1.000050187110901E+00        -4.597455927068950E-08         3.836533521428542E-11
         9.999157190322876E-01        -2.131041441089110E-07         9.429144964823166E-11
         9.999299049377441E-01         1.346952700487236E-07        -4.554214644292287E-11
         9.999127388000488E-01         3.412761770960060E-07        -1.093137663721322E-10
         9.999525547027588E-01         2.204561155849660E-07        -3.204979684423570E-11
         9.996105432510376E-01         2.567777244166791E-07        -3.782600968560423E-11
         9.996041655540466E-01         7.058990547648136E-08         6.359873738759347E-11
         9.997310042381287E-01         2.324310628409876E-07        -7.304172891520189E-12
         9.996497631072998E-01         1.320230182955129E-07         1.454011824136847E-11
         9.994906783103943E-01         2.369690861314666E-07        -1.406546493859517E-11
         9.987516999244690E-01         1.769099981174804E-06        -6.623562254226556E-10
         9.992900490760803E-01         1.663556901121410E-07         1.257025733503170E-11
         9.991525411605835E-01         3.283266210019065E-07        -8.054874128804457E-11
         9.991286993026733E-01         2.868446991044493E-08        -4.378907826618761E-12
         9.991866350173950E-01        -1.655897250429916E-07         6.643119214444493E-12
         9.991840124130249E-01        -1.589447435890179E-07        -2.531130513516722E-11
         9.991576671600342E-01        -3.053455941426364E-07        -1.508982609005338E-12
         9.994220137596130E-01        -5.653408834405127E-07         6.278531167192014E-11
         9.992210268974304E-01        -4.047716402055812E-07        -2.782047812607824E-12
         9.990484714508057E-01        -7.555308911832981E-08        -1.032642027443131E-10
         9.988341331481934E-01         1.330987799974537E-07        -1.439729169216974E-10
         9.985250234603882E-01         6.092930107115535E-07        -3.182162311432535E-10
         9.987356066703796E-01         3.260765026880108E-07        -1.667329191379352E-10
         9.985625147819519E-01         4.607117887189816E-07        -2.030513951423174E-10
         9.983004927635193E-01         3.919570019661478E-07        -1.423360040941901E-10
         9.979952573776245E-01         4.605446690675308E-07        -1.539182947762896E-10
         9.975416064262390E-01         3.790717357787798E-07        -1.092005444403021E-10
         9.974407553672791E-01        -1.382370440339287E-09         2.501230288425721E-13
         9.969251155853271E-01        -1.391477582046718E-07         6.176739675289866E-11
         9.967608451843262E-01        -5.074670070825960E-07         2.154112443975009E-10
         9.963640570640564E-01        -1.176774730993202E-07         7.192173939740698E-11
         9.960985183715820E-01        -1.728839436054841E-07         1.000734842215856E-10
         9.961421489715576E-01        -8.252858663126972E-08         3.630281492084109E-11
         9.963309168815613E-01        -6.225781845614620E-08         3.219841060442263E-11
         9.963930845260620E-01        -2.420561884264316E-07         8.001255213940794E-11
         9.962274432182312E-01        -1.653548622471135E-07         1.244252010451641E-11
         0.000000000000000E+00         0.000000000000000E+00         0.000000000000000E+00
         0.000000000000000E+00         0.000000000000000E+00         0.000000000000000E+00
         0.000000000000000E+00         0.000000000000000E+00         0.000000000000000E+00
         0.000000000000000E+00         0.000000000000000E+00         0.000000000000000E+00
         0.000000000000000E+00         0.000000000000000E+00         0.000000000000000E+00
         0.000000000000000E+00         0.000000000000000E+00         0.000000000000000E+00
         0.000000000000000E+00         0.000000000000000E+00         0.000000000000000E+00
         1.003561496734619E+00         1.321540821663802E-06        -5.744689723918839E-10
         1.003864288330078E+00         1.010178721116972E-06        -4.771763539856977E-10
         1.004024624824524E+00         7.059643962747941E-07        -3.592452169076665E-10
         1.004044651985168E+00         3.063633187139203E-07        -1.970610896684377E-10
         1.003713011741638E+00         5.774815647896503E-08        -9.804958234216343E-11
         1.003073573112488E+00        -7.527302159360261E-08        -2.613830679676354E-11
         1.002616524696350E+00         6.476570835189932E-09        -8.639551574152193E-11
         1.002712368965149E+00        -3.654348006421060E-07         2.111875778421091E-11
         1.002529978752136E+00        -2.820712552420446E-07        -1.649578737494828E-11
         1.002297997474670E+00        -3.919715823030856E-07         5.526127472288422E-11
         1.001740097999573E+00         5.383919443602281E-08        -8.010169610939144E-11
         1.001368403434753E+00         3.560816139724921E-07        -1.476554573054401E-10
         1.001163601875305E+00         6.592749173250922E-07        -2.353170713842445E-10
         1.001140356063843E+00         5.994280058985169E-07        -1.899167212382480E-10
         1.001561284065247E+00         2.349887751051938E-07        -4.136906442409050E-11
         1.001690745353699E+00        -1.707210799395398E-07         9.268632389369813E-11
         1.001932859420776E+00        -2.300351411577140E-07         8.820985608615217E-11
         1.001954555511475E+00        -2.888810683998599E-07         6.713495037669048E-11
         1.001955866813660E+00        -6.910498768775142E-07         1.960910600562471E-10
         1.001693964004517E+00        -5.224881078902399E-07         1.085359024877164E-10
         1.001578211784363E+00        -9.534925879961520E-07         2.259845782726089E-10
         1.001094102859497E+00        -1.193086518469499E-06         2.912593777271155E-10
         1.000638842582703E+00        -9.784246230992721E-07         2.031586843198596E-10
         1.000542998313904E+00        -4.150217307596904E-07         2.239975566142860E-11
         1.000222325325012E+00         1.029915495109890E-07        -1.308774477681851E-10
         9.999060630798340E-01         3.117388303053303E-07        -1.522382775398512E-10
         9.999696612358093E-01        -2.904166507278205E-08         4.198769457119944E-11
         9.996131062507629E-01         1.500590940395341E-07        -3.935085222082912E-13
         9.997456073760986E-01        -1.847506041485758E-07         1.399633742238393E-10
         9.997293949127197E-01        -6.202209590355778E-08         7.527864442913312E-11
         9.996469616889954E-01         3.727734920744297E-08        -8.660452563424847E-12
         9.998268485069275E-01        -1.345421338783126E-07         4.398791053628059E-11
         1.000034451484680E+00         2.770615203928628E-08         2.698524736999275E-11
         9.999079108238220E-01        -1.006769920763873E-07         1.348970379844161E-10
         9.996934533119202E-01         1.656483448186918E-07         4.960053895386451E-11
         9.998570680618286E-01         4.480080306734635E-08         8.041838028827186E-11
         9.998270869255066E-01         1.634698350017061E-07         1.666561680324641E-11
         9.998441338539124E-01         2.703253301206132E-07        -6.282946385383070E-11
         9.997423887252808E-01         4.073132515713951E-07        -1.296487223134690E-10
         9.999205470085144E-01         6.545110977640434E-07        -2.042079005892816E-10
         1.000428557395935E+00         5.042291491008655E-07        -1.363044677127334E-10
         1.000431299209595E+00         3.226648743748228E-07        -7.188254852463771E-11
         1.000541090965271E+00         4.463302900603594E-07        -1.377593039642022E-10
         1.000722885131836E+00         3.187932691162132E-07        -1.398203913760554E-10
         1.000997781753540E+00        -1.609867723573188E-07        -1.490433991502282E-11
         1.001048922538757E+00        -6.464609327849757E-07         1.315593189943343E-10
         1.000907897949219E+00        -5.403626346378587E-07         5.575670480872930E-11
         1.000939607620239E+00        -4.168364284851123E-07        -5.004557965954115E-13
         1.000577807426453E+00        -1.239316276269165E-07        -8.164763309892464E-11
         1.000367164611816E+00         2.929089646386274E-07        -2.088420686385817E-10
         1.000412464141846E+00         2.800486811338487E-07        -1.548072225965313E-10
         1.000375270843506E+00        -3.568430173572779E-08        -1.615318816206024E-11
         1.000570535659790E+00        -6.252371917980781E-07         2.027371187596216E-10
         1.000551581382751E+00        -1.021500906972506E-06         4.023846533751652E-10
         1.000350117683411E+00        -8.272891705018992E-07         3.739572262961843E-10
         1.000432372093201E+00        -6.656033519902849E-07         3.439834528329300E-10
         1.000337600708008E+00        -3.378516737484460E-07         2.068035742652796E-10
         1.000292420387268E+00        -3.399904358047934E-07         1.863871557095109E-10
         1.000430703163147E+00        -9.687303190730745E-07         4.014327759094272E-10
         1.000394940376282E+00        -1.002776798486593E-06         4.177339585353934E-10
         1.000171303749084E+00        -6.601543418582878E-07         2.795425557700071E-10
         9.999361038208008E-01        -5.492016086350304E-08         8.697292191994777E-11
         9.996862411499023E-01         6.801028007430432E-07        -1.602799282185430E-10
         9.997839331626892E-01         7.274108497767884E-07        -1.841562319304657E-10
         9.997837543487549E-01         6.861590122753114E-07        -1.436633312312807E-10
         9.994497895240784E-01         9.743007467477582E-07        -2.249628677786220E-10
         9.993254542350769E-01         8.469618819617608E-07        -1.401146698665201E-10
         9.992745518684387E-01         9.363878916701651E-07        -1.753887035604862E-10
         9.991505146026611E-01         1.080813035514439E-06        -2.363213236211692E-10
         9.990859031677246E-01         9.116358796745772E-07        -2.152891892537312E-10
         9.994682669639587E-01         5.239368192633265E-07        -1.290482859461761E-10
         9.999458789825439E-01         4.616706661408898E-08        -4.146659404735686E-11
         9.999716877937317E-01        -1.655167807257385E-07        -4.959084878852771E-11
         9.999805092811584E-01        -1.976720511720487E-07        -5.555606322205087E-11
         9.998147487640381E-01        -1.277476258110255E-08        -1.456160192425671E-10
         9.998410344123840E-01         1.774212421423726E-08        -1.842343499980359E-10
         9.998752474784851E-01        -9.959624946986878E-08        -1.296684704055195E-10
         9.996008276939392E-01         1.535828459964250E-07        -1.656310644193582E-10
         9.998466372489929E-01        -1.103136568758600E-07         5.161180077067895E-12
         9.999003410339355E-01         2.618524774788966E-07        -9.680389129185230E-11
         1.000140786170959E+00         2.923243158647892E-08        -1.261348924613825E-11
         1.000188231468201E+00         9.906830911177167E-08        -6.135802976814375E-11
         1.000088453292847E+00         2.878711313769600E-07        -1.335973276450630E-10
         1.000229358673096E+00        -1.060699617028149E-07         5.086927060138358E-11
         1.000446319580078E+00        -4.961919444212981E-07         2.107929109040896E-10
         1.000085592269897E+00        -5.178517312742770E-07         2.616584449111059E-10
         1.000163793563843E+00        -9.533345632917190E-07         4.639800210703982E-10
         9.998431205749512E-01        -6.763991109437484E-07         3.199122633468221E-10
         9.996246695518494E-01        -3.805812980317569E-07         1.702691598826078E-10
         9.998723268508911E-01         3.729643793803916E-08        -3.150385161077018E-11
         9.998776316642761E-01         2.928800597601366E-07        -1.591582005078251E-10
         9.998687505722046E-01         1.136742895369025E-07        -8.849334459659630E-11
         1.000092387199402E+00         5.566950278534932E-08        -6.723988033030537E-11
         1.000013947486877E+00         3.475936978247773E-07        -1.973866764481969E-10
         1.000108718872070E+00         5.223548669164302E-07        -2.439751733973594E-10
         1.000175476074219E+00         1.589820612935000E-07        -4.611689155553655E-11
         1.000309824943542E+00        -2.275698278708660E-07         1.284957834579714E-10
         1.000283122062683E+00        -3.668108092824696E-07         1.937854182676446E-10
         1.000110149383545E+00        -4.194698419723863E-07         2.394154319240727E-10
         1.000059247016907E+00        -4.278364542642521E-07         2.332350423905893E-10
         9.995311498641968E-01         2.423631997316988E-07        -3.780847163126211E-11
         9.995464682579041E-01         3.411859950119833E-07        -8.418597763348856E-11
         9.994780421257019E-01         6.131293730504694E-07        -2.131878562572354E-10
         9.996494054794312E-01         4.131576929466974E-07        -1.221071715962196E-10
         9.998950362205505E-01        -2.850572684565122E-07         1.158946896784308E-10
         1.000610113143921E+00        -1.646188479753619E-06         6.150006615079917E-10
         1.000542163848877E+00        -1.549467469885712E-06         6.213285996814477E-10
         1.000068306922913E+00        -9.588488865119871E-07         4.149492693894530E-10
         1.000191926956177E+00        -7.084531716827769E-07         2.529004783369260E-10
         1.000291109085083E+00        -6.597690003218304E-07         1.944973071488221E-10
         1.000340580940247E+00        -7.207513590401504E-07         2.255035741471900E-10
         1.000303030014038E+00        -6.581641969205521E-07         1.917875441792560E-10
         1.000192761421204E+00        -4.283746761757357E-07         9.909133236174483E-11
         9.998216629028320E-01         2.442257311940921E-07        -1.656449699627416E-10
         9.997413754463196E-01         5.158198064236785E-07        -2.977850743768329E-10
         9.999284148216248E-01         7.797622174621210E-07        -3.783914570565372E-10
         1.000488877296448E+00         6.247547190696423E-08        -1.162390669828817E-10
         1.000662446022034E+00        -3.497361547033506E-07         2.536254539720062E-11
         1.000549912452698E+00        -6.712635354233498E-07         1.333008148307613E-10
         1.000442981719971E+00        -8.539408327123965E-07         1.689204887078688E-10
         1.000118136405945E+00        -4.638937696199719E-07         1.155813986186693E-10
         9.996830821037292E-01         9.885691554245568E-08         2.454187894573856E-11
         9.994348287582397E-01         3.652032773970859E-07        -4.024540770086737E-11
         9.998917579650879E-01        -2.601356925424625E-07         1.560942070044646E-10
         9.999439120292664E-01        -4.927242116536945E-07         2.481058969383554E-10
         1.000215649604797E+00        -3.692422865242406E-07         1.792099108000045E-10
         1.000421047210693E+00        -4.611163717527234E-07         1.542593969228179E-10
         1.000464916229248E+00        -2.818864288656187E-07         3.652499136475029E-11
         1.000292181968689E+00        -3.550137250840635E-07         6.746150860159617E-11
         9.997901916503906E-01         1.071068140845455E-07        -6.321543288834164E-11
         9.993309974670410E-01         3.756498472284875E-07        -7.323001233183746E-11
         9.992405772209167E-01         6.239188792278583E-07        -1.328672866174330E-10
         9.992694854736328E-01         7.073166443660739E-07        -1.829904977546093E-10
         9.996308684349060E-01         5.096662221149018E-07        -1.743928612629730E-10
         9.997419714927673E-01         8.965700715179992E-08         2.535011783821872E-11
         9.996005892753601E-01         1.448117075142363E-07         8.254236877336396E-11
         9.997332096099854E-01        -1.107710332348688E-07         1.801550852942313E-10
         1.000444769859314E+00        -7.075851158333535E-07         3.897173417310995E-10
         1.000892996788025E+00        -1.260323188034818E-06         5.727407437206011E-10
         1.000944614410400E+00        -1.453838535780960E-06         7.007571189987516E-10
         1.000373125076294E+00        -8.538457905160612E-07         5.038895967146573E-10
         9.999358057975769E-01        -2.517797383916331E-07         3.011951521525447E-10
         9.995014071464539E-01         4.231364414408745E-07         5.784088832894163E-11
         9.996005892753601E-01         4.547803484911128E-07         2.926751549447992E-11
         9.997074007987976E-01         2.870172863822518E-07         5.312556644598843E-11
         9.994506835937500E-01         2.687966684788989E-07         8.272081630789074E-11
         9.998461604118347E-01        -7.622143698426953E-07         4.719617474613358E-10
         1.000225424766541E+00        -1.533069507786422E-06         7.022635251097142E-10
         1.000324845314026E+00        -1.373660211356764E-06         6.000287489094092E-10
         1.000557422637939E+00        -2.050865987257566E-06         8.507485271813664E-10
         1.000787019729614E+00        -1.407317654411600E-06         5.175862516360041E-10
         1.000455021858215E+00        -7.147432938836573E-07         2.030874773906177E-10
         1.000602960586548E+00        -3.832938091363758E-07         3.033544943020772E-11
         1.000658154487610E+00        -8.190002063201973E-07         1.952519257386598E-10
         1.001207351684570E+00        -2.477399448252982E-06         8.201346823888400E-10
         1.001542568206787E+00        -3.174409357598051E-06         1.139682459516678E-09
         1.000805616378784E+00        -1.812279720070364E-06         6.410567632286757E-10
         1.000581741333008E+00        -8.386529657400388E-07         2.232168755389452E-10
         1.000828623771667E+00        -6.532218321808614E-07         1.360981605191824E-10
         1.000427365303040E+00        -2.565901695561479E-07         7.380111799459854E-11
         9.987703561782837E-01         1.517315126875474E-06        -4.367481098999093E-10
         9.982234239578247E-01         2.525925083318725E-06        -8.100721204939987E-10
         9.986046552658081E-01         2.240479489046265E-06        -7.660269085718596E-10
         9.986460208892822E-01         2.630223889354966E-06        -1.005018623878584E-09
         1.000009298324585E+00         6.483501806542336E-07        -3.826509942239653E-10
         1.000591874122620E+00         1.423393030108855E-07        -2.815137012390778E-10
         1.000645756721497E+00         4.364861538874720E-08        -3.232982770384751E-10
         1.000630497932434E+00        -1.103691786852323E-07        -2.461447989876575E-10
         1.000867247581482E+00         8.071657475738903E-08        -3.194007835993773E-10
         1.001069903373718E+00         7.684913327921095E-08        -2.464989046213617E-10
         1.001265525817871E+00        -1.930907700398166E-08        -2.137424265358234E-10
         1.001234412193298E+00        -1.813064756106542E-07        -1.418321432522518E-10
         1.000467061996460E+00         4.628848273569020E-07        -3.278270432893748E-10
         9.991334080696106E-01         1.914661197588430E-06        -7.476602670308807E-10
         9.980975985527039E-01         2.401690153419622E-06        -7.672833479688279E-10
         9.977596402168274E-01         2.572968696767930E-06        -7.862244189027479E-10
         9.981045722961426E-01         2.083327672153246E-06        -6.000203112144220E-10
         9.984102845191956E-01         1.292925389861921E-06        -3.269509940562187E-10
         9.985876679420471E-01         1.135557340603555E-06        -3.737223031041736E-10
         9.989149570465088E-01         3.292407484423165E-07        -7.447065186738655E-11
