         1.001895189285278E+00        -2.161935981348506E-06         7.555084335919560E-10
         1.003445863723755E+00        -3.619410563260317E-06         1.298610663447164E-09
         1.002861738204956E+00        -3.038316208403558E-06         1.124818238551484E-09
         1.002338528633118E+00        -1.971282472368330E-06         7.069195229192360E-10
         1.002102017402649E+00        -2.127303787347046E-06         8.065726975203802E-10
         1.002372264862061E+00        -2.222983312094584E-06         8.025244357945382E-10
         1.002078652381897E+00        -2.882366516132606E-06         9.881619966733979E-10
         1.001754522323608E+00        -3.215617198293330E-06         1.189640719267970E-09
         1.001844406127930E+00        -2.552048727011424E-06         9.425852320887884E-10
         1.001193642616272E+00        -1.403214923811902E-06         4.737555348022227E-10
         1.000177979469299E+00         5.966400067336508E-07        -2.148726335748918E-10
         1.000811338424683E+00        -3.401787012080604E-07         9.456586902434339E-11
         1.001158237457275E+00        -1.569603114148777E-06         5.285626381024144E-10
         1.001551866531372E+00        -2.472334699632484E-06         9.532791223065828E-10
         1.001081228256226E+00        -9.396639484293701E-07         4.205174541915824E-10
         1.000625729560852E+00        -2.277801485206510E-07         8.832332781816277E-11
         9.996085166931152E-01         1.211939661516226E-06        -3.760907696381821E-10
         1.000305652618408E+00        -4.131925663841685E-07         2.082218286680870E-10
         9.999521970748901E-01        -7.510834620916285E-08         1.067119240194536E-10
         1.000941038131714E+00        -9.679893082648050E-07         2.533173670826727E-10
         1.001460909843445E+00        -8.572127967454435E-07         2.145943422959817E-10
         1.001062154769897E+00        -1.858289380152200E-07         8.063836404170743E-11
         1.000314831733704E+00         6.855017886664427E-07        -2.250685610105663E-10
         1.000563144683838E+00        -9.922203503265337E-08         7.492120812635505E-11
         1.000237226486206E+00         9.624062613511342E-07        -3.111154667223559E-10
         1.000970363616943E+00         3.943561921460059E-08        -4.110502563325902E-11
         1.000368237495422E+00         6.710162097078864E-07        -1.878707189817419E-10
         1.000217676162720E+00         1.474524879085948E-06        -5.290459736961850E-10
         1.000942468643188E+00         5.632340389638557E-07        -2.211732325063664E-10
         1.000608325004578E+00         1.425620894224267E-06        -5.748941878103153E-10
         1.000318050384521E+00         1.493698391641374E-06        -6.530446738928219E-10
         1.000284552574158E+00         1.226682002197776E-06        -5.426021298937656E-10
         9.991863965988159E-01         2.824579951266060E-06        -1.036218777450415E-09
         9.995142221450806E-01         2.287772758791107E-06        -8.380535709839876E-10
         9.994000196456909E-01         2.196550667576957E-06        -7.769303533855521E-10
         9.990283846855164E-01         2.272512119816383E-06        -7.731610907057984E-10
         9.992632865905762E-01         7.680524731767946E-07        -1.746562339199897E-10
         9.987644553184509E-01         6.539091828017263E-07        -1.743637317863644E-10
         9.980330467224121E-01         7.670302011320018E-07        -2.022378930988111E-10
         9.969555139541626E-01         1.998999550778535E-06        -6.139412311867432E-10
         9.968260526657104E-01         1.909301090563531E-06        -4.986617230251511E-10
         9.975550770759583E-01         1.553186962155451E-06        -4.564318367705766E-10
         9.987213015556335E-01         6.076624003981124E-07        -2.943039700831207E-10
         9.987422227859497E-01         1.064541834239208E-06        -4.442745615840238E-10
         9.983049631118774E-01         1.814271399780409E-06        -6.432009369561342E-10
         9.981274008750916E-01         2.559660288170562E-06        -8.719897026665535E-10
         9.985004663467407E-01         2.913967364293057E-06        -1.030070362340041E-09
         9.987268447875977E-01         2.350292334085680E-06        -8.537399120989164E-10
         9.990121126174927E-01         1.991490989894373E-06        -7.277918268044914E-10
         9.997051358222961E-01         1.124052118939289E-06        -4.522435204101782E-10
         9.998350739479065E-01         8.405494327234919E-07        -4.272713571840114E-10
         1.000017404556274E+00        -7.530300649705168E-07         1.892516421353463E-10
         1.000085711479187E+00        -9.226518500327074E-07         2.530148590640380E-10
         9.992644190788269E-01        -2.801835989885149E-07         1.085095416297754E-10
         9.989241957664490E-01         5.799029167974368E-07        -1.926804549245986E-10
         9.983971714973450E-01         1.700304551377485E-06        -5.229683353036307E-10
         9.983490705490112E-01         1.731951215333538E-06        -4.680789089661630E-10
         9.987281560897827E-01         1.237372657669766E-06        -3.524538993993076E-10
         9.991384148597717E-01         9.364314905724314E-07        -3.472485632372013E-10
         9.991953969001770E-01         3.704297171225335E-07        -1.062982410426905E-10
         9.988104104995728E-01         5.459485237224726E-07        -2.651388553154277E-10
         9.983493089675903E-01         8.716158390598139E-07        -4.374248741001452E-10
         9.972265958786011E-01         2.431470875308150E-06        -9.065430073285086E-10
         9.966251850128174E-01         2.943627805507276E-06        -1.011359773706033E-09
         9.973353147506714E-01         1.883557047221984E-06        -6.741924241104869E-10
         9.979912638664246E-01         1.494663024459442E-06        -5.332256303169913E-10
         9.984461069107056E-01         1.391671617057000E-06        -3.843265705683052E-10
         9.993838667869568E-01         8.585997761656472E-07        -1.716921743666333E-10
         1.000232219696045E+00         2.300437529356714E-07        -2.599711765305379E-11
         1.000881433486938E+00         1.923809556103606E-09        -9.039967559243411E-12
         1.001806974411011E+00        -1.115580971600139E-06         3.060624254036526E-10
         1.002311944961548E+00        -2.201639290433377E-06         7.556777426032113E-10
         1.001734852790833E+00        -1.824196942834533E-06         7.538338842039138E-10
         1.001539468765259E+00        -1.210768914461369E-06         5.578257855631819E-10
         1.001538872718811E+00        -1.289113356506277E-06         5.773013178611563E-10
         1.001617789268494E+00        -1.118282057177566E-06         4.425942390362536E-10
         1.001284599304199E+00        -1.028685574055999E-06         3.885875510256653E-10
         1.000759363174438E+00        -1.001901978270325E-06         4.132922060140487E-10
         1.000462174415588E+00        -1.717563009151490E-06         6.927126650069226E-10
         1.000505685806274E+00        -2.362853820159216E-06         9.200454287316973E-10
         1.000118374824524E+00        -1.048337480824557E-06         3.865137654379680E-10
         9.991391897201538E-01         4.948018954564759E-07        -1.406336436193811E-10
         9.988095164299011E-01         1.141702909990272E-06        -3.797311354247768E-10
         9.994935393333435E-01         1.082714334188495E-06        -4.397207042927676E-10
         1.000267386436462E+00         6.542944674947648E-07        -3.797060998955715E-10
         1.000789523124695E+00         4.220405287469475E-07        -2.952975641790090E-10
         1.000412702560425E+00         1.590580609445169E-06        -6.929790630216814E-10
         1.000696897506714E+00         1.237111973750871E-06        -5.951011905480641E-10
         1.001081109046936E+00         2.368652474160626E-07        -2.302421864275317E-10
         1.000553011894226E+00         8.731880143386661E-07        -3.722168684383576E-10
         9.998848438262939E-01         1.542973905088729E-06        -5.890958276744129E-10
         1.000005364418030E+00         1.031822876029764E-06        -4.791178009888597E-10
         1.000182032585144E+00         3.200844105322176E-07        -2.212335453721792E-10
         9.998471140861511E-01        -9.263513334190066E-08         1.133883612003395E-11
         9.999036192893982E-01        -8.767261761022382E-08         4.840518957882622E-11
         9.994228482246399E-01         5.530553721655451E-07        -1.257701581769410E-10
         1.000162601470947E+00        -7.603582616866333E-07         3.636166645559769E-10
         1.000431060791016E+00        -4.997397127226577E-07         2.714747038279341E-10
         1.000250339508057E+00        -6.358298492159520E-07         3.617915411702199E-10
         1.000106215476990E+00         3.102103960372915E-07        -5.166156391567256E-11
         1.000382184982300E+00         9.250954491335506E-08         1.101029684091870E-11
         9.998193383216858E-01         5.701760983356507E-07        -1.144300418309818E-10
         1.000038266181946E+00         3.221836664124567E-07        -3.876292689608540E-11
         9.999294877052307E-01         6.520036066604007E-08         8.289314373799428E-11
         1.000172615051270E+00        -7.849779422031133E-07         3.797168690589103E-10
         1.000718951225281E+00        -1.750713522596925E-06         6.580603839623222E-10
         1.000806450843811E+00        -2.016178768826649E-06         7.791584044625210E-10
         1.000066280364990E+00        -2.358165147597902E-07         1.955815231990954E-10
         1.000450372695923E+00        -9.658397175371647E-07         3.896424571880885E-10
         1.000630497932434E+00        -1.424159563612193E-06         4.929369135098227E-10
         1.000124096870422E+00        -5.787110808341822E-07         1.484319472888629E-10
         9.997913837432861E-01        -4.594830826931684E-08        -3.999341829930003E-11
         9.994916915893555E-01         1.975723193936574E-07        -6.548399322792164E-11
         1.000401377677917E+00        -1.294182879973960E-06         4.408528819777047E-10
         1.000775456428528E+00        -1.913255118779489E-06         6.619774173266535E-10
         1.000544071197510E+00        -1.044014879880706E-06         3.396500580787887E-10
         1.000696778297424E+00        -1.318486965828924E-06         3.725596497972106E-10
         1.000317573547363E+00        -9.355371730634943E-07         1.962067314176252E-10
         9.997699856758118E-01         2.422135025881289E-07        -2.867758253088937E-10
         9.992076754570007E-01         1.231383635058592E-06        -6.834220411811032E-10
         9.995132684707642E-01         1.158546638180269E-06        -7.654485933983324E-10
         9.999461174011230E-01         9.625389338907553E-07        -7.298222581830771E-10
         1.000011086463928E+00         1.739560957503272E-06        -9.701248693261277E-10
         1.000263571739197E+00         2.030618816206697E-06        -1.042989028476882E-09
         1.000558495521545E+00         1.633959186619904E-06        -8.503569515205811E-10
         1.000864744186401E+00         1.375469878439617E-06        -7.005884206101598E-10
         1.000245094299316E+00         1.548640398141288E-06        -6.899794069425980E-10
         9.996312856674194E-01         1.638454364183417E-06        -6.753207437704134E-10
         9.995057582855225E-01         1.742622202982602E-06        -7.646207556000206E-10
         9.993856549263000E-01         1.166198217106285E-06        -5.265626823458547E-10
         9.985561370849609E-01         2.495841954441858E-06        -9.275103463046719E-10
         9.987483024597168E-01         2.052585159617593E-06        -7.625709508296552E-10
         9.994729757308960E-01         5.002818852517521E-07        -2.011040917127005E-10
         9.996859431266785E-01         2.786014761113620E-07        -1.050712641892382E-10
         9.997654557228088E-01         4.400549471483828E-07        -1.490259582404008E-10
         9.992566108703613E-01         1.176947421299701E-06        -3.370428103277590E-10
         9.995089769363403E-01         6.988286145315215E-07        -1.158136711532087E-10
         1.000048518180847E+00         6.395559921656968E-07        -2.010484556613790E-10
         1.000367403030396E+00         2.249861523750951E-07        -1.036035979229410E-10
         1.000344395637512E+00         9.410891976813218E-08        -9.972808169556036E-12
         1.000115871429443E+00        -1.782595830945866E-07         1.310808961374477E-10
         1.000046491622925E+00         3.145682825334006E-08         9.547188040137655E-11
         1.000072360038757E+00         6.784352279964878E-08         9.492970992619476E-11
         9.999271631240845E-01         2.329937842660001E-07         1.371398567623361E-11
         9.992041587829590E-01         5.535844138648827E-07        -8.408252566427521E-11
         9.983695149421692E-01         1.157808924290293E-06        -2.290046346997698E-10
         9.984788894653320E-01         4.204522952022671E-07        -1.195313813207033E-11
         9.990678429603577E-01        -6.398090590664651E-07         3.966787454068310E-10
         9.990189671516418E-01        -2.290960452455693E-07         2.717329694590376E-10
         9.992375969886780E-01        -4.669861937145470E-07         4.100808859153204E-10
         9.983726143836975E-01         8.150129247042059E-07        -7.001238477855054E-11
         9.982700943946838E-01         8.056526326072344E-07        -1.159113083293306E-10
         9.988447427749634E-01         8.229783077240427E-08         1.304485686137724E-10
         9.992796778678894E-01        -9.364300694869598E-07         5.003072955922505E-10
         9.993654489517212E-01        -4.163217965924559E-07         2.734824589012419E-10
         9.997029900550842E-01        -3.159301513733226E-07         1.716869285628420E-10
         1.000090003013611E+00        -3.497460738799418E-07         1.511485797633938E-10
         1.000275373458862E+00        -3.798867282966967E-07         8.355596076148331E-11
         9.998795390129089E-01        -4.608871222444577E-07         1.491405055009665E-10
         9.994029998779297E-01        -1.798197359903497E-07         5.943377040518172E-11
         9.995876550674438E-01        -2.767299065453699E-07         1.417505557377297E-10
         9.997295141220093E-01        -2.334726332264836E-07         1.330300869462064E-10
         9.999170899391174E-01        -2.487662129624368E-07         1.343261890607295E-10
         1.000310778617859E+00        -8.888607112567115E-07         3.431724904245925E-10
         1.000527024269104E+00        -6.126630296421354E-07         2.178961039378535E-10
         1.000922083854675E+00        -8.055169473664137E-07         2.657941644557127E-10
         1.001218199729919E+00        -6.525223739117791E-07         1.615865496962243E-10
         1.000972747802734E+00        -2.811806609770429E-07         3.666957015813210E-11
         1.000375270843506E+00        -1.742614728073022E-07         8.332812911904242E-11
         1.000240802764893E+00        -1.423225342023215E-07         8.568711018508424E-11
         1.000272631645203E+00         2.939102614618605E-07        -1.432908375287312E-10
         1.000267148017883E+00         6.614033054574975E-07        -2.955816980065862E-10
         9.998257160186768E-01         6.445030749091529E-07        -2.492107631368867E-10
         9.998304843902588E-01        -1.136696692327632E-08         5.084691348522519E-11
         9.999723434448242E-01        -5.306521870807046E-07         2.525454567692265E-10
         9.996411204338074E-01        -9.015583941618388E-07         3.945604676314218E-10
         9.999766945838928E-01        -1.536489776299277E-06         5.200204711286460E-10
         1.000056028366089E+00        -1.230308839694771E-06         3.549509020039920E-10
         9.994919300079346E-01        -5.563434228861297E-07         9.439421466694853E-11
         9.993938803672791E-01        -6.409288175746042E-07         1.305544006235948E-10
         9.990781545639038E-01        -5.777630462944217E-07         1.157688736541651E-10
         9.985098838806152E-01        -2.963598149108293E-07         6.436733090975366E-11
         0.000000000000000E+00         0.000000000000000E+00         0.000000000000000E+00
         0.000000000000000E+00         0.000000000000000E+00         0.000000000000000E+00
         0.000000000000000E+00         0.000000000000000E+00         0.000000000000000E+00
         0.000000000000000E+00         0.000000000000000E+00         0.000000000000000E+00
         0.000000000000000E+00         0.000000000000000E+00         0.000000000000000E+00
         0.000000000000000E+00         0.000000000000000E+00         0.000000000000000E+00
         0.000000000000000E+00         0.000000000000000E+00         0.000000000000000E+00
         1.000836968421936E+00         3.946223614548217E-07        -2.252506792199682E-10
         1.001348018646240E+00         1.629022818860903E-07        -9.328000177832863E-11
         1.001900792121887E+00        -6.080213665882184E-07         1.777634983657350E-10
         1.001101136207581E+00        -5.566755021391145E-07         1.852755865394684E-10
         1.000694155693054E+00        -2.349946157664817E-07         1.317476544526741E-10
         1.000645637512207E+00        -8.221092571147892E-07         3.305719586954581E-10
         1.000140428543091E+00        -9.643400744607789E-07         4.231584804781363E-10
         1.000137925148010E+00        -1.094947037927341E-06         5.459336871460607E-10
         1.000034928321838E+00        -8.129673005896620E-07         4.474538795040672E-10
         1.000078082084656E+00        -1.574271209392464E-06         7.194971285429119E-10
         1.000592589378357E+00        -1.842660708462063E-06         7.759600739731809E-10
         1.000802636146545E+00        -7.392728775812429E-07         3.167971718287532E-10
         1.000673770904541E+00        -7.884543862246574E-08         3.363857803417858E-11
         1.000665426254272E+00         1.251166281690530E-07         1.168559259773216E-11
         1.000843167304993E+00         2.016548847905142E-07         3.092155351214210E-11
         1.001186966896057E+00        -2.516069912417151E-07         1.450265602054301E-10
         1.000738620758057E+00         1.106308928910948E-07        -5.095632249485504E-11
         1.000667333602905E+00        -2.745488814070995E-07         9.782230581123486E-11
         1.000759840011597E+00        -5.264851097308565E-07         1.930521575932431E-10
         1.000571370124817E+00        -5.711320341106330E-07         1.775706387485698E-10
         1.000303745269775E+00        -1.038135550857078E-07        -2.097406102963273E-11
         1.000609517097473E+00        -1.189822995684153E-07        -1.394848559571615E-11
         1.000691413879395E+00         2.935437635187554E-07        -1.702826490923570E-10
         1.000779986381531E+00         7.701943331994698E-07        -3.641034695966994E-10
         1.000566482543945E+00         1.260441308659210E-06        -6.177467981594020E-10
         1.000279068946838E+00         1.080827018995478E-06        -5.321658114176842E-10
         1.000133752822876E+00         1.275604972761357E-06        -5.849548623260148E-10
         1.000211477279663E+00         1.344813313153281E-06        -5.945606784685253E-10
         1.000470399856567E+00         1.056018049894192E-06        -4.893800920058311E-10
         1.000805020332336E+00         4.970860345565598E-07        -3.300757722701775E-10
         1.000408530235291E+00         6.884547474328429E-07        -4.262803998678066E-10
         1.000138282775879E+00         3.297803630175622E-07        -2.427535672477887E-10
         9.999648332595825E-01         2.064913786625766E-07        -1.652053910339291E-10
         1.000089287757874E+00        -8.290740538541286E-08        -5.416211576458885E-11
         9.994695782661438E-01         1.007762762128550E-06        -4.715937640398238E-10
         9.998227953910828E-01         2.063293464971139E-07        -1.942604965776695E-10
         1.000029444694519E+00        -1.035803194326945E-07        -7.385884959187905E-11
         9.998877644538879E-01         2.805181793519296E-07        -2.346373650929934E-10
         9.999380111694336E-01         1.304532588619622E-07        -1.992680048745754E-10
         9.995211958885193E-01        -2.820181244089781E-08        -1.241925451367365E-10
         9.994106888771057E-01        -1.833942420148560E-08        -8.971252907219451E-11
         9.994137883186340E-01         1.723342819559548E-07        -1.498479812456210E-10
         1.000241279602051E+00        -7.822807788215869E-07         1.540909483344066E-10
         1.000274181365967E+00        -1.129000452237960E-06         3.590804320552365E-10
         9.999988675117493E-01        -7.522809823967691E-07         2.953289557350303E-10
         9.996100068092346E-01        -4.104042261587892E-08         7.452913980410258E-11
         9.994090199470520E-01         1.681734005387625E-07        -6.169348365503424E-11
         9.991987943649292E-01        -2.116274977481680E-08         3.660911504499431E-11
         9.991106390953064E-01        -3.734478752903669E-07         2.106036040006032E-10
         9.988596439361572E-01        -3.194085991253814E-07         2.237685453598814E-10
         9.994460344314575E-01        -2.357871125013844E-07         1.873820404396653E-10
         9.996105432510376E-01         5.325246661413985E-07        -1.296156654229108E-10
         9.993870258331299E-01         1.222108835463587E-06        -4.020987431907486E-10
         9.991608858108521E-01         1.623645630388637E-06        -5.278456005619603E-10
         9.992573261260986E-01         1.563247792546463E-06        -5.198112495996554E-10
         9.991935491561890E-01         1.322648131463211E-06        -4.748896831330285E-10
         9.987684488296509E-01         1.813003677852976E-06        -6.356759008063761E-10
         9.991590380668640E-01         1.759567112458171E-06        -6.261728358047947E-10
         9.996735453605652E-01         9.310700193054799E-07        -3.445526086665041E-10
         9.996791481971741E-01         3.133740733574086E-07        -1.244137154410296E-10
         1.000112056732178E+00        -7.409258842017152E-07         2.020072997765965E-10
         9.999279379844666E-01        -6.620202839258127E-07         1.809042637912484E-10
         9.996200203895569E-01        -3.537857082847040E-07         4.011061621733703E-11
         9.990686178207397E-01         1.194219692024490E-07        -1.479690814321089E-10
         9.986826181411743E-01         2.585323102266557E-07        -1.286959844248869E-10
         9.984933733940125E-01         4.763015795106185E-07        -1.538717625537700E-10
         9.988039731979370E-01        -8.353529068472199E-08         6.587401457647246E-11
         9.988183975219727E-01        -8.270783524721992E-08         1.083326622852709E-10
         9.984884858131409E-01         6.701956181132118E-07        -1.325564241705379E-10
         9.983801841735840E-01         1.108275910155498E-06        -2.989219705096247E-10
         9.992361664772034E-01         5.476612159327487E-07        -1.184976422541340E-10
         9.993773102760315E-01         1.095323796107550E-06        -3.238025958474111E-10
         9.997543096542358E-01         6.394561182787584E-07        -1.836572283142601E-10
         9.999556541442871E-01         7.606295753248560E-07        -2.558291356535847E-10
         1.000259995460510E+00         5.690757234333432E-07        -2.040575347583840E-10
         9.994094371795654E-01         1.507868091721321E-06        -5.302195904555163E-10
         9.990334510803223E-01         1.424027232133085E-06        -4.094331262916029E-10
         9.995678067207336E-01         1.053126197803067E-06        -3.081031263452161E-10
         9.998867511749268E-01         9.002745287034486E-07        -2.506956864323229E-10
         9.994214773178101E-01         1.051096774062898E-06        -2.735507098616807E-10
         9.993070960044861E-01         3.796748444528930E-07        -5.435268207731880E-11
         9.992880225181580E-01         1.484178113742018E-07         1.861227665045373E-11
         9.992891550064087E-01         3.041626541744336E-07        -5.539153163924837E-11
         9.998207092285156E-01        -2.987897573802911E-07         1.724281273318695E-10
         9.998746514320374E-01        -3.598269415761024E-07         1.825549433842610E-10
         9.998449087142944E-01         1.581684045959264E-07        -2.692805874116022E-11
         1.000031709671021E+00        -7.625926201626498E-08         1.496358072172743E-11
         1.000365972518921E+00        -6.398819891728635E-07         2.265117954314277E-10
         1.000300049781799E+00        -4.463573475277371E-07         1.499039226082743E-10
         9.997493028640747E-01         2.531280074435927E-07        -8.466918832716885E-11
         9.999330639839172E-01        -4.659580383759021E-07         1.882805994446457E-10
         9.991948008537292E-01         3.771768319893454E-07        -3.566431872048526E-11
         1.000490188598633E+00        -1.061603597918293E-06         2.993988390542768E-10
         1.001172423362732E+00        -2.056241783066071E-06         6.714139799690599E-10
         1.000769495964050E+00        -1.346327849205409E-06         5.090250998485146E-10
         9.999461174011230E-01         6.142926878283106E-08         8.098580139836997E-11
         9.998481273651123E-01         3.058619313378586E-07        -3.793007574692808E-11
         9.999296069145203E-01         1.480386302432635E-08         4.933396052786421E-11
         1.000311017036438E+00        -8.434383289568359E-07         3.258096292757529E-10
         1.000184893608093E+00        -3.571579725303309E-07         1.426664619774698E-10
         9.999327659606934E-01         8.736535050957173E-08         1.240250350337258E-11
         1.001081824302673E+00        -1.303668454966100E-06         4.549930154862381E-10
         1.001027584075928E+00        -1.049757656801376E-06         3.451116892261297E-10
         1.000906348228455E+00        -6.881058993712941E-07         2.177364816224880E-10
         1.000661611557007E+00        -5.342674853636709E-07         9.324415545242104E-11
         1.000074028968811E+00         2.605790427878674E-07        -1.317616016294210E-10
         1.000235676765442E+00        -4.477623178900103E-07         1.440598473845256E-10
         9.994099736213684E-01         6.028993766449275E-07        -1.941220378887110E-10
         9.996588230133057E-01         3.541556168329407E-07        -1.435816049388805E-10
         1.000309705734253E+00        -4.819372634301544E-07         1.151006095989615E-10
         1.000029325485229E+00        -5.698954552713076E-08        -4.151166563270969E-11
         9.993762969970703E-01         8.770534236646199E-07        -3.395559111663005E-10
         9.992679357528687E-01         1.621864271328377E-06        -6.081483094888540E-10
         1.000000715255737E+00         1.263057129108347E-06        -5.167491434754368E-10
         1.000084042549133E+00         1.177487320092041E-06        -5.110836198696234E-10
         1.000887513160706E+00        -5.332139494385046E-07         7.580677752194731E-11
         1.000732541084290E+00        -5.167390213500767E-07         1.037373867363023E-10
         1.000102162361145E+00         5.362073238757148E-07        -2.261982406936980E-10
         9.991999268531799E-01         1.691666284386883E-06        -5.387226775788179E-10
         9.996811151504517E-01         3.100861647453712E-07        -3.889346483765266E-11
         9.994688630104065E-01         1.915000211738516E-07         5.797171770405285E-11
         9.995710849761963E-01        -7.788622724547167E-08         1.443148517354942E-10
         9.996283650398254E-01        -1.595580130242524E-07         1.409775352012588E-10
         9.989584684371948E-01         4.114184832815226E-07        -6.720241724211817E-11
         9.991600513458252E-01        -2.824254465849663E-07         1.248937481213019E-10
         9.997379183769226E-01        -6.617622716476035E-07         2.222879103008779E-10
         1.000041961669922E+00        -4.337397569997847E-07         1.062703883225602E-10
         1.000214099884033E+00        -2.586594405329379E-07         6.286830778190478E-11
         1.000559210777283E+00        -3.966481187944737E-07         1.505347096975029E-10
         1.000899791717529E+00        -9.123638022856539E-08         8.036996762550430E-11
         1.001129150390625E+00        -2.802663914280856E-07         1.551794942544760E-10
         1.000828266143799E+00         2.267328795824142E-07        -2.160771561676711E-11
         1.000982761383057E+00        -7.816424130169253E-08         8.000865941992785E-11
         1.000751972198486E+00         2.172271109657231E-07        -3.086730870904830E-11
         1.000758051872253E+00        -3.413338234281582E-08         1.758101303428461E-11
         1.000491023063660E+00        -3.615625416841795E-07         1.364875434894941E-10
         1.000256299972534E+00        -4.081048530224507E-07         1.656494802437791E-10
         1.000457167625427E+00        -1.449615979254304E-06         5.809472902740254E-10
         9.998905658721924E-01        -7.431932544932351E-07         3.368170464757014E-10
         9.997777342796326E-01        -4.508799804625596E-07         2.053178321803628E-10
         9.996716380119324E-01        -1.599956789277712E-07         5.485396512017182E-11
         9.996786713600159E-01        -1.017588076024367E-07         1.806493322986658E-11
         9.994387030601501E-01        -2.805707310926664E-07         1.400268651030601E-10
         9.991402626037598E-01        -1.352031091528261E-07         1.137459015865261E-10
         9.990387558937073E-01        -5.201619046601991E-07         2.586852121400085E-10
         9.989491105079651E-01        -2.705422161852766E-07         1.705128122031496E-10
         9.992130994796753E-01        -3.048280916573276E-07         1.514787184575539E-10
         9.993132352828979E-01        -4.869330041401554E-07         1.899398416327358E-10
         9.993739724159241E-01        -3.392584062567039E-07         1.097062787835945E-10
         9.995287060737610E-01        -2.786242134789063E-07         7.056221579260225E-11
         9.997018575668335E-01         4.409831433349609E-08        -5.326757784862579E-11
         9.998022913932800E-01         2.645444396875973E-07        -1.583810999017388E-10
         9.995799064636230E-01         6.893907880112238E-07        -3.444028118249065E-10
         9.998519420623779E-01         2.529511675675167E-07        -1.661119297668989E-10
         9.995915889739990E-01         5.477630224959285E-07        -2.394443254782885E-10
         9.995325207710266E-01         3.941365207538183E-07        -1.389018206010562E-10
         9.991469979286194E-01         5.878999331798695E-07        -1.623234463510315E-10
         9.991173148155212E-01         4.975871661372366E-07        -8.375424659368136E-11
         9.995524287223816E-01        -1.461376228917288E-07         7.611457991663073E-11
         9.993810057640076E-01         2.669532506160976E-08         6.023691528217467E-12
         9.992816448211670E-01         4.827841593169069E-08         8.560542899549439E-12
         9.993018507957458E-01        -2.852756892934849E-07         1.091588555657275E-10
         9.985728263854980E-01         6.083616312935192E-07        -2.133243026669618E-10
         9.987550973892212E-01        -1.223124286298116E-07         8.812044843820033E-11
         9.983116388320923E-01         1.973491947637740E-07        -7.347667260867649E-14
         9.983141422271729E-01         1.840906804773113E-07        -2.617009733918430E-11
         9.990131258964539E-01        -1.030149746839015E-06         3.697899486621026E-10
         9.986041784286499E-01        -8.527361501364794E-07         3.207504262192629E-10
         9.982230067253113E-01        -8.084599585345131E-07         2.452344716186161E-10
         9.977829456329346E-01        -4.104128947801655E-07         9.767567310525749E-11
         9.976763129234314E-01        -2.355841246526325E-07         3.709781093430564E-11
         9.975706934928894E-01         5.864944974121045E-09        -3.160194328444277E-11
         9.978357553482056E-01        -3.263333496761334E-07         8.013209540358446E-11
         9.979184865951538E-01         8.029632425632371E-08        -5.489136575831388E-11
         9.974905848503113E-01         8.148758183779137E-07        -3.311653729021202E-10
         9.973829984664917E-01         5.881997253709415E-07        -2.446662872301886E-10
         9.972457885742188E-01         5.671791996064712E-07        -2.628797457493448E-10
         0.000000000000000E+00         0.000000000000000E+00         0.000000000000000E+00
         0.000000000000000E+00         0.000000000000000E+00         0.000000000000000E+00
         0.000000000000000E+00         0.000000000000000E+00         0.000000000000000E+00
         0.000000000000000E+00         0.000000000000000E+00         0.000000000000000E+00
         0.000000000000000E+00         0.000000000000000E+00         0.000000000000000E+00
         0.000000000000000E+00         0.000000000000000E+00         0.000000000000000E+00
         0.000000000000000E+00         0.000000000000000E+00         0.000000000000000E+00
         1.002419471740723E+00        -7.291666292985610E-08         6.576547639802754E-11
         1.002433061599731E+00        -4.626044471933710E-07         2.324779674323096E-10
         1.001828074455261E+00        -2.689573932457279E-07         1.754876383097681E-10
         1.001945137977600E+00        -5.817155965814891E-07         2.717629177251268E-10
         1.002123594284058E+00        -5.947833301434002E-07         2.460850967445083E-10
         1.002377748489380E+00        -7.009671776359028E-07         2.651849850821009E-10
         1.002444028854370E+00        -5.034640935264179E-07         1.753465012077626E-10
         1.002668976783752E+00        -5.429521365840628E-07         1.779964092785136E-10
         1.002574563026428E+00        -1.524034587419010E-07         7.504944582459316E-11
         1.002422809600830E+00         4.648359475112329E-09         5.677849856944306E-11
         1.002454280853271E+00         2.654299180449016E-07        -7.265736623462971E-11
         1.002224564552307E+00         6.204875262483256E-07        -2.358109263411734E-10
         1.001411080360413E+00         1.388728037454712E-06        -4.628714078691587E-10
         1.001239180564880E+00         1.356702796329046E-06        -4.375436679637801E-10
         1.001416325569153E+00         1.080366814676381E-06        -3.294367278972032E-10
         1.001650214195251E+00         4.656129988234170E-07        -1.263595339473511E-10
         1.001117229461670E+00        -1.310113049157735E-07         9.039714116143571E-11
         1.000404715538025E+00         2.398357707988907E-07        -2.818845851182417E-11
         1.000443220138550E+00         1.440041899058997E-07         7.328207485279847E-12
         1.000595569610596E+00        -4.995782774130930E-07         2.400953880155043E-10
         1.000530123710632E+00        -6.853547915852687E-07         2.844099400434175E-10
         1.000507950782776E+00        -6.354659944918239E-07         2.438767243706508E-10
         1.000524163246155E+00        -8.010833880689461E-07         3.004680948492933E-10
         9.999431371688843E-01         7.437844828928064E-08         1.919624355306571E-11
         9.996991753578186E-01         2.454695504638948E-07        -5.388280446827487E-11
         9.996608495712280E-01         1.183584217301359E-07        -3.937075318538596E-11
         9.997642040252686E-01        -2.257248041814819E-07         8.636965448394207E-11
         9.993293285369873E-01         3.082243154040043E-07        -5.569004632444141E-11
         9.992550611495972E-01         2.874611482184264E-07         1.891240853160725E-12
         9.991840720176697E-01         1.410680994240465E-07         8.064297146725963E-11
         9.990066885948181E-01         3.579535814424162E-07        -6.212194387372749E-12
         9.992242455482483E-01         5.227297492638172E-07        -9.513787674331198E-11
         9.994441270828247E-01         5.432873422250850E-07        -8.613604968177313E-11
         9.997596740722656E-01         6.790664883737918E-07        -1.482624856219417E-10
         1.000450730323792E+00        -6.467929836162511E-08         4.374172205001692E-11
         1.000826358795166E+00        -5.547556725105096E-07         1.997714632606673E-10
         1.000726342201233E+00        -6.550255875481525E-07         2.408178378932035E-10
         1.000774264335632E+00        -1.141648681368679E-06         4.037883361007744E-10
         1.000303506851196E+00        -9.468184316574479E-07         3.434771633781253E-10
         1.000139951705933E+00        -7.404773327834846E-07         3.230441192325628E-10
         1.000308275222778E+00        -8.518907748111815E-07         3.839102646896464E-10
         1.000357866287231E+00        -1.402558723384573E-06         5.807507252875155E-10
         1.000498294830322E+00        -1.938725972649991E-06         7.876472807311075E-10
         1.000432610511780E+00        -1.827616983973712E-06         7.056615847211845E-10
         1.000631690025330E+00        -1.940340325745638E-06         7.331904527951849E-10
         1.000977516174316E+00        -2.096554908348480E-06         7.558704218091350E-10
         1.001114845275879E+00        -1.920141585287638E-06         6.258654150492760E-10
         1.001201033592224E+00        -1.691975626272324E-06         5.194085717086239E-10
         1.001226425170898E+00        -1.476495754104690E-06         4.349871574049757E-10
         1.000589251518250E+00        -7.338776981669071E-07         2.031467771779205E-10
         1.000407099723816E+00        -3.843862259600428E-07         1.144804182007242E-10
         1.000075459480286E+00        -1.638501316847396E-07         3.522972191749574E-11
         1.000013589859009E+00        -3.022764758497942E-07         1.081484624076978E-10
         1.000239253044128E+00        -6.432684926949150E-07         1.667936205818066E-10
         1.000469326972961E+00        -4.629214345186483E-07         1.003606850402683E-10
         1.000486731529236E+00        -5.996972163302416E-07         1.484602302204152E-10
         1.000280380249023E+00        -3.729813897734857E-07         7.722307515667381E-11
         9.999622106552124E-01         2.300279504652281E-07        -1.341342176219840E-10
         9.996574521064758E-01         5.333988610800589E-07        -2.164008416905006E-10
         9.994134306907654E-01         7.170975209191965E-07        -2.577699997896588E-10
         9.991727471351624E-01         4.771888484356168E-07        -1.276800887239915E-10
         9.990519285202026E-01         4.029080002965202E-07        -1.129871265992399E-10
         9.989823102951050E-01         5.830984832755348E-07        -1.869142618460273E-10
         9.990258216857910E-01         7.033112296994659E-07        -2.478150462614792E-10
         9.990431070327759E-01         6.726770038767427E-07        -2.182864167199483E-10
         9.993705153465271E-01         8.430228604083823E-07        -2.365342643972923E-10
         9.995867013931274E-01         8.179622454917990E-07        -2.775577268021578E-10
         9.998998641967773E-01         9.606233106751461E-07        -3.168716677937056E-10
         9.999962449073792E-01         1.159012413154414E-06        -4.085700389122593E-10
         1.000318646430969E+00         1.042416101881827E-06        -4.091730287925088E-10
         1.000102639198303E+00         1.323322749158251E-06        -5.000571068336512E-10
         9.999957680702209E-01         1.287368831981439E-06        -5.224466415043594E-10
         9.999873638153076E-01         1.204997261083918E-06        -4.877562242988631E-10
         9.998258352279663E-01         8.927950716497435E-07        -4.179721568853267E-10
         9.999887943267822E-01         4.961109425494215E-07        -3.077086918601424E-10
         9.999045729637146E-01         5.729339704885206E-07        -3.242470181241686E-10
         9.998039603233337E-01         5.100779958411295E-07        -2.412830213405215E-10
         9.998882412910461E-01         5.274708883007406E-07        -2.290662659554243E-10
         9.999909400939941E-01         1.305113812577474E-07        -8.282654423430458E-11
         1.000049114227295E+00        -4.415865930695873E-07         1.381283976087389E-10
         1.000128149986267E+00        -5.216143108555116E-07         1.949661126987579E-10
         1.000094532966614E+00        -5.949665933258075E-07         1.814677713651847E-10
         9.999802708625793E-01        -1.002029307528574E-06         3.377507717949868E-10
         9.998885989189148E-01        -5.775524982709612E-07         2.031197016139075E-10
         9.998102784156799E-01        -5.136507184033690E-07         1.536748089892015E-10
         9.999780058860779E-01        -9.707804338177084E-07         3.194004782880455E-10
         1.000015497207642E+00        -1.019672595248267E-06         3.749767718552732E-10
         1.000002980232239E+00        -9.888983640848892E-07         3.790497360434131E-10
         9.997720718383789E-01        -7.056466984067811E-07         3.387715385994028E-10
         9.997502565383911E-01        -6.064083777346241E-07         3.295032580119539E-10
         9.997075796127319E-01        -6.532695238092856E-07         3.140195048434435E-10
         9.998705983161926E-01        -8.267206794698723E-07         3.279045091009181E-10
         9.998419284820557E-01        -5.530203566195269E-07         2.347977090533249E-10
         1.000040054321289E+00        -8.792757739684021E-07         3.014094529518729E-10
         9.999498724937439E-01        -6.699644359287049E-07         2.628818829286672E-10
         9.995091557502747E-01         4.060118641291410E-08         4.338099324208144E-11
         9.996826648712158E-01         1.579461894607448E-07         2.599580793682943E-11
         9.997758269309998E-01         2.513252184144221E-07        -4.861765504071691E-11
         9.995291829109192E-01         5.538912546398933E-07        -1.162965695966633E-10
         9.994301199913025E-01         8.093176120382850E-07        -2.311454500025789E-10
         0.000000000000000E+00         0.000000000000000E+00         0.000000000000000E+00
         9.995155334472656E-01         1.206524530061870E-06        -4.556464927585324E-10
         9.999249577522278E-01         1.136483660957310E-06        -4.984015422593302E-10
         9.999099969863892E-01         9.275805723518715E-07        -4.296803191028431E-10
         9.998068213462830E-01         8.527706540917279E-07        -4.419120902543483E-10
         9.998114705085754E-01         5.575134309765417E-07        -3.603678744301675E-10
         9.999769330024719E-01         1.251589480943949E-07        -2.123186071401051E-10
         9.997619986534119E-01         6.009465209899645E-07        -3.881948373862798E-10
         9.995226263999939E-01         5.357725285648485E-07        -3.466163744914041E-10
         9.994294643402100E-01         5.365897095543914E-07        -3.342002785622356E-10
         9.995785951614380E-01         5.185364102544554E-07        -3.336693699118598E-10
         9.996990561485291E-01         4.576216952045797E-07        -2.849493974110828E-10
         9.996140599250793E-01         6.586917606909992E-07        -3.319575447857659E-10
         9.999071359634399E-01         3.017980247932428E-07        -1.473899891024644E-10
         1.000041604042053E+00         2.801306777655554E-07        -9.150224328235979E-11
         1.000188589096069E+00         4.778223683388205E-07        -1.658703452367405E-10
         1.000051379203796E+00         5.819446755594981E-07        -2.108404562051192E-10
         9.996465444564819E-01         7.860542723392427E-07        -2.795372266994889E-10
         9.996873736381531E-01         7.874448328948347E-07        -2.939841980964530E-10
         1.000032544136047E+00         3.832577135653992E-07        -1.441834568405298E-10
         1.000098586082458E+00         2.413707420600986E-07        -6.383184258940133E-11
         1.000006914138794E+00        -1.704975289840149E-07         6.588741358060091E-11
         9.998074769973755E-01        -1.531329871795606E-07         6.814446229519433E-11
         9.995999336242676E-01        -1.704233767441110E-07         7.833172999127669E-11
         9.995315670967102E-01         3.121784075688083E-08         1.044726458121481E-11
         9.998961091041565E-01        -4.648147466923547E-07         1.997154108757115E-10
         9.998993277549744E-01        -6.601825361940428E-07         2.791491204856555E-10
         9.998610615730286E-01        -5.430825922303484E-07         2.273096849636502E-10
         1.000050783157349E+00        -8.538954716641456E-07         3.112441970820612E-10
         1.000020980834961E+00        -9.345406510874454E-07         3.906984735735364E-10
         9.998999238014221E-01        -8.527413797310146E-08         7.670600266074246E-11
         9.999280571937561E-01        -3.421744887432965E-09         6.449050321544192E-11
         9.998847246170044E-01        -1.023142957023992E-07         8.469672185817956E-11
         1.000024437904358E+00        -2.524026569972193E-07         1.007787672757665E-10
         9.999184012413025E-01        -1.155237470129578E-07         5.016708229388378E-11
         9.996261596679688E-01         2.773471692307794E-07        -8.815707192022515E-11
         9.996591806411743E-01         1.056699403534367E-07        -2.987743386029251E-11
         1.000234842300415E+00        -4.324474787154031E-07         1.141784236602383E-10
         1.000491499900818E+00        -2.941647210263909E-07         7.672616708642721E-11
         1.000545859336853E+00        -1.332513193119667E-07        -1.111698580413822E-11
         1.000342130661011E+00         8.589244515633254E-08        -8.072775087297757E-11
         1.000491023063660E+00         5.454479179434202E-08        -7.146790104162193E-11
         1.000525951385498E+00         2.493644579715237E-08        -3.531538256273947E-11
         1.000658750534058E+00        -8.002914597682320E-08        -3.110649585136294E-11
         1.000817894935608E+00        -4.972247680257169E-08        -6.716943667939290E-11
         1.001256465911865E+00        -3.424992200962151E-07        -2.961759310027290E-11
         1.001199126243591E+00        -4.096210375337250E-07        -1.989583151007501E-11
         1.001086711883545E+00        -2.137414440994689E-07        -2.093249878987180E-11
         1.001176357269287E+00        -1.372780218389380E-07         2.670866349266388E-12
         1.001154422760010E+00        -2.335390405505677E-07         2.594532748367850E-11
         1.001004219055176E+00        -4.515734985943709E-07         1.118269643551884E-10
         1.000685334205627E+00        -6.633442950487733E-08        -2.252390548379557E-12
         1.000605702400208E+00        -1.931799147314450E-07         7.571956950336300E-11
         1.000326156616211E+00        -5.979953243695491E-07         2.246752922596684E-10
         9.998922348022461E-01        -4.452824953204981E-07         2.044375779775010E-10
         9.998624324798584E-01        -5.926190169702750E-07         2.669821586032128E-10
         9.999623298645020E-01        -6.790526185795898E-07         3.170881335279319E-10
         1.000054836273193E+00        -8.525368571099534E-07         3.462611586346753E-10
         9.997427463531494E-01        -9.901721114147222E-07         4.044044266127145E-10
         9.993567466735840E-01        -1.113945359065838E-06         4.367735895183245E-10
         9.989535808563232E-01        -1.136238893195696E-06         4.631346139927217E-10
         9.988611936569214E-01        -1.219872274305089E-06         4.843856427072524E-10
         9.983826875686646E-01        -8.618910669611068E-07         3.999716391422936E-10
         9.982634782791138E-01        -9.213497946802818E-07         4.176513301867857E-10
         9.983474016189575E-01        -6.755460049134854E-07         3.099511758364315E-10
         9.979892373085022E-01        -2.647159647040098E-07         2.013994526706142E-10
         9.973452091217041E-01         5.665228641760223E-08         7.987182443214280E-11
         9.970081448554993E-01        -2.937769361111009E-09         9.917419663274529E-11
         9.969480037689209E-01         1.108617837530801E-07         7.215763403456421E-11
         9.966234564781189E-01         5.846643489348935E-07        -6.819251413547889E-11
         9.965369701385498E-01         6.221521289262455E-07        -1.017715564599619E-10
         9.964939951896667E-01         5.043822852712765E-07        -8.198648704382805E-11
         9.964044094085693E-01         9.091957764439940E-08         7.161519294252017E-11
         9.965626001358032E-01        -1.655687356105773E-07         1.149789569110382E-10
         9.968699216842651E-01        -2.562502459113603E-07         1.367384955264228E-10
         9.965265989303589E-01        -3.518502182942029E-07         1.887875827888408E-10
         9.961112141609192E-01        -5.051153948443243E-07         2.772777007997718E-10
         9.959976077079773E-01        -7.019422696430411E-07         3.369774737027598E-10
         0.000000000000000E+00         0.000000000000000E+00         0.000000000000000E+00
         0.000000000000000E+00         0.000000000000000E+00         0.000000000000000E+00
         0.000000000000000E+00         0.000000000000000E+00         0.000000000000000E+00
         0.000000000000000E+00         0.000000000000000E+00         0.000000000000000E+00
         0.000000000000000E+00         0.000000000000000E+00         0.000000000000000E+00
         0.000000000000000E+00         0.000000000000000E+00         0.000000000000000E+00
         0.000000000000000E+00         0.000000000000000E+00         0.000000000000000E+00
         0.000000000000000E+00         0.000000000000000E+00         0.000000000000000E+00
         1.003769516944885E+00        -1.515725216449937E-07         2.003356161517367E-11
         1.003401279449463E+00         1.981900510372725E-07        -1.560581108783765E-10
         1.003119111061096E+00        -2.989490965887853E-08        -5.480659329148985E-11
         1.003035068511963E+00        -3.735586915354361E-07         9.086485036613468E-11
         1.003100395202637E+00        -7.517624567299208E-07         2.523118658448453E-10
         1.002583026885986E+00        -2.078099896607455E-07         1.441056128592688E-11
         1.002575039863586E+00        -8.965271263150498E-07         2.683110955636892E-10
         1.002550005912781E+00        -1.333416207671689E-06         4.186728463917433E-10
         1.003098487854004E+00        -1.539695858809864E-06         5.304092165481222E-10
         1.002723217010498E+00        -6.838849913037848E-07         1.963593315723600E-10
         1.002737760543823E+00        -3.440832188061904E-07         5.389312607295693E-11
         1.002793550491333E+00        -4.200402372589451E-07         5.577280304258636E-11
         1.002948522567749E+00        -8.193759981622861E-07         1.967048190998355E-10
         1.002632498741150E+00        -7.359059281952796E-07         1.745382588458355E-10
         1.002578258514404E+00        -7.947496101223805E-07         2.230105544676064E-10
         1.002143859863281E+00        -7.485629112125025E-07         2.470239290897069E-10
         1.001811265945435E+00        -1.715948911851228E-07         3.468443587895109E-11
         1.001781225204468E+00         1.377750038500380E-07        -6.656923623449273E-11
         1.001545786857605E+00         6.716640541526431E-07        -2.868764392705003E-10
         1.001741886138916E+00         5.704026762032299E-07        -2.775724927683854E-10
         1.001625657081604E+00         5.622468961519189E-07        -2.879230187602388E-10
         1.001330971717834E+00         7.755118076602230E-07        -3.631087375222108E-10
         1.001068115234375E+00         7.863408200137201E-07        -3.489698807701558E-10
         1.000773310661316E+00         8.669551903039974E-07        -4.244036788669803E-10
         1.000881910324097E+00         1.736175789801564E-07        -1.814148692380613E-10
         1.000483155250549E+00         6.946187625089806E-08        -1.373120089853685E-10
         1.000599980354309E+00        -5.751348197691186E-08        -4.680990664529538E-11
         1.000718474388123E+00         6.567698562776059E-08        -6.603114582892644E-11
         1.000436305999756E+00         3.540339719165786E-07        -1.794830395418501E-10
         1.000587701797485E+00         3.398286878564249E-07        -1.904651020234738E-10
         1.000475883483887E+00         6.295848606896470E-07        -3.208847354496669E-10
         1.000282049179077E+00         7.339324952226889E-07        -3.222917210887744E-10
         9.997165799140930E-01         1.345797841167951E-06        -5.408767322911956E-10
         9.997279644012451E-01         2.850846101409843E-07        -7.081127351149519E-11
         9.992697238922119E-01         5.023952667215781E-07        -1.275531347211256E-10
         9.993797540664673E-01         1.501059614383848E-07         2.857352722485107E-11
         9.993859529495239E-01         2.991731378187978E-07        -1.377239294830801E-11
         9.995890855789185E-01         9.539728580421070E-07        -2.902342532973279E-10
         1.000003933906555E+00         1.136037326432415E-06        -3.779028756589753E-10
         1.000169754028320E+00         8.490096092828026E-07        -2.944878230159986E-10
         1.000462651252747E+00         3.563606583156798E-07        -1.620864414908496E-10
         1.000467181205750E+00        -2.954653268716356E-07         9.568289216499437E-11
         1.000197172164917E+00        -9.553785957905347E-07         3.284840732753480E-10
         9.999057054519653E-01        -1.301349016102904E-06         4.631441341551579E-10
         1.000189065933228E+00        -1.611649508959090E-06         5.721805251823753E-10
         1.000462055206299E+00        -1.269228164346714E-06         4.280234222608925E-10
         1.000390529632568E+00        -9.534202263239422E-07         3.082048782854230E-10
         1.000020503997803E+00        -7.766689691379725E-07         2.750580874177899E-10
         9.996860027313232E-01        -2.906341194375273E-07         1.478704658719465E-10
         9.998874068260193E-01        -2.661260793956899E-07         1.544657179941566E-10
         1.000090837478638E+00        -4.617471063284029E-07         2.143239613561221E-10
         1.000223278999329E+00        -4.965377797816473E-07         2.346777772110897E-10
         1.000430226325989E+00        -3.688605829665903E-07         1.709936497951148E-10
         1.000629901885986E+00         6.950688913320846E-08         4.285719348851025E-12
         1.001014113426208E+00         7.466598361816068E-08         1.455423455365423E-11
         1.001143574714661E+00         3.877764527260297E-07        -1.323264969821381E-10
         1.001194000244141E+00         3.801673642556125E-07        -1.447199582393921E-10
         1.001249909400940E+00         2.344373797313892E-07        -1.271253935453132E-10
         1.001016497612000E+00         2.520095563340874E-07        -1.530085363965483E-10
         1.000679373741150E+00         4.512896225605800E-07        -2.179098290699955E-10
         1.000586628913879E+00         1.060817993447927E-07        -4.116905774620427E-11
         1.000490903854370E+00         4.921102458865789E-07        -2.400333820595790E-10
         1.000648617744446E+00        -2.882476337617845E-07         8.227264702842518E-11
         1.000442147254944E+00         1.526749429103802E-07        -1.333579358053782E-10
         1.000509381294250E+00        -6.250513138184033E-07         1.777034491778906E-10
         9.997851252555847E-01         3.374501886810322E-07        -1.995733994730742E-10
         9.998990297317505E-01        -5.314020512514617E-08        -5.091314175809103E-11
         1.000063061714172E+00        -2.619019028315961E-07        -9.288749457103673E-12
         1.000205039978027E+00        -4.289369712751068E-07         3.148144592235447E-11
         1.000127196311951E+00        -4.567177143144363E-07         7.497859277894037E-11
         1.000380158424377E+00        -1.001495888885984E-06         2.922335984312241E-10
         1.000046491622925E+00        -4.213858630919276E-07         9.316793864178052E-11
         1.000382900238037E+00        -8.531482649232203E-07         2.899916140552961E-10
         1.000231385231018E+00        -3.373093875325139E-07         1.001681168566471E-10
         1.000166535377502E+00        -7.097881962181418E-07         3.050863173204021E-10
         1.000194191932678E+00        -3.913702357749571E-07         1.525523318779420E-10
         1.000322103500366E+00        -5.978308195153659E-07         2.139830534986231E-10
         1.000192284584045E+00        -4.582022086196957E-07         1.734251353635585E-10
         9.999774098396301E-01        -6.631253768318857E-07         2.739602988910406E-10
         9.998974204063416E-01        -6.675381314380502E-07         2.736721405049991E-10
         9.997001886367798E-01        -3.609968928230955E-07         1.588642134509044E-10
         1.000061750411987E+00        -8.001978812899324E-07         3.288870009665601E-10
         9.998251199722290E-01        -8.669339734979076E-08         2.458372568014955E-11
         9.996064305305481E-01         6.308352595851829E-08        -5.874237207770250E-11
         9.995229244232178E-01        -3.625421740593993E-08        -3.026665723604438E-11
         9.995059370994568E-01         3.707128826135886E-07        -1.944124444763773E-10
         9.997286200523376E-01         5.087873233833307E-08        -3.399814457738515E-11
         9.998780488967896E-01         3.179257532792690E-07        -1.466205629130357E-10
         1.000204563140869E+00        -3.080713284475678E-08        -2.311438800778332E-12
         1.000428915023804E+00         2.409935007108288E-07        -1.001709964976172E-10
         1.000259518623352E+00         4.567575899727672E-07        -1.686921852206424E-10
         1.000158309936523E+00         4.898968199995579E-07        -1.757857331918800E-10
         9.999616742134094E-01         3.187179231645132E-07        -1.094805218704309E-10
         9.998900294303894E-01         2.609169484912854E-07        -7.239632504596472E-11
         9.997442960739136E-01         2.167926851370794E-07        -7.245242600317781E-11
         9.996194839477539E-01         1.797687758653410E-07        -4.625573535310679E-11
         0.000000000000000E+00         0.000000000000000E+00         0.000000000000000E+00
         0.000000000000000E+00         0.000000000000000E+00         0.000000000000000E+00
         9.991710186004639E-01         6.971446282477700E-07        -2.256195091865365E-10
         9.997126460075378E-01         9.814368695515441E-07        -3.199805420628365E-10
         9.997313022613525E-01         1.281133791053435E-06        -4.241216267075743E-10
         9.995266199111938E-01         1.317746978202194E-06        -4.411025711359429E-10
         9.996725320816040E-01         7.586086780975165E-07        -2.308793295435763E-10
         9.997098445892334E-01         8.523190899722977E-07        -2.872969362410771E-10
         1.000160932540894E+00         4.773492605636420E-07        -1.259818360743736E-10
         9.999831318855286E-01         6.895134561091254E-07        -2.431382872813970E-10
         0.000000000000000E+00         0.000000000000000E+00         0.000000000000000E+00
         9.990131855010986E-01         4.100000694506889E-07        -1.305024005526789E-10
         9.990044832229614E-01         2.878878149203956E-07        -8.253579070194306E-11
         9.987386465072632E-01         2.540063519518299E-07        -8.644281124237096E-11
         9.981887936592102E-01         9.892918342302437E-07        -3.870704035069394E-10
         0.000000000000000E+00         0.000000000000000E+00         0.000000000000000E+00
         0.000000000000000E+00         0.000000000000000E+00         0.000000000000000E+00
         9.983688592910767E-01         7.895092721810215E-07        -2.732387927029123E-10
         9.991593956947327E-01         2.664911278316140E-07        -6.937002621637545E-12
         9.987928867340088E-01         7.144832352423691E-07        -2.040126539926135E-10
         9.989190697669983E-01         1.644112757048788E-07         2.168341894925874E-11
         9.989731907844543E-01         4.427658666372736E-07        -1.099781099522801E-10
         9.993970394134521E-01         7.145340674696854E-08         3.231287112881454E-11
         9.998362064361572E-01        -3.195628295316055E-08         5.775513747807715E-11
         9.995634555816650E-01         2.607863223147433E-07        -5.429951627222707E-11
         9.994741082191467E-01        -8.307495136250509E-09         4.488731608631724E-11
         9.992923736572266E-01         5.109752123644284E-07        -2.003258808835895E-10
         9.997053742408752E-01        -1.862239855654479E-07         1.034945462663472E-10
         9.999157190322876E-01        -2.843960267284729E-08         1.114118866607505E-11
         1.000386953353882E+00        -3.221173017209367E-07         1.282395162283123E-10
         1.000369071960449E+00        -4.541791724932409E-07         1.777079594589281E-10
         1.000055074691772E+00        -3.368722900631838E-07         1.131945023824521E-10
         9.997546672821045E-01        -5.005790981726932E-08         8.989758590316477E-12
         9.999334812164307E-01        -1.034992394011169E-07         5.113260509448381E-11
         1.000132203102112E+00        -3.193740383267141E-07         9.876997136837318E-11
         1.000380873680115E+00        -2.111518853098460E-07         2.883995993407940E-12
         1.000332236289978E+00        -1.492306580530567E-07        -3.913178461822930E-11
         1.000313401222229E+00        -2.608225413425203E-09        -1.274725186517500E-10
         1.000579953193665E+00         4.493454071052838E-07        -3.136411408366513E-10
         1.000896811485291E+00         6.293363412623876E-07        -3.566345274652605E-10
         1.000666022300720E+00         9.239308838004945E-07        -4.066889880416369E-10
         1.000385403633118E+00         8.594601013101055E-07        -2.964106182723469E-10
         9.999952912330627E-01         8.307552548103558E-07        -2.357530004548636E-10
         9.994690418243408E-01         6.405141448340146E-07        -1.434986296455776E-10
         9.992468953132629E-01         6.044156748430396E-07        -1.438330288205947E-10
         9.995412230491638E-01         7.338103387155570E-07        -2.415605215855265E-10
         1.000064492225647E+00         4.224834242450015E-07        -1.526329895806811E-10
         1.000395894050598E+00        -1.649511318646546E-07         9.501443382076147E-11
         9.999812245368958E-01        -3.769898171412933E-07         1.984354069950456E-10
         9.993442893028259E-01        -8.857103495074625E-08         9.123030803026566E-11
         9.987223148345947E-01         5.359234478419239E-07        -1.296163454345134E-10
         9.990302920341492E-01         5.819341595270089E-07        -1.606098865014616E-10
         9.994581341743469E-01         6.884442314003536E-07        -1.978750358011538E-10
         9.997988343238831E-01         7.524249667767435E-07        -2.249808533916209E-10
         1.000078082084656E+00         4.232036303619680E-07        -1.034005867039944E-10
         1.000241398811340E+00         2.046021023716094E-07        -2.521241201924873E-11
         1.000120043754578E+00         1.154786559709464E-07        -1.355565833194294E-11
         1.000086426734924E+00        -1.924029646716008E-07         7.652523753565177E-11
         1.000218868255615E+00        -2.542948891459673E-07         5.557316412607705E-11
         9.998495578765869E-01         1.942636771445905E-07        -1.387567422073133E-10
         9.994497895240784E-01         1.821011181846188E-07        -1.874821131675475E-10
         9.993868470191956E-01         4.056314537592698E-07        -2.808211718718923E-10
         9.996713399887085E-01         1.928352730828919E-07        -2.292936396308676E-10
         9.996521472930908E-01         5.862528951183776E-07        -3.794288494507470E-10
         9.991691708564758E-01         1.256768655366614E-06        -5.843270867167405E-10
         9.984465241432190E-01         1.392706280967104E-06        -6.006303787664535E-10
         9.980412125587463E-01         1.524725007584493E-06        -6.353642056922126E-10
         9.981704950332642E-01         1.698192932053644E-06        -7.178282412922954E-10
         9.982277154922485E-01         1.332386432295607E-06        -5.486935905629764E-10
         9.977832436561584E-01         1.642504685150925E-06        -6.812576613945964E-10
         9.973604083061218E-01         1.947392320289509E-06        -7.781928434980045E-10
         9.972170591354370E-01         2.047436055363505E-06        -7.921618361272920E-10
         9.972539544105530E-01         2.155299171135994E-06        -7.840750826382248E-10
         9.973302483558655E-01         1.770890321495244E-06        -6.496095328323293E-10
         9.975873231887817E-01         1.077895149137476E-06        -4.153702937159665E-10
         9.974784255027771E-01         6.653959871982806E-07        -2.892895367700987E-10
         9.969074130058289E-01         6.053746233192214E-07        -2.537921817147293E-10
         9.964952468872070E-01         8.739214081288083E-07        -3.355716815534038E-10
         9.965248703956604E-01         1.061365651366941E-06        -3.943510240578263E-10
         9.963886141777039E-01         1.094241270038765E-06        -4.355469596095674E-10
         9.962095618247986E-01         1.379962100145349E-06        -5.917156209456209E-10
         9.960771799087524E-01         1.401664462719054E-06        -6.449734635260995E-10
         0.000000000000000E+00         0.000000000000000E+00         0.000000000000000E+00
         0.000000000000000E+00         0.000000000000000E+00         0.000000000000000E+00
         0.000000000000000E+00         0.000000000000000E+00         0.000000000000000E+00
         0.000000000000000E+00         0.000000000000000E+00         0.000000000000000E+00
         0.000000000000000E+00         0.000000000000000E+00         0.000000000000000E+00
         0.000000000000000E+00         0.000000000000000E+00         0.000000000000000E+00
         0.000000000000000E+00         0.000000000000000E+00         0.000000000000000E+00
         1.003917694091797E+00         2.330247923509887E-07        -1.091976994938015E-10
         1.004275202751160E+00        -3.081719057718146E-07         5.798181379468303E-11
         1.004151582717896E+00        -6.618732868446386E-07         2.088941936095878E-10
         1.003783106803894E+00        -1.063366994458192E-06         3.628707057057312E-10
         1.003896236419678E+00        -1.614591496945650E-06         5.330813013237901E-10
         1.003598213195801E+00        -1.963085423994926E-06         6.789614981350667E-10
         1.003386974334717E+00        -2.272957090099226E-06         7.740149077228864E-10
         1.003574848175049E+00        -2.420686541881878E-06         8.160272457757856E-10
         1.003466963768005E+00        -2.032297743426170E-06         6.651671990987040E-10
         1.002892613410950E+00        -1.461960550841468E-06         5.214968457067926E-10
         1.002134799957275E+00        -5.580453716902412E-07         2.114720065726772E-10
         1.002012014389038E+00        -3.755097282009956E-07         1.630121315709943E-10
         1.001575350761414E+00        -3.917106710105145E-07         1.933392751451990E-10
         1.001340389251709E+00        -7.495131626455986E-07         3.461690378792071E-10
         1.001300930976868E+00        -9.919557442117366E-07         4.270510889359258E-10
         1.001414895057678E+00        -1.266833123736433E-06         5.184693230297910E-10
         1.001568436622620E+00        -1.249037836714706E-06         4.506470197007673E-10
         1.001680374145508E+00        -1.273697989745415E-06         4.257182384392877E-10
         1.001701593399048E+00        -1.458808242205123E-06         4.577804524341644E-10
         1.001616477966309E+00        -1.402364432578906E-06         3.923253666382465E-10
         1.001584768295288E+00        -1.484837753196189E-06         4.224932348417809E-10
         1.001220703125000E+00        -1.187575890071457E-06         3.288367078635446E-10
         1.000943064689636E+00        -1.252793822459353E-06         3.909841339577724E-10
         1.000226497650146E+00        -6.806070018683386E-07         1.919530367988642E-10
         9.996591210365295E-01         2.548244459887883E-08        -8.808946627691938E-11
         9.995664358139038E-01         4.883701265612217E-08        -5.493491425645480E-11
         9.995453357696533E-01         1.719397033639325E-07        -2.705465712571353E-11
         9.993891716003418E-01         1.573699250911886E-07         3.424052708034253E-11
         9.997841715812683E-01        -1.411263781392336E-07         1.646278668943069E-10
         1.000130057334900E+00        -4.578633934215759E-07         2.655400899165272E-10
         1.000285863876343E+00        -3.303658502318285E-07         1.580434810799503E-10
         1.000623703002930E+00        -4.151979737798683E-07         1.703302082711744E-10
         1.000814914703369E+00        -2.263391678525295E-07         1.295307472393148E-10
         1.000171780586243E+00         3.590549795262632E-07        -2.766028898981698E-11
         9.994982481002808E-01         8.619892923888983E-07        -1.792235387876318E-10
         9.996869564056396E-01         9.519038712824113E-07        -2.172212687501229E-10
         9.996185898780823E-01         7.117837412806693E-07        -1.494636497900714E-10
         9.994692206382751E-01         9.299771477344621E-07        -2.435275314738305E-10
         9.993326663970947E-01         7.577195333396958E-07        -1.939611388168672E-10
         9.994879961013794E-01         5.069073267804924E-07        -1.046017578110181E-10
         9.996305108070374E-01         4.834280957766168E-07        -1.257637466389738E-10
         9.996253252029419E-01         2.815465620642499E-07        -5.852970885733555E-11
         9.997285008430481E-01         7.101630785655288E-07        -2.387300079842447E-10
         9.998909235000610E-01         9.027037322084652E-07        -3.326043052087613E-10
         9.999884366989136E-01         8.283237207251659E-07        -3.542876547690810E-10
         1.000221252441406E+00         2.504982319351257E-07        -1.875276045559815E-10
         1.000275373458862E+00         5.461783985083457E-07        -2.979314850382053E-10
         1.000025987625122E+00         1.130245664171525E-06        -5.132001490437688E-10
         9.998233318328857E-01         1.413253244209045E-06        -6.003138541821329E-10
         9.995325803756714E-01         1.742277618177468E-06        -7.088233333618632E-10
         9.992344975471497E-01         1.991240878851386E-06        -7.392489398405644E-10
         9.993594288825989E-01         1.325468701907084E-06        -4.863681679623255E-10
         9.996885657310486E-01         5.532822910936375E-07        -2.093760304022751E-10
         9.995577335357666E-01        -9.984043458644010E-08         8.532016759765781E-11
         9.997756481170654E-01        -8.430836260231445E-07         4.248361107350718E-10
         9.998582005500793E-01        -4.846243655265425E-07         3.459845743236656E-10
         1.000363707542419E+00        -6.735172632943431E-07         3.911053425564859E-10
         1.000787258148193E+00        -1.290377895202255E-06         5.561737737025396E-10
         1.001291275024414E+00        -1.846911459324474E-06         6.862959089914966E-10
         1.001658558845520E+00        -1.776551698640105E-06         6.632822069363442E-10
         1.001268148422241E+00        -1.307239358538936E-06         4.842389822456994E-10
         1.000608086585999E+00        -3.884686350374977E-07         1.815367994817407E-10
         1.000207781791687E+00         9.346707940949273E-08         4.683869264665574E-11
         1.000059485435486E+00         4.928725729769212E-07        -8.169577514482995E-11
         9.999158382415771E-01         5.156672955308750E-07        -3.656831781828629E-11
         9.995392560958862E-01         6.162383670016425E-07        -5.889057991259605E-11
         9.991989731788635E-01         7.073454639794363E-07        -5.017563101117339E-11
         9.993386268615723E-01         7.239113415380416E-07        -7.327851520022577E-11
         9.993075132369995E-01         1.086301722352800E-06        -1.933329468739586E-10
         9.992463588714600E-01         1.176335558739083E-06        -2.647147501200209E-10
         9.998516440391541E-01         6.104747853896697E-07        -1.212671491002126E-10
         1.000245928764343E+00         2.925485773630498E-07        -1.435851992859227E-10
         1.000525355339050E+00        -2.187296210820477E-08        -1.481275657688741E-10
         1.000729084014893E+00        -3.216592574517563E-07        -9.598213890349427E-11
         1.000286459922791E+00        -4.254183494367680E-08        -1.978563424209767E-10
         1.000009417533875E+00         2.431087580134772E-07        -2.797200526760690E-10
         9.998734593391418E-01         1.235936650800795E-07        -2.023241157944611E-10
         9.997280240058899E-01         1.220064831386480E-07        -1.434184160320484E-10
         9.997825026512146E-01         2.801863807633254E-08        -8.133000523047329E-11
         9.998092055320740E-01         4.108945290681731E-07        -2.080516037228364E-10
         9.999372363090515E-01         1.679677694710335E-07        -1.238847635587348E-10
         1.000195980072021E+00         1.945016094850871E-07        -1.619460537893858E-10
         1.000001192092896E+00         2.529567382225650E-07        -1.848192709985597E-10
         9.999577403068542E-01        -2.829654306424345E-07         4.188557486961564E-11
         1.000059366226196E+00        -7.358698894677218E-07         2.529696174757845E-10
         1.000262498855591E+00        -1.466758590140671E-06         5.808590275435677E-10
         1.000820159912109E+00        -1.723929131003388E-06         7.124079104414704E-10
         1.001189231872559E+00        -1.501761857980455E-06         6.208976666144395E-10
         1.001127362251282E+00        -1.177016429210198E-06         4.455200930397751E-10
         1.000887870788574E+00        -3.784218733926537E-07         1.217505124495588E-10
         1.000486493110657E+00         3.210163299627311E-07        -1.656095816038317E-10
         1.000777602195740E+00        -2.907060547840956E-07         2.601514142996919E-11
         1.000521302223206E+00        -4.134350604090287E-07         3.224746858432326E-11
         1.000361800193787E+00        -1.983470241384566E-07        -1.081788339463152E-10
         1.000393867492676E+00        -1.422406228357431E-07        -1.045045092129548E-10
         1.000378608703613E+00        -3.361587630479335E-07         3.448882845979995E-11
         1.000476002693176E+00        -6.701676511511323E-07         1.767920809747636E-10
         1.000674366950989E+00        -1.136140099333716E-06         4.129316333312261E-10
         1.000570058822632E+00        -9.493352877143479E-07         3.850560426066352E-10
         1.000198125839233E+00        -4.858728743784013E-07         2.343635285839696E-10
         9.997421503067017E-01         7.800027645998853E-08         3.270172674318950E-11
         9.995869994163513E-01         7.840983471396612E-07        -2.619053307562069E-10
         9.991861581802368E-01         1.174228486888751E-06        -4.319062052449141E-10
         9.992315769195557E-01         8.193665053113364E-07        -2.523803666054647E-10
         9.996914863586426E-01        -5.765102173427294E-07         3.525934544335030E-10
         1.000015854835510E+00        -1.677380510045623E-06         7.472181207113238E-10
         9.998880028724670E-01        -1.782110757631017E-06         7.671451807134133E-10
         9.995711445808411E-01        -8.889858236216241E-07         3.808557080819952E-10
         9.996266365051270E-01        -5.531640567824070E-07         1.591387577271064E-10
         9.996888637542725E-01        -6.992660246396554E-07         1.641962399379082E-10
         9.999706149101257E-01        -9.833279364102054E-07         2.134370319373247E-10
         9.997797012329102E-01        -7.476935479644453E-07         1.076557384904753E-10
         9.997930526733398E-01        -7.211069146251248E-07         1.237305813361900E-10
         9.998003244400024E-01        -2.351057730720640E-07        -6.511854944157847E-11
         9.996262788772583E-01         1.291520845825289E-07        -2.108173358106313E-10
         9.995772242546082E-01         6.572666393367399E-07        -3.986266594591115E-10
         9.998726248741150E-01         3.753844168841169E-07        -2.629493567329888E-10
         1.000647783279419E+00        -2.783689012630930E-07        -4.178205698091020E-11
         1.000894188880920E+00        -6.398997811629670E-07         7.515189859308435E-11
         1.000854730606079E+00        -8.207624091483012E-07         1.220671064228185E-10
         1.000228047370911E+00        -2.926359172761295E-07         5.280399034690575E-11
         9.999818205833435E-01        -6.655060502680499E-08         9.160178171541133E-11
         9.998347163200378E-01         8.163108589087642E-08         7.343570196383098E-11
         9.998530149459839E-01         4.781748330628943E-08         5.296337673987850E-11
         9.997473359107971E-01        -4.030913558494831E-08         1.051803505403015E-10
         9.996500015258789E-01         1.071522248707879E-08         5.017892698577775E-11
         9.995223879814148E-01         4.344896922248154E-07        -1.769425994613272E-10
         9.997449517250061E-01         7.082825845827756E-07        -3.110489921187565E-10
         1.000034093856812E+00         3.513600574933662E-07        -1.564556817434948E-10
         9.997621178627014E-01         1.188116812045337E-06        -4.083743621041691E-10
         9.990541934967041E-01         1.787694145605201E-06        -5.046127959928981E-10
         9.990304112434387E-01         1.859716348917573E-06        -5.149936588288995E-10
         9.993497729301453E-01         1.902760914163082E-06        -5.706000116845189E-10
         9.999012947082520E-01         1.593334900462651E-06        -5.660402147000809E-10
         9.996623992919922E-01         1.341179086011834E-06        -4.174245671340060E-10
         9.991939663887024E-01         1.438881895410304E-06        -3.224425448866697E-10
         9.987996220588684E-01         1.635826606616320E-06        -3.586956842660527E-10
         9.993967413902283E-01         7.924055012153985E-07        -7.238370319795351E-11
         9.998530745506287E-01        -8.229311276863882E-08         2.370592055989107E-10
         9.998812675476074E-01        -5.682268806594948E-07         4.175944312567736E-10
         9.997314810752869E-01        -7.229251650642254E-07         5.118191426234375E-10
         9.999446868896484E-01        -2.485105596861104E-07         2.966868972720249E-10
         9.999077320098877E-01         4.280026359992917E-07        -1.626614294647499E-11
         1.000080585479736E+00         6.406674515346822E-07        -1.201997529287624E-10
         1.000184297561646E+00         5.079280072095571E-07        -1.331816740224312E-10
         1.000248551368713E+00         1.837412071381550E-07         1.766775961642431E-11
         1.000660061836243E+00        -7.557530921076250E-07         3.607454612808425E-10
         1.001210331916809E+00        -2.215448830611422E-06         8.721356969942917E-10
         1.001172304153442E+00        -2.020694864768302E-06         7.773560684043446E-10
         1.001752257347107E+00        -3.119759412584244E-06         1.173845354252023E-09
         1.001803874969482E+00        -1.550052274978952E-06         4.734125313987647E-10
         1.001145243644714E+00        -8.146067784764455E-07         1.951544481570977E-10
         1.000651001930237E+00        -2.731179336024070E-07        -2.486831053583050E-11
         1.000579833984375E+00        -8.630454431113321E-07         2.178052460610758E-10
         1.001025915145874E+00        -2.623382215460879E-06         9.209242812779905E-10
         1.001146674156189E+00        -3.522403176248190E-06         1.328656074051082E-09
         1.000293612480164E+00        -2.255187609989662E-06         8.835936426976332E-10
         9.998623728752136E-01        -1.162471562565770E-06         4.000842435125662E-10
         1.000159859657288E+00        -1.055579673447937E-06         3.261562686596164E-10
         9.997068047523499E-01        -1.155329869106936E-06         4.626427019260859E-10
         9.989492297172546E-01        -1.095990498356514E-07         1.056950638123055E-10
         9.987388849258423E-01         8.463981657769182E-07        -3.042711360645711E-10
         9.989759922027588E-01         9.571789405526943E-07        -4.742845005623053E-10
         9.989985227584839E-01         1.346518956779619E-06        -6.407835928534666E-10
         9.997723698616028E-01         8.047626920415496E-07        -4.557496879886713E-10
         1.000216126441956E+00         6.553494245054026E-07        -4.431437716778674E-10
         1.000619411468506E+00         1.320845299801476E-08        -2.672461418828931E-10
         1.000799894332886E+00        -4.370145063603559E-07        -8.931453493454811E-11
         1.000496745109558E+00        -8.404245477322547E-08        -2.132325149784009E-10
         1.000285267829895E+00         2.380939747581579E-07        -2.534836507361860E-10
         1.000186562538147E+00         3.081791248860100E-07        -1.815121525305941E-10
         9.999267458915710E-01         2.041348352577188E-07        -1.059234436273648E-10
         9.992846250534058E-01         9.998336736316560E-07        -3.456108177424255E-10
         9.985768795013428E-01         1.662025624682428E-06        -4.758287097672564E-10
         9.980925917625427E-01         1.669959146965994E-06        -3.801350345611354E-10
         9.981223940849304E-01         1.411915945936926E-06        -2.679896582424846E-10
         9.984524846076965E-01         8.455687634523201E-07        -7.996334844273534E-11
         9.984196424484253E-01         2.366029576705841E-07         1.289431339479563E-10
         9.986085295677185E-01         1.983279815931382E-07         9.060104749769593E-11
         9.990245699882507E-01        -1.933345998850200E-07         1.901073187760005E-10
