         1.002458930015564E+00        -1.127267182710057E-06         3.711244922488532E-10
         1.003570795059204E+00        -3.119769871773315E-06         1.163763418965402E-09
         1.003119468688965E+00        -3.238161980334553E-06         1.239157776389277E-09
         1.002841472625732E+00        -2.188783355450141E-06         7.237174748375708E-10
         1.003303527832031E+00        -3.255642241128953E-06         1.104785596339752E-09
         1.003620147705078E+00        -3.496927774904179E-06         1.145166184102209E-09
         1.003356695175171E+00        -3.434990276218741E-06         1.083331979678803E-09
         1.002968788146973E+00        -3.925785676983651E-06         1.377132297086803E-09
         1.002638101577759E+00        -3.359647962497547E-06         1.183077968924806E-09
         1.001208305358887E+00        -1.305583396060683E-06         4.351004001534875E-10
         9.998898506164551E-01         2.736711905981792E-07        -4.594234020993682E-11
         1.000219583511353E+00        -1.077273054761463E-06         4.187444002656804E-10
         1.000696420669556E+00        -1.938552031788277E-06         6.869217417104778E-10
         1.000926852226257E+00        -2.314505763933994E-06         8.900730708027993E-10
         1.000477552413940E+00        -9.380592587149295E-07         4.266096365057592E-10
         1.000414133071899E+00        -3.149795020362944E-07         1.684066358587089E-10
         9.996606707572937E-01         9.353918812848860E-07        -2.439000668097435E-10
         9.999234080314636E-01        -3.850421137485682E-07         2.457053727145109E-10
         9.993104338645935E-01        -1.966549092458081E-07         2.044615032836816E-10
         1.000127792358398E+00        -7.354055355790479E-07         2.283412209314051E-10
         1.000132679939270E+00        -8.699665272615675E-07         2.851375802137568E-10
         9.993641376495361E-01         3.698738169077842E-07        -1.089969642320554E-10
         9.991165995597839E-01         1.021016146296461E-06        -3.204904952536225E-10
         9.994567632675171E-01         4.533596893452341E-07        -7.380653727073749E-11
         9.993377327919006E-01         1.114286646952678E-06        -3.094674239090267E-10
         1.000155806541443E+00        -7.417669678488892E-08         1.931201379368197E-11
         9.998401403427124E-01         5.361083594834781E-07        -1.999352627901629E-10
         9.999255537986755E-01         9.152602160611423E-07        -3.885412547255385E-10
         1.000430107116699E+00        -5.143704839838392E-08        -3.676046619882634E-11
         1.000419020652771E+00         4.344652779764147E-07        -2.549090105663510E-10
         1.000687003135681E+00         2.866011357127718E-07        -2.889784800341744E-10
         1.000804305076599E+00         3.337710268169758E-07        -3.254226055293685E-10
         9.997441768646240E-01         1.967262733160169E-06        -8.185343514099941E-10
         9.997063875198364E-01         2.085721689581987E-06        -8.347548763332213E-10
         9.998313188552856E-01         2.145747657777974E-06        -8.703081033623050E-10
         9.999719858169556E-01         1.878749912975763E-06        -7.240600341518189E-10
         1.000262975692749E+00         9.268884468838223E-07        -2.930598264061501E-10
         9.996093511581421E-01         1.643124278416508E-06        -5.340216602256476E-10
         9.993658065795898E-01         1.913697815325577E-06        -6.182183098779603E-10
         9.982541203498840E-01         3.399021807126701E-06        -1.076252309495374E-09
         9.975361824035645E-01         3.728599267560639E-06        -1.130005200522533E-09
         9.979158043861389E-01         3.099641389781027E-06        -9.515049859132318E-10
         9.990687370300293E-01         1.321460899816884E-06        -4.668723740941516E-10
         9.984965920448303E-01         1.577171815370093E-06        -5.214030873723630E-10
         9.975661039352417E-01         2.370448328292696E-06        -7.383250677506226E-10
         9.969332218170166E-01         3.199499587935861E-06        -1.023690354706730E-09
         9.973152279853821E-01         2.959305675176438E-06        -9.528656752522124E-10
         9.975625872612000E-01         2.474719167366857E-06        -8.131750273143723E-10
         9.977244734764099E-01         2.354372327317833E-06        -7.880866514931029E-10
         9.982017874717712E-01         1.840129243646516E-06        -6.327714463516543E-10
         9.990322589874268E-01         8.598709655416314E-07        -3.479719568044715E-10
         9.994191527366638E-01        -1.383446743830063E-07        -2.380570220117395E-11
         9.994719028472900E-01        -6.163085686239356E-07         1.799543986047425E-10
         9.987245798110962E-01         2.107089898117920E-07        -5.315083442813950E-11
         9.986972212791443E-01         2.529136509110685E-07        -5.541388875540676E-11
         9.982833862304688E-01         9.328102805739036E-07        -2.351959182966823E-10
         9.982080459594727E-01         9.322894811703009E-07        -1.990959758169097E-10
         9.987843036651611E-01         4.255152674659257E-08         4.353529342582263E-11
         9.991872906684875E-01        -4.123126302602032E-07         1.492132251090794E-10
         9.989817142486572E-01        -2.355990460500834E-07         9.209660811748677E-11
         9.991516470909119E-01        -3.601925016027963E-07         1.263341375956628E-10
         9.992313385009766E-01        -2.146047819451269E-07         4.219679120009978E-11
         9.986748099327087E-01         1.190538455375645E-06        -4.046747381636351E-10
         9.983989596366882E-01         1.620413058844861E-06        -4.950562737526809E-10
         9.987263679504395E-01         1.315682993663359E-06        -4.595854807831756E-10
         9.990480542182922E-01         1.150067646449315E-06        -4.331860148365507E-10
         9.990680813789368E-01         1.304797706325189E-06        -4.232748596066926E-10
         9.993869662284851E-01         8.231343713305250E-07        -2.220388040097276E-10
         9.998535513877869E-01         8.335111800761297E-08         3.076902274634641E-11
         1.000127434730530E+00         4.084508287149902E-10         4.552722088213557E-11
         1.000763773918152E+00        -9.693233096186304E-07         3.490825961627309E-10
         1.001558780670166E+00        -2.145212420145981E-06         7.786367106632497E-10
         1.000895142555237E+00        -1.319176590186544E-06         5.451765150432664E-10
         1.000530481338501E+00        -5.998612664370739E-07         2.920287900387564E-10
         1.000625610351562E+00        -8.401532909374509E-07         3.661462799620097E-10
         1.000967383384705E+00        -1.030810949487204E-06         3.780326052194027E-10
         1.000959753990173E+00        -1.110299081119592E-06         4.216846871685220E-10
         1.000823140144348E+00        -1.365915295536979E-06         5.402798763931571E-10
         1.000786423683167E+00        -1.954151684913086E-06         7.417776948237531E-10
         1.000877022743225E+00        -2.786415279842913E-06         1.038970132150041E-09
         1.000559687614441E+00        -1.796865603864717E-06         6.493987014799529E-10
         9.995427131652832E-01        -1.928429327335834E-07         6.759841297832025E-11
         9.994174838066101E-01         4.533481785529148E-07        -1.660164228312055E-10
         1.000365257263184E+00         3.622273681003207E-08        -9.322929234167887E-11
         1.001256108283997E+00        -6.447737632697681E-07         8.130927181548842E-11
         1.001582980155945E+00        -8.196878980015754E-07         1.549135680845026E-10
         1.001075506210327E+00        -1.364577144613577E-07        -4.400970907147972E-11
         1.000956654548645E+00         1.247944680926594E-07        -1.727402942908185E-10
         1.001290082931519E+00        -8.869720886650612E-07         1.933142396159937E-10
         1.000742554664612E+00        -1.991162150716264E-07         2.671553299762874E-12
         1.000126838684082E+00         5.856359734934813E-07        -2.677571220299768E-10
         1.000122666358948E+00         5.020638127462007E-07        -3.118144631386599E-10
         1.000072956085205E+00         4.540408440334431E-07        -3.039548612804310E-10
         9.996601343154907E-01         4.117908147804883E-08        -9.445818432984865E-11
         9.995278716087341E-01         3.462215758531784E-08        -8.237922843878920E-11
         9.991948604583740E-01         3.250498536999658E-07        -1.258029652673187E-10
         9.995739459991455E-01        -6.095247044868302E-07         2.398088672084242E-10
         9.997893571853638E-01        -7.271400477293355E-07         2.960500455895243E-10
         9.998711347579956E-01        -8.616294167040905E-07         3.663358227878888E-10
         1.000063657760620E+00        -5.252015853329794E-07         2.016047467856552E-10
         1.000152468681335E+00        -3.963995141020860E-07         1.390029896741751E-10
         9.997690916061401E-01         1.364855108931806E-07         3.126232606120993E-11
         1.000072360038757E+00         2.571076720414567E-07         1.382099382857271E-11
         1.000155210494995E+00         2.875277118619124E-07        -5.016644651772983E-12
         1.000585317611694E+00        -3.139429054499487E-07         1.764770829471018E-10
         1.001337885856628E+00        -1.330795953435882E-06         5.025980742701108E-10
         1.001507282257080E+00        -1.653147023716883E-06         6.409369146531674E-10
         1.000757813453674E+00        -9.848120896549517E-08         9.950879703568560E-11
         1.001247763633728E+00        -6.872958806525276E-07         2.502045237662287E-10
         1.001321315765381E+00        -1.057018948813493E-06         3.230992418057355E-10
         1.000966548919678E+00        -6.768513571842050E-07         1.637578128654837E-10
         1.000691890716553E+00        -1.400109965743468E-07        -2.354475772334275E-12
         1.000132441520691E+00         3.631860749919724E-07        -1.293247453570956E-10
         1.000657796859741E+00        -7.369188210759603E-07         2.080368932677601E-10
         1.001210451126099E+00        -1.548225554870442E-06         4.765076666579660E-10
         1.001070976257324E+00        -1.397444293615990E-06         4.460778968429224E-10
         1.001322031021118E+00        -1.725158881527022E-06         4.999300418084829E-10
         1.000989317893982E+00        -1.578793330736517E-06         4.574208234409127E-10
         1.000489473342896E+00        -5.826885285387107E-07         9.190455341201442E-11
         9.999889135360718E-01         6.560825909218693E-07        -3.465300268956639E-10
         9.998798370361328E-01         9.487356464887853E-07        -4.901186678729630E-10
         9.997845888137817E-01         7.266466468536237E-07        -4.092234051622512E-10
         9.991882443428040E-01         1.698447704256978E-06        -7.530195356153513E-10
         9.989605545997620E-01         2.035809757217066E-06        -8.797924611059216E-10
         9.992440938949585E-01         1.488376369707112E-06        -6.665667462435465E-10
         9.992109537124634E-01         1.484624021941272E-06        -6.434999755278170E-10
         9.988639950752258E-01         1.665721129029407E-06        -6.696792564930831E-10
         9.987537264823914E-01         1.533701947664667E-06        -5.814366210721289E-10
         9.986024498939514E-01         1.750193746374862E-06        -6.638593563756956E-10
         9.986093640327454E-01         1.592609123690636E-06        -5.940939407089729E-10
         9.981880187988281E-01         2.230053951279842E-06        -7.852315464518256E-10
         9.980110526084900E-01         2.230127620350686E-06        -7.894015996434689E-10
         9.984857439994812E-01         1.245542421202117E-06        -4.230149008854767E-10
         9.987858533859253E-01         8.714897035133617E-07        -2.976634494444852E-10
         9.990542531013489E-01         7.771531613798288E-07        -2.542625832102630E-10
         9.991872906684875E-01         1.092492880161444E-06        -3.485827182458934E-10
         9.994653463363647E-01         7.827617878319870E-07        -2.073553412307305E-10
         9.998243451118469E-01         5.097693929201341E-07        -1.832106272248168E-10
         1.000262260437012E+00        -2.741206195366885E-08        -4.566361525015772E-11
         1.000059247016907E+00         2.340535445455316E-07        -1.269761518152279E-10
         1.000071406364441E+00        -3.975642357545439E-07         1.428481083420863E-10
         9.997831583023071E-01        -1.366742541364374E-08         3.210956153743005E-11
         9.996904134750366E-01         1.897892616398167E-07        -5.068702055299745E-11
         9.997856020927429E-01         1.870427297490096E-07        -5.050661278094282E-11
         9.995920062065125E-01         3.570423530163680E-07        -7.443867050538344E-11
         9.992685914039612E-01         8.599813554610591E-07        -2.064010351521262E-10
         9.998776912689209E-01        -1.146360446568906E-07         1.298788437908982E-10
         1.000398635864258E+00        -9.240934559784364E-07         4.230835959351253E-10
         1.000330209732056E+00        -5.299309577821987E-07         2.686451894273745E-10
         1.000335693359375E+00        -7.301981668206281E-07         3.796944703093885E-10
         9.999197721481323E-01        -5.622731436005779E-08         1.458258791497968E-10
         1.000064134597778E+00        -1.250188006451936E-07         1.427266915765557E-10
         1.000317335128784E+00        -2.377911556550316E-08         7.183544731281799E-11
         1.000805377960205E+00        -1.104787997974199E-06         4.747000570404225E-10
         1.000554084777832E+00        -5.604675834547379E-07         2.655382025373854E-10
         1.000602483749390E+00        -4.024228985599621E-07         1.739739879935698E-10
         1.000591158866882E+00         1.664022022396239E-07        -8.439485221778398E-11
         1.000519037246704E+00         4.054671762787621E-07        -2.043280267205461E-10
         1.000543475151062E+00        -2.232634415122448E-07         7.060463325103683E-11
         1.000051498413086E+00         7.031778892496732E-08         4.109578996547292E-12
         9.998790025711060E-01         1.356166450250385E-07         1.774058677739276E-11
         9.996142387390137E-01         1.078617231087264E-07         2.555822047056733E-11
         9.993755817413330E-01         2.040352171661652E-07        -2.755592282133179E-11
         9.994792342185974E-01        -4.594350855313678E-07         1.891487522165392E-10
         9.994894862174988E-01        -3.803878030339547E-07         1.412567701697398E-10
         9.993574023246765E-01        -3.834438189187495E-07         1.455127268679135E-10
         9.992504715919495E-01        -2.018648075363672E-07         4.454445493018433E-11
         9.991121888160706E-01        -6.093914350913110E-08         3.598108790081600E-12
         9.989545941352844E-01        -4.828739008644334E-08         3.230383321950470E-11
         9.989113211631775E-01        -3.177775624862988E-07         1.536822891168299E-10
         9.985483884811401E-01         2.110508745545303E-08        -2.012028044173775E-11
         9.982838034629822E-01         4.395474206830841E-07        -1.992280507234767E-10
         9.982851147651672E-01         2.231933962093535E-07        -1.059477505727102E-10
         9.982933998107910E-01        -1.896929973099759E-07         6.323205847813540E-11
         9.983929991722107E-01        -6.279472586356860E-07         2.562119127968998E-10
         9.984033703804016E-01        -8.511392479704227E-07         3.467919840183242E-10
         9.987027049064636E-01        -1.587867700436618E-06         5.656384249874691E-10
         9.988455772399902E-01        -1.806554450922704E-06         6.289912479751081E-10
         9.983893632888794E-01        -7.757850539746869E-07         2.852397207320223E-10
         9.985544085502625E-01        -8.943111424741801E-07         3.171427009895922E-10
         9.987992048263550E-01        -1.062050387190538E-06         3.281152294309919E-10
         9.987035393714905E-01        -9.699854217615211E-07         3.262667358505666E-10
         0.000000000000000E+00         0.000000000000000E+00         0.000000000000000E+00
         0.000000000000000E+00         0.000000000000000E+00         0.000000000000000E+00
         0.000000000000000E+00         0.000000000000000E+00         0.000000000000000E+00
         0.000000000000000E+00         0.000000000000000E+00         0.000000000000000E+00
         0.000000000000000E+00         0.000000000000000E+00         0.000000000000000E+00
         0.000000000000000E+00         0.000000000000000E+00         0.000000000000000E+00
         0.000000000000000E+00         0.000000000000000E+00         0.000000000000000E+00
         1.002424955368042E+00        -5.079210154690372E-07         6.006637548461313E-11
         1.002195000648499E+00        -3.229962715067813E-07         1.811004297913588E-11
         1.002211213111877E+00        -5.714198323403252E-07         1.217985157175860E-10
         1.001947045326233E+00        -5.786782253380807E-07         1.655962172941727E-10
         1.001872658729553E+00        -5.396746018959675E-07         1.548050992949968E-10
         1.002278089523315E+00        -8.704704441697686E-07         2.592401848744430E-10
         1.002184152603149E+00        -7.495876275243063E-07         2.329599013695116E-10
         1.001985430717468E+00        -7.000834330028738E-07         2.727384706968650E-10
         1.001544237136841E+00        -1.387220578408233E-07         9.231336528525702E-11
         1.001403331756592E+00        -4.373539752577926E-07         2.063804266372316E-10
         1.001228094100952E+00        -4.368425550183019E-07         1.899207874300757E-10
         1.001174092292786E+00        -1.251932530976774E-07         5.724383120297993E-11
         1.001253247261047E+00         9.107661291807290E-09        -1.582591870052941E-11
         1.001082301139832E+00         4.412890675098424E-08         1.548262906769793E-11
         1.000682711601257E+00         1.691317237373369E-07         1.151890562101077E-11
         1.000850319862366E+00         1.995160374690386E-07        -5.804892677652163E-11
         1.001215934753418E+00         1.992108167314655E-07        -9.367482484146095E-11
         1.001170754432678E+00         1.428982585593985E-07        -5.728212001954169E-11
         1.000917434692383E+00        -1.059938448122466E-08         9.164623053503629E-12
         1.000776648521423E+00        -2.440571620354604E-07         7.842804183866292E-11
         1.000622153282166E+00        -1.335550479097947E-07         2.077596775174051E-11
         1.000540852546692E+00         2.803834888709389E-07        -1.572488250722870E-10
         1.000566005706787E+00         7.157864700957361E-08        -6.389478529600368E-11
         1.000377058982849E+00         7.203474865491444E-07        -3.234375267613387E-10
         1.000735759735107E+00         4.114770035812398E-07        -2.423072853474650E-10
         1.000689268112183E+00         1.543549075222472E-07        -1.528760035229837E-10
         1.000504374504089E+00         1.138677916401321E-07        -1.325841936239414E-10
         1.000186443328857E+00         2.228423170436145E-07        -1.628278761822699E-10
         9.997435808181763E-01         4.813437044504099E-07        -2.717446268007961E-10
         9.995273351669312E-01         6.593815271571657E-08        -1.208506350547367E-10
         9.994083046913147E-01         2.772818561425083E-07        -2.074271449048481E-10
         9.994201064109802E-01         1.958707116500591E-07        -1.572543761874101E-10
         9.995469450950623E-01        -8.719169386495196E-09        -6.267971558449048E-11
         9.994137287139893E-01         2.402307472948451E-07        -1.313119474266600E-10
         9.990523457527161E-01         1.256993073184276E-06        -4.818460630495736E-10
         9.994156956672668E-01         1.136799255618826E-06        -4.337808723331449E-10
         9.996072053909302E-01         5.989149371998792E-07        -1.996060122744225E-10
         9.992877840995789E-01         1.210503228321613E-06        -4.222137084397559E-10
         9.994875788688660E-01         1.284975155613211E-06        -4.772850448198085E-10
         9.996767640113831E-01         7.530720154136361E-07        -2.789963260418915E-10
         9.998227357864380E-01         6.281435958044312E-07        -2.293456813351469E-10
         9.997444152832031E-01         7.911291959317168E-07        -3.228945166799946E-10
         9.999598860740662E-01         2.331445045911096E-07        -1.833609097889877E-10
         1.000136375427246E+00        -6.483236347776256E-07         1.713859471008661E-10
         1.000150442123413E+00        -5.433922183328832E-07         1.655166559366705E-10
         9.999325871467590E-01        -3.690045105031459E-07         1.525189557982642E-10
         9.997889995574951E-01        -2.247357322460175E-08         9.808950526823956E-12
         9.997208714485168E-01        -1.357930869971824E-07         8.411857321810601E-11
         9.999460577964783E-01        -4.972899887434323E-07         2.254714331906271E-10
         9.998427629470825E-01        -3.880331291838957E-07         2.137297838711305E-10
         1.000124692916870E+00        -3.844839682187740E-07         1.755526418678599E-10
         1.000074744224548E+00         1.410945031921074E-07        -2.478369939828973E-11
         1.000000834465027E+00         3.485066031316819E-07        -1.221577700105669E-10
         9.997970461845398E-01         5.277061063679866E-07        -1.666955462553688E-10
         9.997147917747498E-01         5.423800644166477E-07        -1.828168172401945E-10
         9.999842643737793E-01         3.804381094596465E-07        -1.463752730135326E-10
         9.997983574867249E-01         3.085388868839800E-07        -1.178443731486567E-10
         9.996660351753235E-01         5.227756787462567E-07        -2.175156166295267E-10
         9.997541308403015E-01         1.011967185604590E-07        -6.586165640642960E-11
         9.999420642852783E-01        -3.758798925446172E-07         7.786490896499743E-11
         1.000296711921692E+00        -6.585499363609415E-07         1.224486900763821E-10
         1.000227212905884E+00        -5.225500672167982E-07         8.461652212243820E-11
         1.000038146972656E+00        -5.521130219676706E-07         7.664997109246841E-11
         9.995111823081970E-01         1.996083796029779E-07        -1.901943463833433E-10
         9.989429712295532E-01         7.989278856257442E-07        -3.353345656709195E-10
         9.988669753074646E-01         6.416181008717103E-07        -2.166656437596615E-10
         9.989673495292664E-01         2.162196608423983E-07        -3.947876400789418E-11
         9.990634918212891E-01         1.765113495366677E-07        -2.474762235415984E-11
         9.988618493080139E-01         6.860108783257601E-07        -2.122890335742866E-10
         9.987255930900574E-01         1.038822574628284E-06        -3.419094174450521E-10
         9.991295337677002E-01         5.418846740212757E-07        -1.891280604349177E-10
         9.991120696067810E-01         7.485350579372607E-07        -2.477650307142198E-10
         9.994216561317444E-01         4.332944740781386E-07        -1.305123509265371E-10
         9.994456768035889E-01         4.295471569548681E-07        -1.251902609356037E-10
         9.996927976608276E-01         4.813202849618392E-07        -1.617388584174151E-10
         9.993906021118164E-01         9.817994168770383E-07        -3.117383295947462E-10
         9.990110397338867E-01         7.265133490363951E-07        -1.577867836388691E-10
         9.991733431816101E-01         8.395667236982263E-07        -2.294090334364896E-10
         9.994754195213318E-01         5.728701353291399E-07        -1.640586971829450E-10
         9.993262887001038E-01         2.655594926181948E-07        -2.130547994971810E-11
         9.989661574363708E-01         4.981789061275776E-07        -1.218095346811054E-10
         9.988719820976257E-01         6.018312888045330E-07        -1.558627810149815E-10
         9.989398717880249E-01         6.657616040683934E-07        -1.834917356946519E-10
         9.995507001876831E-01         1.459680589732670E-07        -1.599532312157592E-11
         9.998771548271179E-01        -3.382637316917680E-07         1.734067195391376E-10
         9.999958276748657E-01        -1.506324025513095E-07         1.039704849992162E-10
         1.000332951545715E+00        -2.383378614467802E-07         1.342217031963244E-10
         1.000308275222778E+00        -2.684543005671003E-07         1.495594620370966E-10
         1.000429630279541E+00        -2.999363175604230E-07         1.477217514977980E-10
         1.000217556953430E+00        -8.329675837970285E-10         2.496907888782651E-11
         1.000177741050720E+00        -5.151423465576954E-07         2.107036073395463E-10
         9.998952150344849E-01        -8.002270135420986E-08         4.268855754996359E-11
         1.000317096710205E+00        -4.059115497057064E-07         1.275677063983238E-10
         1.000609040260315E+00        -7.576184657409613E-07         2.691191158810113E-10
         1.000572323799133E+00        -7.595812121508061E-07         3.195549935774977E-10
         9.999152421951294E-01         1.090516335011671E-07         5.478047876428249E-11
         9.996548295021057E-01         4.269946316526330E-07        -5.336438235747920E-11
         9.997194409370422E-01         5.701974146177236E-07        -1.462567844612295E-10
         1.000215053558350E+00        -5.636769273564823E-08         6.706292465796793E-11
         1.000083088874817E+00        -6.133704033572940E-08         6.929353618678746E-11
         9.997232556343079E-01         3.557757679573115E-07        -7.799268869623788E-11
         1.000195741653442E+00        -4.828649480259628E-07         1.787735237623878E-10
         1.000292181968689E+00        -6.001888550599688E-07         2.303657403723847E-10
         1.000279307365417E+00        -1.506498819026092E-07         4.281869650513137E-11
         1.000410556793213E+00        -2.512803689569409E-07         2.361406903350627E-11
         1.000420689582825E+00        -3.406379889270283E-08        -4.671964551339336E-11
         1.000838994979858E+00        -6.341633707052097E-07         1.717613135054918E-10
         1.000083446502686E+00         4.577534866712085E-07        -1.943221694666875E-10
         1.000036239624023E+00         1.653112775557020E-07        -8.464270950803154E-11
         1.000024199485779E+00        -1.171373540387322E-07        -1.106871972550438E-11
         9.996284246444702E-01         3.759841149530985E-07        -1.984526848408663E-10
         9.994772076606750E-01         5.606049171547056E-07        -2.321009079375713E-10
         9.992243051528931E-01         9.571125474394648E-07        -3.464436515443481E-10
         9.992477893829346E-01         1.292636625294108E-06        -5.248985690542440E-10
         9.995873570442200E-01         1.123428205573873E-06        -4.704640566011165E-10
         1.000338315963745E+00         1.826113020797493E-07        -1.614267192140417E-10
         1.000632882118225E+00        -1.453585412036773E-07        -3.288012570545895E-11
         1.000349879264832E+00         5.520133683489803E-08        -7.839375676388372E-11
         9.998821616172791E-01         7.049212058518606E-07        -2.349829497649836E-10
         1.000010609626770E+00         4.302569607261830E-07        -1.367964214127326E-10
         9.997635483741760E-01         4.801262321052491E-07        -1.331238730362116E-10
         9.998556375503540E-01         1.755632723643430E-07        -1.687168807440464E-11
         1.000045537948608E+00         1.336362913662015E-07        -2.155155047478541E-11
         1.000081300735474E+00         2.513995696062921E-07        -6.121510937040497E-11
         1.000445485115051E+00        -3.299008142221282E-07         1.295640400522657E-10
         1.000517010688782E+00        -6.614677090510668E-07         2.444308921933924E-10
         1.000559568405151E+00        -8.801987405604450E-07         3.227553224682822E-10
         1.000249624252319E+00        -3.330784750232851E-07         1.269616772825444E-10
         1.000241398811340E+00        -2.624603325784847E-07         1.086428724761390E-10
         1.000135421752930E+00        -1.069792858743313E-07         6.739342417461103E-11
         1.000051498413086E+00        -1.227350594490417E-07         8.762718328725327E-11
         9.998592734336853E-01         1.184866516013017E-08         2.666653356464543E-11
         9.997952580451965E-01        -8.872264345427539E-08         6.009911318605177E-11
         9.996327757835388E-01         2.805076064760215E-07        -9.578293019840700E-11
         9.999653100967407E-01        -1.612304316722657E-07         5.635287375627129E-11
         9.999150037765503E-01        -6.357300321724324E-07         2.505891050219589E-10
         9.998001456260681E-01        -6.424091338885773E-07         2.851059111019794E-10
         1.000052452087402E+00        -1.108016249418142E-06         4.879500137278114E-10
         9.998914003372192E-01        -6.340891332001775E-07         3.075002752428446E-10
         9.997640252113342E-01        -3.538100088462670E-07         1.609799099577813E-10
         9.994900226593018E-01         3.654888303117332E-08         2.141796288934739E-11
         9.995645880699158E-01        -1.408280638770520E-07         6.674048119714726E-11
         9.996547698974609E-01        -9.844175963280577E-08         3.949010216053317E-11
         9.994900822639465E-01        -3.520237612519850E-08         1.197418813408957E-11
         9.997704029083252E-01        -6.595608965653810E-07         2.551424072017028E-10
         9.994953870773315E-01        -1.317342963602641E-07         8.521724298438116E-11
         9.994450807571411E-01         1.083397052070723E-07        -1.337308389026681E-11
         9.995551705360413E-01         6.743786684637598E-08         1.047882700749847E-11
         9.996730685234070E-01         6.244317773962393E-08         1.611067529383448E-11
         9.997627139091492E-01         6.062023061303989E-08        -1.443534614758990E-11
         9.997305870056152E-01         3.776501955599088E-07        -1.355830864246954E-10
         9.997548460960388E-01         5.940913183621888E-07        -2.448739822025203E-10
         9.998844265937805E-01         4.067601935275889E-07        -1.874293914516656E-10
         9.998961091041565E-01         2.440742434828280E-07        -9.729180655559944E-11
         9.995412826538086E-01         4.527628050254862E-07        -1.494143975211415E-10
         9.991849660873413E-01         6.886609185130510E-07        -2.210340799280175E-10
         9.988740682601929E-01         1.016147621157870E-06        -3.421051497642935E-10
         9.989143610000610E-01         5.451537390399608E-07        -1.494403212287665E-10
         9.991630911827087E-01         1.594016794115305E-07        -3.404460741096571E-11
         9.993133544921875E-01        -7.259143330884399E-08         4.871053213562071E-11
         9.993324279785156E-01         2.718676483937088E-08        -5.698710600632317E-12
         9.993025064468384E-01        -2.183165115354768E-08        -2.433898568798831E-11
         9.990532398223877E-01         2.518567576714759E-08        -3.094968378802854E-11
         9.990731477737427E-01        -8.037095540203154E-07         3.090504241409775E-10
         9.986860156059265E-01        -5.208862035033235E-07         1.826305773278136E-10
         9.988285899162292E-01        -7.576564371447603E-07         2.283210703835081E-10
         9.991099238395691E-01        -1.437370542589633E-06         4.935467035060981E-10
         9.986760020256042E-01        -1.344116412838048E-06         4.804405762115493E-10
         9.982570409774780E-01        -1.078174591384595E-06         3.704386797309667E-10
         9.980580210685730E-01        -8.659396826260490E-07         2.993685854768557E-10
         9.978836178779602E-01        -8.818395826892811E-07         3.118177105410069E-10
         9.976806640625000E-01        -7.907592589617707E-07         2.858941139383120E-10
         9.976921677589417E-01        -8.710736665307195E-07         3.253796954094668E-10
         9.976884722709656E-01        -6.839048296569672E-07         2.717872316093661E-10
         9.975245594978333E-01        -3.891157120960997E-07         1.774769220475036E-10
         9.973298311233521E-01        -1.550662886984355E-07         1.055124876359059E-10
         9.972658157348633E-01        -3.693885446409695E-07         1.850931213853713E-10
         0.000000000000000E+00         0.000000000000000E+00         0.000000000000000E+00
         0.000000000000000E+00         0.000000000000000E+00         0.000000000000000E+00
         0.000000000000000E+00         0.000000000000000E+00         0.000000000000000E+00
         0.000000000000000E+00         0.000000000000000E+00         0.000000000000000E+00
         0.000000000000000E+00         0.000000000000000E+00         0.000000000000000E+00
         0.000000000000000E+00         0.000000000000000E+00         0.000000000000000E+00
         0.000000000000000E+00         0.000000000000000E+00         0.000000000000000E+00
         1.002861142158508E+00         6.940893513274204E-07        -2.602083271074918E-10
         1.002478957176208E+00         5.354989411898714E-07        -1.793959703011438E-10
         1.002074480056763E+00         8.364049222109315E-07        -2.706396773355380E-10
         1.001933693885803E+00         7.876026870690112E-07        -2.584827352158925E-10
         1.001827359199524E+00         8.607420340922545E-07        -2.943756904905115E-10
         1.001953601837158E+00         5.594285994448001E-07        -1.785024211775621E-10
         1.001865863800049E+00         4.957598207511182E-07        -1.444249719817492E-10
         1.001830458641052E+00         2.384677770805865E-07        -3.878683832447827E-11
         1.001514554023743E+00         6.885970833536703E-07        -2.046483121853626E-10
         1.001585721969604E+00         5.792745696453494E-07        -1.815012029560137E-10
         1.001733779907227E+00         4.190088986888441E-07        -1.591886761298511E-10
         1.001526713371277E+00         4.680042025029252E-07        -2.026621925832472E-10
         1.001183032989502E+00         1.030182943395630E-06        -3.904774281693335E-10
         1.001262187957764E+00         8.731752245694224E-07        -3.273397664038669E-10
         1.001314163208008E+00         8.181547173080617E-07        -3.076302823590282E-10
         1.001178145408630E+00         4.681501764025597E-07        -1.842078989344742E-10
         1.001073718070984E+00         2.467596971200692E-07        -9.278101897880475E-11
         1.000891566276550E+00         4.521896244114032E-07        -1.530196525045824E-10
         1.000821948051453E+00         4.489066895985161E-07        -1.643836178288893E-10
         1.000975251197815E+00        -6.435428900886109E-08         4.324000532629491E-11
         1.000980615615845E+00        -3.427781791742746E-07         1.395448062657678E-10
         1.001029133796692E+00        -4.814061753677379E-07         1.880119393504742E-10
         1.000905275344849E+00        -6.289715770435578E-07         2.441572499733979E-10
         1.000569105148315E+00        -3.548510107975744E-07         1.785644826446386E-10
         1.000350356101990E+00        -2.356149764182192E-07         1.358763657144380E-10
         1.000249862670898E+00        -1.687374435732636E-07         1.025197080006812E-10
         1.000092267990112E+00        -1.342502997658812E-07         8.231330200780818E-11
         9.995861649513245E-01         3.405402253520151E-07        -6.780339484313558E-11
         9.996255636215210E-01         2.265406351398269E-07        -7.970814112912006E-12
         9.997702240943909E-01         1.316115287863795E-07         3.158677833181578E-11
         9.997031092643738E-01         2.877880547202949E-07        -2.762573850234595E-11
         9.998791813850403E-01         2.686522577732831E-07        -5.306790770709391E-11
         9.997619390487671E-01         3.886275976583420E-07        -1.260896803634282E-10
         9.995731115341187E-01         5.907812692385050E-07        -2.147221150883283E-10
         9.999454021453857E-01         1.851625199833506E-07        -8.480904867269601E-11
         1.000180959701538E+00        -5.020466176119953E-08         2.607400189855169E-12
         1.000036835670471E+00         1.312851338752807E-07        -3.979081647509375E-11
         9.998255968093872E-01         8.895379721707286E-08        -1.573345273508941E-11
         9.997444748878479E-01         5.644348632927176E-08         3.671036998692534E-12
         9.999000430107117E-01        -3.368935708181198E-08         5.878911940593312E-11
         9.999721050262451E-01         1.401140625745256E-08         6.309972683249399E-11
         1.000283002853394E+00        -5.319016054272652E-07         2.460867065678940E-10
         1.000491380691528E+00        -1.065772835318057E-06         4.422550381466550E-10
         1.000435113906860E+00        -1.098009420275048E-06         4.452308521862847E-10
         1.000247955322266E+00        -1.194878564092505E-06         4.662660813004038E-10
         1.000339508056641E+00        -1.479362367717840E-06         5.456587959251635E-10
         1.000183343887329E+00        -1.273469479201594E-06         4.342795290046553E-10
         1.000457644462585E+00        -1.161037062047399E-06         3.730546982438909E-10
         1.000729560852051E+00        -1.038019263432943E-06         3.164103146158226E-10
         1.000651240348816E+00        -6.825126206422283E-07         2.218086408989350E-10
         1.000255227088928E+00        -2.868765420771524E-07         1.030042717786728E-10
         1.000220894813538E+00        -3.550755423020746E-07         1.313089498244935E-10
         1.000212430953979E+00        -5.647542593578692E-07         2.054084818903235E-10
         1.000130295753479E+00        -4.792888148585916E-07         1.442254926597997E-10
         1.000198960304260E+00        -2.637963802953891E-07         5.807281738823278E-11
         1.000228643417358E+00        -4.279400513951259E-07         9.308327025836505E-11
         1.000130534172058E+00        -1.937855529376975E-07         2.746586812152341E-11
         1.000156641006470E+00        -3.417897076474219E-08        -2.342848484659932E-11
         1.000188708305359E+00         8.275125651380222E-08        -6.907818067558580E-11
         9.998114705085754E-01         4.978255105925200E-07        -2.045143637774416E-10
         9.998360276222229E-01         3.562571748716437E-07        -1.293198742535751E-10
         9.998084902763367E-01         5.224009669291263E-07        -1.759294931957811E-10
         9.998221993446350E-01         4.678515495015745E-07        -1.455812553841085E-10
         9.995144605636597E-01         7.810767215232772E-07        -2.605488047535687E-10
         9.994477033615112E-01         5.708203048016003E-07        -1.781497588337899E-10
         9.993568062782288E-01         8.661019705868966E-07        -3.128410863695308E-10
         9.993183612823486E-01         8.213192472794617E-07        -3.107780421895967E-10
         9.992031455039978E-01         9.732891612657113E-07        -3.429600770044061E-10
         9.992600679397583E-01         1.137705339715467E-06        -4.058974267806548E-10
         9.995158910751343E-01         1.083499910237151E-06        -3.940884840680781E-10
         9.995680451393127E-01         1.052708853421791E-06        -3.428008155115236E-10
         9.996131062507629E-01         9.247840466741764E-07        -3.126621739291124E-10
         9.995983242988586E-01         9.083100849238690E-07        -3.165873951882503E-10
         9.996126294136047E-01         8.585048476561496E-07        -3.519705082943858E-10
         9.996291995048523E-01         6.201369160407921E-07        -3.038592710780108E-10
         9.998933672904968E-01         6.167030051074107E-07        -3.132404891026397E-10
         9.997727870941162E-01         6.127479537099134E-07        -2.817269750821083E-10
         9.996812343597412E-01         4.811931262338476E-07        -2.080283723060461E-10
         9.996820688247681E-01         6.467107738217237E-08        -3.017381830505705E-11
         9.995941519737244E-01        -6.434284660628009E-09         2.748940658436894E-11
         9.997650980949402E-01        -9.317616900261783E-08         7.199935092572218E-11
         9.998391270637512E-01        -1.521996892961397E-07         8.040613314053147E-11
         9.999965429306030E-01        -3.750666905943945E-07         1.588319614720390E-10
         9.999586343765259E-01        -6.756783932360122E-08         4.047908883086926E-11
         1.000185012817383E+00        -2.895076534059626E-07         7.813006491774743E-11
         1.000247597694397E+00        -5.292597506922903E-07         1.607123045754832E-10
         1.000262141227722E+00        -7.087779749781475E-07         2.684709121680839E-10
         1.000291824340820E+00        -6.749833119101822E-07         2.603777748966252E-10
         9.999870061874390E-01        -5.464405603561318E-07         2.230848977768929E-10
         9.997853636741638E-01        -5.293872504807950E-07         2.405706467367708E-10
         9.998242855072021E-01        -5.533945000024687E-07         2.373999052895925E-10
         9.997684955596924E-01        -4.867962388743763E-07         1.870201910003644E-10
         9.996255636215210E-01        -2.055783028254154E-07         1.017935041813800E-10
         9.998659491539001E-01        -5.085613565825042E-07         2.014446942588677E-10
         1.000001668930054E+00        -5.088681405140960E-07         2.120009584549720E-10
         9.999200701713562E-01         8.322550648642846E-09         1.567207821850936E-11
         1.000058531761169E+00         3.135065469450637E-07        -9.639325448951297E-11
         9.998235702514648E-01         3.953666691813851E-07        -1.307659397431493E-10
         9.994162321090698E-01         5.700682095266529E-07        -1.578513153521754E-10
         9.991993308067322E-01         7.764220413264411E-07        -2.420802724945048E-10
         0.000000000000000E+00         0.000000000000000E+00         0.000000000000000E+00
         9.994197487831116E-01         5.265448521640792E-07        -2.238321472614047E-10
         9.997548460960388E-01         6.382991841746843E-07        -3.043293950177883E-10
         9.999204874038696E-01         5.142453574080719E-07        -2.758132333635643E-10
         9.999247789382935E-01         5.540846927942766E-07        -2.954559930046230E-10
         1.000003814697266E+00         3.297052160178282E-07        -2.295782591810180E-10
         9.999330639839172E-01         2.038506607959789E-07        -1.945340694087250E-10
         9.995282292366028E-01         5.500993438545265E-07        -2.957637468270491E-10
         9.996187686920166E-01         4.553198493795207E-07        -2.251072939163379E-10
         9.998722672462463E-01         3.067938507683721E-07        -1.749820982555050E-10
         1.000469684600830E+00        -1.394153770206685E-07        -3.440207146931940E-11
         1.000882983207703E+00        -4.841393774768221E-07         8.627461245414025E-11
         1.000781774520874E+00        -4.073616253208456E-07         6.444243749736955E-11
         1.000405907630920E+00        -3.428300203722756E-07         7.569875282165128E-11
         1.000267028808594E+00        -5.449252853395592E-07         1.556301337801713E-10
         9.998312592506409E-01         1.205010047300448E-08        -3.298486137004453E-11
         9.998310804367065E-01         1.519351258139068E-07        -7.341385832582148E-11
         9.998945593833923E-01         3.022138912456285E-07        -1.295975549098216E-10
         9.997572302818298E-01         3.354099646912800E-07        -1.184920078722840E-10
         9.996122717857361E-01         3.217173514258320E-07        -9.673851303348968E-11
         9.994935393333435E-01         4.389812033878115E-07        -1.230229806914451E-10
         9.997550845146179E-01         6.732812352083783E-08         2.252731334806413E-11
         9.998381733894348E-01        -9.973982884048382E-08         9.168364678568963E-11
         9.999032020568848E-01        -2.486183063865610E-07         1.565825247240582E-10
         1.000018596649170E+00        -3.120002247669618E-07         1.671516258738848E-10
         1.000264048576355E+00        -7.026429784673383E-07         3.184639774111986E-10
         1.000405907630920E+00        -8.057146487772116E-07         3.484716681878552E-10
         1.000464797019958E+00        -6.755528829671675E-07         2.831408163483928E-10
         1.000531911849976E+00        -8.621390179541777E-07         3.236966528152863E-10
         1.000227928161621E+00        -6.466452191489225E-07         2.394057174726072E-10
         9.998562932014465E-01         4.644253426278055E-09         5.169916578173783E-11
         9.995657205581665E-01         2.553543936301139E-07        -1.051361341736223E-11
         9.995447397232056E-01         1.392324548987744E-07         1.995719041414379E-11
         9.996957778930664E-01        -4.527757369032770E-08         4.412941539966297E-11
         9.995787739753723E-01         9.380423904303825E-08         2.315951250220216E-12
         9.997068643569946E-01         1.698110736469971E-07        -3.003358672870604E-11
         9.998291730880737E-01         1.718941149420061E-07        -3.947077040211688E-11
         1.000314116477966E+00        -1.378488008185741E-07         4.739344333648532E-11
         1.000457644462585E+00        -1.584076301242021E-07         5.473716965798125E-11
         1.000493764877319E+00        -2.693827809707727E-07         8.052668254432405E-11
         1.000409007072449E+00        -2.528904303744639E-07         7.303574411920977E-11
         1.000631093978882E+00        -1.178722826011835E-07        -7.365204800213743E-12
         1.000622391700745E+00        -8.406296103657951E-08        -3.731246214777606E-11
         1.000501871109009E+00        -1.388497139487299E-07        -1.008870070817736E-11
         1.000411868095398E+00        -1.588707334576611E-07        -1.103444484222560E-12
         1.000431299209595E+00        -2.325423480442623E-07        -1.946074204561832E-11
         1.000224947929382E+00        -1.531805970955702E-08        -8.117579525235286E-11
         1.000018477439880E+00         1.101476030385129E-07        -8.260201550536195E-11
         9.999384284019470E-01        -3.539864579238383E-08        -1.843014890007266E-12
         1.000234603881836E+00        -3.846315905775555E-07         1.232076662915915E-10
         1.000162601470947E+00        -4.976714080839884E-07         1.548184080935044E-10
         1.000036358833313E+00        -3.603670393204084E-07         9.897891534160763E-11
         1.000100731849670E+00        -2.802177050398313E-07         6.328224055884846E-11
         1.000235080718994E+00        -5.272341923046042E-07         1.435882107658770E-10
         1.000032186508179E+00        -3.684734508624388E-07         1.236754171296539E-10
         9.997645020484924E-01        -1.989369735611035E-07         7.851242572742834E-11
         9.995668530464172E-01        -2.728332049173332E-07         1.122117398999478E-10
         9.994463920593262E-01        -2.239450367369500E-07         8.109714982884597E-11
         9.993770718574524E-01        -1.241749316704954E-07         5.213629528100228E-11
         9.995286464691162E-01        -3.603831544296554E-07         1.199350063707527E-10
         9.990510344505310E-01        -1.863473499952306E-07         7.115123767942322E-11
         9.988632798194885E-01        -2.272063426289606E-07         7.490934261777937E-11
         9.983772635459900E-01         1.577006969455397E-08         2.278808218514339E-11
         9.982939958572388E-01        -4.500587635902775E-08         1.031414450375356E-11
         9.980567097663879E-01         1.457115104130935E-07        -7.021043468835586E-11
         9.974695444107056E-01         5.922148602621746E-07        -1.951253325582769E-10
         9.972084164619446E-01         7.117437803572102E-07        -2.182404951200922E-10
         9.968394637107849E-01         9.083610734705871E-07        -2.845302882192868E-10
         9.965254664421082E-01         1.080373522199807E-06        -3.316934782393588E-10
         9.965323209762573E-01         9.264320510737889E-07        -2.677964516806242E-10
         9.964607954025269E-01         1.130776581703685E-06        -3.657517344546335E-10
         9.963011741638184E-01         1.150985667663917E-06        -3.792568759042325E-10
         9.959679841995239E-01         8.338693646692263E-07        -2.548481425890259E-10
         9.958751201629639E-01         5.240207769929839E-07        -1.826900158929945E-10
         9.958518743515015E-01         4.143040825965727E-07        -1.595683307709095E-10
         9.958519935607910E-01         3.207803445093305E-07        -1.163427340578060E-10
         9.955594539642334E-01         2.149027977793594E-07        -6.024547527516688E-11
         9.952307343482971E-01        -1.936852456196902E-08         2.974618815154706E-11
         0.000000000000000E+00         0.000000000000000E+00         0.000000000000000E+00
         0.000000000000000E+00         0.000000000000000E+00         0.000000000000000E+00
         0.000000000000000E+00         0.000000000000000E+00         0.000000000000000E+00
         0.000000000000000E+00         0.000000000000000E+00         0.000000000000000E+00
         0.000000000000000E+00         0.000000000000000E+00         0.000000000000000E+00
         0.000000000000000E+00         0.000000000000000E+00         0.000000000000000E+00
         0.000000000000000E+00         0.000000000000000E+00         0.000000000000000E+00
         0.000000000000000E+00         0.000000000000000E+00         0.000000000000000E+00
         1.004722833633423E+00        -1.189185013572569E-06         4.792303220924055E-10
         1.004745006561279E+00        -1.469682388233196E-06         5.635932276426558E-10
         1.004544973373413E+00        -1.254232756764395E-06         4.444750401066955E-10
         1.004500627517700E+00        -1.228405039910285E-06         4.422508748103127E-10
         1.004372239112854E+00        -1.407900867889111E-06         5.118436230411305E-10
         1.004262447357178E+00        -1.770638050402340E-06         6.388240492150032E-10
         1.003976225852966E+00        -1.629466623853659E-06         5.618656095940366E-10
         1.003594994544983E+00        -1.829218263083021E-06         6.407829267196519E-10
         1.003514409065247E+00        -1.879374849522719E-06         6.533636964789480E-10
         1.003750920295715E+00        -1.812173081816582E-06         6.210706393616761E-10
         1.003753423690796E+00        -1.708828335722501E-06         5.633855049147485E-10
         1.003542065620422E+00        -1.632576640986372E-06         4.989408330935419E-10
         1.003458619117737E+00        -1.758419671205047E-06         5.434879213339627E-10
         1.003149390220642E+00        -1.654741254242253E-06         5.270269221036017E-10
         1.002741336822510E+00        -1.170248765447468E-06         3.663862824243580E-10
         1.002369523048401E+00        -6.274956376728369E-07         1.932953935801507E-10
         1.001936912536621E+00        -2.791794599943387E-07         7.415925512566091E-11
         1.001633048057556E+00         9.759941832498953E-08        -6.399526741862616E-11
         1.001465797424316E+00         3.152136116568727E-07        -1.414240391461874E-10
         1.001423597335815E+00         3.174750062839848E-08        -3.130493086977992E-11
         1.001262307167053E+00         2.175704949536339E-08        -2.906868842855737E-11
         1.000979065895081E+00         1.929950741441644E-07        -5.955568677107337E-11
         1.000422716140747E+00         5.171868338038621E-07        -1.766761736909928E-10
         1.000039458274841E+00         5.632344368677877E-07        -1.971505320108591E-10
         9.999583959579468E-01         2.795664215682336E-07        -1.217049655499736E-10
         9.996549487113953E-01         3.121429301700118E-07        -1.314574837874005E-10
         9.996835589408875E-01         3.811006479281787E-07        -1.575138630638406E-10
         9.995473027229309E-01         3.595297926040075E-07        -1.370857038995865E-10
         9.994903206825256E-01         4.528991439656238E-07        -1.629359425159294E-10
         9.999173879623413E-01         2.073838629712554E-07        -6.500523730412766E-11
         9.999098181724548E-01         2.936131977548939E-07        -8.872005213822476E-11
         9.998210072517395E-01         4.814802423425135E-07        -1.369397095718483E-10
         9.997092485427856E-01         7.375608674919931E-07        -2.310046737230564E-10
         9.998179674148560E-01         7.358747211583250E-07        -2.299214846290809E-10
         1.000005841255188E+00         5.566516847466119E-07        -1.620830553106245E-10
         1.000341057777405E+00         4.203557182336226E-07        -1.258541604265417E-10
         1.000477313995361E+00         3.126916396922752E-07        -8.770619647213707E-11
         1.000444531440735E+00         3.179116561113915E-07        -9.083189062009112E-11
         1.000368833541870E+00         5.505764306690253E-07        -1.680685451921349E-10
         1.000297307968140E+00         5.022726554670953E-07        -1.706958463465469E-10
         1.000738620758057E+00        -4.838265610374037E-08         7.770061503931114E-12
         1.000519990921021E+00        -1.427597595693442E-07         6.483845405025335E-11
         1.000397324562073E+00        -2.355445758439600E-07         1.012504871611419E-10
         1.000359654426575E+00        -3.207705958629958E-07         1.360261903116111E-10
         1.000589251518250E+00        -5.982894322187349E-07         2.072597371505225E-10
         1.000694513320923E+00        -5.220038019615458E-07         1.448741127063613E-10
         1.000652790069580E+00        -3.066019758080074E-07         6.793941798033387E-11
         1.000521183013916E+00        -2.741218168011983E-07         8.186225308737249E-11
         1.000278234481812E+00        -1.064538253103819E-07         4.635299435951090E-11
         9.999981522560120E-01        -9.340232764998291E-08         3.634832712595681E-11
         9.997318983078003E-01        -1.012030494962346E-07         2.388515774054412E-11
         9.996138215065002E-01        -2.687859534944437E-07         1.127048593341229E-10
         9.997485280036926E-01        -3.153733985072904E-07         1.443353353502985E-10
         9.995982646942139E-01        -1.412764163433167E-07         7.079172664736788E-11
         9.995950460433960E-01        -9.851914839487108E-09         6.316691093799509E-12
         9.996562600135803E-01        -3.385453339888045E-08         1.419003261247942E-12
         9.995286464691162E-01         6.652119566297188E-08        -3.649477595124573E-11
         9.993615746498108E-01         3.300862658761616E-07        -1.328551435531011E-10
         9.996494650840759E-01         2.722544536482019E-07        -1.033338345446388E-10
         9.997331500053406E-01         5.028904865866934E-07        -1.714101777183785E-10
         9.998319149017334E-01         2.453717797834543E-07        -4.933351296920740E-11
         9.998837113380432E-01         2.314882010523434E-07        -6.709246352931686E-11
         9.998380541801453E-01         1.298292033879989E-07        -5.129541930104509E-11
         9.999911189079285E-01        -2.234750695606635E-08         2.182101201120279E-11
         1.000065803527832E+00        -1.877616284673422E-08         1.030387580813752E-11
         1.000178813934326E+00         1.276097094660145E-08        -3.361450224073637E-12
         1.000248789787292E+00        -7.307096439035377E-08         7.434382970350484E-12
         1.000694751739502E+00        -4.982670134268119E-07         1.369308416654391E-10
         1.001003384590149E+00        -6.460639383476519E-07         1.810031430293790E-10
         1.000820755958557E+00        -5.304389674165577E-07         1.593030291013875E-10
         1.000757098197937E+00        -5.535855507332599E-07         1.720855680176214E-10
         1.000738263130188E+00        -5.715530164707161E-07         1.695237977772379E-10
         1.000744462013245E+00        -4.590272340010415E-07         1.328546578305279E-10
         1.000561237335205E+00        -3.092910958457651E-07         9.367090436640524E-11
         1.000359296798706E+00        -3.342260583849566E-07         1.426975343443715E-10
         1.000121474266052E+00        -1.371814732920029E-07         6.854015272006464E-11
         9.998323917388916E-01         7.888183972681873E-08         1.758258816320080E-11
         9.998436570167542E-01         1.484925746808585E-07         1.221849119277529E-12
         9.999424219131470E-01         1.516471712648126E-07        -6.807175483014571E-12
         1.000206708908081E+00        -3.245539303975420E-08         4.191497149363954E-11
         1.000371694564819E+00        -2.721603920008420E-08         1.328949537221513E-11
         1.000675559043884E+00        -1.235268172194992E-07         2.651525353447592E-11
         1.000676989555359E+00         1.155545561459803E-07        -6.003354757755375E-11
         1.000624537467957E+00         4.662373953578935E-08        -4.531546318742308E-11
         1.000362277030945E+00         4.954688392899698E-07        -2.490503359098284E-10
         1.000360727310181E+00         1.282866151086637E-07        -1.154041029405306E-10
         1.000299692153931E+00        -1.731141168193062E-07         1.539408010786669E-11
         1.000117897987366E+00        -2.102750187304991E-07        -1.027841684377376E-13
         1.000135421752930E+00        -3.126585852442076E-07         3.654683847220674E-11
         1.000447630882263E+00        -4.142916907312610E-07         7.394584944364624E-11
         1.000294327735901E+00        -2.873084383736568E-07         2.693409384413314E-11
         1.000056385993958E+00        -1.201637616077278E-07        -1.231893493464087E-11
         9.998048543930054E-01        -3.193070483575866E-07         6.822677839357638E-11
         9.998931884765625E-01        -4.216455522509932E-07         1.015515865843142E-10
         9.998572468757629E-01        -6.742483833477309E-07         1.893982609635358E-10
         9.997078180313110E-01        -5.914588996347447E-07         1.747518380001978E-10
         0.000000000000000E+00         0.000000000000000E+00         0.000000000000000E+00
         0.000000000000000E+00         0.000000000000000E+00         0.000000000000000E+00
         9.989123940467834E-01        -3.838792395072232E-08         1.133984486173523E-11
         9.990251064300537E-01         4.983202188668656E-07        -1.640588498386109E-10
         9.991273880004883E-01         6.722747798448836E-07        -2.194546072642467E-10
         9.993961453437805E-01         3.216615596102201E-07        -8.707826126830298E-11
         9.995606541633606E-01         2.166651427160105E-07        -8.052834093996708E-11
         9.994679093360901E-01         1.505834603676703E-07        -5.462654287247126E-11
         9.997404813766479E-01         4.167097777951767E-09         2.248546834837661E-12
         9.998940229415894E-01         5.850957940367607E-09         1.080654229296263E-11
         0.000000000000000E+00         0.000000000000000E+00         0.000000000000000E+00
         9.995462894439697E-01        -1.590010469953995E-07         8.070015489192173E-11
         9.996874332427979E-01         2.273301724642351E-08         1.990808733143279E-11
         9.995102286338806E-01         4.465191523195244E-07        -1.293089663123581E-10
         9.994651079177856E-01         4.813899181499437E-07        -1.489364742646160E-10
         0.000000000000000E+00         0.000000000000000E+00         0.000000000000000E+00
         0.000000000000000E+00         0.000000000000000E+00         0.000000000000000E+00
         9.992759823799133E-01         5.047607487540517E-07        -1.364994506314332E-10
         9.992895126342773E-01         8.375590709874814E-07        -2.328450487976141E-10
         9.992511868476868E-01         8.039339718379779E-07        -2.450771252604511E-10
         9.995521306991577E-01         4.705221954282024E-07        -1.470215338361669E-10
         9.996628761291504E-01         3.927147531612718E-07        -1.296636548131502E-10
         9.998430013656616E-01         2.782367971576605E-07        -7.924719214180698E-11
         9.997710585594177E-01         4.086177227691223E-07        -1.252678794028128E-10
         9.995285272598267E-01         7.091296652106394E-07        -2.230492318622268E-10
         9.995990991592407E-01         2.996922603415442E-07        -4.665950611992820E-11
         9.994878172874451E-01         2.769054958662309E-07        -6.358450571619656E-11
         9.993867278099060E-01         2.074641116678322E-07        -4.566496833446898E-11
         9.992182254791260E-01         8.414334473627605E-08         1.392183243686951E-11
         9.992526173591614E-01         1.371179507714260E-07         4.812900945838638E-12
         9.992861151695251E-01         8.089313752179805E-08         3.220359742761580E-11
         9.992282986640930E-01         3.834047959117015E-07        -8.360491465797537E-11
         9.993253946304321E-01         4.485746956106595E-07        -1.213141670453055E-10
         9.995648860931396E-01         3.746836512164009E-07        -1.010827740954845E-10
         9.999200701713562E-01         2.319020495633595E-07        -7.447165106810871E-11
         1.000081062316895E+00         7.442594096573885E-08        -2.087557383900762E-11
         9.998130798339844E-01         2.267699841240756E-07        -1.041099359500031E-10
         9.997272491455078E-01         3.144142510791426E-07        -1.426905121837407E-10
         9.998827576637268E-01         3.028443984476326E-07        -1.405913024887795E-10
         9.998515248298645E-01         4.935566835229110E-07        -1.983885278278308E-10
         9.997490048408508E-01         8.453252462459204E-07        -3.176028329221481E-10
         9.998497366905212E-01         8.572047818233841E-07        -3.018519045827617E-10
         9.997562766075134E-01         8.847436561154609E-07        -3.017587846265712E-10
         9.995691776275635E-01         8.045879553719715E-07        -2.518718844601864E-10
         9.996660947799683E-01         4.334536072292394E-07        -9.501197051342558E-11
         9.996222853660583E-01         4.815739202967961E-07        -1.230322371759129E-10
         9.996978044509888E-01         2.168429631410618E-07        -4.128420175164571E-11
         9.998976588249207E-01        -3.982437490890334E-08         3.617192309568473E-11
         9.997764825820923E-01         2.236562863799918E-07        -5.981225237317034E-11
         9.995350837707520E-01         4.708229255356855E-07        -1.282549622061424E-10
         9.993357062339783E-01         4.344393289557047E-07        -1.048504130740646E-10
         9.992184042930603E-01         2.076477585433167E-07        -1.752669537280482E-11
         9.992679953575134E-01         2.614436027670308E-07        -3.513509969077511E-11
         9.997410774230957E-01         1.808467402497627E-07        -1.093934057921908E-11
         9.999374747276306E-01         1.135234910520921E-07        -7.125704973992564E-12
         9.999669194221497E-01         4.128775543676966E-08         1.594281304195810E-11
         9.999032616615295E-01        -8.976687126960314E-08         5.507053840725362E-11
         9.997186660766602E-01         3.504174515001068E-07        -1.331281473948565E-10
         9.998911619186401E-01         1.742953656957980E-07        -8.450645738733442E-11
         9.997045397758484E-01         9.513380661019255E-08        -7.191630624348022E-11
         9.993689656257629E-01        -1.739870896244611E-07         2.403771452719194E-11
         9.993060827255249E-01        -1.365092998639739E-07        -7.091085097582495E-12
         9.992280006408691E-01        -1.227931676339722E-07        -5.114828352525969E-11
         9.992573261260986E-01        -2.212231038356549E-07        -1.647701246276778E-11
         9.991489648818970E-01        -3.945721971376770E-08        -8.150331104461728E-11
         9.989786744117737E-01         2.364171649560376E-07        -1.708778812892220E-10
         9.987429380416870E-01         4.620441416136600E-07        -2.804057541716531E-10
         9.985425472259521E-01         7.820055429874628E-07        -4.052225777151364E-10
         9.987825155258179E-01         5.007607342122355E-07        -2.855412850610861E-10
         9.985364675521851E-01         7.073795131873339E-07        -3.274626958482685E-10
         9.981778264045715E-01         8.014073387130338E-07        -3.309049700916944E-10
         9.978191256523132E-01         7.012429819042154E-07        -2.741228910529969E-10
         9.972572922706604E-01         8.958136845649278E-07        -3.115870339520654E-10
         9.971312880516052E-01         6.413266078197921E-07        -2.234853274662996E-10
         9.969992041587830E-01         3.973502487042424E-07        -1.371597141419656E-10
         9.968630075454712E-01         3.199237497142349E-08        -1.113140222358533E-11
         9.965417385101318E-01         1.161506659741462E-07        -3.833396447494586E-11
         9.964085817337036E-01         3.557071295290370E-07        -1.364145602034128E-10
         9.963040947914124E-01         4.998739768780069E-07        -2.181187175320787E-10
         9.962451457977295E-01         4.858972033616737E-07        -2.386524589059746E-10
         9.961246252059937E-01         2.532412679556728E-07        -1.639577362766431E-10
         9.958515763282776E-01         2.517061545859178E-07        -1.739582089488323E-10
         0.000000000000000E+00         0.000000000000000E+00         0.000000000000000E+00
         0.000000000000000E+00         0.000000000000000E+00         0.000000000000000E+00
         0.000000000000000E+00         0.000000000000000E+00         0.000000000000000E+00
         0.000000000000000E+00         0.000000000000000E+00         0.000000000000000E+00
         0.000000000000000E+00         0.000000000000000E+00         0.000000000000000E+00
         0.000000000000000E+00         0.000000000000000E+00         0.000000000000000E+00
         0.000000000000000E+00         0.000000000000000E+00         0.000000000000000E+00
         1.003917455673218E+00         9.061729997483781E-07        -3.998577580155427E-10
         1.003788232803345E+00         5.469322559292777E-07        -2.674561128124253E-10
         1.003703117370605E+00         1.460261813690522E-07        -1.108512656666782E-10
         1.003736615180969E+00        -2.263977307848108E-07         3.639868267901747E-11
         1.003561854362488E+00        -3.616978005993587E-07         7.736356000265232E-11
         1.003249764442444E+00        -4.477329866858781E-07         1.289595652487208E-10
         1.003038167953491E+00        -7.806801249898854E-07         2.348555516729078E-10
         1.002963542938232E+00        -1.090227442546166E-06         3.207125953696988E-10
         1.002675056457520E+00        -8.383797194255749E-07         2.100312979091967E-10
         1.002525925636292E+00        -5.578671107286937E-07         1.147828290748443E-10
         1.002142667770386E+00        -1.246557879142074E-08        -3.540912354993431E-11
         1.001930356025696E+00         2.249833102041521E-07        -8.956235753032615E-11
         1.002001881599426E+00         5.777381062443965E-08         1.279364201384192E-11
         1.002087712287903E+00        -2.119500521757800E-07         1.383481107453122E-10
         1.002024292945862E+00        -4.964207960256317E-07         2.535545384763083E-10
         1.002008914947510E+00        -7.822173415661382E-07         3.297569162175051E-10
         1.002048730850220E+00        -9.212505460709508E-07         3.531929748668006E-10
         1.001852273941040E+00        -8.274714105027670E-07         2.965861722881158E-10
         1.001827836036682E+00        -1.029619170367368E-06         3.470867759869378E-10
         1.001639485359192E+00        -8.589680646764464E-07         2.397590459501941E-10
         1.001619338989258E+00        -1.153024186351104E-06         3.275819338011132E-10
         1.001481056213379E+00        -9.100260172090202E-07         2.256751729934336E-10
         1.001144886016846E+00        -5.622133016913722E-07         9.863587030478627E-11
         1.000651836395264E+00        -5.214392118091382E-08        -8.186466782245105E-11
         1.000545620918274E+00         2.153648921421336E-07        -1.657088494200210E-10
         1.000199198722839E+00         3.346824826166994E-07        -1.877604044464576E-10
         1.000152945518494E+00         1.732389023345604E-07        -6.895195525657982E-11
         1.000140190124512E+00        -8.235929982447487E-08         7.221143821789511E-11
         1.000208973884583E+00        -2.502603990706120E-07         1.527786508415119E-10
         1.000395536422729E+00        -3.017481731149019E-07         1.556789974710426E-10
         1.000410795211792E+00        -2.848093174634414E-07         1.184737308257411E-10
         1.000435352325439E+00        -3.161810013807553E-07         1.194752491384676E-10
         1.000486493110657E+00        -1.165423171300972E-07         5.956284770958220E-11
         1.000062704086304E+00         1.250022307885956E-07         1.163266184767142E-11
         9.997492432594299E-01         3.666720544970303E-07        -3.558665515046577E-11
         9.997886419296265E-01         2.312677054305823E-07         1.076957533568956E-11
         9.997338652610779E-01         4.877622927779157E-07        -1.164813384635366E-10
         9.996496438980103E-01         5.046150590715115E-07        -1.566192314728099E-10
         9.996535181999207E-01         2.323896381994928E-07        -5.841139377738003E-11
         9.997304081916809E-01         2.011385475952920E-07        -3.930084382930410E-11
         9.995695352554321E-01         4.036893415104714E-07        -1.070780478173994E-10
         9.994475245475769E-01         6.005176373946597E-07        -1.874904120846566E-10
         9.994472265243530E-01         7.242181823130522E-07        -2.610504035160943E-10
         9.995372295379639E-01         4.724215898477269E-07        -1.769624446978924E-10
         9.999019503593445E-01        -7.107903599035126E-08        -1.098806462485058E-11
         1.000100255012512E+00        -4.563792401768296E-07         1.095121840433144E-10
         1.000073790550232E+00        -1.494288426329149E-07        -1.432013362057116E-11
         9.998710751533508E-01         1.261890218984263E-07        -1.295653306865319E-10
         9.997668266296387E-01         2.313965978828492E-07        -1.619719358636473E-10
         9.997854828834534E-01         3.954331759814522E-07        -2.050281333598747E-10
         9.997429847717285E-01         3.979011466981319E-07        -1.838162677625377E-10
         9.997940063476562E-01        -7.125127865492686E-08        -1.733378024448839E-11
         1.000118970870972E+00        -5.508006779564312E-07         1.646547759248662E-10
         1.000156044960022E+00        -7.088966640367289E-07         2.699412360307463E-10
         1.000175237655640E+00        -8.749655080464436E-07         3.843400042669032E-10
         1.000284552574158E+00        -6.557298206644191E-07         3.446535279394425E-10
         1.000250458717346E+00        -4.252686949257622E-07         2.611166283195132E-10
         1.000544786453247E+00        -7.478065526811406E-07         3.352146615842599E-10
         1.000857949256897E+00        -1.221253796757082E-06         4.855575941320467E-10
         1.000819563865662E+00        -1.116315388571820E-06         4.402911368828200E-10
         1.000434875488281E+00        -7.189705115706602E-07         2.938923548967409E-10
         9.999956488609314E-01        -7.119966483060125E-08         9.000796635794117E-11
         9.996526837348938E-01         5.994923526486673E-07        -1.325970583332392E-10
         9.995903372764587E-01         7.510387263209850E-07        -2.033841567383732E-10
         9.996165037155151E-01         8.441919021606736E-07        -2.332279092076561E-10
         9.998239874839783E-01         9.944612884282833E-07        -2.670369203539025E-10
         9.998358488082886E-01         1.006841330308816E-06        -2.449421776518079E-10
         9.998977184295654E-01         8.264864277407469E-07        -1.712615882443203E-10
         9.998745322227478E-01         8.967908797785640E-07        -2.029334894571022E-10
         9.996483922004700E-01         9.330525472250883E-07        -2.480206873212154E-10
         1.000097751617432E+00         5.340478992366116E-07        -1.499353419198712E-10
         1.000511288642883E+00         1.049394882102206E-07        -6.491747417403104E-11
         1.000705838203430E+00        -4.374781070737299E-08        -7.067960799966855E-11
         1.000847816467285E+00        -4.760626026723003E-08        -9.370714620926535E-11
         1.000605940818787E+00         1.461896630416959E-07        -1.871928584362692E-10
         1.000557184219360E+00         9.194095262898827E-09        -1.406805366643837E-10
         1.000582575798035E+00        -1.865158338887341E-07        -4.690643706783959E-11
         1.000274896621704E+00        -2.098420814888868E-08        -7.018459424745771E-11
         1.000165820121765E+00        -2.229529449948586E-08        -4.927567034962443E-11
         1.000096797943115E+00         2.337515923045430E-07        -1.247201092402506E-10
         1.000033617019653E+00         3.771707497435273E-07        -2.085241423976925E-10
         1.000110626220703E+00         3.277238249665970E-07        -1.901120788572186E-10
         9.999405741691589E-01         4.767452423948271E-07        -2.214600031136271E-10
         9.998620152473450E-01         1.365494028959802E-07        -4.791638613665938E-11
         9.999598860740662E-01        -3.096646139510995E-07         1.655972164948949E-10
         9.999277591705322E-01        -6.086912662794930E-07         3.177070273530092E-10
         1.000058174133301E+00        -8.580621511100617E-07         4.156512356523479E-10
         1.000221133232117E+00        -5.399011797635467E-07         2.501914508901137E-10
         1.000318169593811E+00        -4.173869285750698E-07         1.772498814389678E-10
         1.000515460968018E+00        -1.379932541567541E-07         4.232936917647478E-11
         1.000435829162598E+00         8.030468734432361E-09        -4.591618751881299E-11
         1.000341415405273E+00        -2.411665320778411E-07         4.913574061515824E-11
         1.000262141227722E+00        -1.995527583176226E-07         2.345832729455655E-11
         9.998777508735657E-01        -3.377778279300969E-09        -5.901261423968407E-11
         9.996997714042664E-01         1.868196903842545E-07        -1.224802342880693E-10
         9.997379183769226E-01         1.173576702484525E-08         8.326246810075322E-12
         9.999526739120483E-01        -5.060325065642246E-07         2.279991195841546E-10
         9.998700618743896E-01        -6.169478297124442E-07         3.021119188151289E-10
         9.994599223136902E-01        -5.172155965738057E-07         2.963714273995777E-10
         9.993733763694763E-01        -1.144086869686589E-08         1.005614272409083E-10
         9.991623163223267E-01         3.651620374967024E-07        -4.011829063399475E-11
         9.991670846939087E-01         6.467647608587868E-07        -1.510552100070228E-10
         9.989772439002991E-01         9.886061889119446E-07        -2.868739690242705E-10
         9.992768168449402E-01         5.838124934598454E-07        -1.382941400285276E-10
         9.998012185096741E-01        -3.291584107500967E-07         1.804479898837030E-10
         1.000350832939148E+00        -1.583492007739551E-06         6.281773989869066E-10
         1.000373721122742E+00        -1.710669039312052E-06         6.749015235563149E-10
         1.000015616416931E+00        -9.395947131451976E-07         3.752568256132349E-10
         1.000315427780151E+00        -7.742167440483172E-07         2.598130321995740E-10
         1.000361680984497E+00        -8.494723715557484E-07         2.457926917553976E-10
         1.000342965126038E+00        -8.132738003041595E-07         2.166740398212852E-10
         1.000301957130432E+00        -7.547087079728954E-07         1.938074145613200E-10
         1.000027298927307E+00        -5.845707846674486E-07         1.405045385594050E-10
         9.997922182083130E-01         8.730711442694883E-08        -1.123506773725857E-10
         9.999294877052307E-01         2.099940275002155E-07        -1.655292014568488E-10
         1.000021815299988E+00         4.784904490406916E-07        -2.405168009200764E-10
         1.000095963478088E+00         2.881828038425738E-07        -1.727025744635569E-10
         1.000442504882812E+00        -3.631830338690634E-07         6.711532024583633E-11
         1.000451922416687E+00        -8.278706786768453E-07         2.157227591004229E-10
         1.000214099884033E+00        -5.820252226840239E-07         5.749034581725709E-11
         1.000010132789612E+00        -5.123782784721698E-07         1.328739757111563E-10
         9.999424815177917E-01        -1.935631246396952E-07         9.842965331685605E-11
         9.997105598449707E-01         2.668804066630059E-09         6.220454706884482E-11
         9.994570016860962E-01         3.774886891960705E-08         3.183412561336141E-11
         9.994885325431824E-01        -1.699766016827198E-07         9.925884419947906E-11
         9.999119043350220E-01        -1.837288579054075E-07         8.423720054828721E-11
         1.000074982643127E+00        -1.577424058041288E-07         1.193016171963102E-11
         1.000310182571411E+00        -5.027292715453768E-08        -7.811742225305451E-11
         1.000090122222900E+00        -3.452381491797496E-09        -8.574458504329030E-11
         9.997886419296265E-01         3.628284162005002E-07        -1.531155480183344E-10
         9.992735385894775E-01         7.741832632746082E-07        -1.918466496775295E-10
         9.992839694023132E-01         9.874065654003061E-07        -2.381376484894560E-10
         9.992968440055847E-01         1.305051341660146E-06        -3.901944323203566E-10
         9.997254610061646E-01         9.139225767285097E-07        -3.087710920279818E-10
         9.995108842849731E-01         6.366543061631091E-07        -1.721753434269502E-10
         9.994434118270874E-01         3.725629085238324E-07         9.622667246356187E-12
         9.996637105941772E-01         1.425812712341212E-07         1.020132936457863E-10
         1.000119090080261E+00        -3.315792298508313E-07         2.651338870673925E-10
         1.000438570976257E+00        -9.216919920618238E-07         4.783649032447101E-10
         1.000512838363647E+00        -1.201822442453704E-06         6.352650072649624E-10
         1.000099778175354E+00        -8.661291985845310E-07         5.288072757458906E-10
         9.999124407768250E-01        -6.249196644603217E-07         4.610297976714861E-10
         9.998242259025574E-01        -2.365462279385611E-07         2.944154364747931E-10
         9.998409748077393E-01         2.974509172304352E-08         1.857739378996470E-10
         1.000169038772583E+00        -2.293221825766523E-07         2.414220490187802E-10
         1.000190019607544E+00        -2.229169950851428E-07         2.589341796532807E-10
         1.000515818595886E+00        -9.526424946670886E-07         5.314262363498301E-10
         1.000707745552063E+00        -1.687030703578785E-06         7.350546282758330E-10
         1.000851631164551E+00        -1.780081447577686E-06         7.239745469789227E-10
         1.000832080841064E+00        -2.219493808297557E-06         8.923954908368614E-10
         1.001172542572021E+00        -1.941961500051548E-06         7.114913658234912E-10
         1.000520586967468E+00        -1.058853058566456E-06         3.154810856997869E-10
         1.000515103340149E+00        -9.913477470036014E-07         2.450119274133300E-10
         1.000541567802429E+00        -1.232879526469333E-06         3.316713015344419E-10
         1.001153707504272E+00        -2.732625489443308E-06         9.061651429220774E-10
         1.001083374023438E+00        -3.038312343051075E-06         1.089375145646443E-09
         1.000535368919373E+00        -1.986430106626358E-06         7.057570639013022E-10
         1.000459551811218E+00        -1.061061425389198E-06         3.086099709115331E-10
         1.001047134399414E+00        -1.192435547636705E-06         3.219179367519587E-10
         1.000808954238892E+00        -8.279612870865094E-07         2.651071029369234E-10
         9.991713166236877E-01         1.318155682383804E-06        -3.660473590905156E-10
         9.983299374580383E-01         2.782726141958847E-06        -9.187410277000652E-10
         9.984267950057983E-01         2.576241968199611E-06        -8.965471698374472E-10
         9.985481500625610E-01         2.910262764999061E-06        -1.111317815549739E-09
         9.998290538787842E-01         1.241316340383491E-06        -5.927728308208202E-10
         1.000298976898193E+00         7.661951713089366E-07        -4.790842167423648E-10
         1.000452876091003E+00         7.106805810508376E-07        -5.225958554788690E-10
         1.000597357749939E+00         5.035371941630729E-07        -4.227752314900357E-10
         1.000635266304016E+00         6.720183023389836E-07        -5.041713713183071E-10
         1.000569820404053E+00         6.298869266174734E-07        -4.617987381383415E-10
         1.000855088233948E+00         4.097788917079015E-07        -3.683457427960946E-10
         1.000447630882263E+00         5.803534008919087E-07        -3.933877390505103E-10
         9.997485876083374E-01         1.123330548580270E-06        -5.545947590057665E-10
         9.989590048789978E-01         2.052841409749817E-06        -7.809650148793423E-10
         9.980036020278931E-01         2.760991037575877E-06        -8.830025599593228E-10
         9.978271126747131E-01         2.619483439048054E-06        -8.212449609246164E-10
         9.980636239051819E-01         1.948850922417478E-06        -5.363729460583500E-10
         9.984937906265259E-01         1.053389496519230E-06        -2.319101161107895E-10
         9.989296197891235E-01         6.023432206347934E-07        -1.549566447378581E-10
         9.991284012794495E-01         9.204385520433789E-08         5.850528395079380E-12
