         1.000913262367249E+00         1.877826747431754E-07        -1.554749801124800E-10
         1.001909017562866E+00        -1.205921648761432E-06         4.182068302771569E-10
         1.001964211463928E+00        -1.586832127031812E-06         5.856395923764524E-10
         1.001499533653259E+00        -3.851381222830241E-07         8.193923317634244E-11
         1.001652359962463E+00        -1.005140120469150E-06         2.907489526915441E-10
         1.002199769020081E+00        -1.827222945394169E-06         5.509889766663889E-10
         1.001919507980347E+00        -1.483073901908938E-06         4.959620492073213E-10
         1.001453638076782E+00        -9.697373570816126E-07         3.560603201169243E-10
         1.001714587211609E+00        -1.933127805386903E-06         7.492958475907585E-10
         1.001055479049683E+00        -7.584684453831869E-07         3.251632574308161E-10
         1.000597834587097E+00        -9.800834277484682E-08         1.416672890108828E-10
         1.000967383384705E+00        -9.416098123438132E-07         3.688739314000600E-10
         1.000735163688660E+00        -7.904250765022880E-07         3.541388293726300E-10
         1.000890374183655E+00        -9.335653885500506E-07         3.915488488992480E-10
         1.000867962837219E+00        -7.946256346258451E-07         3.661032865753810E-10
         1.000500559806824E+00        -3.627386320204096E-07         2.234653573296441E-10
         1.000057935714722E+00         3.777041115426982E-07        -1.600014218339219E-11
         1.000298142433167E+00        -1.822816528829208E-07         1.967039864325670E-10
         1.000164151191711E+00         6.215547898591467E-08         1.282598333096630E-10
         1.000324964523315E+00         1.453996247846590E-07        -2.559943576563306E-12
         1.000409722328186E+00        -1.802429494546232E-07         9.716051574404361E-11
         1.000256061553955E+00        -7.996985118552402E-08         9.057788546984469E-11
         1.000173449516296E+00         6.450151346371058E-08         2.100834263496498E-11
         1.000409960746765E+00        -2.844704738436121E-07         1.431341989377444E-10
         1.000421404838562E+00        -1.673648881705958E-07         8.104837634359541E-11
         1.000473976135254E+00        -3.549449161255325E-07         1.565050034013638E-10
         1.000272035598755E+00        -2.019324085722474E-07         1.643156166686310E-10
         1.000226855278015E+00         2.941323629102044E-08         3.071390711206767E-11
         1.000199913978577E+00        -5.600972841079965E-08         5.741778580370394E-11
         1.000115513801575E+00         1.725736780144871E-07        -2.856984093746462E-11
         1.000333905220032E+00        -8.943086982071691E-08         2.650598490694378E-11
         1.000435352325439E+00        -1.276997636523447E-07         1.896161005987551E-11
         1.000292181968689E+00         1.204682291700010E-07        -8.480650209863327E-11
         1.000556468963623E+00        -1.282896562315727E-07         2.006185148561990E-11
         1.000518321990967E+00         2.566226555700268E-07        -1.076936040345089E-10
         1.000470399856567E+00         5.041717940912349E-07        -1.872164923089059E-10
         1.000518083572388E+00         2.946066501863243E-08         1.464031500197915E-11
         1.000010728836060E+00         2.958007598863333E-07        -1.128244650483445E-10
         9.996612668037415E-01         4.943964881931606E-07        -1.676371819137046E-10
         9.990993142127991E-01         1.330642930952308E-06        -4.339614501081002E-10
         9.986070990562439E-01         2.123924332408933E-06        -6.988783440853297E-10
         9.987952709197998E-01         1.493385752837639E-06        -4.821415489075775E-10
         9.994627833366394E-01         5.819046577926201E-07        -2.424573319892431E-10
         9.991318583488464E-01         9.061790819941962E-07        -3.072150867033940E-10
         9.987276196479797E-01         1.336171294497035E-06        -3.864045194923449E-10
         9.984955191612244E-01         1.485983716520423E-06        -4.303858658349924E-10
         9.989274740219116E-01         1.014031909107871E-06        -2.921807518152519E-10
         9.988353252410889E-01         9.916240060192649E-07        -2.920258757033167E-10
         9.992424249649048E-01         3.370760737197998E-07        -7.441374599848061E-11
         9.990037679672241E-01         7.562359769508475E-07        -2.623226635911635E-10
         9.990330338478088E-01         9.525875270810502E-07        -3.672171178248362E-10
         9.992346167564392E-01         4.029934359550680E-07        -1.854504466658469E-10
         9.994549155235291E-01         1.558786664190848E-07        -1.157302031984386E-10
         9.991409182548523E-01         5.670490281772800E-07        -2.320160313873387E-10
         9.991886019706726E-01         5.123079063196201E-07        -1.868036142438356E-10
         9.988158941268921E-01         7.419970415867283E-07        -2.564385093162258E-10
         9.987121224403381E-01         7.217242341539531E-07        -2.207099086826148E-10
         9.989396929740906E-01         4.252784435720969E-07        -1.328596260785631E-10
         9.991586208343506E-01         4.284379429009277E-07        -1.483905776034078E-10
         9.992508888244629E-01         3.578457778985467E-07        -1.209058408946362E-10
         9.997144937515259E-01        -2.125106277617306E-07         6.516245182330849E-11
         9.998161792755127E-01        -4.037634937503753E-07         1.079649009083639E-10
         9.996237754821777E-01        -4.874473447102901E-08        -6.039383403100285E-12
         9.991657137870789E-01         3.890186803801043E-07        -1.222331541539390E-10
         9.993050098419189E-01        -4.332696335040964E-08         4.703087919111226E-11
         9.991718530654907E-01         1.573686176925548E-07        -6.410413172508456E-11
         9.992877840995789E-01         1.723118856489236E-07        -8.287770469905809E-11
         9.993447661399841E-01        -2.465669126650027E-07         1.191208520712195E-10
         9.994272589683533E-01        -4.389689252093376E-07         1.924671116926291E-10
         9.992942810058594E-01        -1.502785806906104E-07         1.074849653726062E-10
         9.996157288551331E-01        -6.009362323311507E-07         2.595824388773593E-10
         1.000143647193909E+00        -1.201835630126880E-06         4.648999241130269E-10
         1.000078320503235E+00        -9.792186119739199E-07         3.807996695748272E-10
         9.999360442161560E-01        -4.242386637542950E-07         1.683991140977170E-10
         9.999528527259827E-01        -3.660294112250995E-07         1.419060424723284E-10
         1.000192523002625E+00        -3.190855011325766E-07         1.202812710543455E-10
         1.000099301338196E+00        -2.425676655093412E-07         1.441037705829373E-10
         1.000532984733582E+00        -9.338210134046676E-07         4.061581349024124E-10
         1.000450849533081E+00        -9.439739301342343E-07         4.310498347148695E-10
         1.000577688217163E+00        -1.410384243172302E-06         5.893121546307611E-10
         1.000372409820557E+00        -8.011313070710457E-07         3.297026818227522E-10
         1.000082969665527E+00        -2.981025772896828E-07         1.354518858187603E-10
         9.999360442161560E-01         3.525897085410179E-08         1.099963696515882E-11
         9.998998641967773E-01         1.736044907829637E-07        -6.304857330663438E-11
         1.000132322311401E+00        -4.698464550756398E-08         2.814132390657753E-12
         1.000242471694946E+00        -1.812970538139780E-07         5.931314467355620E-11
         1.000302791595459E+00        -2.304816888454297E-07         7.554661757280812E-11
         1.000292301177979E+00        -1.562355294026929E-07         4.261814859352064E-11
         1.000362515449524E+00        -2.742692970514327E-07         7.597673185033571E-11
         1.000461101531982E+00        -9.603718353901058E-08        -1.422483658641838E-11
         1.000161290168762E+00         2.206007110316932E-07        -8.129285439251177E-11
         1.000221252441406E+00         3.141656748084642E-07        -1.383957531908564E-10
         1.000043630599976E+00         6.600980100301967E-07        -2.566659107472447E-10
         9.999523758888245E-01         6.243507755243627E-07        -2.386561503975315E-10
         9.999672770500183E-01         5.206310902394762E-07        -2.210753247133823E-10
         9.996743202209473E-01         6.851051352896320E-07        -2.837861612370318E-10
         9.997845292091370E-01         2.984605487199588E-07        -1.523911136169787E-10
         1.000134468078613E+00        -1.372575013647293E-07         7.126774431015503E-12
         1.000150203704834E+00        -2.875091809073638E-07         1.143353051125118E-10
         1.000267028808594E+00        -4.116760692340904E-07         1.535254423590260E-10
         1.000245213508606E+00        -4.366559664958913E-07         1.462173160327040E-10
         9.997036457061768E-01         3.402378752070945E-07        -1.111278916110514E-10
         9.999313354492188E-01         1.241183440470195E-07        -5.434431724071764E-11
         1.000138640403748E+00        -1.215999390069555E-07         2.284143187092358E-11
         1.000139117240906E+00        -1.470870216735420E-07         2.618360389616825E-11
         1.000415563583374E+00        -4.958060344506521E-07         1.555642420436598E-10
         1.000355243682861E+00        -5.034377181800664E-07         1.721843223556618E-10
         1.000216245651245E+00        -8.281428165446414E-08         3.271481349709227E-11
         1.000226020812988E+00         7.457420281298255E-08        -5.419206056123116E-11
         1.000170469284058E+00         7.685289915571047E-08        -6.309619493549690E-11
         1.000212669372559E+00        -1.337926658351307E-09        -5.029333546846537E-11
         1.000150203704834E+00         1.662106683397724E-07        -9.532051536975672E-11
         9.998350739479065E-01         6.264687613111164E-07        -2.548993238704611E-10
         1.000019311904907E+00         1.849229533945618E-07        -1.004781952085310E-10
         1.000113606452942E+00        -2.503355176486366E-07         7.702571913625889E-11
         9.998263716697693E-01        -3.560680283953843E-08        -6.252107664049544E-13
         1.000071883201599E+00        -5.362693400456919E-07         1.816140848820424E-10
         1.000183105468750E+00        -7.828177217561461E-07         2.679940713790074E-10
         1.000141024589539E+00        -7.649372832929657E-07         2.572096424735548E-10
         9.999955892562866E-01        -3.664517862489447E-07         1.203250554748792E-10
         1.000061631202698E+00        -4.353550764335523E-07         1.263875115675717E-10
         9.999474287033081E-01        -1.224787666842531E-07         6.534470881058851E-12
         9.998493790626526E-01         2.313385181196281E-07        -1.352319783931577E-10
         9.997689127922058E-01         3.282844147634023E-07        -1.573175062441479E-10
         9.998279213905334E-01         9.435731129769920E-08        -6.030989596617076E-11
         9.999250173568726E-01         2.199871289576549E-07        -1.091686324672381E-10
         9.999000430107117E-01         2.066197453132190E-07        -9.489935226536517E-11
         1.000000119209290E+00        -4.060393621330149E-08        -9.786509710257851E-13
         9.999874830245972E-01         2.527958429254795E-07        -1.105378080734631E-10
         1.000187039375305E+00        -1.540919498665971E-07         4.701414604846299E-11
         1.000147700309753E+00        -6.826415699379140E-08         2.292283030058684E-11
         1.000017523765564E+00         2.504278597825760E-07        -9.005512308091213E-11
         1.000114083290100E+00         1.897391932459414E-08        -1.264157528657606E-11
         1.000019788742065E+00         2.224556361341001E-08        -2.504740165276687E-11
         9.999593496322632E-01         2.837411443579185E-07        -1.399149407443900E-10
         9.999620318412781E-01         3.197544344857306E-07        -1.364921092816829E-10
         1.000009298324585E+00        -6.883296777004944E-08        -2.834399815548894E-12
         1.000002145767212E+00        -2.480048806319246E-07         6.159314031028984E-11
         1.000205039978027E+00        -3.868703970510978E-07         1.143787217716685E-10
         1.000126004219055E+00        -2.798780940338474E-07         6.341410729859831E-11
         9.999528527259827E-01        -1.063627763642216E-07        -2.784676786035667E-12
         9.998656511306763E-01         1.520030394885907E-07        -7.474252466943554E-11
         9.998643398284912E-01         2.160885088642317E-07        -8.118913180643617E-11
         9.999849200248718E-01         1.065282404510981E-07        -4.097822775550597E-11
         1.000045776367188E+00         1.087686563039370E-08         6.835524767739853E-12
         9.998575448989868E-01         2.902658593484375E-07        -6.350492354201265E-11
         9.999290108680725E-01         4.605341441532573E-09         4.275672177422862E-11
         9.998878240585327E-01        -1.674144840535519E-07         9.897439812167619E-11
         1.000155925750732E+00        -6.267000571824610E-07         2.634532036971393E-10
         1.000168561935425E+00        -6.809065098423162E-07         2.864068149310839E-10
         9.998791813850403E-01        -3.401420940463140E-07         1.612663613759224E-10
         9.996919631958008E-01        -1.138841625447640E-07         6.932276280791072E-11
         9.999563097953796E-01        -2.797587512759492E-07         1.154674689196611E-10
         9.999737143516541E-01        -2.488056338734168E-07         1.166281932141189E-10
         9.998611211776733E-01        -9.266852885048138E-08         5.879757097870808E-11
         9.996763467788696E-01         2.407278429927828E-07        -6.625183041064631E-11
         9.998393058776855E-01         1.257272401744558E-07        -2.134724515212572E-11
         9.998834133148193E-01         1.837099290469268E-07        -5.692762927722583E-11
         9.999570846557617E-01        -4.414938814534253E-08         1.746747538278193E-11
         9.998539090156555E-01         7.701389392877900E-08        -4.374718295951929E-11
         9.997320771217346E-01         3.248985080972489E-07        -1.427340051707304E-10
         9.998636841773987E-01        -5.251285273288886E-08        -3.621037280784889E-12
         9.997189044952393E-01         5.612653808384493E-08        -3.742936863226909E-11
         9.995617270469666E-01         1.949020713709615E-07        -9.535074813049604E-11
         9.995383024215698E-01         3.211306989214791E-07        -1.615911848773521E-10
         9.994053840637207E-01         1.728206484585826E-07        -9.308834952870271E-11
         9.995101094245911E-01        -5.159745342098176E-07         1.628482071414084E-10
         9.991927146911621E-01        -2.591777814586749E-08        -2.260018908128991E-11
         9.993493556976318E-01        -3.593631561216171E-07         9.757488567130324E-11
         9.992447495460510E-01        -3.897904718996870E-07         1.193574128421915E-10
         9.990331530570984E-01        -9.694844038676820E-08        -1.238983048101883E-11
         9.991645216941833E-01        -3.900817659996392E-07         8.648255722665255E-11
         9.990281462669373E-01        -1.741816646472216E-07        -1.634623968300997E-12
         9.991003870964050E-01        -3.473596166259085E-07         5.438050010297957E-11
         9.989929795265198E-01        -4.577619847623282E-07         9.685779261969785E-11
         9.987162351608276E-01        -5.431438125924615E-07         1.451256892437414E-10
         9.987991452217102E-01        -1.053518417393207E-06         3.302755569034588E-10
         9.988644719123840E-01        -1.192100057778589E-06         3.774853485349894E-10
         9.987520575523376E-01        -1.023311597236898E-06         3.257706882031641E-10
         9.987087249755859E-01        -9.926915254254709E-07         3.179786989271349E-10
         9.985351562500000E-01        -8.757105547374522E-07         2.490830874890548E-10
         9.984080195426941E-01        -7.812417379682302E-07         1.970773128023851E-10
         0.000000000000000E+00         0.000000000000000E+00         0.000000000000000E+00
         0.000000000000000E+00         0.000000000000000E+00         0.000000000000000E+00
         0.000000000000000E+00         0.000000000000000E+00         0.000000000000000E+00
         0.000000000000000E+00         0.000000000000000E+00         0.000000000000000E+00
         0.000000000000000E+00         0.000000000000000E+00         0.000000000000000E+00
         0.000000000000000E+00         0.000000000000000E+00         0.000000000000000E+00
         0.000000000000000E+00         0.000000000000000E+00         0.000000000000000E+00
         1.001744985580444E+00        -6.121921103385830E-08         4.508072734554780E-11
         1.001614928245544E+00         2.212235585830058E-07        -5.832734295552200E-11
         1.001785397529602E+00        -1.029545444453106E-07         4.688597080027002E-11
         1.001593708992004E+00         1.511346425786542E-07        -4.336599135346120E-11
         1.001424193382263E+00         5.105017066853179E-07        -1.778587832568235E-10
         1.001681685447693E+00         2.278474369177275E-07        -6.880452457780351E-11
         1.001684427261353E+00         1.061523136058895E-07        -2.379514293937568E-11
         1.001446366310120E+00         2.964029306440352E-07        -9.246998305956211E-11
         1.001213669776917E+00         4.151347638980951E-07        -1.139014785267456E-10
         1.001098394393921E+00         3.309072837964777E-07        -6.218835862936700E-11
         1.001103878021240E+00         4.729323563879007E-07        -1.384494047185214E-10
         1.001119494438171E+00         4.651284370993380E-07        -1.430466856078283E-10
         1.001039266586304E+00         3.851672261134809E-07        -1.061667420643175E-10
         1.000854849815369E+00         3.839811597572407E-07        -1.005471261805724E-10
         1.000636100769043E+00         4.487938269903680E-07        -8.938165485528060E-11
         1.000846385955811E+00         3.015304628206650E-07        -5.271900971326460E-11
         1.000864982604980E+00         3.742989065358415E-07        -9.113353127698787E-11
         1.000677466392517E+00         5.402845317803440E-07        -1.445396441424052E-10
         1.000428557395935E+00         5.503125066752546E-07        -1.492175827344511E-10
         1.000412940979004E+00         3.096954515058314E-07        -7.560187892385883E-11
         1.000303864479065E+00         4.438440157628065E-07        -1.406416649807340E-10
         1.000391125679016E+00         3.234851817524032E-07        -1.154604190034547E-10
         1.000386118888855E+00        -1.276890815304910E-09         2.225643454256687E-11
         1.000347375869751E+00        -8.935828788025901E-08         6.888174752806009E-11
         1.000265240669250E+00        -2.048387273134722E-07         1.081361597488062E-10
         1.000447750091553E+00        -4.335650487519160E-07         1.581338532341547E-10
         1.000576257705688E+00        -5.701588179363171E-07         1.971688368129776E-10
         1.000624418258667E+00        -7.911228294688044E-07         2.935820475613582E-10
         1.000461816787720E+00        -5.390322144194215E-07         1.878036337554789E-10
         1.000360727310181E+00        -7.272300308613922E-07         2.542698274154986E-10
         1.000002026557922E+00        -2.583119567134418E-07         8.391065620116933E-11
         1.000288844108582E+00        -6.298055268416647E-07         2.222298595144778E-10
         1.000353813171387E+00        -6.148962938823388E-07         2.050061093106237E-10
         1.000200867652893E+00        -5.097879238746827E-07         1.879803535054236E-10
         9.998321533203125E-01         8.765846715164116E-09         1.505478467583865E-12
         9.996954798698425E-01        -4.241455542342010E-08         1.735821035520058E-11
         9.996694326400757E-01        -1.041381807453945E-07         3.081425739570598E-11
         9.997884631156921E-01        -5.038686623493049E-08         1.066574432939671E-11
         9.996909499168396E-01         4.529235582140245E-07        -1.906679258922850E-10
         9.997252225875854E-01         3.624375040089944E-07        -1.542757449568555E-10
         9.994486570358276E-01         8.358433660760056E-07        -3.122428426927115E-10
         9.995005130767822E-01         7.448568908330344E-07        -3.003162718506758E-10
         9.995178580284119E-01         7.021451438049553E-07        -3.241777124518563E-10
         9.998265504837036E-01         2.276599957440339E-07        -1.620345108088728E-10
         9.998009204864502E-01         2.853570890692936E-07        -1.606193511527465E-10
         9.995576739311218E-01         4.971617499904823E-07        -2.159476486518486E-10
         9.992924928665161E-01         8.575838705837668E-07        -3.522712677117568E-10
         9.992502927780151E-01         9.105126537178876E-07        -3.386366187463352E-10
         9.993077516555786E-01         7.123124419194937E-07        -2.467432091979305E-10
         9.994581937789917E-01         6.087945507715631E-07        -2.240317653612323E-10
         9.995085000991821E-01         7.414003562189464E-07        -2.682865041236937E-10
         9.995343089103699E-01         6.893263275742356E-07        -2.398380938295475E-10
         9.996463656425476E-01         5.326505743141752E-07        -1.901764440370712E-10
         9.996967315673828E-01         2.597594459530228E-07        -8.306930837642668E-11
         9.997768402099609E-01         8.267517159765703E-08         1.636599493079482E-12
         9.997251629829407E-01         4.278121252809797E-07        -1.355766471311526E-10
         9.997683763504028E-01         3.423033092531114E-07        -1.024470716592951E-10
         9.997996687889099E-01         1.986207962545450E-07        -3.729544451047673E-11
         9.998088479042053E-01         1.583337072563751E-10         5.733065064350562E-11
         9.997039437294006E-01         1.437980046148368E-07        -1.692189444124637E-11
         9.998576045036316E-01        -9.939478928799872E-08         6.479126263281287E-11
         9.999943971633911E-01        -3.517746733905369E-07         1.712949226906346E-10
         9.998943209648132E-01        -4.181877102382714E-07         2.078735378274743E-10
         9.999019503593445E-01        -2.178499016736168E-07         1.080710104739424E-10
         9.996957182884216E-01         7.306724825184574E-08        -9.763210205571138E-12
         9.995558857917786E-01         6.266227359219556E-08         9.646554388620387E-12
         9.996211528778076E-01        -1.277371097785363E-07         6.810662450673632E-11
         9.995879530906677E-01        -1.163599563369644E-07         5.660872465229616E-11
         9.996209144592285E-01        -2.030493817528622E-08         2.535965534788964E-11
         9.995751976966858E-01         2.781889349989797E-07        -1.070126764979307E-10
         9.997696876525879E-01        -1.260261406343943E-08        -2.099797592747255E-11
         9.996950030326843E-01         1.457477196709078E-07        -8.428727160669780E-11
         9.996695518493652E-01         1.004534482262898E-07        -6.036949412591142E-11
         9.995865821838379E-01         1.858862930248506E-07        -8.900575415582423E-11
         9.997673630714417E-01        -1.646824898671184E-07         3.891243924303289E-11
         9.998152256011963E-01        -2.997961985329312E-07         8.257562689184539E-11
         9.996424317359924E-01        -1.207130253533251E-07         3.613505328292632E-11
         9.997832775115967E-01        -1.134200218189108E-07         2.539426655068233E-11
         9.999283552169800E-01        -2.943848755876388E-07         9.314428395246210E-11
         9.999334216117859E-01        -2.270498526968368E-07         7.573371096913917E-11
         1.000048279762268E+00        -2.595497221591359E-07         6.884599140777325E-11
         9.999364018440247E-01         1.382118597348381E-08        -2.733121368114766E-11
         9.998509287834167E-01         2.146003339476010E-07        -1.123342946440786E-10
         9.998104572296143E-01         2.699985088838730E-07        -1.173930536113588E-10
         1.000012040138245E+00         4.830727817761726E-09        -2.212146958668892E-11
         1.000136494636536E+00        -1.000654350491459E-07         2.037897975371017E-11
         1.000230073928833E+00        -1.083797798173691E-07         3.547231258727024E-11
         1.000383973121643E+00        -3.598656519443466E-07         1.174269709247611E-10
         1.000118255615234E+00        -1.808943466130586E-07         5.338451902758834E-11
         1.000061035156250E+00        -2.632899338550487E-07         8.345148183597217E-11
         9.999544620513916E-01        -8.041156718263665E-08         1.760624979141312E-11
         9.998636841773987E-01         6.554736131647587E-08        -2.206626548151291E-11
         9.998728632926941E-01        -1.206481243798407E-07         5.538731279175479E-11
         9.999423027038574E-01        -5.852036721876175E-08         1.958102603671907E-11
         9.998531341552734E-01         2.583115303878003E-07        -9.148352214660704E-11
         9.997017979621887E-01         1.852613848996043E-07        -2.969757079140933E-11
         9.997426867485046E-01         1.851278170761361E-07        -4.052363306028539E-11
         9.997323155403137E-01         1.594367233792582E-07        -4.154056959526642E-11
         9.998518824577332E-01         3.098368495102477E-08        -1.855912992732023E-11
         9.996791481971741E-01         1.925102424138458E-07        -6.610505198789696E-11
         9.994665980339050E-01         6.322999865915335E-07        -2.284465672186542E-10
         9.999974370002747E-01        -7.696202430906851E-08         1.647073623323170E-11
         1.000111699104309E+00        -1.440486130377394E-07         5.056791443913689E-11
         1.000002026557922E+00         2.233934708328889E-07        -7.508587501758868E-11
         1.000266432762146E+00        -1.802111171400611E-07         5.749964740453528E-11
         1.000084280967712E+00         1.439032644157123E-07        -6.414311443103671E-11
         1.000077247619629E+00         3.074012155934724E-08        -4.051158367102126E-11
         9.996441006660461E-01         5.327510166353022E-07        -1.967223606236246E-10
         9.998829960823059E-01         4.861191005289811E-09        -1.353541671106351E-11
         1.000019192695618E+00        -2.426561707125074E-07         7.859469325355306E-11
         9.999512434005737E-01        -6.314702716281317E-08         1.739914809451015E-11
         1.000039815902710E+00        -9.964312397414687E-08         3.619392632825402E-11
         9.999352693557739E-01         1.450840301231437E-07        -4.303223402613021E-11
         9.999671578407288E-01         1.838792087482943E-07        -6.689111070601328E-11
         9.998785853385925E-01         3.924023985746317E-07        -1.538440069781544E-10
         1.000214815139771E+00        -1.638690747540750E-07         2.669309911995654E-11
         1.000222682952881E+00        -6.470053648399698E-08        -2.432234622040674E-11
         1.000108957290649E+00         1.224693022550127E-07        -8.435619563984531E-11
         9.998059272766113E-01         7.557716230621736E-07        -2.979069768649367E-10
         1.000047206878662E+00         2.438553963202139E-07        -8.385950961420363E-11
         9.999518990516663E-01         9.715527937714796E-08        -2.278927220544791E-11
         1.000004053115845E+00         1.299611263050338E-08        -1.360580138137779E-11
         9.999944567680359E-01         2.690970468677278E-08        -2.986157848772208E-11
         1.000116229057312E+00         7.152996062131933E-08        -2.934778808860727E-11
         1.000292181968689E+00        -6.492685855619129E-08         2.091398582093618E-11
         1.000397205352783E+00        -2.932089557816653E-07         1.137209076906842E-10
         1.000478029251099E+00        -4.837262963519606E-07         1.720658476811465E-10
         1.000529050827026E+00        -5.002936518394563E-07         1.845891495211305E-10
         1.000408053398132E+00        -1.862517819972709E-07         7.936095530736154E-11
         1.000338792800903E+00        -9.234415188075218E-08         4.670931350037044E-11
         1.000102758407593E+00         1.188031149013113E-07        -3.096672571145653E-11
         1.000128269195557E+00        -3.529655856482350E-08         4.541149400960620E-11
         1.000098705291748E+00         5.244714884611312E-08         1.278567009210807E-11
         1.000056266784668E+00         2.483214700532699E-07        -6.197543173103170E-11
         1.000242114067078E+00        -1.433657388361098E-07         7.062306989213951E-11
         1.000131845474243E+00        -3.907117047674546E-07         1.570757274249601E-10
         1.000058770179749E+00        -4.015374770460767E-07         1.583839726038150E-10
         9.999771118164062E-01        -4.196990346372331E-07         1.617289635547081E-10
         9.999076128005981E-01        -3.266369503762689E-07         1.255698878210865E-10
         9.995932579040527E-01         1.229975197247768E-07        -3.821275240678546E-11
         9.997177124023438E-01        -1.382426546570059E-07         6.453205331213852E-11
         9.996153116226196E-01         6.694710208421384E-08        -1.185182420954112E-11
         9.996829032897949E-01         2.220337194103195E-07        -7.473117263900875E-11
         9.996553659439087E-01         1.994507812241864E-07        -6.949897601860044E-11
         9.996925592422485E-01         7.709900984309570E-08        -4.821583410308250E-11
         9.995349645614624E-01         1.729142979911558E-07        -6.522902357142257E-11
         9.997574687004089E-01        -1.783336678329306E-08         2.112510860685646E-11
         9.999717473983765E-01        -1.184992086677994E-07         5.440592074079653E-11
         9.998724460601807E-01         4.643457174324794E-08        -1.666024956881174E-11
         9.999079108238220E-01        -9.670942091588586E-08         2.127012108110726E-11
         9.999696016311646E-01        -1.165657153023858E-07         3.890390440353109E-11
         9.997698068618774E-01         1.713766408784068E-07        -6.534820601311608E-11
         9.997368454933167E-01         9.174562620728466E-08        -4.861626032304223E-11
         9.996696114540100E-01         6.142926167740370E-08        -3.793423908327043E-11
         9.996051788330078E-01         1.040603159196962E-09         1.360455498256030E-11
         9.993913173675537E-01         2.100283467143527E-07        -8.372149501445492E-11
         9.991911649703979E-01         2.227098150342499E-07        -8.216300556584955E-11
         9.992188811302185E-01        -4.205076109542460E-08         1.639919103291199E-11
         9.990412592887878E-01        -9.348252172358684E-10        -3.066379095084670E-11
         9.989284276962280E-01        -5.535986247195979E-08         1.825320797288477E-11
         9.989790320396423E-01        -1.372253422005087E-07         6.543954961246712E-11
         9.988611936569214E-01         8.610020785226880E-08        -2.707963020487369E-11
         9.987426996231079E-01         2.516171662136912E-07        -9.067563366826903E-11
         9.988827109336853E-01        -3.179045506840339E-07         1.298502694258019E-10
         9.987456202507019E-01        -4.950781544721394E-07         1.847168529245380E-10
         9.986056685447693E-01        -3.114594164799200E-07         9.106593951146991E-11
         9.988358020782471E-01        -9.049760478774260E-07         3.061992881470132E-10
         9.983283877372742E-01        -3.064874931624217E-07         9.416562668507211E-11
         9.982235431671143E-01        -4.178398569365527E-07         1.222199147443703E-10
         9.979741573333740E-01        -4.388072625260975E-07         1.340111632774921E-10
         9.978961944580078E-01        -7.393535383926064E-07         2.463496628912765E-10
         9.975426197052002E-01        -3.981547251896700E-07         1.111098227313256E-10
         9.975872039794922E-01        -6.475269174188725E-07         2.017425670963746E-10
         9.973421096801758E-01        -3.696374051287421E-07         1.061055271422973E-10
         9.972077012062073E-01        -4.120001051433064E-07         1.279574224355429E-10
         9.972370862960815E-01        -7.965873578541505E-07         2.582483116242429E-10
         9.968924522399902E-01        -5.797419362352230E-07         1.734041937817565E-10
         0.000000000000000E+00         0.000000000000000E+00         0.000000000000000E+00
         0.000000000000000E+00         0.000000000000000E+00         0.000000000000000E+00
         0.000000000000000E+00         0.000000000000000E+00         0.000000000000000E+00
         0.000000000000000E+00         0.000000000000000E+00         0.000000000000000E+00
         0.000000000000000E+00         0.000000000000000E+00         0.000000000000000E+00
         0.000000000000000E+00         0.000000000000000E+00         0.000000000000000E+00
         0.000000000000000E+00         0.000000000000000E+00         0.000000000000000E+00
         1.003285884857178E+00         1.382037737585051E-07        -6.052057466288119E-11
         1.003230929374695E+00         1.425025573098537E-07        -8.027030429236248E-11
         1.003064751625061E+00         2.259671276760855E-07        -9.120901950376847E-11
         1.002858757972717E+00         3.707966129695706E-07        -1.467883870009956E-10
         1.002701759338379E+00         4.405760023473704E-07        -1.660470372311096E-10
         1.002637267112732E+00         3.345791128595010E-07        -1.171305830105496E-10
         1.002417564392090E+00         3.897383464845916E-07        -1.476043176573683E-10
         1.002205848693848E+00         4.564536482121184E-07        -1.744279998217024E-10
         1.002081751823425E+00         4.472094872198795E-07        -1.617801170805677E-10
         1.002048969268799E+00         2.418183839836274E-07        -7.206952395977240E-11
         1.002052426338196E+00         2.171862689692716E-08        -1.100412989896160E-11
         1.001869082450867E+00         5.388289281427205E-08        -1.949368791387407E-11
         1.001585841178894E+00         3.811322812907747E-07        -1.392389675780592E-10
         1.001581668853760E+00         2.274803279078697E-07        -7.299879450917146E-11
         1.001384854316711E+00         2.810309069900541E-07        -9.527535010933619E-11
         1.001175761222839E+00         2.823179841016099E-07        -9.573902781667698E-11
         1.001215457916260E+00         2.893443884488534E-08        -7.681499533673808E-12
         1.001014471054077E+00         1.486975520492706E-07        -4.370826964250618E-11
         1.000841975212097E+00         3.124380612007371E-07        -9.899402131363644E-11
         1.000820517539978E+00         1.510689742190152E-07        -3.518043495409628E-11
         1.000780105590820E+00        -1.135945950636597E-07         6.261561408260619E-11
         1.000628113746643E+00        -2.250675557036175E-08         2.611184705958447E-11
         1.000552535057068E+00        -1.230466182278178E-07         6.231812982315788E-11
         1.000431180000305E+00        -1.402761427016230E-07         8.599868733805138E-11
         1.000410676002502E+00        -3.121508029835240E-07         1.604583410586002E-10
         1.000147819519043E+00        -4.237400474949027E-08         5.125608271150384E-11
         1.000245451927185E+00        -1.755154528382263E-07         9.368731485048798E-11
         1.000021219253540E+00         1.275162730962620E-07        -1.154829096933208E-11
         1.000036001205444E+00         6.941969843410334E-08        -6.297375815256245E-12
         1.000108480453491E+00        -1.316863915690192E-07         7.163700882495405E-11
         1.000026106834412E+00        -9.579667192838315E-08         5.539815134403270E-11
         9.998055696487427E-01         1.275395078437214E-07        -3.229080891564706E-11
         9.997806549072266E-01         1.705733723156300E-07        -4.054990024315863E-11
         9.996417164802551E-01         6.761175086467119E-07        -2.160124301653354E-10
         9.997734427452087E-01         4.491081142532494E-07        -1.340466765364923E-10
         9.998003840446472E-01         4.461836908831174E-07        -1.376377206652180E-10
         9.998854398727417E-01         3.582224508136278E-07        -1.013051031950596E-10
         1.000006675720215E+00         2.737896807047946E-07        -1.035013602601609E-10
         1.000118255615234E+00         2.581719229510782E-07        -1.127805765444023E-10
         1.000296950340271E+00        -8.621751845794279E-08         3.655421104697965E-11
         1.000288844108582E+00        -1.956778703515738E-07         7.105085270131539E-11
         1.000070571899414E+00        -6.672460983736528E-08         1.877045047171677E-11
         9.999794960021973E-01        -1.999199099600446E-07         7.196399032238787E-11
         9.999263286590576E-01        -2.915181482876505E-07         1.074081726337717E-10
         9.998534917831421E-01        -1.944892886740490E-07         8.697241538069278E-11
         1.000009417533875E+00        -3.878314487337775E-07         1.640615421294456E-10
         1.000170946121216E+00        -4.768460257764673E-07         1.858963538658998E-10
         1.000166058540344E+00        -3.288699872427969E-07         1.232905860737432E-10
         1.000298380851746E+00        -3.925146074834629E-07         1.358225754088949E-10
         1.000272989273071E+00        -3.601504090511298E-07         1.178223352216179E-10
         1.000094175338745E+00        -1.803899749575066E-07         6.806255559155261E-11
         1.000014066696167E+00        -2.177363143118782E-07         9.123359706597611E-11
         1.000000357627869E+00        -4.244765534622275E-07         1.951994121895950E-10
         1.000100851058960E+00        -4.260483876805665E-07         1.828378282109355E-10
         1.000185847282410E+00        -2.064637953935744E-07         7.461686130083578E-11
         1.000248074531555E+00        -5.344240321392135E-07         1.897857981880691E-10
         9.999753832817078E-01        -2.830367407113954E-07         9.239498055535478E-11
         9.997459053993225E-01        -6.426804333159453E-08         2.940039184329279E-11
         9.997979998588562E-01         9.370869946678795E-08        -2.127761855597043E-11
         9.998489022254944E-01         1.978576875671934E-07        -8.289657849047671E-11
         9.997433423995972E-01         4.161618107900722E-07        -1.675185962168868E-10
         9.995983242988586E-01         4.471944237138814E-07        -1.758273804330912E-10
         9.996479153633118E-01         3.995335760009766E-07        -1.507454161497890E-10
         9.997400641441345E-01         2.576259703346295E-07        -8.208923818475711E-11
         9.997984766960144E-01         1.853540823049116E-07        -6.604227581474831E-11
         9.997609257698059E-01         2.722109684327734E-07        -9.738126277580861E-11
         9.996982812881470E-01         4.621941798177431E-07        -1.650183184542797E-10
         9.996461272239685E-01         4.758958596084994E-07        -1.631198509599585E-10
         9.997000694274902E-01         4.444130183856032E-07        -1.496020113345153E-10
         9.998108744621277E-01         3.343093624152971E-07        -1.030058816020585E-10
         9.996681213378906E-01         4.569949965116393E-07        -1.387635978344903E-10
         9.995864033699036E-01         3.911429473646422E-07        -1.259878312787066E-10
         9.995742440223694E-01         2.320835790214915E-07        -7.399589274648122E-11
         9.995981454849243E-01         2.612191849493684E-07        -9.501306685866240E-11
         9.996982216835022E-01         8.203947743368190E-08        -3.992577796152474E-11
         9.999035000801086E-01         4.855890978205935E-08        -2.328664518158607E-11
         9.998435378074646E-01         1.097459758625519E-07        -3.446955221253489E-11
         9.999993443489075E-01        -1.047785858077077E-08         5.254603609866626E-12
         1.000028252601624E+00         1.572576024955197E-07        -7.674454127748476E-11
         1.000100374221802E+00         7.489176390151897E-09        -1.474545659185811E-11
         9.999703168869019E-01         2.072666376307097E-07        -8.188950212373314E-11
         9.999216198921204E-01         1.303763923488077E-07        -6.224980947378000E-11
         1.000045180320740E+00         1.953607942084545E-08        -1.565213583742953E-11
         9.998208284378052E-01         4.084765237166721E-07        -1.435248864201100E-10
         9.999691247940063E-01         1.092274803937698E-08         2.234950939594693E-11
         9.998708963394165E-01         1.291919886625692E-07        -4.513698095842678E-11
         9.998217225074768E-01         2.719896130543020E-08        -3.754177090725674E-12
         9.997135996818542E-01         9.928240984891090E-08        -4.274015169558609E-11
         9.997652769088745E-01        -1.713968202921023E-07         5.239119207911536E-11
         9.996036887168884E-01         8.148946761821207E-08        -3.491072361749836E-11
         9.995871782302856E-01         2.322770455975842E-07        -9.890541857737745E-11
         9.996245503425598E-01         1.495394457151633E-07        -7.933582263364158E-11
         9.994678497314453E-01         3.311159559871157E-07        -1.390501325193583E-10
         9.995251893997192E-01         9.451282068084765E-08        -5.781477380173428E-11
         9.995060563087463E-01         1.939150706675719E-07        -9.063798322994643E-11
         9.995722770690918E-01         8.122879080474377E-08        -1.631325977080600E-11
         9.998204112052917E-01        -2.980643998284904E-08         2.567531950936619E-11
         9.997528195381165E-01         2.283080249299019E-07        -9.089276553631009E-11
         9.998250603675842E-01        -1.345528488627679E-08         2.583522631938173E-11
         9.998356103897095E-01         5.439253669692334E-08         6.511495769662146E-12
         0.000000000000000E+00         0.000000000000000E+00         0.000000000000000E+00
         9.995751380920410E-01         2.551773832237814E-07        -9.175186305165894E-11
         1.000023365020752E+00        -2.004117334308830E-07         6.760088322455005E-11
         1.000071048736572E+00        -2.594118768683984E-07         7.703134657921495E-11
         1.000074148178101E+00        -1.898445560755135E-07         6.191489682061402E-11
         1.000168800354004E+00        -2.423130354145542E-07         7.542987068287488E-11
         1.000180363655090E+00        -3.735595441867190E-07         1.261875465230489E-10
         1.000068187713623E+00        -2.649393877618422E-07         1.034076851924581E-10
         1.000015258789062E+00        -1.703388932128291E-07         6.925175710659204E-11
         9.999973773956299E-01        -1.471691888355053E-07         4.966789479698974E-11
         1.000080823898315E+00        -1.318528290994436E-07         9.611473943127447E-12
         1.000113368034363E+00        -3.687508964844710E-08        -2.158177456190735E-11
         1.000316023826599E+00        -1.489975574031632E-07         1.737872866447443E-11
         1.000346779823303E+00        -3.571056481632695E-07         1.105115027266734E-10
         1.000316023826599E+00        -3.357862397024292E-07         1.006049410445797E-10
         1.000169754028320E+00        -2.241148564507967E-07         7.512301891665629E-11
         1.000039100646973E+00        -9.673404122167995E-08         2.824740094609091E-11
         1.000100731849670E+00         5.568383087961593E-08        -2.328249225358459E-11
         1.000204443931580E+00        -1.387740127256620E-07         6.648687850274726E-11
         1.000017404556274E+00        -4.067567616061751E-08         1.573956416589528E-11
         9.998864531517029E-01        -6.916737760320757E-08         3.443872964581374E-11
         9.998540878295898E-01        -7.930874801331811E-08         3.206204052252914E-11
         1.000037074089050E+00        -1.131292961531472E-07         3.773651183203164E-11
         9.999176859855652E-01        -1.062999466228121E-08         4.870143784779790E-12
         1.000063061714172E+00        -2.603290170100081E-07         9.755050933701881E-11
         1.000001549720764E+00        -2.143044071090117E-07         7.806338214733088E-11
         1.000045061111450E+00        -3.778998802772549E-07         1.495705226339794E-10
         9.997892975807190E-01         8.143125285187125E-08        -2.565768777995636E-11
         9.999473690986633E-01        -1.752091236539854E-07         7.121353506889250E-11
         9.999232888221741E-01        -1.044483042278443E-07         3.606865153771288E-11
         9.997895956039429E-01         1.102059670188282E-07        -4.067895673087740E-11
         9.995573163032532E-01         4.328876173076424E-07        -1.646661557108686E-10
         9.996848106384277E-01         2.042485931497140E-07        -5.899181837465406E-11
         9.996408224105835E-01         1.355238623546029E-07        -4.905298736646024E-11
         9.996539354324341E-01         5.672098168929551E-08        -2.524494285491286E-12
         9.996885657310486E-01         2.191679193686014E-08         1.172430468682206E-11
         9.995868206024170E-01         1.510579181740468E-07        -3.090076111655904E-11
         9.999042749404907E-01        -1.535613449732409E-07         7.293378401218575E-11
         1.000040411949158E+00        -9.014868851409119E-09         7.620801559249379E-12
         1.000168681144714E+00        -7.913074284715549E-08         2.438915042146661E-11
         1.000216960906982E+00        -2.045988196641702E-07         6.804538182914044E-11
         1.000466823577881E+00        -2.821957423293497E-07         8.388178346363517E-11
         1.000631332397461E+00        -5.602374244517705E-07         1.956155237792245E-10
         1.000645160675049E+00        -5.788374437543098E-07         1.957179696088218E-10
         1.000449419021606E+00        -4.586119359828444E-07         1.656807330219223E-10
         1.000403642654419E+00        -4.056480804592866E-07         1.375146524429383E-10
         1.000324606895447E+00        -2.999174739670707E-07         8.352783742449077E-11
         1.000190734863281E+00        -5.800639613084968E-08        -6.029486371988968E-12
         1.000231266021729E+00        -2.473309734796203E-07         7.077077118777808E-11
         1.000233292579651E+00        -2.606781208669418E-07         6.398128554740978E-11
         1.000459313392639E+00        -5.260914690552454E-07         1.467220234196986E-10
         1.000523090362549E+00        -6.789834969822550E-07         2.270143240057365E-10
         1.000530958175659E+00        -4.640765496333188E-07         1.348809258727712E-10
         1.000499248504639E+00        -6.216241104084475E-07         2.163131757049186E-10
         1.000190734863281E+00        -3.677521931422234E-07         1.116163134140535E-10
         9.999653100967407E-01        -4.342342379004549E-07         1.495675527873885E-10
         9.996950626373291E-01        -2.922733983723447E-07         1.050381517875287E-10
         9.993805289268494E-01        -2.674966879112617E-07         1.060762241933411E-10
         9.990750551223755E-01         6.174320077434459E-08        -2.155156955674364E-11
         9.989343285560608E-01         1.994527032422866E-08        -3.145497100634498E-12
         9.985198974609375E-01         3.591170525396592E-07        -1.331083715472303E-10
         9.984139204025269E-01         2.767461069197452E-07        -1.085966871983146E-10
         9.981741905212402E-01         3.689751792990137E-07        -1.441045061056911E-10
         9.980174303054810E-01         3.800060142111761E-07        -1.638605084952616E-10
         9.978512525558472E-01         4.931443982059136E-07        -2.133288962147262E-10
         9.975770711898804E-01         5.539125709219661E-07        -2.158795642248634E-10
         9.972403049468994E-01         7.873321123952337E-07        -2.857231951036709E-10
         9.970572590827942E-01         8.664225674692716E-07        -3.222200006813836E-10
         9.969302415847778E-01         7.560760195701732E-07        -2.704445278833845E-10
         9.967752695083618E-01         7.419143912557047E-07        -2.576026614242721E-10
         9.965744614601135E-01         8.190813787223306E-07        -2.920156616514902E-10
         9.965104460716248E-01         6.114109964983072E-07        -2.242179220068863E-10
         9.962869882583618E-01         6.858119832031662E-07        -2.455859682282124E-10
         9.964306354522705E-01         4.611869144355296E-07        -1.864042392663023E-10
         9.962953925132751E-01         6.483211336671957E-07        -2.645782759547188E-10
         9.964652657508850E-01         3.233606946650980E-07        -1.560104684328323E-10
         9.963331222534180E-01         1.146372312632593E-07        -6.212075992495514E-11
         9.960529208183289E-01         3.217874322558600E-08        -4.188384014613966E-11
         0.000000000000000E+00         0.000000000000000E+00         0.000000000000000E+00
         0.000000000000000E+00         0.000000000000000E+00         0.000000000000000E+00
         0.000000000000000E+00         0.000000000000000E+00         0.000000000000000E+00
         0.000000000000000E+00         0.000000000000000E+00         0.000000000000000E+00
         0.000000000000000E+00         0.000000000000000E+00         0.000000000000000E+00
         0.000000000000000E+00         0.000000000000000E+00         0.000000000000000E+00
         0.000000000000000E+00         0.000000000000000E+00         0.000000000000000E+00
         0.000000000000000E+00         0.000000000000000E+00         0.000000000000000E+00
         1.003888010978699E+00        -4.841858753934503E-07         2.065343868151714E-10
         1.003883838653564E+00        -5.242535507932189E-07         2.253683489827907E-10
         1.003821372985840E+00        -5.589124612015439E-07         2.371424168146063E-10
         1.003648400306702E+00        -5.210863491811324E-07         2.249147812438679E-10
         1.003574609756470E+00        -7.568299906779430E-07         3.175614771144808E-10
         1.003442764282227E+00        -7.531884875788819E-07         2.916505925654178E-10
         1.003357410430908E+00        -1.029896111504058E-06         3.989144847782455E-10
         1.003168106079102E+00        -9.117111972045677E-07         3.378827495570391E-10
         1.003030896186829E+00        -7.099736194504658E-07         2.453885428188585E-10
         1.003104448318481E+00        -7.962921699800063E-07         2.865036263788312E-10
         1.002877950668335E+00        -6.876081783957488E-07         2.391849496241605E-10
         1.002590298652649E+00        -6.976764552746317E-07         2.246684088769157E-10
         1.002246737480164E+00        -6.487557584478054E-07         2.147591965373508E-10
         1.002157926559448E+00        -7.146540497160458E-07         2.523428133116568E-10
         1.001958370208740E+00        -4.802609510079492E-07         1.836132496046972E-10
         1.001710057258606E+00        -5.081463072542647E-08         2.468173061764833E-11
         1.001576542854309E+00         3.710349361085719E-08        -4.223255859608921E-12
         1.001424431800842E+00         1.320090774470373E-07        -3.869811415757596E-11
         1.001166701316833E+00         2.020191374185742E-07        -5.163448835165951E-11
         1.000993847846985E+00         2.346298373367972E-07        -6.764758891941725E-11
         1.000879526138306E+00         1.135064309210065E-07        -9.936817861599945E-12
         1.000553965568542E+00         3.787398554777610E-07        -1.058779522389308E-10
         1.000397324562073E+00         3.097987359979015E-07        -6.638339183906439E-11
         1.000253319740295E+00         3.576286928819172E-07        -9.734439643249715E-11
         1.000095486640930E+00         2.361920223847847E-07        -7.913292937589134E-11
         9.999299049377441E-01         1.766879194065041E-07        -5.571483552291312E-11
         1.000085234642029E+00         1.103575786309818E-09         1.173632024897842E-11
         9.999702572822571E-01         2.030761780957846E-09         2.691992809222832E-11
         9.998880624771118E-01         1.736083135028821E-07        -3.797109501824103E-11
         1.000048518180847E+00         1.214251597048133E-07        -3.570638923422464E-11
         1.000026702880859E+00         3.030412756288570E-07        -1.027512866458302E-10
         1.000046133995056E+00         2.363552198403340E-07        -6.914371852850820E-11
         1.000081062316895E+00         2.592740315776609E-07        -8.799500017531159E-11
         1.000116467475891E+00         1.437287835415191E-07        -3.930514247407757E-11
         1.000058174133301E+00         2.544399535509001E-07        -8.219211422577644E-11
         9.999683499336243E-01         1.457131446613857E-07        -4.443228424078072E-11
         1.000048518180847E+00        -3.032544881875765E-08         1.342274642129881E-11
         1.000037074089050E+00        -4.297768363414889E-09        -4.861933772248861E-12
         1.000111699104309E+00        -1.058503755757556E-07         3.377777224589096E-11
         1.000065565109253E+00        -1.069725570346236E-07         3.509557922054540E-11
         1.000171899795532E+00        -2.385543496075115E-07         7.206844843121729E-11
         1.000165820121765E+00        -1.726462670603723E-07         5.302202080170737E-11
         1.000213384628296E+00        -1.199962440523450E-07         1.540590571780243E-11
         1.000021219253540E+00         6.476020075751876E-08        -4.151003152319532E-11
         9.999316930770874E-01         5.069746844554857E-09        -3.731153233599294E-11
         9.998846054077148E-01         6.917633754710550E-08        -5.921611118120396E-11
         9.999448060989380E-01         2.603790427713193E-08        -2.416582559061631E-11
         9.999870061874390E-01         1.364871948794644E-08        -2.271243436380299E-11
         9.999460577964783E-01         1.448122475267155E-07        -4.994542626701737E-11
         9.999570846557617E-01         1.536642315613790E-07        -4.480370588422211E-11
         9.999207854270935E-01         1.014526134213156E-07        -2.910410454304291E-11
         9.999912381172180E-01        -2.286328992795461E-08         2.469264549775918E-11
         1.000033259391785E+00        -9.628816854956312E-08         6.584009032417626E-11
         1.000148892402649E+00        -1.665679860707314E-07         1.086710790798584E-10
         1.000106096267700E+00         4.293747579708906E-08         4.002322778751122E-12
         1.000196933746338E+00        -7.705834548232815E-08         4.615586732259480E-11
         1.000176310539246E+00         9.778459286735597E-08        -3.095172729228324E-11
         1.000175952911377E+00         8.886895130899575E-08        -2.599774215350514E-11
         1.000104188919067E+00         2.307550630575861E-07        -7.569857934930369E-11
         1.000087261199951E+00         2.998079366989259E-07        -9.074812429288315E-11
         1.000160574913025E+00         1.827816902277846E-07        -3.931222708475346E-11
         1.000018835067749E+00         3.207610745903366E-07        -8.049171745794226E-11
         1.000123858451843E+00         1.647730698550731E-07        -2.948145200187824E-11
         1.000203967094421E+00         1.673936225188299E-07        -1.886027098385590E-11
         1.000095844268799E+00         2.467888009505259E-07        -6.983427724982505E-11
         1.000120282173157E+00         1.558248641231330E-07        -3.615386115485286E-11
         1.000130534172058E+00         8.323310396463057E-08        -2.327862208550968E-11
         1.000097393989563E+00         3.955261007604349E-08        -1.706314256555430E-11
         1.000124931335449E+00        -1.056321465853216E-07         2.935388043745490E-11
         1.000112891197205E+00        -1.098146462652494E-08        -1.860205219028632E-11
         1.000118970870972E+00         2.060860460062486E-08        -2.675306677579758E-11
         9.999952912330627E-01         1.926117221273671E-07        -8.361592668260087E-11
         9.999656081199646E-01         1.804370128866140E-07        -7.496177983901120E-11
         1.000032782554626E+00         1.738095960490682E-07        -5.798764940445622E-11
         1.000045895576477E+00         1.845014594437089E-07        -6.649913258938156E-11
         1.000100493431091E+00         1.647138248017654E-07        -5.223580942792516E-11
         1.000061869621277E+00         5.202904773682349E-08         2.570948445454468E-12
         9.998692870140076E-01         2.273478827419240E-07        -6.158201032446797E-11
         9.997681975364685E-01         2.278621025197936E-07        -5.316105194941301E-11
         9.998368620872498E-01         6.844799571581461E-08        -8.994463160383326E-12
         9.998315572738647E-01         2.447771976221702E-07        -7.443018423813896E-11
         9.998962879180908E-01         3.745469712157501E-07        -1.337004812418385E-10
         9.999782443046570E-01         3.738865359537158E-07        -1.421146811342311E-10
         9.999484419822693E-01         3.896368241385062E-07        -1.515231412563267E-10
         9.999750852584839E-01         1.961235369662973E-07        -6.381865869098391E-11
         9.998208284378052E-01         3.536779047408345E-07        -1.291549645010548E-10
         9.999997615814209E-01         7.136426205534008E-08        -1.956072630260319E-11
         1.000090122222900E+00        -1.692540152475885E-08         1.448864899583624E-12
         1.000238180160522E+00        -1.929991810811771E-07         5.305489381157713E-11
         1.000318884849548E+00        -3.972856177369977E-07         1.330617838135595E-10
         1.000219345092773E+00        -1.328564565028501E-07         3.741101178844630E-11
         1.000319004058838E+00        -8.606505730313074E-08         1.319129527832530E-11
         9.999846220016479E-01        -1.066124539761404E-07         2.511293950568927E-11
         1.000141263008118E+00        -5.292076821206138E-07         1.828578538587422E-10
         1.000133752822876E+00        -7.462196549568034E-07         2.699068746281341E-10
         1.000088453292847E+00        -6.922936677256075E-07         2.420139921799347E-10
         0.000000000000000E+00         0.000000000000000E+00         0.000000000000000E+00
         0.000000000000000E+00         0.000000000000000E+00         0.000000000000000E+00
         9.995164871215820E-01        -2.596289334633184E-07         8.920092442465943E-11
         9.996720552444458E-01        -2.117337238871642E-08        -5.377753364149696E-12
         9.997956156730652E-01        -1.426554803174440E-07         5.281917958566140E-11
         9.995878934860229E-01         3.337357838972821E-07        -1.094838802950804E-10
         9.999157190322876E-01        -1.749400979633720E-07         7.608809415859952E-11
         9.998259544372559E-01        -1.045324182769036E-07         5.661660723577100E-11
         9.999127388000488E-01        -2.563824352819211E-07         1.118447001680067E-10
         9.999599456787109E-01        -3.350767769916274E-07         1.598945559289078E-10
         0.000000000000000E+00         0.000000000000000E+00         0.000000000000000E+00
         9.994200468063354E-01        -2.661982421159337E-07         1.276874855848931E-10
         9.996817111968994E-01        -2.864760517695686E-07         1.273172678395440E-10
         9.995531439781189E-01        -1.065926680254847E-09         1.745766552152528E-11
         9.995637536048889E-01        -1.177727027013020E-09         9.871145567608153E-12
         0.000000000000000E+00         0.000000000000000E+00         0.000000000000000E+00
         0.000000000000000E+00         0.000000000000000E+00         0.000000000000000E+00
         9.992341995239258E-01         3.440298996792990E-07        -1.319151315959388E-10
         9.993402361869812E-01         5.518064654097543E-07        -2.063098442084410E-10
         9.993889927864075E-01         5.006053243050701E-07        -1.947106087474282E-10
         9.993687868118286E-01         4.339537440500862E-07        -1.758408973984160E-10
         9.994137883186340E-01         3.304659514924424E-07        -1.364474783160929E-10
         9.995223283767700E-01         3.075535914831562E-07        -1.263135845919194E-10
         9.996686577796936E-01         3.369664511865267E-07        -1.159055004751330E-10
         9.994891881942749E-01         5.549651973524306E-07        -2.023133605089100E-10
         9.995757341384888E-01         4.477940933611535E-07        -1.503834279326099E-10
         9.997347593307495E-01         2.381431869480366E-07        -7.787596262298635E-11
         9.997958540916443E-01        -6.143696396065934E-08         4.127397729147830E-11
         9.996752738952637E-01         1.015123629599657E-07        -6.145867235268776E-12
         9.996695518493652E-01         2.325083698906383E-07        -6.662655843703291E-11
         9.997368454933167E-01         2.346173602063573E-07        -8.593079720009555E-11
         9.995627999305725E-01         7.311782610486262E-07        -2.876155424935689E-10
         9.996426701545715E-01         7.079052011249587E-07        -2.851257285829689E-10
         9.997364282608032E-01         4.996651341571123E-07        -1.987129349956263E-10
         9.997841119766235E-01         4.851235075875593E-07        -1.986674158516166E-10
         9.998019337654114E-01         3.924696159174346E-07        -1.425313200797973E-10
         9.997954964637756E-01         4.359591798674955E-07        -1.626934559295634E-10
         9.998472332954407E-01         2.562626377766719E-07        -9.483656915332261E-11
         9.997750520706177E-01         3.513540605126764E-07        -1.198905003052531E-10
         9.998130798339844E-01         3.972134834384633E-07        -1.423352130602851E-10
         9.996740221977234E-01         5.700379119844001E-07        -1.994050896625410E-10
         9.998186230659485E-01         4.176409618139587E-07        -1.183246417513217E-10
         9.998135566711426E-01         3.901348861745646E-07        -9.752416235686567E-11
         9.997220039367676E-01         3.540077386787743E-07        -6.395973334294425E-11
         9.997958540916443E-01         1.926259045603729E-07        -6.500169760087493E-12
         9.997315406799316E-01         2.655135062923364E-07        -4.154415353396779E-11
         9.998226165771484E-01         1.116734864581304E-07        -1.447025832490567E-11
         9.999086260795593E-01         1.240912155253682E-07        -2.244628267977777E-11
         9.999641180038452E-01         5.303374450704723E-08         6.088788327696104E-12
         9.997851848602295E-01         1.999892873527642E-07        -5.513941039869685E-11
         9.997064471244812E-01         2.327567045767864E-07        -5.956128645845382E-11
         9.995929002761841E-01         1.236450941632938E-07        -1.758901878312624E-11
         9.995529651641846E-01         5.393100366291037E-08         1.902498124317642E-11
         9.996559619903564E-01         4.179958779104709E-08         1.269123087871415E-11
         9.996285438537598E-01         7.623451381277846E-08        -8.720018630781201E-12
         9.996337890625000E-01         8.866820877528880E-08        -4.083585032621517E-12
         9.998509883880615E-01        -1.610281401553948E-07         9.613509294181810E-11
         9.996719956398010E-01        -8.632397197061437E-08         6.684223313735416E-11
         9.995719194412231E-01        -8.578394528058197E-08         4.799127067967035E-11
         9.995326995849609E-01        -1.858946774291326E-07         6.520758932815340E-11
         9.993038177490234E-01        -1.730747101191810E-07         4.294180289132754E-11
         9.990604519844055E-01        -8.117137184626699E-08         1.386200182418307E-11
         9.988899230957031E-01        -6.554725473506551E-08        -4.606424183067892E-12
         9.987128973007202E-01         5.879738917968780E-10        -4.681674839468464E-11
         9.986457824707031E-01         8.540281726254761E-08        -9.665999251007307E-11
         9.984930157661438E-01         9.534150535728259E-08        -7.741172980413324E-11
         9.982776045799255E-01         3.677089637221798E-07        -1.916963671133587E-10
         9.980223774909973E-01         6.357756205943588E-07        -2.992824321701448E-10
         9.981213808059692E-01         4.364523249478225E-07        -2.212539179646811E-10
         9.981267452239990E-01         4.756888074552990E-07        -2.145172511847093E-10
         9.978244900703430E-01         6.174713576001523E-07        -2.677721655519605E-10
         9.976457357406616E-01         5.626862957797130E-07        -2.361783824067487E-10
         9.974364042282104E-01         6.460745112235600E-07        -2.530945730772061E-10
         9.972905516624451E-01         6.565337571373675E-07        -2.500041007547082E-10
         9.971609115600586E-01         5.606029844784644E-07        -2.251714925627368E-10
         9.969183206558228E-01         4.811857934328145E-07        -1.858349307770624E-10
         9.966688156127930E-01         7.363230452028802E-07        -2.755151662370281E-10
         9.964525103569031E-01         7.817857863301469E-07        -2.878186577959241E-10
         9.962797164916992E-01         7.745330208308587E-07        -2.879921578990974E-10
         9.961505532264709E-01         6.980674811529752E-07        -2.785083552669931E-10
         9.959583878517151E-01         6.571374342456693E-07        -2.835552903590610E-10
         9.956792593002319E-01         8.388965397898573E-07        -3.639855084003329E-10
         0.000000000000000E+00         0.000000000000000E+00         0.000000000000000E+00
         0.000000000000000E+00         0.000000000000000E+00         0.000000000000000E+00
         0.000000000000000E+00         0.000000000000000E+00         0.000000000000000E+00
         0.000000000000000E+00         0.000000000000000E+00         0.000000000000000E+00
         0.000000000000000E+00         0.000000000000000E+00         0.000000000000000E+00
         0.000000000000000E+00         0.000000000000000E+00         0.000000000000000E+00
         0.000000000000000E+00         0.000000000000000E+00         0.000000000000000E+00
         1.004035949707031E+00        -1.279792911645927E-07         1.305449758709498E-11
         1.003862261772156E+00        -1.033273520079092E-07        -1.282977521964435E-12
         1.003795027732849E+00        -4.195686074126570E-07         1.312848024737079E-10
         1.003729939460754E+00        -4.419827632773377E-07         1.432075985574599E-10
         1.003584623336792E+00        -3.757830597805878E-07         1.010676473067740E-10
         1.003111004829407E+00        -8.087111424970317E-09        -7.858874141730698E-12
         1.003003835678101E+00        -2.116767632287520E-07         6.375078243081589E-11
         1.002966046333313E+00        -4.856490818383463E-07         1.429935891916756E-10
         1.002807855606079E+00        -4.348125912656542E-07         1.200873706030947E-10
         1.002571225166321E+00        -5.114530381433724E-07         1.728800436140432E-10
         1.002558827400208E+00        -5.662752187163278E-07         1.846851838127606E-10
         1.002272844314575E+00        -3.308433065285499E-07         1.204590871495270E-10
         1.002180814743042E+00        -4.400515081215417E-07         1.718411940521136E-10
         1.002066254615784E+00        -5.253348831502080E-07         2.120367770253040E-10
         1.001932144165039E+00        -5.078372282696364E-07         2.038890445366093E-10
         1.001988053321838E+00        -6.757667279089219E-07         2.415815048006920E-10
         1.002066850662231E+00        -8.486746878588747E-07         2.928753073394574E-10
         1.001873254776001E+00        -7.334133442782331E-07         2.304334917324624E-10
         1.001489400863647E+00        -4.197523537641246E-07         1.217123207775117E-10
         1.001466035842896E+00        -6.735947977176693E-07         2.096924855976567E-10
         1.001330733299255E+00        -4.639293820218882E-07         1.184915221497107E-10
         1.001092433929443E+00        -2.573084714185825E-07         4.161458330709245E-11
         1.000898480415344E+00        -2.944826178463700E-07         7.254427614178383E-11
         1.000636816024780E+00        -2.261995746266621E-07         6.221210352430617E-11
         1.000518798828125E+00        -2.187776573236988E-07         6.907153321522586E-11
         1.000254988670349E+00         7.729948237056306E-08        -3.769931936070670E-11
         1.000270366668701E+00         3.420573335688459E-08        -1.192938976768421E-11
         1.000246644020081E+00        -2.823394424922299E-07         1.282509931588294E-10
         1.000192642211914E+00        -2.760488655439985E-07         1.314563180532247E-10
         1.000126361846924E+00        -2.034426529462507E-07         1.054833442815095E-10
         1.000194787979126E+00        -3.838052862192853E-07         1.488930645443531E-10
         1.000029563903809E+00        -2.473430527061282E-07         9.100217801538690E-11
         9.999718666076660E-01        -1.795176700625234E-07         9.737666228915032E-11
         9.998276829719543E-01        -5.028649496807702E-08         4.892790686494841E-11
         9.997769594192505E-01        -9.477746232278150E-08         7.480036728901851E-11
         9.999820590019226E-01        -3.725185138137022E-07         1.755601358732761E-10
         9.999835491180420E-01        -2.217996524223054E-07         1.195954446586711E-10
         9.997376203536987E-01         1.694080395964193E-07        -3.764536252170991E-11
         9.997421503067017E-01         2.962216605340018E-08         2.299428182583885E-11
         9.998558163642883E-01        -1.322082443522277E-09         1.741846597513863E-11
         9.999694228172302E-01         1.011656820537610E-07        -4.055066352148806E-11
         9.998074769973755E-01         3.748799031200178E-07        -1.448757919186860E-10
         9.999886155128479E-01         3.520306961490860E-07        -1.529706084024696E-10
         1.000198483467102E+00         3.475334153790754E-08        -3.570852641354705E-11
         1.000338673591614E+00        -2.915321601903997E-07         5.575149369940746E-11
         1.000350594520569E+00        -4.917820319860766E-07         1.115744580060252E-10
         1.000429272651672E+00        -5.467064738695626E-07         1.198421362147428E-10
         1.000439047813416E+00        -6.138091634966258E-07         1.465938204159301E-10
         1.000331401824951E+00        -5.084242502562120E-07         1.155616088932554E-10
         1.000340700149536E+00        -4.702945943790837E-07         1.278784717007042E-10
         1.000305533409119E+00        -3.152049998789153E-07         7.923508377194466E-11
         1.000244975090027E+00        -4.178741050964163E-07         1.269279126248080E-10
         1.000469207763672E+00        -6.525472144858213E-07         2.154234013396206E-10
         1.000337123870850E+00        -5.495778623298975E-07         2.016959793627038E-10
         1.000223755836487E+00        -3.425705017434666E-07         1.290574175305537E-10
         1.000499129295349E+00        -4.215511637539748E-07         1.631541290958438E-10
         1.000590682029724E+00        -5.115243197906238E-07         2.012941341389407E-10
         1.000531435012817E+00        -5.178031301511510E-07         1.838225960337780E-10
         1.000659584999084E+00        -7.095871978890500E-07         2.372733953759365E-10
         1.000780105590820E+00        -7.890641882113414E-07         2.658522568754762E-10
         1.000481247901917E+00        -5.585487201642536E-07         1.996731391340489E-10
         1.000109195709229E+00        -1.296720739674129E-07         5.834656369163582E-11
         9.997999668121338E-01         4.462564220375498E-07        -1.524615572678911E-10
         9.997302889823914E-01         5.397664040174277E-07        -1.722831599604291E-10
         9.997271299362183E-01         5.305607828631764E-07        -1.644751279616941E-10
         9.995968937873840E-01         8.162379003806564E-07        -2.661611764320782E-10
         9.994776248931885E-01         7.830106483197596E-07        -2.231620443993165E-10
         9.995093941688538E-01         6.170486130940844E-07        -1.516523712163931E-10
         9.994863271713257E-01         7.949130917950242E-07        -2.303850443752253E-10
         9.993990063667297E-01         8.407388918385550E-07        -2.561456879934809E-10
         9.996439814567566E-01         6.188146244312520E-07        -1.957568274146837E-10
         9.998408555984497E-01         4.572818568249204E-07        -1.677200600624928E-10
         9.998303055763245E-01         4.400552882088959E-07        -1.637524560393899E-10
         1.000222682952881E+00         5.927388357918062E-08        -2.484971256544455E-11
         1.000149250030518E+00         1.810662979551125E-07        -9.882490659141041E-11
         9.999545216560364E-01         2.549879241087183E-07        -1.258540494042393E-10
         1.000115156173706E+00        -1.713202735231789E-08        -2.833683808434184E-11
         9.999428987503052E-01         1.317443008019836E-07        -7.577033445116399E-11
         1.000098586082458E+00        -2.182534046824003E-07         7.279524899539425E-11
         1.000198960304260E+00        -1.038565571320760E-07         2.106587994321618E-11
         1.000041961669922E+00         7.631872733782075E-08        -5.982924572434101E-11
         1.000180959701538E+00        -1.018430637600432E-07         9.619985363862327E-12
         1.000196814537048E+00         1.270137062192589E-07        -1.020762363523886E-10
         1.000349640846252E+00        -2.508466252493236E-07         5.608291261949283E-11
         1.000415921211243E+00        -3.069214926654240E-07         7.459280415567093E-11
         1.000476479530334E+00        -4.470737735573493E-07         1.382855774334502E-10
         1.000409483909607E+00        -4.599509964009485E-07         1.621066891832612E-10
         1.000393629074097E+00        -2.769048421669140E-07         8.903133091875404E-11
         1.000534772872925E+00        -6.142585107227205E-07         1.952849548736424E-10
         1.000386476516724E+00        -3.389103824247286E-07         8.559117303796882E-11
         1.000158786773682E+00        -1.733697985173421E-07         2.019401833253109E-11
         1.000059366226196E+00        -2.222353288061640E-07         6.697436355507236E-11
         9.999349713325500E-01         6.703595012425012E-09        -1.650894351779009E-11
         9.998002648353577E-01        -8.214728453026510E-09        -1.668327975767880E-11
         9.999518990516663E-01        -1.507275015910636E-07         3.049706320812362E-11
         1.000035166740417E+00        -4.874836463386600E-07         1.886460015976255E-10
         1.000068664550781E+00        -6.095411322348809E-07         2.428764689366147E-10
         1.000119328498840E+00        -6.888955681461084E-07         2.739542481755564E-10
         9.998653531074524E-01        -4.440848329068103E-07         2.002625149044590E-10
         9.999044537544250E-01        -3.092000895321689E-07         1.495061158207633E-10
         9.998077154159546E-01        -1.303389041140690E-07         7.274517099808975E-11
         9.996983408927917E-01         4.144313265896926E-07        -1.543715572038806E-10
         9.994034767150879E-01         6.846665314697020E-07        -2.534588094960100E-10
         9.994340538978577E-01         7.213768640212948E-07        -2.741109283999066E-10
         9.996041059494019E-01         3.265175223532424E-07        -1.230918561523353E-10
         9.998517632484436E-01        -4.725056328425126E-07         1.811947675234293E-10
         9.997588396072388E-01        -3.279997713434568E-07         1.577136199415463E-10
         9.998151659965515E-01        -3.688112713007285E-07         1.821779116450983E-10
         9.998767375946045E-01        -1.464739654011282E-07         8.416628505258927E-11
         9.997776746749878E-01        -3.047014729418152E-08         4.412917253837634E-11
         9.996709823608398E-01         2.325848242890061E-07        -7.806141844035608E-11
         9.996482729911804E-01         3.597949955747026E-07        -1.332323695812931E-10
         9.996847510337830E-01         3.141894637792575E-07        -1.141680569527459E-10
         9.993852972984314E-01         9.044313742379018E-07        -3.241053536662264E-10
         9.995431303977966E-01         7.095201794982131E-07        -2.660702214107857E-10
         9.995534420013428E-01         7.881466785875091E-07        -2.998086501282415E-10
         9.995871782302856E-01         5.545848580368329E-07        -2.214862598881595E-10
         9.997557401657104E-01         3.011719229562004E-07        -1.133945159992322E-10
         9.996603727340698E-01         1.680552514926603E-07        -7.839678212162582E-11
         9.995989203453064E-01         1.690287803057799E-07        -1.217343864601261E-10
         9.996095895767212E-01        -1.065227239749333E-09        -4.114824800338646E-11
         9.997262358665466E-01         6.830322973883085E-08        -2.104356446042122E-11
         9.996813535690308E-01         2.062682824544027E-07        -6.286308279479513E-11
         9.997218847274780E-01        -5.997452490191790E-08         3.779167950801465E-11
         9.997694492340088E-01        -2.678602299965860E-07         9.689370833454447E-11
         9.999509453773499E-01        -3.832162462913402E-07         1.344919037249426E-10
         1.000069737434387E+00        -4.483295015234035E-07         1.338776034476297E-10
         1.000180125236511E+00        -2.216149255218625E-07         2.167994603285983E-11
         1.000180482864380E+00        -2.308970437070457E-07        -1.718755996901744E-12
         1.000151872634888E+00        -2.636461999827588E-07         2.015191312432218E-11
         1.000143527984619E+00        -5.023467224418710E-07         1.477483274614499E-10
         1.000290751457214E+00        -5.421297259999847E-07         1.804375815428472E-10
         9.998956322669983E-01         2.654016952874372E-07        -1.259951448728813E-10
         1.000320911407471E+00        -2.494366810879001E-07         4.019977059566138E-11
         1.000004053115845E+00        -1.184811964094479E-07         2.558755464454610E-11
         1.000132441520691E+00        -3.655033253835427E-07         1.744425021099616E-10
         1.000172615051270E+00        -6.220093382580671E-07         2.625891171170736E-10
         1.000470757484436E+00        -9.164390348814777E-07         3.610402532494561E-10
         1.000514149665833E+00        -9.439690984436311E-07         3.785775304354644E-10
         1.000501751899719E+00        -8.710291012903326E-07         3.621390687325032E-10
         1.000211358070374E+00        -6.096429956414795E-07         2.880730654020169E-10
         1.000190854072571E+00        -4.093252243819734E-07         2.056473880074350E-10
         9.999260902404785E-01        -8.744449608855120E-09         8.766162101769837E-11
         9.999117851257324E-01         1.021378039922638E-07         6.515412515062380E-11
         9.991247057914734E-01         1.517599457656615E-06        -4.820654431192395E-10
         9.988478422164917E-01         1.998586185436579E-06        -6.424461518328428E-10
         9.989923834800720E-01         1.665067998146696E-06        -4.877226955635194E-10
         9.996263980865479E-01         3.439350564349297E-07        -3.056168512705071E-11
         9.999420642852783E-01        -3.307471274638374E-07         2.003627957991583E-10
         1.000068426132202E+00        -9.243672138836700E-07         4.453209745403086E-10
         1.000460624694824E+00        -9.728676104714395E-07         3.956195371301874E-10
         9.996898770332336E-01        -2.389327313778722E-08         2.172779491049770E-11
         9.996042847633362E-01         2.534962106892635E-07        -1.289113954472398E-10
         9.998309612274170E-01        -2.393252600541018E-07         6.680063446840023E-11
         1.000265955924988E+00        -1.202075054607121E-06         4.131887887393049E-10
         1.000541090965271E+00        -1.905912199617887E-06         6.819868558771702E-10
         1.000377774238586E+00        -1.627296455808391E-06         5.957530024858215E-10
         1.000234007835388E+00        -1.058985617419239E-06         3.418349214800998E-10
         1.000173091888428E+00        -7.860282380534045E-07         2.399416221265938E-10
         9.999790191650391E-01        -2.603834445835673E-07         7.823069969603580E-11
         9.996716380119324E-01         1.705676453411797E-07        -6.855221251766963E-11
         9.986850619316101E-01         1.949140823853668E-06        -6.912652117385676E-10
         9.993271827697754E-01         8.743809303268790E-07        -3.390732417063447E-10
         9.988537430763245E-01         1.725471179270244E-06        -6.565777921352378E-10
         9.999853968620300E-01         9.319226990101015E-08        -1.016951939325494E-10
         1.000409722328186E+00        -2.412210449165286E-07        -7.101934058201254E-12
         1.000352621078491E+00        -1.423568818381682E-07        -6.098076210658832E-11
         1.000467419624329E+00        -2.052449730172157E-07        -2.007618030153147E-11
         1.000526070594788E+00        -1.705459737877391E-07        -3.890530259065272E-11
         1.000621795654297E+00        -2.864454131668026E-07        -6.396311431899893E-12
         1.000970602035522E+00        -6.666051035608689E-07         1.124418752551648E-10
         1.001073002815247E+00        -9.509478218205913E-07         2.143182714631209E-10
         1.000660300254822E+00        -1.262105175925399E-08        -1.129857665760348E-10
         1.000255584716797E+00         8.785816021372739E-07        -3.844586315970844E-10
         9.998965859413147E-01         9.003049399325391E-07        -2.885401362284767E-10
         9.997929334640503E-01         8.819645813673560E-07        -2.475809557367370E-10
         9.998903870582581E-01         6.413575306396524E-07        -1.268303656543068E-10
         1.000026583671570E+00         1.983295305763022E-07         3.570492165816397E-11
         1.000038266181946E+00         6.045433451618010E-07        -1.607214639154364E-10
         1.000179767608643E+00         2.891082147016277E-07        -3.186553451661744E-11
