         1.001244902610779E+00        -4.974660896550631E-07         4.319768986960071E-10
         1.002291083335876E+00        -1.857033566921018E-06         9.396500244562844E-10
         1.002412796020508E+00        -1.853429807852081E-06         4.648643969762389E-10
         1.001842856407166E+00        -4.079343227658683E-07        -2.823314360078655E-10
         1.002486228942871E+00        -1.960691633939859E-06         3.695540054526880E-11
         1.002420544624329E+00        -1.939868752742768E-06         1.597573739964275E-10
         1.002290129661560E+00        -1.918780526466435E-06         3.075708090993778E-11
         1.001883268356323E+00        -2.038409775195760E-06         3.196903852753508E-10
         1.001463651657104E+00        -1.736181275191484E-06         1.596519028090881E-10
         1.000481247901917E+00        -1.043229858055383E-08        -3.295693995486459E-10
         9.997225999832153E-01         1.134570425165293E-06        -2.797782283625594E-10
         1.000063776969910E+00         5.156999804967199E-07        -5.140724512742167E-10
         1.000278711318970E+00        -4.949253593622416E-07        -1.959424428266132E-10
         1.000810146331787E+00        -1.741717142067500E-06         2.081309985468849E-10
         1.000665903091431E+00        -1.574493694533885E-06         2.317561142994862E-10
         1.000622391700745E+00        -1.097519430004468E-06         1.498369830987833E-11
         1.000131607055664E+00         1.820274064812111E-08        -3.686891347776111E-10
         1.000323772430420E+00        -7.889263429206039E-07         4.073655579528435E-10
         1.000622391700745E+00        -3.234787300243624E-07        -1.507267366473997E-10
         1.001616120338440E+00        -1.020845843413554E-06        -9.638463638328432E-11
         1.001551389694214E+00        -7.451250780832197E-07         6.967377629701899E-12
         1.001120686531067E+00         1.259618898075132E-07         7.638930460407423E-11
         1.000719070434570E+00         8.775203923505615E-07        -1.464525029026831E-10
         1.000615000724792E+00         5.950294053036487E-07         1.290726969749301E-10
         1.000254869461060E+00         7.951801421768323E-07         3.667059988998744E-10
         1.000593304634094E+00         1.712482315952002E-07         5.193493413102601E-10
         1.000380992889404E+00         3.709703833010281E-07         4.968601086119406E-10
         1.000334382057190E+00         8.220059157793003E-07        -5.486280527100540E-11
         1.000130653381348E+00         5.405134970715153E-07         3.763066802608961E-10
         9.998869895935059E-01         8.675564799887070E-07         2.698647416643496E-10
         9.999662637710571E-01         1.098153006751090E-06        -1.950259953531486E-10
         1.000455260276794E+00         3.289701737685391E-07        -1.810957911407840E-10
         1.000344872474670E+00         2.811656827361730E-07        -3.152034466769038E-10
         1.000203728675842E+00         2.665940712631709E-07        -2.498501405767684E-10
         1.000433683395386E+00         5.798949018753774E-07        -4.346541737643150E-10
         1.000038743019104E+00         1.877234012681583E-06        -6.673722130479121E-10
         1.000368595123291E+00         7.758869173812855E-07        -1.564698370870587E-10
         9.999422430992126E-01         1.258492375200149E-06         9.951930252105612E-11
         9.998865723609924E-01         1.449795263397391E-06         7.436033039320833E-11
         9.992123246192932E-01         2.291298415002530E-06        -2.660772435714165E-10
         9.987031817436218E-01         2.470678964527906E-06        -7.721424055695536E-10
         9.988314509391785E-01         1.253463551620371E-06        -5.672691760771897E-10
         9.993073344230652E-01         3.703863455939427E-07        -3.859918218385161E-10
         9.988498687744141E-01         5.998189749334415E-07        -4.518933560682115E-10
         9.985773563385010E-01         7.372549930551031E-07        -5.106598477411239E-10
         9.986882805824280E-01         6.002022132634011E-07        -5.487545973181795E-10
         9.989972710609436E-01         6.945163590899028E-07        -5.679802184133109E-10
         9.985237121582031E-01         1.490773911427823E-06        -2.396254306091805E-10
         9.997307062149048E-01         3.054412545111518E-08        -3.928648240059118E-10
         9.997813701629639E-01         6.110167873885075E-07        -4.518299623335054E-10
         9.998804926872253E-01         8.535954520993982E-07        -5.832433980224039E-10
         1.000295758247375E+00        -3.466942359864333E-07        -1.678935185323027E-10
         1.000688672065735E+00        -7.037232307993690E-07        -1.248867537162468E-10
         1.000278234481812E+00         4.197404734895827E-08        -1.481584299689587E-10
         1.000275969505310E+00         1.653088048669815E-07        -2.993632564063375E-10
         9.995387196540833E-01         8.764295102992037E-07        -4.462132330296242E-10
         9.994310140609741E-01         7.320778649955173E-07        -3.504502521511910E-10
         9.995436072349548E-01         3.792600580254657E-07        -1.076497155305667E-10
         9.992547631263733E-01         6.091289037613024E-07         2.954425116011294E-12
         9.991927146911621E-01         3.347820438648341E-07         4.050941526667629E-10
         9.990637898445129E-01         2.915881509579776E-07         5.025690974491681E-10
         9.991410374641418E-01         1.468273325144764E-07         3.298019635167293E-10
         9.986560940742493E-01         9.099297813008889E-07         1.940728966420835E-10
         9.986856579780579E-01         9.971497547667241E-07        -3.266364956289181E-10
         9.994081258773804E-01        -3.261254164499405E-07        -1.248914582863137E-10
         9.993046522140503E-01        -7.143849956037229E-08        -1.488908024649405E-10
         9.994886517524719E-01        -1.082711236222167E-07        -1.494434159754476E-10
         9.998527169227600E-01        -3.188197581494023E-07         6.651030420856685E-12
         9.998645782470703E-01        -5.991368823288212E-08        -2.476937058237816E-11
         9.998338222503662E-01         2.343536493754073E-07        -1.172227731549569E-10
         1.000122547149658E+00        -7.547896530013531E-08        -6.631806215295910E-11
         1.000819563865662E+00        -1.538260903544142E-06         4.067290115816746E-10
         1.000494241714478E+00        -1.474093323849957E-06         4.149232346595255E-10
         9.999307394027710E-01        -4.258371575360798E-07         8.716780769413290E-11
         9.991223216056824E-01         2.493540023351670E-07         7.071618290943604E-11
         9.995051026344299E-01        -2.262526948015875E-07         1.987069675468689E-10
         9.993740320205688E-01        -6.528736662403389E-08         2.077271132883141E-10
         9.992260336875916E-01        -3.597218096729193E-07         2.836985091292377E-10
         9.993250370025635E-01        -1.073401449502853E-06         4.067406134122820E-10
         9.993922710418701E-01        -2.120105364156188E-06         7.460521644908624E-10
         9.987587332725525E-01        -8.217634217544401E-07         2.563728951354705E-10
         9.986867308616638E-01        -5.125028792463127E-07        -3.890571198539305E-11
         9.986382126808167E-01         3.148165603761299E-07        -3.010182936247219E-10
         9.990613460540771E-01         2.859433152480051E-07        -3.770367629218896E-10
         9.992954730987549E-01         2.222315913513739E-07        -2.355328987402316E-10
         9.995437860488892E-01        -1.215325085013319E-07        -1.726602610885308E-10
         9.993988275527954E-01         4.076931077179324E-07        -1.908212199364101E-10
         9.996920228004456E-01         3.733839832875674E-07        -8.918254329470798E-11
         9.999222159385681E-01        -9.649717469528696E-08         1.044495739899176E-10
         9.995139241218567E-01         5.402632154982712E-07         1.226783813423893E-10
         9.992755651473999E-01         9.535921776659961E-07        -4.269618270047459E-10
         9.993532896041870E-01         1.346406520497112E-06        -2.261900111655279E-10
         9.992054104804993E-01         2.240922185592353E-06        -5.749901665907942E-10
         1.000024795532227E+00         7.816763627488399E-07        -4.234279316062128E-10
         1.000857591629028E+00        -4.960185151503538E-07        -1.065800711574916E-10
         1.000369429588318E+00        -3.888550281772041E-08        -1.730233040175833E-10
         1.000323772430420E+00        -4.109394637907826E-07        -1.036415467337015E-10
         1.000471591949463E+00        -7.446274707945122E-07        -7.822879150021222E-11
         1.000468373298645E+00        -7.776636721246177E-07         6.771027488694514E-11
         1.000334262847900E+00        -9.613493290316910E-08        -1.789249720607344E-10
         1.000495076179504E+00         9.724515415143742E-09         3.863519573710228E-11
         1.000405073165894E+00         5.265992513159290E-07        -6.084713288778687E-11
         1.000659704208374E+00         4.799141493094794E-07         1.227852021445930E-11
         1.000666260719299E+00         2.825399576522614E-07         5.127170910057544E-10
         1.000810980796814E+00        -3.256820662045357E-07         6.830867538276664E-10
         1.001100778579712E+00        -1.455819415241422E-06         1.006686956017688E-09
         1.000712275505066E+00        -1.754278855514713E-06         6.404176633445502E-10
         9.995135068893433E-01        -3.596883004775009E-07         6.792900686392045E-10
         9.996739029884338E-01        -6.452788170463464E-07         1.558132095569320E-10
         9.996066689491272E-01        -6.699375489915838E-07         1.294981760713299E-10
         9.994197487831116E-01        -4.912552640234935E-07         3.843967089078859E-10
         9.993811249732971E-01        -1.841885648445896E-07         2.424598299910485E-10
         1.000198721885681E+00        -1.111594656322268E-06        -1.335238018242146E-12
         1.000098466873169E+00        -6.645394137194671E-07        -8.465921713662894E-11
         9.997645020484924E-01        -6.984902825024619E-07         4.390783917007646E-11
         9.990672469139099E-01         4.969771225660224E-07        -1.231865581763358E-10
         9.997245073318481E-01        -5.203888804317103E-07         1.127730062111532E-10
         9.991399645805359E-01         1.475451538723860E-09         2.402832099956953E-10
         9.995756745338440E-01        -2.560862526479468E-07        -3.586712177261475E-11
         9.998664855957031E-01        -7.247693001311006E-10        -9.694498676049434E-11
         9.998301863670349E-01         1.954217765387511E-08        -2.938262966267757E-10
         1.000649333000183E+00        -1.053994424182747E-06        -8.297311449023681E-11
         1.000348448753357E+00        -3.489221001018450E-07        -2.792410191965189E-10
         1.000145316123962E+00         1.518500596375816E-07        -4.421931709686078E-10
         1.000546574592590E+00        -1.637136506360548E-07        -2.491452599784338E-10
         1.000165581703186E+00         2.329914678966816E-07        -3.101938983451902E-10
         9.996165633201599E-01         5.416927137957828E-07        -4.298905120769803E-10
         9.994350671768188E-01         6.113281187936082E-07        -3.443882123921327E-10
         9.991317987442017E-01         1.440376081518480E-06        -5.474816155981443E-10
         9.997242093086243E-01         7.195051807684649E-07        -2.922611042066592E-10
         9.997789859771729E-01         1.484040126342734E-06        -6.115987716270865E-10
         1.000166177749634E+00         1.059663304658898E-06        -3.312076168882072E-10
         1.000154018402100E+00         9.095675181924889E-07        -3.488662136952314E-10
         1.000169277191162E+00         6.519262569781858E-07        -2.353726380466270E-10
         1.000686645507812E+00         2.855191212347563E-07        -2.127903964144195E-10
         1.000473141670227E+00         8.401607942687406E-07        -3.934650383285998E-10
         1.000322818756104E+00         5.687964517164801E-07        -3.271602710963606E-10
         1.000434160232544E+00         2.945808716958709E-07        -1.725207893210623E-10
         1.000234842300415E+00         4.263693540451641E-07        -1.845253810861536E-10
         9.998262524604797E-01         6.169464654703916E-07        -1.721289083489452E-10
         9.997075200080872E-01         2.934587826075585E-07         3.388119299008174E-11
         9.991759657859802E-01         8.575205470151559E-07        -7.068381990826822E-11
         9.990667104721069E-01         4.589087154727167E-07        -4.048280807800175E-11
         9.991519451141357E-01         4.326982718794170E-07        -1.099585145158954E-10
         9.991806745529175E-01         7.637051879783030E-08         5.399085623025712E-10
         9.993762373924255E-01        -4.556126853572096E-08         6.611403646772374E-10
         9.998983144760132E-01        -3.011406874975364E-07         2.280275968047363E-10
         1.000357151031494E+00        -1.350811089650961E-06         5.555707005555632E-10
         1.000266790390015E+00        -1.128030589825357E-06         4.383466645219158E-10
         1.000022053718567E+00        -1.266956587642198E-06         5.556077820045857E-10
         9.994654655456543E-01        -3.998962085915991E-07         1.627648016366834E-10
         9.995114803314209E-01         1.327723850863549E-07        -6.257377949125953E-11
         9.999864697456360E-01        -2.496181252809038E-07        -1.052114714794605E-10
         1.000071167945862E+00        -3.008309477081639E-07        -2.393606840511708E-11
         1.000047564506531E+00         4.816031946575094E-07        -2.571104162907289E-10
         1.000733613967896E+00        -7.675070179402610E-08        -1.722810609450232E-11
         1.000610470771790E+00         4.484681142002955E-07         2.536844519174242E-11
         1.000376105308533E+00         3.903716674358293E-07         4.192514391210267E-10
         1.000279784202576E+00         2.001820149644118E-07         4.576346246398799E-10
         1.000273585319519E+00         4.713259045274754E-07         1.420751571945544E-10
         1.000247120857239E+00         4.895198912890919E-07         6.391292356466849E-11
         1.000211954116821E+00         4.807804430129181E-07        -4.847176132694031E-11
         1.000020027160645E+00         2.525425202293263E-07        -1.041957908842761E-10
         1.000229001045227E+00        -3.192163831045036E-07         4.261241966924123E-12
         1.000293970108032E+00        -1.880224829164945E-07        -1.710415836742030E-10
         1.000060081481934E+00         4.152119288391987E-07        -2.957757372357150E-10
         1.000217437744141E+00        -4.163711366800271E-07        -1.241625274817082E-10
         1.000023007392883E+00        -2.747265455127490E-07        -2.088123424170973E-10
         1.000505089759827E+00        -9.681568826636067E-07        -9.189021071831505E-11
         1.000542879104614E+00        -1.200624751618307E-06        -2.020195989660412E-11
         1.000082492828369E+00        -6.528675271511020E-07        -2.750006611318412E-10
         1.000019431114197E+00        -7.185977892731898E-07        -2.234278040358362E-10
         9.995609521865845E-01        -2.978175359658053E-07        -3.055001251972556E-10
         9.993506073951721E-01        -2.836536339145823E-07        -2.228902895584639E-10
         9.995891451835632E-01        -6.557670531037729E-07        -1.224145090850115E-10
         9.994671940803528E-01        -4.793878360942472E-07        -6.493228177362198E-11
         1.000104784965515E+00        -1.517348778179439E-06         2.156881340198424E-10
         9.937771558761597E-01         5.498551672644680E-06        -1.652177394895205E-09
         9.954673051834106E-01         3.546832431311486E-06        -1.188025455789443E-09
         9.969354867935181E-01         1.803560280677630E-06        -7.155569470285172E-10
         9.996542930603027E-01        -1.380893309033127E-06        -9.644575416078993E-11
         1.000328183174133E+00        -2.035699253610801E-06         4.167526740372907E-11
         0.000000000000000E+00         0.000000000000000E+00         0.000000000000000E+00
         0.000000000000000E+00         0.000000000000000E+00         0.000000000000000E+00
         0.000000000000000E+00         0.000000000000000E+00         0.000000000000000E+00
         1.000401854515076E+00         1.280953512150518E-07        -5.613194353770723E-10
         1.000530362129211E+00        -1.521222259270871E-07        -2.581231339782164E-10
         9.999223351478577E-01         5.185772238291975E-07        -4.916848594938017E-10
         9.995861053466797E-01         2.267369723085721E-07         1.705618424274746E-10
         9.989426732063293E-01         1.650588274060283E-06         1.870361504563434E-10
         9.995499253273010E-01         5.560735303333786E-07         2.203653232113467E-10
         9.997477531433105E-01        -1.195192993463934E-07         3.570352069548477E-10
         9.997997283935547E-01        -2.933773828317499E-07         4.253500052175951E-10
         9.999421834945679E-01        -3.194219004853949E-07         4.393118369083737E-10
         1.000220656394958E+00        -4.132742219553620E-07         5.173980688333302E-10
         1.000613927841187E+00        -8.401605100516463E-07         4.895201466403876E-10
         1.000838994979858E+00        -1.338492097602284E-06         5.688985948992809E-10
         1.000543951988220E+00        -6.139051151876629E-07         4.088235860955081E-10
         1.000884652137756E+00        -1.444610461476259E-06         5.823218574008138E-10
         1.000879764556885E+00        -9.907438425216242E-07         4.414303644839634E-10
         1.000408768653870E+00         1.619895897420065E-07         1.861115705992233E-10
         1.000257134437561E+00         4.586366060266300E-07         2.371085272567797E-10
         9.999721646308899E-01         8.901728278942755E-07         1.346003863922363E-10
         9.996739029884338E-01         1.189864406114793E-06        -2.003506139203887E-13
         1.000124335289001E+00         1.314232349614031E-06        -1.252812992236230E-10
         1.000889539718628E+00         8.101258117676480E-07        -9.197518441306229E-11
         1.001154780387878E+00         3.474228265076817E-07        -3.720069391421887E-11
         1.000832557678223E+00         3.455134844898566E-07        -2.265948713386923E-11
         1.000670433044434E+00         6.101316216700070E-07        -8.191256006817582E-11
         1.000758409500122E+00         7.851360805943841E-07        -1.237373814522158E-10
         1.001147747039795E+00         2.285023441572775E-07        -2.312367311518848E-11
         1.000985980033875E+00         3.232836434108322E-07        -5.458744914421665E-11
         1.000651240348816E+00         1.438228593997337E-07        -7.595454126763101E-11
         1.000204801559448E+00         3.388173297480535E-07        -4.765090405589589E-11
         1.000264883041382E+00         2.621855976769893E-08         6.406686813009710E-12
         1.000395536422729E+00        -1.226019321620697E-07         9.238371873054874E-11
         1.000810027122498E+00        -5.486223244588473E-07         4.976978551507472E-11
         1.000868201255798E+00        -4.360058483143803E-07         5.525238599979332E-11
         1.000305771827698E+00        -1.021946829382614E-07         6.074080821649730E-11
         9.995959401130676E-01         4.291246398224757E-07        -1.309338332200483E-10
         9.996309280395508E-01         3.793927021433774E-07        -2.274319482742371E-10
         1.000049233436584E+00        -7.063869134071865E-07         1.540399197086373E-10
         1.000023961067200E+00        -1.119430294238555E-06         1.983207070788140E-10
         9.998178482055664E-01        -3.172673643803137E-07         2.537076798647675E-11
         1.000235319137573E+00        -6.388431188497634E-07         7.302852073065580E-11
         1.000420689582825E+00        -8.874272339198797E-07         1.698570728514426E-10
         1.000121831893921E+00        -1.425850086889113E-07         5.780568732016711E-12
         9.999497532844543E-01         2.809034356232587E-07        -7.877715840765021E-11
         9.997798204421997E-01         2.720472878081637E-07        -1.601630633674134E-10
         9.994032979011536E-01         4.144705769704160E-07        -1.887184852833457E-10
         9.990527629852295E-01         3.575150060441956E-07        -2.639940210880098E-10
         9.992048740386963E-01        -3.663858194613567E-08        -2.418334976717063E-10
         9.987578988075256E-01         1.746818441006326E-07        -2.563506004693572E-11
         9.982308745384216E-01         6.781813226552913E-07        -1.369925978211839E-10
         9.982695579528809E-01         5.172931309971318E-07        -1.342583128005614E-10
         9.977837800979614E-01         1.715925463940948E-06        -3.436639028908672E-10
         9.979094266891479E-01         1.730140411382308E-06        -3.199400189224377E-10
         9.985967278480530E-01         1.209849870065227E-06        -2.042850472117053E-10
         9.990633130073547E-01         6.538424486279837E-07        -1.616648204194604E-10
         9.997516870498657E-01         1.308605845906641E-07        -1.594302884155852E-10
         1.000192642211914E+00         3.883806130033918E-07        -1.779566771720198E-10
         1.000321745872498E+00         3.851472456517513E-07        -1.816446854041587E-10
         9.999673962593079E-01         8.049767075135605E-07        -2.173029811647353E-10
         9.996228218078613E-01         8.736899985706259E-07        -2.292182277319199E-10
         9.995812773704529E-01         1.224339257532847E-06        -3.057749886625771E-10
         9.993748068809509E-01         1.496069785389409E-06        -2.341947746842266E-10
         9.991948008537292E-01         1.758910570970329E-06        -4.458629299097794E-10
         9.992766380310059E-01         7.628494813616271E-07        -6.014284903432809E-11
         9.995217919349670E-01        -2.321027068319381E-07         1.176905378708071E-10
         1.000052690505981E+00        -9.548792831992614E-07         2.841571977718615E-10
         1.000049233436584E+00        -1.104337002288958E-06         3.317715546735656E-10
         9.998579621315002E-01        -8.820685479804524E-07         1.974071184296378E-10
         9.993663430213928E-01        -3.999455344683156E-08         6.352994519343014E-11
         9.991069436073303E-01         4.227158854064328E-07        -7.050465072877543E-11
         9.990839958190918E-01         7.863025643928268E-07        -1.559432721842668E-10
         9.995761513710022E-01         5.327785288500309E-07        -8.112697319484496E-11
         9.999241232872009E-01         2.667262410938065E-09         9.769983433383089E-11
         1.000220656394958E+00        -9.121085753349689E-08        -7.824967345089473E-13
         1.000353932380676E+00         2.434970447495743E-08        -5.661645739903076E-13
         1.000705122947693E+00        -5.937927483046224E-08        -3.198056403030947E-11
         1.000527381896973E+00         3.486666173557751E-07        -1.376639496841747E-10
         1.000494956970215E+00         6.400271956863435E-08         2.731594984928254E-11
         1.000279664993286E+00         1.951103030251033E-07        -5.404710359813159E-11
         1.000325798988342E+00        -2.491762529643893E-07        -9.492318736592509E-11
         9.999410510063171E-01         2.278152919643617E-07        -1.565345769671822E-10
         1.000051140785217E+00        -2.995597725430343E-08         1.389592347439406E-11
         1.000112533569336E+00        -2.298137218303964E-07         7.975039031937747E-12
         9.999853968620300E-01        -4.372688167109118E-08        -5.594153959509462E-11
         9.996200203895569E-01        -2.293406851094915E-07         1.036085713751467E-11
         9.994677901268005E-01        -3.302997129139840E-07         1.309824748663146E-10
         9.994135499000549E-01         6.813250053028241E-08        -2.043660553285864E-11
         9.994344115257263E-01         1.570139005480087E-07        -2.550985464533362E-11
         9.995470046997070E-01         6.856541290289897E-08        -9.626964503350877E-11
         9.996843338012695E-01        -2.505693998955394E-07         1.130883373057223E-10
         9.993671178817749E-01         3.325024522382591E-07        -5.198608557521744E-11
         9.996472001075745E-01         1.340299320418126E-07        -6.321027729017104E-11
         9.999854564666748E-01        -1.445518371667731E-08        -4.427574279430857E-11
         1.000210285186768E+00        -3.368341197074187E-07         1.253761677810772E-10
         9.997410178184509E-01         3.368366776612675E-07        -5.663470387107239E-11
         9.997086524963379E-01         2.238958352052123E-08         3.356979971780305E-11
         9.988740086555481E-01         1.002827730189892E-06        -1.134743687902784E-10
         9.991066455841064E-01         5.965189870948961E-07        -3.908237969363348E-11
         9.995816349983215E-01        -3.196594491328142E-07         2.429516587909575E-10
         9.990351796150208E-01         1.544129162311947E-07         2.382736369321847E-11
         9.989655613899231E-01         6.837855153207784E-07        -6.974180261076768E-11
         9.990105032920837E-01         1.084514792637492E-06        -1.945455602170298E-10
         9.994102716445923E-01         8.674892910676135E-07        -2.037516128039485E-10
         9.999144673347473E-01         1.731968950480223E-07        -1.051203360469266E-10
         9.995389580726624E-01         5.505092985913507E-07        -1.476718330950533E-10
         9.996181726455688E-01         4.265538393610768E-07        -2.543513177855061E-10
         1.000324964523315E+00        -7.716178629380011E-07         1.085140033385557E-10
         1.000435352325439E+00        -7.988336960806919E-07         1.208987215894908E-10
         1.000489950180054E+00        -9.570940164849162E-07         2.613761290737315E-11
         1.000875473022461E+00        -1.184359234684962E-06         2.015399375165927E-10
         1.000624418258667E+00        -3.506208656745002E-07        -1.964466610215876E-11
         1.000186562538147E+00        -4.228522243465704E-08        -5.909684547278360E-11
         9.996233582496643E-01         6.908899194968399E-07        -1.494801088464115E-10
         9.999822378158569E-01         1.893434102839819E-07        -1.362456536480039E-10
         1.000483393669128E+00        -3.575662788080081E-07        -5.817317461076499E-11
         1.000387072563171E+00        -1.755940388648014E-07         7.551278352613267E-11
         9.999436140060425E-01         1.786192740382830E-07        -5.824649096375367E-11
         9.995024800300598E-01         7.042903007459245E-07        -2.097982065851767E-10
         9.995379447937012E-01         8.982104304777749E-07        -3.233223133669583E-10
         9.995251893997192E-01         6.350791181830573E-07        -3.095477763004340E-10
         1.000063300132751E+00        -3.013236664628494E-07         5.896884001065084E-13
         1.000105381011963E+00        -5.364705657484592E-07         2.895949539200027E-13
         9.996266961097717E-01         3.943980004805780E-07        -1.750104505759964E-10
         9.989301562309265E-01         1.623370280867675E-06        -4.720951407577445E-10
         9.991289973258972E-01         1.535080969006231E-06        -3.662972980489343E-10
         9.996376633644104E-01         9.993827916332521E-07        -2.889183892129665E-10
         1.000133275985718E+00        -1.120481041283483E-08         4.482815594425427E-12
         1.000049710273743E+00         1.743327686654084E-07         4.819730725635907E-11
         9.997181892395020E-01         1.184260554509819E-06        -2.504336460429357E-10
         1.000230073928833E+00         1.104241846405785E-06        -3.052146035908976E-10
         1.000388026237488E+00         5.768657160842849E-07        -4.280558893454689E-11
         1.000355005264282E+00         3.560975017080636E-07         2.406715104985580E-11
         1.000630736351013E+00        -1.785687828714799E-07         1.593208343031449E-10
         1.000892519950867E+00        -7.574435016977077E-07         2.423487972802452E-11
         1.000565409660339E+00        -5.452832851915446E-07         9.065892481174842E-11
         1.000679373741150E+00        -9.617361911296030E-07         1.805398747167786E-10
         1.000546455383301E+00        -7.326716513489373E-07         1.393395260285146E-10
         1.000475049018860E+00        -7.679640248170472E-07         7.852858641133054E-11
         9.998136162757874E-01         1.694819928843572E-08        -9.740259987456312E-11
         9.993988871574402E-01        -1.177538777596965E-07         3.008727815501100E-12
         9.994249939918518E-01        -8.216725291276816E-07         2.894438855260972E-10
         9.990828037261963E-01        -3.756327089377010E-07         1.958550960301508E-10
         9.991958737373352E-01        -7.123152840904368E-07         1.589869902396401E-10
         9.991191029548645E-01        -6.886163532726641E-07         2.073786281586720E-10
         9.990991353988647E-01        -2.081256553765343E-07         1.914085556720124E-11
         9.989564418792725E-01         1.474631687869987E-07         4.138622777816181E-11
         9.992895126342773E-01        -4.047833783715760E-07         1.873473737257214E-10
         9.996084570884705E-01        -4.942775149174850E-07         8.624934794143613E-11
         9.992818236351013E-01        -1.675796141853425E-07         2.388358087690445E-11
         9.992416501045227E-01        -5.926807045142368E-09        -2.251810370113017E-11
         9.993144869804382E-01         4.152288681780192E-07        -1.082172823574368E-10
         9.992145299911499E-01         9.692485036794096E-07        -1.191220733165466E-10
         9.995610713958740E-01         7.068181275826646E-07        -1.098702812757368E-11
         9.995919466018677E-01         8.527824775228510E-07        -3.631531880765593E-11
         9.997100830078125E-01         8.197062015824486E-07        -5.402001068688378E-11
         9.999286532402039E-01         9.852022913037217E-07        -2.122896025635868E-10
         1.000122666358948E+00         1.094281401492481E-06        -1.213474321026808E-10
         1.000370621681213E+00         1.090014734472788E-06        -1.902553670163343E-10
         1.000555634498596E+00         3.846105869342864E-07        -3.530298622878014E-11
         1.000649094581604E+00         5.018362685405009E-07        -2.321638714608554E-10
         1.000841498374939E+00        -5.193811034587270E-07        -3.988343683092310E-11
         1.000730156898499E+00        -7.602671985296183E-07        -1.649428510441808E-10
         1.000653982162476E+00        -7.951572911224503E-07        -8.455724315181712E-11
         1.000632166862488E+00        -1.149493073171470E-06         1.400977805987580E-10
         1.000176668167114E+00        -4.373399633550434E-07         9.196968880909040E-11
         1.000106811523438E+00         1.378441538690822E-08        -3.481545607364467E-11
         9.999349117279053E-01         1.246962710865773E-07        -2.229962742239522E-11
         9.993758201599121E-01         1.214734425047936E-06        -2.418166222817320E-10
         9.995649456977844E-01         9.021151754495804E-07        -1.310594965886480E-10
         9.997168183326721E-01         1.090838622985757E-06        -2.223996542483064E-10
         1.000104308128357E+00         6.616508585466363E-07        -8.483043434370785E-11
         1.000651955604553E+00         1.097176749453865E-07         3.857510838534139E-11
         1.000560283660889E+00         3.355464173182554E-07        -5.708890998823435E-11
         1.000320315361023E+00         6.784875381526945E-07        -6.503524802026206E-11
         9.997860193252563E-01         1.211520725519222E-06        -1.300897028988501E-10
         9.993742108345032E-01         1.374581529489660E-06        -1.589983977812182E-10
         9.988487958908081E-01         1.942589278769447E-06        -3.256591940559161E-10
         9.987700581550598E-01         1.831996428336424E-06        -3.179567165112474E-10
         9.986711740493774E-01         1.979768740056898E-06        -3.515038815571359E-10
         9.970610141754150E-01         3.617157290136674E-06        -7.495739029472759E-10
         9.979844093322754E-01         2.691595909709577E-06        -5.268662173207872E-10
         9.991396665573120E-01         1.371976964037458E-06        -2.098974327680025E-10
         0.000000000000000E+00         0.000000000000000E+00         0.000000000000000E+00
         0.000000000000000E+00         0.000000000000000E+00         0.000000000000000E+00
         0.000000000000000E+00         0.000000000000000E+00         0.000000000000000E+00
         0.000000000000000E+00         0.000000000000000E+00         0.000000000000000E+00
         1.001221895217896E+00        -3.126142246401287E-06         1.221027279285636E-09
         1.001580595970154E+00        -3.842262231046334E-06         2.227501072482596E-09
         1.001829981803894E+00        -4.845061994274147E-06         3.174130958072396E-09
         1.000776410102844E+00        -1.313490201937384E-06         2.728234582694000E-10
         1.000585436820984E+00        -1.270051711799169E-06         2.404045573722868E-10
         1.000399589538574E+00        -1.104807211049774E-06         2.469135451654836E-10
         1.000220656394958E+00        -8.672403737364220E-07         1.616546896343607E-10
         1.000152826309204E+00        -8.513050602232397E-07         1.326162651915652E-10
         9.999821782112122E-01        -5.059229124526610E-07         8.953864039096260E-11
         9.999966621398926E-01        -3.390549920823105E-07        -3.044064653123790E-11
         1.000412464141846E+00        -4.612937232195691E-07         4.959939056692342E-11
         1.000435352325439E+00        -1.105142430901651E-07        -5.243361300699689E-11
         1.001026511192322E+00        -9.802896556720953E-07         1.082140071995141E-10
         1.001267313957214E+00        -1.144265183938842E-06         1.287758372159331E-10
         1.001068234443665E+00        -9.349508900413639E-07         1.350763112473174E-10
         1.000558257102966E+00        -3.742323144706461E-07        -1.115421296993269E-10
         1.000136256217957E+00        -1.979508823524156E-07        -5.323971125070770E-11
         9.999956488609314E-01        -8.878071611206906E-08        -5.877247993835155E-11
         9.994305968284607E-01         2.644133587637043E-07        -1.350152351031753E-10
         9.989322423934937E-01         2.687969242742838E-07        -2.781249189287571E-11
         9.988427758216858E-01         8.678674703332945E-07        -2.233239981830337E-10
         9.990012049674988E-01         6.740587537024112E-07        -7.149362352132371E-11
         9.993140101432800E-01         4.506414938987291E-07         1.690222788119922E-11
         9.994778037071228E-01        -1.182449551606624E-07         1.313193165319859E-10
         9.995802640914917E-01        -5.370214921640581E-07         1.834586232929425E-10
         1.000000476837158E+00        -1.035932541526563E-06         2.627766892970840E-10
         1.000061988830566E+00        -6.250094202187029E-07         1.896098694720294E-10
         1.000278115272522E+00        -5.538127538784465E-07         1.800017773723184E-10
         1.000612735748291E+00        -4.290332071832381E-07         1.011668110395547E-10
         1.000772595405579E+00        -3.358126718921994E-07         7.459000084253375E-11
         1.000702619552612E+00        -2.434455836919369E-07         4.145896820295647E-11
         1.000705361366272E+00        -5.451020683722163E-07         5.869349450904338E-11
         1.000555276870728E+00        -5.162245315659675E-07         5.772135547310597E-11
         1.000381708145142E+00        -5.243426244305738E-07         1.157682422148198E-10
         1.000452399253845E+00        -2.043411200247647E-07        -1.378790744771541E-11
         1.000860810279846E+00        -5.401025759965705E-07        -6.605664626402330E-11
         1.000990390777588E+00        -4.790200023307989E-07        -4.601097627898731E-11
         1.000805497169495E+00        -3.540458521911205E-07        -4.291055358263129E-11
         1.000560402870178E+00        -1.564033738077342E-07        -7.439278359999690E-11
         1.000568032264709E+00         4.140949627640111E-08        -5.046488227300472E-11
         1.000722885131836E+00        -3.339123395562638E-07         4.673960524170795E-11
         1.000759840011597E+00        -4.076454160895082E-07         9.107305881661532E-11
         1.000860214233398E+00        -6.051828904674039E-07         2.822294620230537E-10
         1.000855207443237E+00        -9.379498919770413E-07         2.455642633680810E-10
         1.000753521919250E+00        -1.326651386079902E-06         3.715878993393318E-10
         1.000547170639038E+00        -1.370980044157477E-06         3.727009811882454E-10
         1.000496983528137E+00        -1.360849864795455E-06         4.108894058330037E-10
         1.000409245491028E+00        -9.694739446786116E-07         3.602154685644621E-10
         1.000172615051270E+00        -6.136663728284475E-07         3.833623418714183E-10
         9.995190501213074E-01        -1.260340241060476E-07         2.005891147627281E-10
         9.996681213378906E-01        -2.048692380185457E-07         2.050392633456966E-10
         9.997515678405762E-01        -1.733745023102529E-07         1.739561411584489E-10
         9.997801780700684E-01         2.265542775603535E-07         4.137393986441973E-12
         1.000049114227295E+00         7.610724139794911E-08         1.379758945985188E-10
         1.000100731849670E+00         5.014576913708879E-07         2.346459615151786E-12
         1.000782489776611E+00        -2.364516262787220E-07         1.547294514736564E-10
         1.000194311141968E+00         1.229869610597234E-07         6.390426382507641E-11
         9.996899962425232E-01         4.063884944116580E-07        -1.728502757591954E-11
         9.994363784790039E-01         2.946989638985542E-07         1.499531401827348E-11
         9.993972778320312E-01         2.434067027934361E-07        -8.306360807508462E-12
         9.993137717247009E-01        -2.567793200292101E-12         7.736289039939059E-12
         9.992442131042480E-01         2.442457116558217E-07        -1.238736752062763E-10
         9.992898106575012E-01         4.805812636732298E-07        -2.707860324857592E-10
         9.994966983795166E-01         2.903726965541864E-07        -6.907802108102601E-11
         9.996295571327209E-01         2.402396717116062E-07        -1.033151342255678E-10
         9.992689490318298E-01         6.429324344026099E-07        -1.468339339005809E-10
         9.996859431266785E-01         4.680271459278629E-08        -3.972012302400074E-11
         9.999205470085144E-01        -1.939779679105413E-07        -5.545999076650432E-11
         9.999551773071289E-01        -2.305356190390739E-07        -1.943290320327584E-11
         9.997210502624512E-01         1.297137064426579E-08        -1.143486624832768E-10
         9.998143911361694E-01        -1.462402536844820E-07        -3.537495296690452E-11
         9.998024702072144E-01         4.306411653942632E-07        -1.316748238222587E-10
         1.000117778778076E+00         3.488951847430144E-07        -1.301057178659804E-10
         9.997716546058655E-01         5.393068249759381E-07        -1.403279575873384E-10
         9.996861815452576E-01         4.492307539294416E-07        -1.964741147553184E-10
         9.997897148132324E-01         3.085722255491419E-07        -1.329878845934829E-10
         9.998593330383301E-01         3.075512893246923E-07        -2.119274478129540E-10
         1.000169396400452E+00         3.737067899578506E-08        -1.180585629256825E-10
         9.994236826896667E-01         8.265275823760021E-07        -2.632999929197410E-10
         9.994241595268250E-01         7.421890586556401E-07        -1.467978794078562E-10
         9.999400973320007E-01         4.947318075210205E-07        -1.335373756017333E-10
         9.999539852142334E-01         5.479192850543768E-07        -1.234368718350254E-10
         9.999594688415527E-01         2.303099932987607E-07        -7.377611022096886E-11
         9.996096491813660E-01         3.917279798315576E-07        -7.408323954294360E-11
         9.994600415229797E-01         5.034422656535753E-07        -8.687797009576670E-11
         9.992746710777283E-01         5.268666996016691E-07        -7.020116432610024E-11
         9.991566538810730E-01         4.885865791948163E-07        -7.820475517172909E-11
         9.994511008262634E-01         3.236644658954901E-07        -5.332068554048108E-12
         9.997949600219727E-01        -2.688911138193362E-07         4.788771462704844E-11
         9.996892809867859E-01        -3.197056059889292E-07         7.622932840511965E-11
         9.996806383132935E-01        -6.540997219417477E-07         9.691535768352466E-11
         9.998393654823303E-01        -4.716747810107336E-07         2.312977934182392E-11
         1.000270962715149E+00        -4.812508223039913E-07         8.679058166594089E-11
         1.000025987625122E+00         5.694133875522311E-08        -7.572028420943511E-11
         9.999324679374695E-01         1.113838905553166E-07        -9.001370482319970E-11
         1.000095725059509E+00         1.273820942060411E-07        -1.450713438266860E-10
         1.000333309173584E+00         1.310462778292276E-07        -1.181889031087735E-10
         1.000528812408447E+00         5.634265942688899E-09         4.197143674278259E-11
         1.000554919242859E+00        -4.987093760178141E-08        -2.530586504234655E-11
         1.000226855278015E+00         1.748461215811403E-07        -6.278108588553266E-11
         1.000433206558228E+00        -8.911092663765885E-08         1.854655838628982E-11
         1.000550627708435E+00        -1.758225636194766E-07         1.770933768553695E-12
         1.000673294067383E+00        -4.309059420393169E-07         6.428658994028780E-11
         0.000000000000000E+00         0.000000000000000E+00         0.000000000000000E+00
         1.000350117683411E+00        -6.747541760887543E-07         9.635030273624778E-11
         1.000298738479614E+00        -3.702971014263312E-07         3.197576101468536E-12
         1.000023841857910E+00        -3.479659085314779E-07         8.843809018443949E-11
         9.998082518577576E-01         1.229941517522093E-07        -6.528800416960578E-11
         9.996997117996216E-01         3.490814606266213E-07        -8.002045553956449E-11
         9.994964599609375E-01         3.042312641809986E-07        -2.379860718215721E-11
         9.990422725677490E-01         8.637260293653526E-07        -2.067873233757567E-10
         9.990518689155579E-01         7.667084673812496E-07        -2.066577464709951E-10
         9.991278648376465E-01         5.071103146292444E-07        -5.050517296045776E-11
         9.994457960128784E-01        -1.472508017741347E-07         3.062386802477057E-11
         9.996341466903687E-01        -3.060994231418590E-07         1.180461284278067E-10
         1.000179052352905E+00        -8.181498287740396E-07         2.660871800674869E-10
         1.000179648399353E+00        -1.025538836074702E-06         3.565086281742680E-10
         1.000052094459534E+00        -7.027367701084586E-07         1.947938893520629E-10
         1.000146269798279E+00        -9.124232178692182E-07         1.861075460407591E-10
         9.998127818107605E-01        -2.541969195135607E-07         2.983329208672281E-11
         9.994838237762451E-01         5.567842435993953E-07        -1.280634626121824E-10
         9.995302557945251E-01         6.589153258573788E-07        -7.583720457171594E-11
         9.997126460075378E-01         4.173130889739696E-07        -2.544762491007990E-11
         1.000072121620178E+00         2.514250807550411E-09         1.800419709152568E-11
         1.000272631645203E+00        -2.548268014379573E-07         9.236015424685107E-11
         1.000204086303711E+00        -2.075083358477059E-07         1.866026777541663E-10
         9.999130964279175E-01         1.565373395351344E-07         6.782808342764568E-11
         9.998193383216858E-01         5.315131375027704E-07        -9.207722778681315E-11
         9.999849796295166E-01         2.694078773401998E-07         7.442123306500292E-11
         9.999598860740662E-01         1.506480806767740E-08         4.988360766122746E-11
         9.999052882194519E-01        -9.623114749501838E-08         4.748454754399667E-11
         1.000062584877014E+00         3.005464677130476E-08         5.263921937226357E-11
         1.000116467475891E+00        -5.796255475587486E-09        -3.279721980109507E-11
         9.998660087585449E-01         4.691842718784756E-07        -1.102151703236132E-10
         9.995667338371277E-01         5.888788905394904E-07        -1.204832345003126E-10
         9.995481967926025E-01         3.674711024359567E-07        -5.848316969592204E-11
         9.992019534111023E-01         6.704944439661631E-07        -1.772714752767968E-10
         9.991337656974792E-01         3.882226735640870E-07        -1.527275944601669E-10
         9.991692900657654E-01         3.403714288197079E-07        -1.657786408149065E-10
         9.992662668228149E-01         6.095068982858720E-08        -1.310803549037232E-10
         9.998322725296021E-01        -2.823916247507441E-07         2.979461122265548E-11
         1.000111818313599E+00        -2.886235108690016E-07         6.083013953661620E-11
         1.000137686729431E+00        -4.055179942952236E-07         1.052988737870741E-10
         1.000038862228394E+00        -3.962582582062169E-07        -3.486317831646879E-11
         1.000206947326660E+00        -4.887828026767238E-07         3.709254084438562E-11
         1.000199437141418E+00        -4.848386652156478E-07         8.259615214001315E-11
         1.000281572341919E+00        -3.179853820256540E-07         5.069366107446349E-11
         1.000314354896545E+00        -4.312134365136444E-07         6.556401255242150E-11
         1.000193953514099E+00        -3.872857519127137E-07         5.002551844990322E-11
         1.000079751014709E+00        -3.763138920476194E-07        -4.189523034048293E-11
         1.000282526016235E+00        -6.698312517983140E-07         2.340724315763598E-11
         1.000241994857788E+00        -7.223076181617216E-07         4.777568618496986E-11
         1.000611901283264E+00        -8.745694231038215E-07         1.068310301333142E-10
         1.000982046127319E+00        -1.141026018558478E-06         2.070168481083101E-10
         1.000872492790222E+00        -1.015441512208781E-06         1.815371741820115E-10
         1.000960111618042E+00        -9.730501915328205E-07         2.601520388001433E-10
         1.000808000564575E+00        -1.275958652513509E-06         3.650371671604091E-10
         1.000927686691284E+00        -9.313001783084474E-07         3.396403436273232E-10
         1.001007199287415E+00        -6.465256774390582E-07         2.551179267840098E-10
         1.000820398330688E+00        -3.484982187273999E-07         2.351319416948883E-10
         1.000445127487183E+00        -3.610831242895074E-07         1.786095854550140E-10
         1.000575661659241E+00        -4.579802350690443E-07         1.316316222688130E-10
         1.001073479652405E+00        -7.379539397334156E-07         1.690939749332543E-10
         1.001209616661072E+00        -9.654470431996742E-07         1.386343401188483E-10
         1.001409053802490E+00        -1.068121719072224E-06         1.718080677726164E-10
         1.001232981681824E+00        -9.040723512043769E-07         1.508615871115282E-10
         1.000976920127869E+00        -7.074492600622762E-07         1.679969496848344E-10
         1.000723600387573E+00        -4.479376514154865E-07         5.555280194191603E-11
         1.000481367111206E+00        -6.286260259003029E-07         4.232488318156591E-11
         1.000052452087402E+00        -5.961662452591554E-08        -2.675153501496830E-11
         1.000036120414734E+00        -5.368974598241039E-07         8.861292949413624E-11
         1.000115275382996E+00        -8.860938010002428E-07         1.357325640771734E-10
         1.000224709510803E+00        -8.645211551083776E-07         1.986546621646212E-10
         1.000621199607849E+00        -1.085967937797250E-06         1.919136516370656E-10
         1.001057624816895E+00        -1.618900228095299E-06         2.840235824308479E-10
         1.000822901725769E+00        -1.411066023138119E-06         2.281386329849866E-10
         9.995633363723755E-01        -2.506676537450403E-07        -1.417659184488329E-10
         1.000179529190063E+00        -1.017561089611263E-06         5.552663797508961E-12
         1.000048279762268E+00        -8.488807452522451E-07         5.197466762529857E-11
         1.000288605690002E+00        -1.799109327293991E-06         3.471560261480988E-10
         1.001949310302734E+00        -3.851437213597819E-06         9.080128315908098E-10
         0.000000000000000E+00         0.000000000000000E+00         0.000000000000000E+00
         0.000000000000000E+00         0.000000000000000E+00         0.000000000000000E+00
         0.000000000000000E+00         0.000000000000000E+00         0.000000000000000E+00
         0.000000000000000E+00         0.000000000000000E+00         0.000000000000000E+00
         9.980605244636536E-01         2.015195377680357E-06        -8.661473760440686E-10
         9.991394877433777E-01         7.349406132561853E-07        -5.346841303044414E-10
         9.985726475715637E-01         2.466320438543335E-06        -1.373326452558388E-09
         9.986726045608521E-01         2.337111936867586E-06        -1.833347695878729E-09
         9.990934133529663E-01         2.787298569728591E-07         1.768292318127251E-10
         9.985610246658325E-01         1.468341679355945E-06         1.039948821501824E-10
         9.992135763168335E-01         7.507534292017226E-07         1.244465919203463E-10
         9.993357658386230E-01         4.522666472439596E-07         1.894768647536793E-10
         9.994068145751953E-01         3.324844897178991E-07         2.307328217376892E-10
         9.988266229629517E-01         1.875946054497035E-06         5.990120899301843E-11
         9.994885921478271E-01         8.865176823746879E-07         1.627858819963635E-10
         1.000007152557373E+00        -1.355248713252877E-07         3.573719653537921E-10
         1.000627040863037E+00        -8.151872066264332E-07         4.460788682880690E-10
         1.000082612037659E+00         1.870559316330400E-07         2.669034160351913E-10
         1.000078320503235E+00         2.407662407222233E-07         2.579065294661120E-10
         1.000157833099365E+00         4.372096285010230E-08         2.719569847098313E-10
         1.000227332115173E+00        -4.527232135842496E-07         3.323273600752685E-10
         1.000171780586243E+00        -2.865095041215682E-07         2.661724174402025E-10
         1.000832796096802E+00        -1.143299527939234E-06         3.172642704107886E-10
         1.001134991645813E+00        -1.410879576724255E-06         2.288761818958207E-10
         1.000732779502869E+00        -6.909808689670172E-07         1.623459283672801E-10
         1.000518679618835E+00        -1.059658174540345E-07        -1.735224117171974E-11
         9.998312592506409E-01         9.713520512377727E-07        -2.664375386984830E-10
         9.994513988494873E-01         1.042503640746872E-06        -1.209839728399942E-10
         9.992535710334778E-01         1.486660607952217E-06        -3.292758843365107E-10
         9.991697072982788E-01         2.008535375352949E-06        -4.070916104215172E-10
         9.995915293693542E-01         1.573776671648375E-06        -1.852176467753708E-10
         9.997898340225220E-01         1.583597622811794E-06        -3.491547884149071E-10
         1.000637769699097E+00         8.671648288327560E-09         7.068078067273831E-11
         1.000523447990417E+00         2.361570352604758E-07         4.699871394842070E-11
         1.001041293144226E+00        -3.931061201001285E-07         1.060789026063880E-10
         1.001300573348999E+00        -5.938196636634530E-07         9.111661425365014E-11
         1.000964760780334E+00        -2.146382058754170E-07         1.401555954627653E-10
         1.000775098800659E+00        -2.253417648034883E-07         8.975523102527916E-11
         1.000521302223206E+00         4.549248444618570E-07        -8.875333246116668E-10
         1.000205874443054E+00         1.699279152944655E-07        -2.995208595035770E-11
         1.000099658966064E+00         1.040749680214503E-06        -1.073807043283637E-09
         1.000759720802307E+00        -1.282286575587932E-06         1.113216741011058E-10
         1.000447630882263E+00        -6.772189067305590E-07         1.021293119518596E-10
         1.000782966613770E+00        -1.180290723823418E-06         1.423710316306170E-10
         1.000910758972168E+00        -1.180201365968969E-06         1.771675861572675E-10
         1.000642538070679E+00        -3.176065490606561E-07         1.069471247672205E-10
         1.000499129295349E+00         4.375823721147754E-07        -1.734225402172385E-10
         1.000568866729736E+00         4.562026845178480E-07        -8.654506000738138E-10
         1.000107049942017E+00         3.553496696895309E-07        -5.339415368177391E-11
         9.999034404754639E-01         3.079143482409563E-07         6.421413401014320E-11
         1.000134825706482E+00        -5.259722684058943E-07         1.708538172051632E-10
         9.999560713768005E-01        -7.214316610770766E-07         2.895281236980907E-10
         9.997674822807312E-01        -9.513947247796750E-07         2.625697992364451E-10
         9.996379613876343E-01        -4.646139757369383E-07         1.638067320675063E-10
         9.995268583297729E-01        -1.425881773764459E-10         6.731751267530228E-11
         9.997024536132812E-01        -1.569848251392614E-07         1.244848946146959E-10
         9.995262026786804E-01         4.749538788928476E-07         4.631947950195503E-11
         9.993019700050354E-01         8.282088970190671E-07        -5.725317789306850E-11
         9.994470477104187E-01         9.047388402905199E-07        -2.018231935740911E-11
         9.995002746582031E-01         7.237740646814927E-07         6.510126465686383E-11
         9.993121623992920E-01         9.198698762702406E-07        -1.485532807876666E-10
         9.992550015449524E-01         6.332210205073352E-07         2.863728351676365E-11
         9.996618628501892E-01         3.490919766591105E-07         3.026818379270324E-11
         9.996266365051270E-01         4.302974048187025E-07         1.811184188738046E-11
         9.992130994796753E-01         4.851973471886595E-07        -2.844310377503323E-11
         9.993204474449158E-01         3.249781741487823E-07        -7.556737874336861E-11
         9.994103908538818E-01         1.459995502273159E-07        -1.682969562322167E-11
         9.992125630378723E-01         6.659712425971520E-07        -1.549827349789368E-10
         9.997646808624268E-01        -1.612908988590789E-07        -3.037427601104703E-11
         9.994204044342041E-01         1.231960027325840E-06        -3.713153118312107E-10
         1.000326156616211E+00        -1.502832134292476E-07        -7.345229979804913E-11
         9.999763965606689E-01         1.278815830119129E-06        -1.799864840501542E-10
         1.000885248184204E+00        -3.347587096413918E-07         2.184459384213522E-11
         1.000282287597656E+00         1.095017751140404E-06        -1.977757402293889E-10
         1.000684380531311E+00        -4.363735328638541E-08         3.882403079580321E-11
         1.000417232513428E+00         4.147646279761830E-07        -7.179912046850756E-12
         1.000496506690979E+00         2.118236608339430E-07        -1.040256509404758E-11
         1.000447869300842E+00         3.460303616975580E-07         6.284728380073767E-12
         1.000956654548645E+00        -7.176620329119032E-07         1.390080273111494E-10
         1.000318169593811E+00         1.091213945869640E-07        -6.143000691460898E-11
         1.000592589378357E+00        -8.579111749895674E-07         1.612313615950711E-10
         1.000363111495972E+00         2.478879537193279E-07        -8.962421915725827E-10
         1.000580906867981E+00        -9.269921861232433E-07         9.190272154402379E-11
         1.000381112098694E+00        -2.247709147695787E-07         6.110891653809958E-11
         1.000544786453247E+00        -5.633997375298350E-07        -5.195154202664032E-12
         9.999095201492310E-01         3.562855113159458E-07        -1.596833359984728E-10
         9.998936653137207E-01        -1.493225454396452E-07        -3.908702528310215E-11
         9.996913075447083E-01        -1.394360111817150E-07        -5.899157898281437E-12
         9.996553659439087E-01         3.778789903208235E-07        -4.565447672688627E-11
         9.999411702156067E-01        -2.592349517271941E-07         1.830502546415480E-12
         9.993631243705750E-01         8.428837077190110E-07        -1.700867086062985E-10
         9.995099902153015E-01         7.382305966530112E-07        -1.362924217929162E-10
         1.000071883201599E+00        -2.874438109756738E-07        -8.189180236706228E-12
         9.999604225158691E-01         2.501395783838234E-07        -9.992046079432271E-11
         1.000313520431519E+00         1.855392639527054E-08        -2.062791777668327E-11
         1.000112056732178E+00         5.830510758642049E-07        -8.441988080809537E-11
         1.000841021537781E+00        -6.243099051062018E-07         1.442408553709029E-10
         1.000759482383728E+00        -3.837575661691517E-07        -4.532309423599390E-12
         1.000455498695374E+00        -6.139303110330729E-08        -4.742910925115140E-11
         9.999979138374329E-01         6.784734409848170E-07        -1.589431086745918E-10
         9.999729990959167E-01         1.330086121242857E-07         1.468354778044745E-11
         9.998004436492920E-01         2.924723787600669E-07        -6.427884613469104E-11
         9.995284676551819E-01         8.332146990142064E-07        -1.491323176061599E-10
         9.994868040084839E-01         4.319677202602179E-07         7.039450272694481E-11
         0.000000000000000E+00         0.000000000000000E+00         0.000000000000000E+00
         0.000000000000000E+00         0.000000000000000E+00         0.000000000000000E+00
         9.986544847488403E-01         5.043586384090304E-07         3.471533130405824E-11
         9.989513754844666E-01         4.433695437455754E-07        -9.022528384139417E-12
         9.988999366760254E-01         6.743907761119772E-07        -7.497042570081547E-11
         9.990227222442627E-01         6.038728201929189E-07         5.543663098017682E-11
         9.995425343513489E-01        -2.789944346659468E-07         6.779195260708804E-11
         9.993752837181091E-01         2.521275916933519E-07         4.526561764306436E-11
         9.997905492782593E-01        -7.727519459876930E-07         2.379531571783389E-10
         9.992187619209290E-01         4.480685333874135E-07         3.721987128224580E-12
         0.000000000000000E+00         0.000000000000000E+00         0.000000000000000E+00
         9.994603395462036E-01        -2.430902554806380E-07         2.117998415540612E-10
         9.999214410781860E-01        -6.341111316032766E-07         1.741223831785987E-10
         1.000311374664307E+00        -1.292990077672584E-06         2.192061115957600E-10
         1.000018835067749E+00        -2.668162721874978E-07         1.057804191462175E-10
         0.000000000000000E+00         0.000000000000000E+00         0.000000000000000E+00
         0.000000000000000E+00         0.000000000000000E+00         0.000000000000000E+00
         9.994248151779175E-01         1.235368216612187E-07        -6.656508677593820E-12
         1.000168204307556E+00        -1.007580749501358E-06         7.955620190402968E-11
         9.993165135383606E-01         7.948190159368096E-07        -1.389529741269158E-10
         1.000004172325134E+00        -1.173230899098598E-07        -3.352063765449387E-11
         9.996857643127441E-01         7.224545583994768E-07        -1.694140244756781E-10
         1.000332117080688E+00        -2.100125726656188E-07        -7.389509837363306E-11
         1.000400900840759E+00         3.929457648155221E-08        -1.200183286087508E-10
         1.000074505805969E+00         3.039245086711162E-07        -1.973115698605810E-10
         1.000065207481384E+00        -2.477004841239250E-07        -3.066989717748214E-11
         9.993951916694641E-01         9.656828297011089E-07        -1.775239677481721E-10
         1.000356912612915E+00        -1.064135176420677E-06         1.052777240384550E-10
         1.000222682952881E+00        -8.752024882596743E-07         1.023900408902989E-10
         1.000435829162598E+00        -1.057870690601703E-06        -1.531899498745382E-12
         1.000003695487976E+00        -4.274003515547520E-07        -3.325620334670987E-11
         9.998614192008972E-01         1.418185036072828E-07        -1.937349031200242E-10
         9.996417164802551E-01         6.582084211004258E-07        -2.355675376985999E-10
         1.000208616256714E+00         3.973994751049759E-07        -1.827540063725763E-10
         1.000622034072876E+00         2.047794254167457E-07        -1.409710959077159E-10
         1.000404000282288E+00         1.269298337547298E-07        -1.197324461799099E-10
         1.000249266624451E+00         3.397960313122894E-07        -2.241200003361143E-10
         9.996625781059265E-01         8.403547440138937E-07        -2.179897096166172E-10
         9.990713596343994E-01         1.568007519381354E-06        -3.419485250510945E-10
         9.988606572151184E-01         1.430920860912011E-06        -2.760653927680323E-10
         9.992488622665405E-01         4.939262225889252E-07        -2.363339524080743E-10
         9.993315935134888E-01         5.182479512200189E-08        -2.106349261676854E-10
         9.993107914924622E-01        -2.533748499899957E-07        -1.509668501320505E-10
         9.992254376411438E-01        -5.124466184724952E-08        -1.816765834994349E-11
         9.989817142486572E-01         6.644049790338613E-07        -4.092846200842715E-11
         9.990807771682739E-01         7.478099064428534E-07         1.697984981785527E-11
         9.992225170135498E-01         5.680660706275376E-07         1.931987556047510E-11
         9.997069835662842E-01        -1.635736879279648E-07         8.165317033625996E-11
         1.000229358673096E+00        -5.824318236591353E-07         9.071075141031670E-11
         9.998637437820435E-01         3.557879324489477E-08        -4.506981246543695E-11
         9.992218613624573E-01         1.131148110289359E-06        -1.816790468067708E-10
         9.989657998085022E-01         1.651935690460959E-06        -3.654840319278208E-10
         9.987623095512390E-01         1.337877733931236E-06        -1.584840869650606E-10
         9.990615248680115E-01         1.047790078700928E-06        -1.143751690579897E-10
         9.996992349624634E-01         6.359268240885285E-07        -4.181571061634415E-11
         1.000059485435486E+00         2.876324174394540E-07        -1.216908657175608E-10
         1.000098705291748E+00         2.668458343180191E-08        -2.203994278748844E-11
         1.000327944755554E+00        -7.204324674603413E-07         7.753447883729336E-11
         1.000171780586243E+00        -5.706400543203927E-07         8.088367475789227E-11
         9.994542598724365E-01         5.241915346232418E-07        -3.858165870118668E-11
         9.993506073951721E-01         6.830980510130757E-07        -1.769832023990059E-11
         9.997333884239197E-01         3.805482435836893E-07         3.034041073934901E-11
         9.998957514762878E-01         2.126557419046549E-08         1.233015217705358E-10
         9.996179342269897E-01         7.933290362416301E-07        -1.247641052970483E-11
         9.997580647468567E-01         1.337643993792881E-06        -1.296169699349647E-10
         9.997814297676086E-01         1.617772795725614E-06        -2.345408589565778E-10
         1.000086903572083E+00         8.930471722123912E-07        -1.879871674992373E-10
         1.000038266181946E+00         4.367312271824630E-07        -1.153216480642705E-10
         9.999484419822693E-01        -3.097756362535620E-08        -6.927458606753589E-11
         9.995661973953247E-01         7.867939189054596E-07        -4.244541176867678E-11
         9.992988705635071E-01         1.653537765378132E-06        -1.478312888769651E-10
         9.995058774948120E-01         1.594660147929972E-06        -1.031315102761887E-10
         9.996890425682068E-01         1.369535993944737E-06        -4.226773792082028E-11
         9.995790123939514E-01         1.532558599137701E-06        -1.658689713357475E-10
         9.997338056564331E-01         1.306003355239227E-06         1.237289676096764E-12
         1.000053644180298E+00         8.533293112122919E-07         1.477427208351756E-10
         1.000390052795410E+00         6.857175662844384E-07         6.735481616892969E-11
         9.977430105209351E-01         3.756876139959786E-06        -8.396060513504722E-10
         9.982628226280212E-01         2.728635536186630E-06        -6.270969854504926E-10
         9.988948702812195E-01         2.686832658582716E-06        -5.110365464133793E-10
         9.988226890563965E-01         2.974638846353628E-06        -4.105664141995646E-10
         9.986342191696167E-01         3.191803216395783E-06        -4.787417129392679E-10
         0.000000000000000E+00         0.000000000000000E+00         0.000000000000000E+00
         0.000000000000000E+00         0.000000000000000E+00         0.000000000000000E+00
         0.000000000000000E+00         0.000000000000000E+00         0.000000000000000E+00
         1.000184297561646E+00        -1.850985199780553E-06         2.984646696457816E-10
         1.000170350074768E+00        -1.266462163584947E-06        -6.482355624504166E-11
         1.000563263893127E+00        -1.261624561266217E-06         1.849150554900092E-10
         1.000922322273254E+00        -1.507193701399956E-06         4.279806231632932E-10
         1.000712633132935E+00        -1.487882173023536E-07        -7.599922358103584E-10
         1.001345276832581E+00        -9.080849849851802E-07        -7.881823527178256E-10
         1.001548767089844E+00        -1.504527631368546E-06        -6.045486333761119E-10
         1.001517534255981E+00        -1.628641371098638E-06        -4.575149148422497E-10
         1.000800251960754E+00        -1.245312319042569E-06        -4.933927710837338E-10
         9.995136857032776E-01        -2.960326526135759E-07        -2.456822245644474E-10
         9.994964599609375E-01        -5.169846986063931E-07        -6.119181272801200E-10
         9.999750852584839E-01        -1.548961563457851E-06        -4.174796619516030E-10
         9.998135566711426E-01        -1.048251078827889E-06        -4.731542935232369E-10
         9.998248815536499E-01        -1.082042672351236E-06        -4.812448772817390E-10
         9.995993971824646E-01        -7.063736688905919E-07        -5.319063522968293E-10
         1.000070571899414E+00        -5.103293574393319E-07        -6.079319270213546E-10
         1.000183582305908E+00        -6.172292614792241E-07         4.574108036781155E-10
         1.000310420989990E+00        -9.270632972402382E-07         4.858912716620978E-10
         1.000561475753784E+00        -1.672315988798800E-06         8.182037825044119E-10
         1.000977993011475E+00        -1.915142320285668E-06         8.688319508287634E-10
         1.001554131507874E+00        -1.969262257262017E-06         8.414869911987921E-10
         1.001492619514465E+00        -1.284317477256991E-06         5.229895405634011E-10
         1.001273393630981E+00        -1.382077698508510E-06         5.803090230571684E-10
         1.000969767570496E+00        -1.105702040149481E-06         4.855595370223398E-10
         1.000825643539429E+00        -7.162210522437817E-07         4.813333620568017E-10
         1.001492142677307E+00        -7.076124575178255E-07        -3.603352061176679E-10
         1.001834869384766E+00        -1.190741386380978E-06        -2.403486853985726E-10
         1.000879526138306E+00         8.173520882337471E-08        -5.375080935898779E-10
         1.000160336494446E+00         5.919915224694705E-07         1.873511346062173E-10
         1.000182509422302E+00         4.738686811833759E-07         2.856984926413730E-10
         1.000328302383423E+00         2.578406395059574E-07         3.309948148899622E-10
         1.000606298446655E+00         9.549287582899524E-09         3.473603904513567E-10
         1.000842332839966E+00        -7.514990443269198E-07         6.795609075460618E-10
         1.000921607017517E+00        -3.210922443486197E-07        -2.876503202298153E-10
         1.000893115997314E+00        -4.938100914841925E-07        -2.492614725735365E-10
         1.001049399375916E+00        -1.067889229489083E-06        -1.056567541790621E-10
         1.000163197517395E+00        -1.744507329703993E-07        -2.469817128591956E-10
         9.993006587028503E-01        -3.083150659222156E-07         5.199226604801765E-10
         9.989610314369202E-01         3.893333655469178E-08         3.691380812131939E-10
         9.989383220672607E-01         2.983169622439164E-07         2.526261699831167E-10
         9.989346861839294E-01         3.534212282829685E-07         2.686592337486360E-10
         9.987549781799316E-01         5.743009410252853E-07         2.216235805985178E-10
         9.989285469055176E-01         5.020461344429350E-07         2.302959767330748E-10
         9.989920258522034E-01         7.191827648966864E-07         1.713602731934216E-10
         9.990674853324890E-01         8.921356879909581E-07         1.656685622020149E-10
         9.993108510971069E-01         1.023082177198376E-06        -9.194989214478255E-11
         9.995707273483276E-01         8.068263923632912E-07        -6.326082019336710E-11
         9.998791813850403E-01         3.748844221718173E-07         1.744558490723858E-11
         9.999888539314270E-01        -1.749976092924044E-07         3.968560202682880E-10
         1.000149846076965E+00        -5.583838742495573E-07         5.120350254905759E-10
         1.000214219093323E+00        -6.322816261672415E-07         5.976755756975649E-10
         1.000462770462036E+00        -2.283036906192137E-07        -4.886768767420335E-10
         1.000583052635193E+00        -1.571936678601560E-07        -5.837601513292157E-10
         1.000435233116150E+00         1.592407130601714E-07        -6.360832971452623E-10
         1.000100493431091E+00         9.198634529639094E-07        -6.025464016623516E-10
         1.000410914421082E+00         2.741488458468666E-08        -4.092675920386313E-10
         1.000379681587219E+00        -2.248799120252443E-07        -3.680551696749745E-10
         1.000695466995239E+00        -7.709568308200687E-07        -1.560049589510726E-10
         1.000542998313904E+00        -9.916068393067690E-07         7.459445283686250E-10
         1.000562548637390E+00        -1.076651301445963E-06         7.374073018873162E-10
         1.000633478164673E+00        -9.896574511003564E-07         6.555105347416657E-10
         1.000976800918579E+00        -9.739734423419577E-07        -2.157713174799625E-10
         1.000976920127869E+00        -1.621301407794817E-06         8.622065839070103E-10
         1.000746488571167E+00        -1.352338472315751E-06         7.398063273100774E-10
         1.000130534172058E+00        -4.531819399744563E-07         3.706785989265882E-10
         9.997727274894714E-01         3.244463471219206E-07         2.204104121439343E-10
         9.997823238372803E-01         7.778808708280849E-07        -8.765737025129283E-10
         9.993783235549927E-01         8.779919653534307E-07        -7.391317558003152E-10
         9.994021654129028E-01         6.922057878000487E-07         1.886820699681380E-10
         1.000010848045349E+00         7.671728212699236E-07        -7.232883736385531E-10
         9.995449185371399E-01         1.280504875467159E-06        -5.063289232332124E-10
         1.000190615653992E+00         7.624969384778524E-07        -7.602289353592084E-10
         1.000315308570862E+00         6.469169875344960E-07        -5.979420292234749E-10
         1.000201940536499E+00         7.321694965867209E-07        -6.012397801846703E-10
         1.000379204750061E+00         7.650097586520133E-07        -6.044237887969928E-10
         9.999725222587585E-01         4.375678201995470E-07         2.908515650545951E-10
         9.998673200607300E-01         1.613204716477412E-07         2.244351093860786E-10
         1.000343799591064E+00         3.792458755924599E-07        -6.035580368823901E-10
         1.000458717346191E+00         3.651503845958359E-07        -6.706700195202586E-10
         1.000108718872070E+00        -5.354309706717686E-08         3.035466322742764E-10
         1.000010132789612E+00        -5.125239965764194E-08         2.391491171760407E-10
         9.999173283576965E-01        -5.622500509616657E-08         2.295420520326275E-10
         1.000026583671570E+00        -3.490326605515293E-07         4.633851635738040E-10
         9.995620250701904E-01         3.094319538377022E-07         2.392789022476194E-10
         9.995718002319336E-01         5.028886675972899E-07         4.947804665977884E-11
         9.997778534889221E-01         4.191333289327304E-07         1.399496074583340E-10
         9.997995495796204E-01         4.342768988863099E-07        -5.066139729947849E-10
         1.000071048736572E+00        -2.797630713757826E-07        -4.008667287003220E-10
         1.000027656555176E+00         4.359119287755675E-08        -6.563012355798037E-10
         1.000060915946960E+00        -5.120523951518408E-07        -2.816788746695664E-10
         1.000305891036987E+00        -9.195584311783023E-07        -2.154006556454036E-10
         1.000194787979126E+00        -1.150260686699767E-06        -1.564783996821362E-10
         9.998199939727783E-01        -1.800630258230740E-07        -3.125194270037213E-10
         1.000166773796082E+00        -4.303429932406289E-07        -3.837918594040701E-10
         1.000344514846802E+00        -1.189419549518789E-06         7.171441773756726E-10
         1.000794768333435E+00        -1.810434127946792E-06         8.849760368967452E-10
         1.001052021980286E+00        -1.902497842820594E-06         9.128452993500957E-10
         1.001418232917786E+00        -2.276795612488058E-06         8.361635828180169E-10
         1.001375079154968E+00        -1.521206968391198E-06         6.454284884327421E-10
         1.001521706581116E+00        -1.847898602136411E-06         7.492370057704534E-10
         1.001442551612854E+00        -1.838354364736006E-06         7.755274755716357E-10
         1.001083970069885E+00        -1.529182100057369E-06         7.627352083261485E-10
         1.000991344451904E+00        -1.397070491293562E-06         6.739581115411397E-10
         1.000606656074524E+00        -7.665346402063733E-07         4.481097437558645E-10
         1.000432968139648E+00        -3.140563933357043E-07         1.845560232416332E-10
         9.998648166656494E-01         3.645419326403498E-07        -1.245026443053021E-10
         9.994891285896301E-01         1.013059545584838E-06        -2.393645004428180E-10
         9.995843768119812E-01         9.121980042436917E-07        -3.711833271302645E-11
         9.999282956123352E-01        -1.429791467444375E-07         3.693257089043556E-10
         1.000057697296143E+00        -8.042778176786669E-07         6.700018317928880E-10
         9.998514056205750E-01        -7.427668151649414E-07         7.263640244836722E-10
         9.996671676635742E-01         2.181833451686543E-07        -4.347268101057011E-10
         9.997720718383789E-01         1.666780775622101E-07        -5.388665069716581E-10
         9.995754957199097E-01        -1.497092654290100E-07         4.721534274665373E-10
         9.993520975112915E-01        -2.302407580145882E-07         4.380140417037381E-10
         9.990610480308533E-01        -8.477307034127080E-08         4.252865559717378E-10
         9.992916584014893E-01        -1.562301576996106E-07         4.014290289067191E-10
         9.996777772903442E-01        -2.317742655577604E-07         3.795644631932049E-10
         9.996329545974731E-01         2.678593880034441E-08         2.802510168375960E-10
         9.993708133697510E-01         5.228120585343277E-07        -2.859964326994147E-13
         9.998105168342590E-01         1.458431881928846E-07         1.622179890414799E-10
         9.996805787086487E-01         2.850197518000641E-07         2.801138765384792E-10
         9.999541640281677E-01        -2.189475623026738E-07         2.581412028579422E-10
         9.997565746307373E-01         8.895810310605157E-09         3.188589114966334E-10
         9.998058676719666E-01         2.533944893912121E-07         2.843293656074053E-10
         9.999462366104126E-01         7.556258196927956E-07        -7.234782217757640E-10
         9.995672702789307E-01         1.027247549245658E-06        -7.047593064690716E-10
         9.988614916801453E-01         1.266471031158289E-06         1.120619222416686E-10
         9.990568161010742E-01         9.253439543499553E-07         2.402041898719176E-10
         9.992797374725342E-01         6.979252020755666E-07         2.594699732849648E-10
         9.994808435440063E-01         2.215679870687381E-07         3.804098425153057E-10
         9.993928074836731E-01         2.842978119588224E-07         3.471165299639978E-10
         9.999462366104126E-01        -6.806181573892900E-08        -3.745918297770601E-10
         9.995115995407104E-01         6.001603196637006E-07        -5.353412713127170E-10
         9.994688630104065E-01         2.763173085895687E-07        -4.837732436868691E-10
         9.988748431205750E-01         6.581307161468430E-07        -4.501979899984576E-10
         9.989061355590820E-01         6.080534262764559E-07        -4.626163618848267E-10
         9.987412095069885E-01         9.963868023987743E-07        -6.271987929018508E-10
         9.991942048072815E-01         5.857694418409665E-07        -4.532788311362168E-10
         9.990429878234863E-01         3.277546625213290E-07        -1.792726661564714E-10
         9.992613792419434E-01         1.311401973680404E-07        -8.167581194706841E-11
         9.995168447494507E-01         3.222269242542097E-07        -1.337621957642199E-10
         1.000155448913574E+00        -1.412902062014609E-08        -7.898065534917009E-11
         1.000138163566589E+00         3.757505169232900E-07        -7.624301190389815E-11
         1.000366330146790E+00         1.087246985775892E-07        -1.788854619988456E-10
         1.000348448753357E+00         5.171152395178069E-08        -1.751471745414790E-10
         9.998888373374939E-01         1.191729666061292E-06        -6.199519231309125E-10
         1.000040769577026E+00         1.120778165386582E-06        -5.590437557323469E-10
         1.001977562904358E+00        -2.702472784221754E-06         1.426137957727391E-10
         1.001241445541382E+00        -2.089229838020401E-06         2.962093070824068E-10
         1.001060247421265E+00        -2.697255013117683E-06         6.455165291185949E-10
         1.000767469406128E+00        -2.077108774756198E-06         5.159755955830292E-10
         1.000772118568420E+00        -1.828607651077618E-06         9.306001108599915E-11
         1.000601053237915E+00        -1.890674752758059E-06         6.219051384981356E-10
         9.998824596405029E-01         2.664983469458093E-07        -2.105317725709099E-10
         1.000497937202454E+00        -6.238196874619462E-07        -1.535605115288163E-10
         9.999763369560242E-01         7.837278417355265E-07        -3.059000830418768E-10
         9.999599456787109E-01        -1.680126899827883E-07         7.777214428017487E-10
         1.001004219055176E+00        -2.321678039152175E-06         1.555883866188879E-09
         1.001017928123474E+00        -2.841057721525431E-06         1.753637013379716E-09
         1.000832200050354E+00        -1.782696244845283E-06         4.573159351206613E-10
         1.000127673149109E+00        -4.065994403390505E-07        -1.026518384183994E-10
         1.000000119209290E+00        -3.356595641434978E-07        -6.227152821169923E-11
         9.999803900718689E-01        -1.707423251673390E-07         4.839174200244045E-11
         9.991736412048340E-01         7.318755024243728E-07         5.469833475046926E-10
         9.991877079010010E-01         1.786602297215723E-06        -4.881190451833106E-10
         9.995897412300110E-01         1.295819970437151E-06        -5.538543512706440E-10
         1.000023961067200E+00         8.903118100533902E-07        -2.961757228359119E-11
         1.000589251518250E+00         1.854879059237646E-07         6.412944619782479E-10
         1.000894904136658E+00         2.287779778953336E-07        -4.008617326967112E-10
         1.000867366790771E+00         5.399948008744104E-07        -5.356958210356311E-10
         1.000928759574890E+00        -6.706553534741033E-08        -1.836537311117326E-10
         1.000859141349792E+00        -1.963006326377581E-07        -1.409775490790466E-10
         1.000593900680542E+00         8.045412336343816E-09         7.024681392131527E-10
         1.001112937927246E+00        -2.880097156321426E-07         3.127994530061073E-10
         1.000933647155762E+00        -2.454970058352046E-07        -6.779593553218888E-11
         9.997993707656860E-01         9.901210660245852E-07        -5.825171456308453E-10
         9.988842606544495E-01         1.887030521174893E-06        -8.021539543712208E-10
         9.988014101982117E-01         1.455398660255014E-06        -6.148365150338009E-10
         9.988294243812561E-01         1.432842282156344E-06        -5.464830810097965E-10
         9.989785552024841E-01         8.244803666457301E-07        -3.078969856851188E-10
         9.990732073783875E-01         5.384819701248489E-07        -2.386480180138761E-10
         9.989564418792725E-01         9.307454433837847E-07        -3.833193207292140E-10
         9.991604089736938E-01         4.896518817076867E-07        -2.460416315130942E-10
