         1.001042604446411E+00        -9.412920576323813E-07         3.881280852269242E-10
         1.002032756805420E+00        -1.916671863000374E-06         8.220870095776434E-10
         1.001661539077759E+00        -1.538711785542546E-06         7.143691749256220E-10
         1.001031279563904E+00        -2.586453717867698E-07         1.500141816324074E-10
         1.001721739768982E+00        -1.466269964112143E-06         4.729845404227717E-10
         1.002189517021179E+00        -1.708176682768681E-06         5.952771608974672E-10
         1.001904606819153E+00        -1.792748093976115E-06         5.525349067170282E-10
         1.001665592193604E+00        -1.835643161030021E-06         6.903396188029376E-10
         1.001724123954773E+00        -1.598994117557595E-06         5.880180786732581E-10
         1.000448107719421E+00         4.232529136061203E-07        -8.807666401766667E-11
         9.989530444145203E-01         2.342135303479154E-06        -8.468747925149955E-10
         9.995066523551941E-01         1.442084226255247E-06        -6.359138771117046E-10
         9.999088644981384E-01         2.238410985455630E-07        -1.658806147997183E-10
         1.000828742980957E+00        -1.295954689339851E-06         4.851322676913128E-10
         1.000900626182556E+00        -7.233374503812229E-07         3.378629043204739E-10
         1.000214576721191E+00        -1.529867574845412E-07         1.136921876088159E-10
         9.991573095321655E-01         1.059420242199849E-06        -3.431864514791272E-10
         1.000088572502136E+00        -6.033648674019787E-07         2.074043714550555E-10
         9.998808503150940E-01        -2.702108758967370E-08         4.633336422865675E-11
         1.000743389129639E+00        -1.210658410855103E-06         2.850414626553999E-10
         1.001309633255005E+00        -1.454175389881129E-06         4.348831295075684E-10
         1.001291871070862E+00        -7.479529813281260E-07         2.905976015377121E-10
         1.001076459884644E+00        -4.612928989899956E-07         1.751881556488755E-10
         1.001510620117188E+00        -1.066462914423028E-06         4.196622771512892E-10
         1.001153469085693E+00        -1.807539860010365E-07         1.068104146795257E-10
         1.001565098762512E+00        -5.097711550661188E-07         2.099541374089853E-10
         1.000733971595764E+00         7.769666012791276E-07        -1.348589018235202E-10
         1.000584959983826E+00         1.503674411651446E-06        -4.421916999231001E-10
         1.001004338264465E+00         1.066300228558248E-06        -2.654440556248971E-10
         1.000628471374512E+00         1.502880422776798E-06        -4.972142697567961E-10
         1.000506997108459E+00         1.613397330402222E-06        -6.048772593914009E-10
         1.000669360160828E+00         1.085373810383317E-06        -4.400297348716720E-10
         9.998840093612671E-01         1.733183353280765E-06        -6.965056309482520E-10
         9.998144507408142E-01         1.713590791041497E-06        -6.431670196427319E-10
         9.995644092559814E-01         1.874458803285961E-06        -7.561984927129117E-10
         9.991602301597595E-01         2.450239435347612E-06        -8.558528330482318E-10
         9.996726512908936E-01         7.025093395895965E-07        -1.599952254016657E-10
         9.996436834335327E-01         7.465313274224172E-07        -2.073939492364119E-10
         9.997386932373047E-01         8.183269528672099E-07        -2.070860150027443E-10
         9.995582103729248E-01         1.735436853778083E-06        -5.758675203360042E-10
         9.995514154434204E-01         1.976644853129983E-06        -6.627529081093542E-10
         1.000070929527283E+00         1.413254040016909E-06        -4.539263687153294E-10
         1.000576972961426E+00         1.344927682112029E-06        -5.077760989458113E-10
         9.998924732208252E-01         1.900719212244439E-06        -6.497478111100463E-10
         9.993342161178589E-01         1.811473907764594E-06        -6.237487193416769E-10
         9.988904595375061E-01         1.732852297209320E-06        -5.936414693152869E-10
         9.983037114143372E-01         2.273545533171273E-06        -8.087189806715855E-10
         9.975559711456299E-01         2.064221462205751E-06        -7.172490934514997E-10
         9.979086518287659E-01         8.396727935178205E-07        -3.406697424157556E-10
         9.983203411102295E-01         1.704054994888793E-07        -2.650939710802103E-11
         9.987127184867859E-01        -9.737285644462190E-09        -1.127814647228220E-10
         9.995990991592407E-01        -1.625893446544069E-06         4.714310053444137E-10
         9.998242855072021E-01        -1.869400762188889E-06         5.424884985671952E-10
         9.990769624710083E-01        -7.536679049735540E-07         2.591137859830894E-10
         9.987834095954895E-01         4.129671822283854E-07        -2.025035000796649E-10
         9.983304142951965E-01         1.033762487168133E-06        -2.739861948430899E-10
         9.983569979667664E-01         5.914249072702660E-07        -1.099631913303867E-10
         9.987480640411377E-01        -2.818554492023395E-07         1.588723042011964E-10
         9.987937808036804E-01        -2.149840980791851E-07         7.207753144333751E-11
         9.985911846160889E-01        -1.412916077470072E-07         1.170030461405958E-10
         9.983795285224915E-01         4.259619288404792E-07        -2.021213890701645E-10
         9.981815218925476E-01         9.416623356628406E-07        -3.716250918106567E-10
         9.975304603576660E-01         2.219597945440910E-06        -7.074423269415320E-10
         9.974668025970459E-01         2.409869239272666E-06        -7.328062601175134E-10
         9.985740184783936E-01         1.344478846476704E-06        -5.027893656972537E-10
         9.993771314620972E-01         7.967428246047348E-07        -2.918329189416369E-10
         9.996709823608398E-01         2.693508065476635E-07        -4.114258586596087E-11
         9.998849630355835E-01        -2.686223012915434E-07         2.078680977346536E-10
         9.997605681419373E-01        -4.615327782175882E-07         2.534520371355597E-10
         1.000190019607544E+00        -6.342738743114751E-07         2.311435487456492E-10
         1.001266241073608E+00        -1.671496988819854E-06         4.956238752740205E-10
         1.001954197883606E+00        -2.455546109558782E-06         7.961074577345073E-10
         1.001562237739563E+00        -1.700926986814011E-06         6.132046537210556E-10
         1.000969529151917E+00        -5.987797635498282E-07         2.438098611889927E-10
         1.000389218330383E+00        -4.514717488746101E-07         2.910548746459796E-10
         1.000972390174866E+00        -9.387338764099695E-07         3.910897716785655E-10
         1.000959038734436E+00        -1.199044163513463E-06         4.614699455895988E-10
         1.001185655593872E+00        -1.637566924728162E-06         6.375430738891907E-10
         1.001519799232483E+00        -2.277222620250541E-06         8.847647614551590E-10
         1.001837730407715E+00        -3.153506668240880E-06         1.199698673737259E-09
         1.001116871833801E+00        -1.048099420586368E-06         3.929947756109442E-10
         1.000201106071472E+00         1.910595557319539E-07        -5.084828391677121E-11
         9.997232556343079E-01         7.773538186484075E-07        -2.256263509359258E-10
         9.996777772903442E-01         1.032810587275890E-06        -4.203453973783411E-10
         9.999527335166931E-01         7.458201594090497E-07        -3.147599958452929E-10
         9.998813867568970E-01         3.302152151718474E-07        -1.212332040312347E-10
         9.992557168006897E-01         1.110288621930522E-06        -4.395925845557258E-10
         9.994041919708252E-01         5.771500468654267E-07        -2.667118748078678E-10
         9.994887113571167E-01        -1.603854684617545E-07        -7.226314273529877E-13
         9.989333152770996E-01         6.717193059557758E-07        -2.424684897306406E-10
         9.984455704689026E-01         1.614831717233756E-06        -5.739480557487298E-10
         9.987535476684570E-01         1.452395054002409E-06        -5.772071154375169E-10
         9.986338019371033E-01         1.767235744409845E-06        -6.076894543127764E-10
         9.990144968032837E-01         1.119761009249487E-06        -4.290558186514914E-10
         9.996297359466553E-01         4.252806604654324E-07        -1.830734452923366E-10
         9.994642734527588E-01         5.247638341643324E-07        -2.374807295257853E-10
         9.996848702430725E-01        -1.360471486577808E-07         7.116147948682539E-11
         1.000073075294495E+00        -3.212698516108503E-07         9.051787097646979E-11
         1.000372648239136E+00        -1.089284410227265E-06         4.195601088774481E-10
         1.000430583953857E+00        -5.587601208389970E-07         1.864383925020974E-10
         1.000674009323120E+00        -9.899530368784326E-07         3.064126452567706E-10
         1.000230669975281E+00        -6.868388169323225E-08         8.608370266616205E-11
         1.000775814056396E+00        -3.927520140223351E-07         1.312593506108684E-10
         1.000447869300842E+00        -2.311467994786653E-07         7.764495296713747E-11
         1.000796198844910E+00        -9.437017070013098E-07         4.020749844180216E-10
         1.001786470413208E+00        -2.039590299318661E-06         6.940159003043789E-10
         1.001565575599670E+00        -1.959642759175040E-06         7.208620367293861E-10
         1.000522255897522E+00        -5.672747249718668E-08         4.818891119473534E-11
         1.000823736190796E+00        -5.834425564898993E-07         1.571495156227343E-10
         1.000640869140625E+00        -7.591875146317761E-07         2.533384335645650E-10
         1.000206112861633E+00        -3.604482685659605E-07         2.961475162321925E-11
         9.996526837348938E-01         1.271663023771907E-07        -1.780992991973207E-10
         9.995601177215576E-01         1.072443911454002E-08        -1.077891248479901E-10
         1.000054240226746E+00        -7.943533546495019E-07         2.411064126128792E-10
         1.000061869621277E+00        -1.048169565365242E-06         3.281871996385632E-10
         9.992693662643433E-01         5.336748358786281E-07        -1.838014046517955E-10
         9.994379281997681E-01        -2.966688283922991E-10        -4.621165949902917E-11
         9.991240501403809E-01         3.222534985525272E-07        -2.290780204416976E-10
         9.994696378707886E-01         6.592478598577145E-07        -4.276483889231741E-10
         9.993701577186584E-01         8.533768891538784E-07        -4.925446162040714E-10
         9.991483092308044E-01         1.020606418933312E-06        -5.961428573009186E-10
         9.995167851448059E-01         4.138880456139304E-07        -5.005161840543337E-10
         9.992038011550903E-01         1.142606834036997E-06        -6.955327425117730E-10
         9.993961453437805E-01         1.281198933611449E-06        -6.680859199192923E-10
         1.000209927558899E+00         4.453041810847935E-07        -4.168544676108610E-10
         1.000164866447449E+00         6.544113944073615E-07        -4.345823700901974E-10
         9.996129870414734E-01         1.102507212635828E-06        -5.405413339154563E-10
         9.993141293525696E-01         1.155559289145458E-06        -5.245210932258715E-10
         9.990239143371582E-01         1.757784389155859E-06        -6.854575240744509E-10
         9.995634555816650E-01         8.950322012424294E-07        -3.571722639872377E-10
         9.992742538452148E-01         2.089250529024866E-06        -6.981150657558999E-10
         9.996925592422485E-01         1.622457148187095E-06        -5.845938733095579E-10
         9.997559785842896E-01         9.166323025056045E-07        -3.008578108865123E-10
         9.997101426124573E-01         5.112664211992524E-07        -2.026947915068078E-10
         1.000016689300537E+00         2.133368468548724E-07        -1.086736117761333E-10
         9.996646642684937E-01         9.681648407422472E-07        -3.068960641172680E-10
         9.996226429939270E-01         7.241297907967237E-07        -1.996797865944089E-10
         9.998216629028320E-01         5.786864107903966E-07        -2.313532837527887E-10
         1.000200510025024E+00         9.699547831587552E-08        -7.393890361084843E-11
         1.000785589218140E+00        -2.870700939183735E-07         9.405340395396422E-11
         1.001175642013550E+00        -7.144296887418022E-07         2.906365981214520E-10
         1.000854134559631E+00        -2.170680772906053E-07         1.610044181310499E-10
         1.000408291816711E+00        -1.501847322060712E-07         1.377610525654660E-10
         1.000133991241455E+00         3.456044339600339E-08         7.455538963974107E-11
         9.998192787170410E-01         1.150271700112171E-07         2.031388078582719E-11
         9.994685053825378E-01         1.923476133924851E-07         6.245945427529875E-11
         9.993190765380859E-01        -3.270444608460821E-07         1.692127410413136E-10
         9.998918175697327E-01        -1.231871237905580E-06         4.854308066626345E-10
         9.999707937240601E-01        -9.169880286208354E-07         3.646522805933472E-10
         9.998243451118469E-01        -7.729719868621032E-07         4.264346653570783E-10
         9.990636706352234E-01         6.486145025519363E-07        -9.183018928604625E-11
         9.989028573036194E-01         1.069172981260635E-06        -3.062547715426689E-10
         9.994462132453918E-01         4.374967090825521E-07        -1.214330441756672E-10
         9.997518062591553E-01        -3.335421752126422E-07         1.995988652137015E-10
         9.996950626373291E-01         2.685882272146500E-08         9.228942610128854E-11
         1.000185370445251E+00        -2.620092800498242E-07         8.308111837385113E-11
         1.000869750976562E+00        -5.039972279519134E-07         1.440218361237200E-10
         1.001221537590027E+00        -5.519218007066229E-07         1.119423650997042E-10
         1.000867724418640E+00        -6.401205041584035E-07         1.063079207996864E-10
         1.000824093818665E+00        -8.885688203008613E-07         1.538382615740019E-10
         1.001359820365906E+00        -1.206842966894328E-06         2.957096234545986E-10
         1.001690745353699E+00        -1.312412678089458E-06         3.427276518142008E-10
         1.001640200614929E+00        -1.438787080587645E-06         4.204375736449606E-10
         1.001741290092468E+00        -1.835779244174773E-06         5.447942652558879E-10
         1.001708030700684E+00        -1.440672122043907E-06         3.285171579214818E-10
         1.001378655433655E+00        -1.003570901048079E-06         2.535031906614194E-10
         1.001486301422119E+00        -9.967870937543921E-07         2.198044524170939E-10
         1.001180887222290E+00        -4.791842798113066E-07         1.277273287136893E-10
         1.001054286956787E+00        -1.000138468043588E-06         2.397883835936199E-10
         1.000648856163025E+00        -5.366136974771507E-07         7.371984273030208E-11
         1.000618100166321E+00        -1.351961316231609E-07        -9.080437096686822E-11
         1.001109838485718E+00        -3.283170713075378E-07        -7.502715809737381E-11
         1.000954627990723E+00        -4.052611188853916E-07        -8.753690589231866E-13
         1.001450896263123E+00        -7.184419814620924E-07         1.327171428311402E-10
         1.002199411392212E+00        -1.054979634318443E-06         2.307397051204418E-10
         1.002640843391418E+00        -1.337417984359490E-06         3.886156951793396E-10
         1.003605961799622E+00        -2.482506261003437E-06         6.633792404286964E-10
         9.961490631103516E-01         6.333597411867231E-06        -1.637920132857573E-09
         9.972292184829712E-01         4.888260264124256E-06        -1.336936561457946E-09
         9.997598528862000E-01         1.679954266364803E-06        -4.417999577288612E-10
         1.000782489776611E+00        -1.076698339375071E-07        -1.967389098855854E-11
         1.001825809478760E+00        -1.773161557139247E-06         3.584249008703466E-10
         0.000000000000000E+00         0.000000000000000E+00         0.000000000000000E+00
         0.000000000000000E+00         0.000000000000000E+00         0.000000000000000E+00
         0.000000000000000E+00         0.000000000000000E+00         0.000000000000000E+00
         9.982087612152100E-01         2.205286818934837E-06        -2.429738632514500E-09
         9.990524649620056E-01         6.595564059352910E-07        -1.196285293048049E-09
         9.981260299682617E-01         1.330458076154173E-06        -1.497997836885645E-09
         9.980962276458740E-01         1.218169245476020E-06        -1.025127094322897E-09
         9.979057908058167E-01         5.930104975959694E-07        -1.497080931445183E-10
         9.985318779945374E-01        -2.907982263877784E-07         1.054936138444873E-10
         9.991947412490845E-01        -1.063619265551097E-06         3.815451010691362E-10
         9.988083839416504E-01        -9.951736501534469E-07         3.291211192468779E-10
         9.990078210830688E-01        -6.608754574699560E-07         2.482354877209048E-10
         9.990857839584351E-01        -8.628478553873720E-07         3.364929446192377E-10
         9.992893338203430E-01        -1.221748220814334E-06         4.460996017030538E-10
         9.999445080757141E-01        -1.242890675712260E-06         5.091989607741709E-10
         9.999530911445618E-01        -6.626718800362141E-07         3.433820450204905E-10
         1.000126838684082E+00        -1.281468939851038E-06         5.299896632671164E-10
         1.000360727310181E+00        -1.065356286744645E-06         4.291152433388845E-10
         1.000428795814514E+00        -4.112231000164002E-09         5.313355658231877E-11
         1.000078678131104E+00         4.012609622350283E-07        -1.317481124196718E-10
         9.998407363891602E-01         6.657928111053479E-07        -1.843472041684890E-10
         1.000141978263855E+00         7.945583888613328E-07        -2.055532410949468E-10
         1.000576376914978E+00         7.152686407607689E-07        -2.325090675547870E-10
         1.000358581542969E+00         7.314905587918474E-07        -2.981839219984295E-10
         1.000121831893921E+00         7.353310138569213E-08        -7.960074266399886E-11
         1.000101804733276E+00         6.944225816596372E-08        -5.759697579987844E-11
         1.000071287155151E+00         3.782631097237754E-07        -2.033228446718383E-10
         1.000335216522217E+00         7.150925966925570E-07        -3.388485603217362E-10
         1.001018762588501E+00         1.965993732255811E-07        -1.617343758919532E-10
         1.000868320465088E+00         4.694233268764947E-07        -2.709725499538962E-10
         1.000937938690186E+00         3.440466969095723E-07        -2.198834031519326E-10
         1.001011848449707E+00         6.121192086538940E-07        -3.424976136034985E-10
         1.000729918479919E+00         3.955877332373348E-07        -2.409075716691689E-10
         1.000744581222534E+00         5.082397365185898E-07        -2.925630571137816E-10
         1.000671029090881E+00         4.801710247193114E-07        -2.927627029691848E-10
         1.000662803649902E+00         2.838430646079360E-07        -2.344372473928047E-10
         1.000389337539673E+00         2.215076904121815E-07        -1.354471396153301E-10
         1.000085115432739E+00         4.177673531557957E-07        -2.259354509037692E-10
         1.000348567962646E+00        -1.949679528934212E-07        -9.680057970473666E-12
         1.000392317771912E+00        -3.961615391290252E-07         7.943688762335199E-11
         1.000263690948486E+00        -7.219613280540216E-07         1.698187701570930E-10
         9.998268485069275E-01         3.896280986737111E-08        -5.717283591000211E-11
         1.000234603881836E+00        -6.832223107267055E-07         2.166068158171441E-10
         1.000219583511353E+00        -7.855592798478028E-07         2.893525974378974E-10
         1.000075697898865E+00        -2.524377862300753E-07         1.383109460295628E-10
         1.000195741653442E+00        -3.922216080809449E-07         9.142430562603110E-11
         9.995588660240173E-01        -4.127591921587737E-07         8.970275910957781E-11
         9.995714426040649E-01        -4.660596744088252E-07         1.385678238818855E-10
         9.997526407241821E-01        -4.591471736148378E-07         8.107542415203284E-11
         9.999068379402161E-01        -8.542535283595498E-07         1.597249832396841E-10
         9.997629523277283E-01        -4.267531323876028E-07         9.913662946114954E-11
         9.999105334281921E-01        -4.246024900567136E-07         7.201286095215309E-11
         9.999904632568359E-01         1.145106480748836E-07        -3.433318213064140E-11
         9.995847344398499E-01         7.092052101143054E-07        -2.246161034946681E-10
         9.995785355567932E-01         6.805881298532768E-07        -1.986399794651206E-10
         9.996430873870850E-01         4.363085110981046E-07        -7.861480216808658E-11
         9.997200369834900E-01         1.628541212994605E-07         2.601697329795982E-11
         1.000137090682983E+00        -4.649628948527607E-08         5.807159961235264E-11
         1.000217199325562E+00         4.223241774070630E-07        -1.297371654551682E-10
         9.999826550483704E-01         9.037871677719522E-07        -2.665412335289830E-10
         9.994735717773438E-01         1.494884486419323E-06        -4.677896403570969E-10
         9.993181228637695E-01         1.388044438499492E-06        -4.520388230400130E-10
         9.992885589599609E-01         1.242112944055407E-06        -4.281469068168064E-10
         9.990764856338501E-01         1.536515924271953E-06        -4.991901891848727E-10
         9.992209672927856E-01         1.251620574294066E-06        -3.854736807529235E-10
         9.993054270744324E-01         5.620440788334236E-07        -1.436427782275373E-10
         9.993957877159119E-01         6.593931090037586E-08        -1.783185578363433E-11
         9.999262690544128E-01        -8.836150300339796E-07         2.753694217094704E-10
         1.000093817710876E+00        -8.069000045907160E-07         2.479936533905658E-10
         9.999004602432251E-01        -5.731039323109144E-07         1.368777452492864E-10
         9.994520545005798E-01        -1.711838564233403E-07        -4.703568697722593E-12
         9.991855025291443E-01         1.141997341136403E-08        -2.653578225209063E-11
         9.990136027336121E-01         1.742135680160573E-07        -1.752298306456623E-11
         9.993701577186584E-01        -3.691882000111946E-07         1.948768646453658E-10
         9.995970726013184E-01        -7.554104399787320E-07         3.529048997474860E-10
         9.996023774147034E-01        -4.792762524630234E-07         2.713564650758116E-10
         9.996307492256165E-01        -4.518129514963221E-07         2.117875319562756E-10
         9.996789097785950E-01        -6.451526246564754E-07         2.432216095193951E-10
         9.986554384231567E-01         3.128055325873902E-08         3.969130232817086E-11
         9.982225894927979E-01        -1.464093486447382E-07         8.181706701027025E-11
         9.981021881103516E-01         8.041016741344720E-08         4.553288301956115E-12
         9.984596967697144E-01        -1.969204816987258E-07         7.364494430950330E-11
         9.982831478118896E-01         7.050500698824180E-07        -2.201741428065063E-10
         9.986667633056641E-01         3.753688133656397E-07        -6.046547984528416E-11
         9.992475509643555E-01         1.609427471294111E-07         1.419601936003545E-11
         9.994090199470520E-01         1.876078812301785E-07         2.343411055483191E-11
         9.994167685508728E-01         3.959933110309066E-07        -6.754675291320567E-11
         9.997345209121704E-01        -2.597737314147253E-08         6.452473277906989E-11
         9.999345541000366E-01        -2.542636821090127E-07         7.452747446956565E-11
         1.000088930130005E+00        -2.361809592343889E-08         1.929925316779268E-11
         1.000913619995117E+00        -6.435431032514316E-07         2.551107103343497E-10
         1.001352787017822E+00        -8.775450055509282E-07         2.667915333098847E-10
         1.001325249671936E+00        -3.430773176660296E-07         7.230151893855563E-11
         1.001270413398743E+00        -1.334716301926164E-07         1.905941376945108E-11
         1.001243114471436E+00         1.207912170286818E-08         2.960358694292786E-11
         1.000818967819214E+00         2.528229003928573E-07        -7.204083163347974E-11
         1.000044345855713E+00         8.801853255135939E-07        -2.636474927264487E-10
         9.999212026596069E-01         3.496792544410710E-07        -8.193957318214373E-11
         9.991436004638672E-01         9.543159649183508E-07        -2.771012863611588E-10
         9.997718334197998E-01         1.102159217225562E-07        -4.031481051769426E-11
         1.000398278236389E+00        -7.844765264053422E-07         2.779398100560826E-10
         9.999555349349976E-01        -3.200541129899648E-07         1.370095981112485E-10
         9.994052052497864E-01         4.822654773306567E-07        -1.101624069743679E-10
         9.991871714591980E-01         8.469955901091453E-07        -2.568290025095621E-10
         9.994597434997559E-01         4.587398905187001E-07        -1.505476160401642E-10
         9.999011158943176E-01        -2.417654343389586E-07         5.501090208359649E-11
         9.996151924133301E-01         3.173227867137030E-07        -1.422008483187298E-10
         9.997074604034424E-01         4.058888976032904E-07        -1.892957179894239E-10
         1.000289440155029E+00        -3.704677737914608E-07         1.039937511104760E-10
         1.000290632247925E+00        -3.315727070685170E-08        -1.632817665797592E-11
         1.000139474868774E+00         1.459701621797649E-07         3.498104930721446E-11
         1.000522017478943E+00         1.906252293792932E-07        -9.532819672530835E-11
         1.000388264656067E+00         2.741980722476001E-07        -8.375490578860223E-11
         1.000453114509583E+00        -8.573603338390967E-08         8.148130087315408E-11
         9.997246265411377E-01         7.177466727625870E-07        -1.929665871536201E-10
         9.996252655982971E-01         2.007968902262292E-07        -1.032664856404075E-10
         9.998321533203125E-01        -3.365078953265765E-07         1.027769258588052E-10
         9.997024536132812E-01        -1.018924180584690E-07         8.755542298122254E-12
         9.992455244064331E-01         5.817187798129453E-07        -2.686464106727016E-10
         9.987989664077759E-01         1.317847818427254E-06        -5.069866748641516E-10
         9.989657402038574E-01         1.055065922628273E-06        -4.291465793837546E-10
         9.992413520812988E-01         9.549479500492453E-07        -3.804706549814796E-10
         9.994288086891174E-01         1.344593414387418E-07        -5.499781186024677E-11
         9.997224807739258E-01        -1.411181642652082E-07        -4.353795796108173E-11
         9.992569684982300E-01         8.047728670135257E-07        -3.127756387222291E-10
         9.985844492912292E-01         1.598507878952660E-06        -5.541970216071945E-10
         9.986304044723511E-01         1.153949142462807E-06        -3.315761831768071E-10
         9.985580444335938E-01         6.593895705009345E-07        -1.585995779151972E-10
         9.988806843757629E-01         9.094406294707369E-08        -3.687946475983139E-11
         9.992899298667908E-01         3.024626096248539E-07        -4.410285678324577E-11
         9.991452097892761E-01         7.722460395598318E-07        -2.146453154105998E-10
         9.997652173042297E-01         5.186573162063723E-07        -1.430809221103502E-10
         9.999943375587463E-01         3.540322666140128E-07        -3.756478808569774E-11
         1.000072002410889E+00         3.213221475562023E-07        -4.631269673316396E-11
         9.999973177909851E-01         1.177330872792481E-07         6.804572183494173E-11
         9.998536705970764E-01        -1.480389499874946E-07         1.130686308470352E-10
         9.993680715560913E-01         2.229294011613092E-07         3.407059009918889E-11
         9.995318055152893E-01        -2.368235563210419E-08         7.573605631527869E-11
         9.999371170997620E-01         8.169282494918662E-08        -1.603254508319996E-11
         1.000660777091980E+00        -3.318743608815566E-07         9.137061246500267E-11
         1.000454664230347E+00         3.494548650451179E-07        -7.606065777210347E-11
         1.000356078147888E+00         4.718494608368928E-07        -1.315659248213308E-10
         1.000412702560425E+00        -3.248142945722066E-07         1.203239313740667E-10
         1.000492691993713E+00        -2.760007475899329E-07         1.020155765418806E-10
         1.000659465789795E+00        -8.138218845488154E-07         3.408573978624929E-10
         1.000655531883240E+00        -3.306420524040732E-07         1.675865279882061E-10
         1.000561475753784E+00        -8.454451005945884E-08         2.898463413725239E-11
         1.000305414199829E+00         1.453849023391740E-07        -7.896405057605804E-11
         1.000351905822754E+00        -2.087639643377770E-07        -6.820146877806188E-12
         1.000285744667053E+00        -3.535919859132264E-07         1.070696309390939E-10
         1.000450611114502E+00        -3.285146306097886E-07         8.979840482314927E-11
         1.000434398651123E+00        -1.684250321432046E-07         7.292315362672497E-11
         1.000302076339722E+00         9.132243405929330E-08        -1.635546038880609E-11
         1.000226020812988E+00         3.259646774722569E-08         1.312999188540775E-11
         1.000043511390686E+00        -1.915721128398218E-07         1.094698082182433E-10
         9.998788833618164E-01        -7.320158346146854E-08         3.539836826438325E-11
         9.995787143707275E-01         1.717651514354657E-07        -3.426535097328376E-11
         9.998006224632263E-01         2.246653281190447E-07        -7.644931215855522E-11
         9.997420907020569E-01         5.152015205567295E-07        -1.825263135080135E-10
         9.995059967041016E-01         9.367876145915943E-07        -3.339806764479647E-10
         9.999343752861023E-01         4.308280665554776E-07        -1.496291701652552E-10
         9.995735883712769E-01         7.160860491239873E-07        -1.862981297007238E-10
         9.990430474281311E-01         4.161706783634145E-07        -7.672746465958724E-11
         9.992419481277466E-01         2.502075915344903E-07        -5.272673270217965E-11
         9.999508857727051E-01         2.704157964217302E-08         2.964459580589995E-11
         1.000516176223755E+00        -4.866961944571813E-07         1.776882807558167E-10
         1.000325322151184E+00        -2.014735542843482E-07         1.324570453320462E-10
         9.999578595161438E-01        -1.159342346568337E-07         6.915347461333710E-11
         9.997292160987854E-01         6.124420082187498E-08         2.821735206604004E-11
         9.995313286781311E-01         1.031954639074684E-06        -2.690924982839960E-10
         1.000115156173706E+00         4.774375383931329E-07        -2.113848809534580E-12
         1.000299692153931E+00         6.916091024322668E-07        -8.279627677909573E-11
         1.000167727470398E+00         1.143068629971822E-06        -2.062961607096625E-10
         1.000532984733582E+00         4.156005672939500E-07         4.428388558630481E-11
         1.000717043876648E+00         3.228700791169103E-07         5.264482599853793E-11
         1.000322341918945E+00         4.711302210580470E-07        -8.193181376403569E-12
         9.995928406715393E-01         8.363063557226269E-07        -1.281152128829177E-10
         9.992280006408691E-01         1.229080794473703E-06        -2.295120760109626E-10
         9.988072514533997E-01         1.567170897942560E-06        -2.917489028142484E-10
         9.988176226615906E-01         1.342437371931737E-06        -2.050287578603260E-10
         9.992611408233643E-01         1.379760533382068E-06        -2.201709925486739E-10
         9.948379993438721E-01         6.577598469448276E-06        -1.628417400922899E-09
         9.971635937690735E-01         3.553742772055557E-06        -7.951404534800588E-10
         9.987133741378784E-01         1.995509137486806E-06        -3.484905697348495E-10
         0.000000000000000E+00         0.000000000000000E+00         0.000000000000000E+00
         0.000000000000000E+00         0.000000000000000E+00         0.000000000000000E+00
         0.000000000000000E+00         0.000000000000000E+00         0.000000000000000E+00
         0.000000000000000E+00         0.000000000000000E+00         0.000000000000000E+00
         9.999223947525024E-01        -3.458400215095025E-06         1.678615801914418E-09
         9.997759461402893E-01        -2.946537279058248E-06         1.629677504055849E-09
         1.000462055206299E+00        -4.422652182256570E-06         2.829556144945400E-09
         1.000155210494995E+00        -1.457449911868025E-06         1.635954288703445E-10
         1.000298619270325E+00        -1.538591618555074E-06         2.426111256337293E-10
         1.000051617622375E+00        -1.196166749650729E-06         1.105201902218411E-10
         9.998051524162292E-01        -1.112628524424508E-06         9.434789061124604E-11
         9.996185302734375E-01        -8.808885922917398E-07         1.714051643675329E-11
         1.000015854835510E+00        -7.595339184263139E-07        -3.960386879553468E-11
         1.000144004821777E+00        -6.070787321732496E-07        -7.870291918177230E-11
         1.000197768211365E+00        -5.533211151487194E-07        -3.079324642496495E-11
         1.000648260116577E+00        -6.104012300056638E-07         1.726464284035334E-11
         1.000886082649231E+00        -8.458450224679837E-07         9.695726166381036E-11
         1.000981211662292E+00        -7.177571887950762E-07         1.486020334562355E-11
         1.000948905944824E+00        -2.211859424505747E-07        -1.466747695522130E-10
         1.000661015510559E+00         2.096764859516043E-07        -2.815187527538399E-10
         1.000403165817261E+00         3.059921311887592E-07        -2.918018882080986E-10
         1.000692725181580E+00         1.362524102432872E-07        -1.834195989536269E-10
         1.001108288764954E+00        -2.365294449191424E-07        -6.927065865358628E-11
         1.001170873641968E+00        -5.048992193223967E-07         4.806725503736509E-11
         1.000974178314209E+00         1.700894536327269E-08        -5.836887917443079E-11
         1.001174211502075E+00        -7.999364015631727E-08        -5.243864370507723E-11
         1.001446008682251E+00        -4.438678331553092E-07         1.229011614700681E-10
         1.001577615737915E+00        -6.423030640689831E-07         2.165461560066362E-10
         1.001441240310669E+00        -7.136203521440621E-07         2.240597568592406E-10
         1.001267790794373E+00        -7.454584078914195E-07         2.725931980140928E-10
         1.000389337539673E+00        -2.520901531966047E-08         5.691613499947401E-11
         1.000188946723938E+00         6.024487930744726E-08        -1.939660064509408E-11
         9.997760057449341E-01         2.830950336374372E-07        -4.709007836445345E-11
         9.992966651916504E-01         2.083483074954984E-08         2.883044671053714E-11
         9.988368153572083E-01         4.332968899234402E-07        -8.552317881660443E-11
         9.989406466484070E-01         3.174125708937936E-07        -4.487293522870139E-11
         9.990890622138977E-01         2.048783329655635E-07         3.070506349178714E-11
         9.986490011215210E-01         3.255574654303928E-07        -1.775489824606957E-11
         9.989093542098999E-01         4.465258598429500E-07        -9.301941161776739E-11
         9.995455145835876E-01        -4.283708676666720E-08         4.515675333660596E-11
         9.997240900993347E-01         7.722049844005596E-08        -1.130594316084421E-11
         9.992434382438660E-01        -9.743080653379366E-08         8.780407650954558E-11
         9.993483424186707E-01        -5.402240503826761E-07         2.169799617757207E-10
         9.995062947273254E-01        -6.660907274635974E-07         2.607767612960998E-10
         9.999283552169800E-01        -1.267911329705385E-06         4.558749766570003E-10
         9.998542666435242E-01        -1.039412381942384E-06         4.091665894989660E-10
         1.000301837921143E+00        -1.019493993226206E-06         4.603885883636138E-10
         1.001404166221619E+00        -1.338435254183423E-06         5.584194218144489E-10
         1.001989364624023E+00        -1.865364765762934E-06         6.707577271392040E-10
         1.002369999885559E+00        -2.295996637258213E-06         8.354538727495253E-10
         1.001962184906006E+00        -2.036469140875852E-06         7.434628468416804E-10
         1.001751899719238E+00        -2.053022626569145E-06         7.183598715876371E-10
         1.001361727714539E+00        -1.955236939465976E-06         7.022154524527480E-10
         1.000515222549438E+00        -1.365101525152568E-06         5.002846470425482E-10
         1.000385880470276E+00        -1.226617655447626E-06         4.191476887793755E-10
         1.000191926956177E+00        -1.026392169478640E-06         3.277642601773323E-10
         9.999275207519531E-01        -2.472292806032783E-07         1.034511781794478E-10
         9.998677968978882E-01        -1.944630270145353E-07         5.179439863112201E-11
         9.995897412300110E-01         1.642901992227053E-07        -4.948358042766721E-11
         9.998732805252075E-01        -2.368982450207113E-07         3.408602566867813E-11
         1.000134468078613E+00        -3.601352602800034E-07         8.891398034505116E-11
         1.000235199928284E+00        -4.709293932592118E-08         1.767752610959406E-12
         1.000597000122070E+00        -2.992022984926734E-07         9.056545791086279E-11
         1.000216364860535E+00        -3.235363408293779E-07         9.461635641638821E-11
         9.996957182884216E-01         2.310698477003825E-07        -1.004817132277402E-10
         9.997162818908691E-01         3.611988006468891E-07        -1.200582550042739E-10
         9.996542334556580E-01         7.016906806711631E-07        -2.204632448821187E-10
         9.995811581611633E-01         5.697010578842310E-07        -1.755193490549090E-10
         9.993956089019775E-01         4.401711066748248E-07        -1.499075169553166E-10
         9.992148876190186E-01         7.309351417461585E-07        -2.185609471183625E-10
         9.990893602371216E-01         6.124777200966491E-07        -1.989784725875410E-10
         9.988238811492920E-01         5.570916528085945E-07        -1.686607659090456E-10
         9.991728067398071E-01         5.081643621451803E-07        -1.968573914989946E-10
         9.995889067649841E-01         6.625365358559065E-07        -2.271602628223235E-10
         9.998567104339600E-01         4.248714731147629E-07        -1.480175843004972E-10
         9.996190071105957E-01         5.668443918693811E-07        -1.844370350889690E-10
         9.993683099746704E-01         4.119396237456385E-07        -1.807905214423755E-10
         9.991860389709473E-01         5.124923063704045E-07        -2.254409159352377E-10
         9.993538856506348E-01         5.626337724606856E-07        -2.819680877674813E-10
         9.997578859329224E-01         3.360754305958835E-07        -2.429771384093726E-10
         9.998496770858765E-01         1.243049325694301E-07        -1.771350982560094E-10
         1.000155568122864E+00        -8.970267373342722E-08        -1.410730976481034E-10
         1.000114917755127E+00         4.594652125433640E-07        -2.681051491926212E-10
         1.000253915786743E+00         2.523374291740765E-07        -1.583412428951547E-10
         1.000400424003601E+00         2.644453900302324E-07        -1.486771955550026E-10
         1.000175476074219E+00         1.795645516722288E-07        -8.170063237056269E-11
         9.996740221977234E-01        -5.710682060566796E-08         4.002970871441747E-11
         9.992057085037231E-01         1.240481566355811E-07        -7.589226122539650E-12
         9.995279908180237E-01         8.848184052112629E-08        -3.062365638850650E-11
         9.997078180313110E-01        -1.648695047151705E-07         8.135753876148399E-11
         9.999324679374695E-01        -1.854726860983646E-07         7.055168949055002E-11
         1.000099182128906E+00         1.122266795050564E-07        -4.463565281276338E-11
         1.000330686569214E+00        -3.025951684776373E-07         9.870020079016939E-11
         1.000463962554932E+00        -1.969254839195855E-07         1.073115762917354E-10
         1.000647425651550E+00        -2.042306164184993E-07         1.208574629263381E-10
         1.000490546226501E+00        -1.015131161352656E-07         9.314219534539703E-11
         1.000521063804626E+00        -1.406968097583672E-09         4.083342691751923E-11
         1.000236392021179E+00         2.438375474866916E-07        -3.947866339393258E-11
         1.000037431716919E+00         1.151322379655539E-07        -3.195009534717741E-11
         1.000000715255737E+00         3.703808459931679E-08        -3.365739284499902E-11
         9.998903274536133E-01        -1.907939264356173E-07         6.744934472058262E-12
         9.995406270027161E-01        -2.553862676890617E-10         2.412535796136872E-11
         9.988295435905457E-01        -1.120237147489433E-08         6.082146505187458E-12
         9.983386993408203E-01         9.037496795372135E-08         5.075354025940726E-11
         9.982257485389709E-01        -8.401413964520543E-08         1.080872821801471E-10
         9.981807470321655E-01        -1.733512817736482E-07         1.558839307636006E-10
         9.984545707702637E-01        -1.260075492837132E-07         1.231493934605865E-10
         0.000000000000000E+00         0.000000000000000E+00         0.000000000000000E+00
         9.991066455841064E-01         1.890248597646860E-07        -9.590845478912868E-11
         9.993951320648193E-01         2.996148396050557E-07        -1.803592830640355E-10
         9.994264841079712E-01         2.818439952534391E-07        -1.850370412448399E-10
         9.996035099029541E-01         4.132049866711895E-07        -2.313881170001864E-10
         9.996985197067261E-01         4.779097366736096E-07        -2.366231655059892E-10
         9.998115897178650E-01         1.000398697215132E-07        -1.336212668290315E-10
         9.991109967231750E-01         4.951580194756389E-07        -2.830619627580688E-10
         9.988952279090881E-01         4.560484683224786E-07        -2.421259581719681E-10
         9.988629221916199E-01         4.614412887349317E-07        -1.858408427146685E-10
         9.988813996315002E-01         2.439971353851433E-07        -1.647491865153228E-10
         9.990155100822449E-01         2.532153473566723E-07        -8.826975955722460E-11
         9.997392892837524E-01        -7.124304346461940E-08        -1.135185521972115E-11
         1.000558972358704E+00        -5.852571121067740E-07         1.874231742027277E-10
         1.000948429107666E+00        -5.104826641399995E-07         1.818051265090048E-10
         1.001030087471008E+00        -4.883830797552946E-07         1.532157456463068E-10
         1.000473499298096E+00         3.947837967643864E-08        -1.057738358706262E-11
         1.000441431999207E+00         5.762400974163029E-07        -1.345267092167646E-10
         1.000620484352112E+00         5.516322971743648E-07        -1.395726173525347E-10
         1.000768423080444E+00         3.686810146064090E-07        -7.743058971776406E-11
         1.000264406204224E+00         1.833310250276554E-07         8.207219626132911E-12
         1.000110626220703E+00        -2.213665766248596E-07         1.008093677978827E-10
         9.999203085899353E-01        -1.642347626784613E-07         1.167538149493552E-10
         9.999953508377075E-01        -4.892702065717458E-08         6.984245126684385E-11
         9.999650716781616E-01         1.477542070915661E-07        -2.615226958602168E-11
         9.998111128807068E-01        -2.305994826201641E-07         1.044932751437244E-10
         9.995675683021545E-01        -3.444878018399322E-07         1.727520765326673E-10
         9.995291233062744E-01        -3.544210187556018E-07         1.063460083883250E-10
         9.997503161430359E-01        -3.344614185607497E-07         1.291136086933875E-10
         1.000073790550232E+00        -6.435716386476997E-07         2.014363398306074E-10
         9.995885491371155E-01         2.821590499024751E-07        -5.518256337988525E-11
         9.998459219932556E-01         1.471797901331229E-07        -3.697864237039994E-11
         1.000244855880737E+00        -2.528755942421412E-07         8.533064532745271E-11
         1.000340700149536E+00        -2.582847287158074E-07         7.290348186250739E-11
         1.000139713287354E+00        -3.033576945199457E-07         7.044599625860570E-11
         9.998728632926941E-01         6.275190145288434E-08        -5.315148321471952E-11
         9.996016621589661E-01        -4.597098524072862E-08        -3.872327805631848E-13
         9.997577071189880E-01        -1.645135938588282E-07         5.490380025618968E-11
         1.000117421150208E+00        -7.528873169349026E-08         3.707943327380114E-11
         1.000563025474548E+00        -1.107327136651293E-07        -6.600776240699158E-13
         1.000454306602478E+00         5.695700622254662E-08        -8.383635452524629E-11
         1.000239491462708E+00         6.205553404470265E-08        -8.573217830099011E-11
         1.000096440315247E+00         4.746899762153589E-09        -2.445352427493663E-11
         1.000106573104858E+00         3.615001076262558E-10        -3.924991928694332E-11
         1.000050544738770E+00         1.653191503692142E-07        -8.222997283091615E-11
         1.000393033027649E+00         4.916080342809437E-08        -8.430363351852321E-11
         1.000653624534607E+00        -5.820319515237315E-08        -8.379946736525312E-11
         1.000749707221985E+00         1.869433674528409E-07        -1.283168432619775E-10
         1.000478744506836E+00         5.013077952753520E-08        -6.645247546677169E-11
         1.000530004501343E+00        -2.129817033846848E-07        -4.346057801835057E-12
         1.000561356544495E+00        -4.939399218528706E-07         1.008753983122723E-10
         1.000204205513000E+00        -2.317436269549944E-07         4.305033066143160E-11
         1.000325560569763E+00        -6.612579568354704E-07         1.537209526336625E-10
         1.000079989433289E+00        -9.827009535001707E-07         2.603747217833075E-10
         9.999127388000488E-01        -8.754199711802357E-07         1.964443746560463E-10
         9.999085068702698E-01        -9.768448308022926E-07         2.357909145711545E-10
         1.000235676765442E+00        -9.512812084722100E-07         2.567440149370270E-10
         1.000685572624207E+00        -9.954434290193603E-07         2.700822621104493E-10
         1.000634670257568E+00        -1.023066261041095E-06         3.116641666967013E-10
         1.000525951385498E+00        -1.053097207659448E-06         2.801162080068309E-10
         1.000519514083862E+00        -1.224786046805093E-06         3.629109512903739E-10
         1.000898599624634E+00        -1.378142769681290E-06         3.987755958778649E-10
         1.000930666923523E+00        -1.011650397231278E-06         2.724349634775081E-10
         1.001430869102478E+00        -1.105211367757875E-06         2.587005609733239E-10
         1.001566767692566E+00        -7.769190801809600E-07         1.444732389277448E-10
         1.001172661781311E+00        -6.945695645299566E-07         8.613932483969577E-11
         1.000372171401978E+00        -1.660280588566820E-07        -6.601919705362391E-11
         1.000626087188721E+00        -4.153317831878667E-07         1.713708341899434E-11
         1.000940203666687E+00        -6.972795745241456E-07         9.864169897566555E-11
         1.000892996788025E+00        -3.665610961434140E-07         1.250937808200403E-11
         1.001476764678955E+00        -6.042353675184131E-07         7.192818562984371E-11
         1.001658558845520E+00        -9.583898190612672E-07         1.747997163681347E-10
         1.001635551452637E+00        -1.369172082377190E-06         3.025848738236192E-10
         9.981145262718201E-01         2.426827450108249E-06        -7.750159958241909E-10
         9.996612668037415E-01         4.382908400657470E-07        -2.840578883223088E-10
         1.000322222709656E+00        -1.053036044140754E-06         1.561639845215623E-10
         1.001765251159668E+00        -3.260617631895002E-06         7.570438720350126E-10
         1.004046559333801E+00        -6.004606802889612E-06         1.498008272982077E-09
         0.000000000000000E+00         0.000000000000000E+00         0.000000000000000E+00
         0.000000000000000E+00         0.000000000000000E+00         0.000000000000000E+00
         0.000000000000000E+00         0.000000000000000E+00         0.000000000000000E+00
         0.000000000000000E+00         0.000000000000000E+00         0.000000000000000E+00
         9.984504580497742E-01        -6.583027243323158E-07         1.181246545023384E-09
         9.990795850753784E-01        -1.713660935820371E-06         1.127393289834799E-09
         9.981999993324280E-01         2.195467686760821E-06        -1.596226595346195E-09
         9.979591965675354E-01         9.240226290785358E-07        -1.121047699115252E-09
         9.989020824432373E-01         6.913867878211022E-08         1.791742171297628E-10
         9.987610578536987E-01         1.295741071771772E-06        -8.006724450115854E-11
         9.988642334938049E-01         5.232456601333979E-07         2.287500397435416E-11
         9.993644952774048E-01         1.015106292356904E-07         1.587590892082602E-10
         1.000265598297119E+00        -4.374238642412820E-07         3.344062804444548E-10
         9.997291564941406E-01         8.458143838652177E-07         6.660725443419224E-11
         9.999514818191528E-01        -3.716235710271576E-07         3.633539857883505E-10
         1.000553607940674E+00        -1.140827293966140E-06         5.337528752313858E-10
         1.001507401466370E+00        -1.632199882806162E-06         6.732949753285311E-10
         1.000843286514282E+00        -4.248221614489012E-07         3.494026734607303E-10
         1.000785708427429E+00        -3.451054553238464E-09         2.013056110694578E-10
         1.000421643257141E+00         6.809872843405174E-08         1.832437118709507E-10
         1.000372409820557E+00        -4.007556526630651E-07         2.938401189034323E-10
         1.000180721282959E+00        -2.327153509895652E-07         2.246349217749355E-10
         1.000732541084290E+00        -8.548229288862785E-07         2.811519073109281E-10
         1.000737428665161E+00        -8.869012049217417E-07         2.777809648968343E-10
         9.998028874397278E-01        -1.739200996553336E-07         4.133240624759615E-11
         9.995908737182617E-01         1.305201493551067E-07        -9.934313788262372E-11
         9.993342161178589E-01         1.005212425297941E-06        -3.703841400248820E-10
         9.996608495712280E-01         1.121692093875026E-06        -3.628357059248799E-10
         1.000350594520569E+00         1.109621734940447E-06        -3.530885306357590E-10
         1.000244379043579E+00         1.325042944699817E-06        -3.869226605779374E-10
         1.000294804573059E+00         1.128114149651083E-06        -3.653671531989033E-10
         1.000565648078918E+00         1.188864985124383E-06        -4.306767165118686E-10
         1.001235008239746E+00         1.572348935496848E-07        -1.694728246626198E-10
         1.000862240791321E+00         1.921257393178166E-07        -1.524358556048711E-10
         1.000871181488037E+00        -3.232124470287090E-07        -1.962677763367449E-11
         1.000874400138855E+00        -4.483773352603748E-07         1.651637507316117E-11
         1.000687003135681E+00         1.319440467995037E-08        -5.982572076623782E-11
         1.000472664833069E+00         1.720519691161826E-07        -8.852206467846457E-11
         9.999369978904724E-01         9.914142538036685E-07        -2.856912761917130E-10
         1.000119566917419E+00         8.239731528192351E-07        -2.615556660146012E-10
         9.998123049736023E-01         1.486972905695438E-06        -4.662391028809054E-10
         1.000421524047852E+00        -3.910031125542446E-07         1.806961524852824E-11
         1.000129699707031E+00         3.543360449498323E-08        -8.710353271990101E-11
         1.000303626060486E+00        -5.895499270991422E-07         6.924415901776726E-11
         1.000029325485229E+00        -6.257085942706908E-07         1.240218622244882E-10
         9.998632669448853E-01         8.680721208520481E-08        -4.275128862030186E-11
         1.000019550323486E+00         4.213657120999414E-07        -1.007251157481015E-10
         1.000479698181152E+00         1.171973025293482E-07         1.514356522125393E-11
         1.000324964523315E+00        -2.389984388173616E-07         1.206014177412840E-10
         9.999816417694092E-01        -7.672304036532296E-07         3.102327561510521E-10
         9.998014569282532E-01        -1.733882527332753E-06         5.218607768142647E-10
         9.995743632316589E-01        -2.052047875622520E-06         6.211238745557068E-10
         1.000235557556152E+00        -2.315494612048496E-06         7.014693825801999E-10
         1.000340819358826E+00        -1.805424631129426E-06         5.424921067920252E-10
         1.000199437141418E+00        -1.289350734623440E-06         4.084640681245588E-10
         1.000109672546387E+00        -1.082756625692127E-06         3.430644934798721E-10
         1.000135064125061E+00        -2.966253305203281E-07         1.959078455016083E-10
         1.000496983528137E+00         5.141775005768068E-08         1.253625536712377E-10
         1.000560402870178E+00         1.171817309852941E-08         1.325722864820023E-10
         1.000647306442261E+00        -1.596937693193468E-07         1.627738638321219E-10
         1.000556945800781E+00         1.942440661650835E-07         4.981689019634139E-11
         1.000337839126587E+00         7.270252240232367E-07        -1.603857741061532E-10
         1.000505566596985E+00         6.396911658157478E-07        -1.428084039911681E-10
         9.999991059303284E-01         1.041920654643036E-06        -3.359845179851106E-10
         9.998877048492432E-01         1.088302838070376E-06        -3.877579923816654E-10
         1.000170350074768E+00         1.109794538933784E-06        -3.955105964958960E-10
         1.000205636024475E+00         1.153550442722917E-06        -4.208680626227590E-10
         9.997799396514893E-01         1.520795080978132E-06        -4.839717515636721E-10
         9.999888539314270E-01         5.061323236077442E-07        -2.243826513481650E-10
         1.000074863433838E+00         1.285367488890188E-06        -3.973951445690460E-10
         1.000973820686340E+00        -1.096585435789166E-07        -1.130628316664550E-11
         9.998312592506409E-01         1.045688350131968E-06        -2.605948790090906E-10
         1.000066757202148E+00        -4.638179120775021E-07         1.133239543871234E-10
         9.994061589241028E-01         9.571584769219044E-07        -2.475492588693839E-10
         9.994475841522217E-01         2.131642844460657E-07        -6.403158558931921E-11
         9.993548393249512E-01         2.248100372526096E-07         1.246590330961084E-11
         9.997813701629639E-01        -1.307274146711279E-07         4.853761143008839E-11
         9.997736215591431E-01        -9.139355228171553E-08         8.441037452344702E-11
         1.000391244888306E+00        -1.150808998318098E-06         3.496547218428958E-10
         1.000205159187317E+00        -5.982047355246323E-07         1.749519557003865E-10
         1.000772356987000E+00        -1.420951775799040E-06         3.934018111273474E-10
         1.000234007835388E+00        -6.182511356200848E-07         1.893536577535215E-10
         1.000622391700745E+00        -1.482224433857482E-06         4.073797132964074E-10
         1.000051379203796E+00        -6.338526077342976E-07         1.521006376403733E-10
         1.000189304351807E+00        -7.320114718822879E-07         1.335392352252995E-10
         1.000317096710205E+00        -2.280873161453201E-07         4.572451792195231E-12
         1.000587463378906E+00        -5.751361982220260E-07         1.411566696862820E-10
         1.000668644905090E+00        -6.754167429789959E-07         1.826048617870057E-10
         1.000407576560974E+00        -4.953322445544472E-07         1.311315916963096E-10
         1.000676155090332E+00        -1.293841819460795E-06         3.313846697050593E-10
         1.000319719314575E+00        -1.674653873351417E-07         5.744641567995146E-11
         1.000507116317749E+00        -3.730130870849280E-08         1.978770099164695E-11
         1.000681877136230E+00        -4.710765324489330E-07         9.303609271871238E-11
         1.000217676162720E+00         6.509743144533786E-08        -5.406151221132305E-11
         1.000172615051270E+00        -2.243923802325298E-07         7.125031814547711E-11
         1.000195741653442E+00         3.002522817041609E-07        -8.299107234766012E-11
         1.000263810157776E+00        -4.590675928284327E-07         1.062303231491590E-10
         1.000060677528381E+00         9.621482632837797E-08        -7.109377669900496E-11
         9.997451305389404E-01         6.549368549713108E-07        -2.283146727233287E-10
         9.991100430488586E-01         1.208411504194373E-06        -3.395288494800752E-10
         9.993966817855835E-01         5.694654419130529E-07        -2.040671936986982E-10
         9.991796612739563E-01         5.549038633034797E-07        -1.889981643410366E-10
         9.988988041877747E-01         7.630690674886864E-07        -2.056822767659838E-10
         9.990466237068176E-01         5.163465743862616E-07        -1.079489622690666E-10
         0.000000000000000E+00         0.000000000000000E+00         0.000000000000000E+00
         0.000000000000000E+00         0.000000000000000E+00         0.000000000000000E+00
         9.986970424652100E-01         8.619024356448790E-07        -2.587679792664943E-10
         9.994658231735229E-01         9.019470894600090E-07        -3.381183111272890E-10
         9.996508359909058E-01         1.157243787019979E-06        -4.002621845078380E-10
         9.996895790100098E-01         1.068088522515609E-06        -4.056154578879756E-10
         9.998146295547485E-01         3.808301585195295E-07        -1.609623129228410E-10
         9.998458623886108E-01         6.639556318077666E-07        -1.507856894900073E-10
         1.000317335128784E+00        -2.329542212464730E-07         8.061957351701565E-11
         9.999176859855652E-01         5.799453219879069E-07        -6.996696277905556E-11
         0.000000000000000E+00         0.000000000000000E+00         0.000000000000000E+00
         9.995896816253662E-01        -8.126246342499144E-09         9.592010519199334E-11
         1.000058650970459E+00        -2.345383336432860E-07         1.694077933489524E-10
         1.000415921211243E+00        -9.384651207255956E-07         2.704695911681654E-10
         9.996110200881958E-01        -4.232563100003972E-08         8.219067093584442E-11
         0.000000000000000E+00         0.000000000000000E+00         0.000000000000000E+00
         0.000000000000000E+00         0.000000000000000E+00         0.000000000000000E+00
         9.989679455757141E-01        -4.757410181355226E-07         1.769360907788453E-10
         1.000313997268677E+00        -1.564895114825049E-06         4.310681811503514E-10
         9.998111724853516E-01        -1.638943984971775E-07         6.890601977893596E-11
         9.999969601631165E-01        -9.845416570897214E-07         2.683109290302355E-10
         9.997119307518005E-01        -2.257076516798406E-07         5.724348425828474E-11
         9.998081922531128E-01        -8.454433668703132E-07         1.581073050260784E-10
         9.997081756591797E-01        -6.001334895699983E-07         1.331004473303921E-10
         9.997171759605408E-01        -2.659301401308767E-07         5.587997078948526E-12
         1.000006318092346E+00        -5.541377277040738E-07         1.576903191358170E-10
         9.996567368507385E-01         5.364895514503587E-07        -1.008183675432761E-10
         1.000412821769714E+00        -1.029696704790695E-06         2.951453248467573E-10
         1.000363945960999E+00        -4.158877118243254E-07         1.266108884401262E-10
         1.000393271446228E+00        -6.276744670685730E-07         1.768468288476654E-10
         9.999338984489441E-01        -4.191837206235505E-07         1.491502615857954E-10
         9.994652271270752E-01        -1.471203603387039E-08         2.299567827823701E-11
         9.992267489433289E-01         2.307023976300115E-07        -8.100716625270010E-11
         9.994133710861206E-01        -2.957876574782858E-07         6.417489456511660E-11
         9.996754527091980E-01        -4.368860686554399E-07         8.323629285822420E-11
         9.997757673263550E-01        -3.481643773284304E-08        -4.617253107630503E-11
         9.996305704116821E-01         1.366248483236632E-07        -1.258286391747632E-10
         9.991402029991150E-01         5.056179475104727E-07        -1.939988031329776E-10
         9.991682767868042E-01         1.388450414196996E-06        -4.357967597901080E-10
         9.992030262947083E-01         1.552374897073605E-06        -4.564437994236670E-10
         9.996346235275269E-01         1.261099214389105E-06        -4.626413419028808E-10
         1.000013113021851E+00         9.039536053023767E-07        -3.782604784952071E-10
         9.998837709426880E-01         5.977265686851752E-07        -2.431308210315564E-10
         9.997066855430603E-01         4.315319017678121E-07        -6.793096640755891E-11
         9.995702505111694E-01         5.642212386192114E-07        -2.587181684166051E-11
         9.999083876609802E-01         7.948862617013219E-07        -6.568598442946438E-11
         1.000371456146240E+00         4.048231687647785E-07         1.897086134017290E-11
         1.000315427780151E+00        -2.599763604393956E-07         1.792725967675324E-10
         9.997242689132690E-01        -6.856826075818390E-07         2.224915529591698E-10
         9.994108676910400E-01        -2.096129350093179E-07         3.699351935892992E-11
         9.988520741462708E-01         7.984301078067801E-07        -2.423952705221666E-10
         9.987599849700928E-01         8.950569849730527E-07        -2.306921181860488E-10
         9.988819360733032E-01         1.066943354999239E-06        -2.440470880937795E-10
         9.993163943290710E-01         8.886146929398819E-07        -2.171700597131121E-10
         9.995243549346924E-01         5.273344640954747E-07        -9.291441921410737E-11
         1.000033736228943E+00         1.373012565863974E-07        -2.206659334424987E-11
         1.000239014625549E+00        -2.953120414872501E-08         2.018217884480755E-11
         1.000490784645081E+00        -5.196316124056466E-07         1.014835507295864E-10
         1.000636219978333E+00        -4.535142181794072E-07         1.047769301876222E-10
         1.000097274780273E+00         3.475294647614646E-07        -1.046767048040742E-10
         9.997338056564331E-01         4.761718059853592E-07        -1.264083560048590E-10
         9.998977780342102E-01         5.686658255399379E-07        -1.621432432763470E-10
         1.000667691230774E+00         1.471165802513497E-07        -8.853270200281926E-11
         1.000479102134705E+00         9.575395552019472E-07        -3.236290402330866E-10
         1.000177145004272E+00         1.885668211798475E-06        -6.147026221370311E-10
         9.997009634971619E-01         2.012807954088203E-06        -6.794375062568747E-10
         9.996082186698914E-01         1.614226221136050E-06        -6.435311727948090E-10
         9.998108148574829E-01         1.631135774005088E-06        -7.124857370754967E-10
         1.000157356262207E+00         1.072749910235871E-06        -4.735795089416683E-10
         9.996541142463684E-01         1.834258000599220E-06        -6.179117773008613E-10
         9.998028278350830E-01         2.607567239465425E-06        -7.706306148769215E-10
         9.999262690544128E-01         2.566589728303370E-06        -7.580619465485938E-10
         9.995707869529724E-01         2.508697207304067E-06        -6.974887334365576E-10
         9.996352195739746E-01         2.179796865675598E-06        -5.823116433489872E-10
         9.997904896736145E-01         1.798921175577561E-06        -4.030428213397386E-10
         9.998492002487183E-01         1.438640993001172E-06        -3.311819152251871E-10
         9.998703598976135E-01         1.224490233653341E-06        -2.963719825110900E-10
         1.001201629638672E+00        -5.095599817650509E-07         1.120240428198471E-10
         1.001410007476807E+00        -6.942722734493145E-07         1.096120832988490E-10
         1.003194093704224E+00        -2.629068603710039E-06         6.110344452636696E-10
         1.003458261489868E+00        -2.071861445074319E-06         5.035466488223506E-10
         1.002627253532410E+00        -9.725785048431135E-07         2.682384314667274E-10
         0.000000000000000E+00         0.000000000000000E+00         0.000000000000000E+00
         0.000000000000000E+00         0.000000000000000E+00         0.000000000000000E+00
         0.000000000000000E+00         0.000000000000000E+00         0.000000000000000E+00
         1.000182390213013E+00        -3.145322580166976E-06         1.993462062088724E-09
         9.999766349792480E-01        -1.460595058233594E-06         4.972695033522712E-10
         9.999040365219116E-01        -3.112746469469130E-07        -4.733770042619767E-10
         1.000251173973083E+00        -3.352426460878632E-07        -3.682129878779250E-10
         1.000383138656616E+00        -5.693852358490403E-07        -9.641466097720652E-11
         1.001120924949646E+00        -1.212799816130428E-06         1.143430905514720E-10
         1.001399397850037E+00        -1.670381266194454E-06         2.988702063611015E-10
         1.001403450965881E+00        -2.025383082582266E-06         4.659937435924633E-10
         1.001147985458374E+00        -2.264425575049245E-06         5.750715459384992E-10
         1.000851035118103E+00        -2.167660341001465E-06         5.954299830968068E-10
         1.000540256500244E+00        -2.270001459692139E-06         6.069958424781419E-10
         1.000436425209045E+00        -2.706356099224649E-06         7.089572817697842E-10
         1.000412583351135E+00        -2.051857563856174E-06         4.904022743446035E-10
         1.000326991081238E+00        -1.424417746420659E-06         3.237243528797507E-10
         9.998820424079895E-01        -4.782192490893067E-07         1.389462850331924E-11
         9.997169971466064E-01        -4.423432358180435E-07         3.255243297139998E-11
         9.994470477104187E-01        -7.745052243990358E-07         1.521860554243304E-10
         9.999989867210388E-01        -1.270514189855021E-06         4.003028464261149E-10
         1.001107454299927E+00        -1.935081400006311E-06         6.128552665352061E-10
         1.001729011535645E+00        -1.901620294120221E-06         6.008701314286213E-10
         1.001855850219727E+00        -1.870447135843278E-06         5.051759566221392E-10
         1.001184344291687E+00        -1.375099486722320E-06         3.823028837945941E-10
         1.000594615936279E+00        -1.434997443539032E-06         3.836886086627800E-10
         1.000056505203247E+00        -1.017366457745084E-06         2.752457706201028E-10
         1.000002861022949E+00        -8.659952186462760E-07         2.338389482048342E-10
         9.999662041664124E-01        -5.130960403221252E-07         1.043103034503723E-10
         1.000000715255737E+00        -8.693521635905199E-07         2.158905693105950E-10
         9.995831251144409E-01        -2.161189911475958E-07        -3.667116610373000E-11
         9.994751811027527E-01         6.807076147197222E-07        -3.656370484161897E-10
         9.996973276138306E-01         7.258627761075331E-07        -3.471030407542486E-10
         1.000020861625671E+00         5.363547757042397E-07        -2.225525042032217E-10
         1.000183343887329E+00         1.793843154018759E-07         3.381997373125278E-12
         1.000528335571289E+00        -3.883202737142710E-07         2.174652402597843E-10
         1.000530123710632E+00        -5.288835609462694E-07         2.714640456868977E-10
         1.000495195388794E+00        -3.471564582469000E-07         1.641543845298798E-10
         1.000579833984375E+00        -5.449518312161672E-07         1.875972432952011E-10
         1.000253558158875E+00         7.051483663644831E-08         4.729556329907680E-11
         9.995945096015930E-01         5.439970323095622E-07        -8.335117318569729E-11
         9.992079138755798E-01         9.257452120436938E-07        -2.012278815799462E-10
         9.993720054626465E-01         1.025986421154812E-06        -2.395772191743362E-10
         9.997308850288391E-01         4.817284207092598E-07        -8.506029908206258E-11
         9.999071955680847E-01         8.435578706667002E-07        -1.603474297784402E-10
         1.000007748603821E+00         7.145651466089475E-07        -1.160624582552394E-10
         9.998039007186890E-01         6.058107260287215E-07        -1.204836647117347E-10
         9.997950792312622E-01         8.500178410031367E-07        -2.417168132318182E-10
         1.000252366065979E+00         7.206467671494465E-07        -2.273136956443267E-10
         1.000460386276245E+00         9.718877436171169E-07        -3.195287923141166E-10
         1.001042366027832E+00         7.478455472664791E-07        -3.173198370731711E-10
         1.001025080680847E+00         7.508751878049225E-07        -2.862457770813620E-10
         1.001369953155518E+00        -1.848856499009344E-07        -4.346819085232489E-11
         1.000995278358459E+00         2.742396709720651E-08        -1.567938001656444E-10
         9.999452829360962E-01         4.572201817154564E-07        -3.735609876986956E-10
         9.990870952606201E-01         8.410203804487537E-07        -3.928411207443361E-10
         9.987915754318237E-01         1.086209749701084E-06        -4.865965963496421E-10
         9.991620182991028E-01         1.075295585906133E-06        -4.808181630622244E-10
         9.996799230575562E-01         2.580720490641397E-07        -1.918786518562143E-10
         9.996511340141296E-01        -2.579051283646550E-07        -4.544792060051650E-12
         9.997246861457825E-01        -5.953504569333745E-07         1.724747566989038E-10
         9.999408721923828E-01        -1.211776520904095E-06         4.744938886247496E-10
         1.000041246414185E+00        -6.234776037672418E-07         3.330292430714366E-10
         1.000155925750732E+00        -7.976263987075072E-07         3.162619610641570E-10
         1.000353693962097E+00        -1.392869990013423E-06         4.789325047660498E-10
         1.000868558883667E+00        -1.777269062586129E-06         5.427200355789807E-10
         1.001104235649109E+00        -1.432161184311553E-06         4.840663980765214E-10
         1.000752210617065E+00        -9.180774895867216E-07         2.694466871844270E-10
         1.000191688537598E+00         2.283466216113084E-07        -1.304647917477197E-10
         1.000223875045776E+00         8.719687798475206E-07        -3.777111401426225E-10
         1.000043749809265E+00         1.173515215668886E-06        -4.656890428833549E-10
         1.000106096267700E+00         1.070783127943287E-06        -3.658803260364607E-10
         9.997388124465942E-01         1.129243173636496E-06        -4.294938293902817E-10
         9.992522597312927E-01         1.296375103265746E-06        -3.988536723120717E-10
         9.997127056121826E-01         9.645146974435193E-07        -3.263944947651254E-10
         9.999713301658630E-01         1.183489075629041E-06        -3.098536427437182E-10
         1.000100255012512E+00         1.055038524100382E-06        -2.811379462563934E-10
         1.000648856163025E+00         6.141871153886314E-07        -1.409276306763019E-10
         1.000643968582153E+00         4.604534069585497E-07        -1.961231177460832E-10
         1.000815033912659E+00         2.293457583846248E-07        -2.228906087475835E-10
         1.000780105590820E+00         1.671885740961443E-07        -1.553869116710516E-10
         1.000321626663208E+00         1.219817136188794E-07        -1.445775166253327E-10
         9.997282028198242E-01         2.578543387699028E-07        -1.856467757299640E-10
         9.995084404945374E-01         7.436123894422053E-08        -7.755344977322665E-11
         9.992935657501221E-01         6.786171269368424E-08        -1.500052339287183E-11
         9.991896152496338E-01         9.386786814502557E-08        -3.763680339607944E-11
         9.989167451858521E-01         7.493534326385998E-07        -2.720625669194732E-10
         9.989956617355347E-01         5.340004349818628E-07        -1.688695711044019E-10
         9.992753267288208E-01         4.375913533749554E-07        -1.894554790826675E-10
         9.992089271545410E-01         2.510026035906776E-07        -1.723370335326990E-10
         9.995276331901550E-01        -2.910101386532915E-07         3.654109306805431E-11
         9.997964501380920E-01        -4.029530202842579E-07         9.223433822258542E-11
         1.000242710113525E+00        -1.064644720827346E-06         4.405716624855671E-10
         1.000646233558655E+00        -1.803985810511222E-06         6.698835375296142E-10
         1.000560164451599E+00        -1.707622573121625E-06         6.707177035991663E-10
         1.000177979469299E+00        -1.061132593349612E-06         6.198255242395589E-10
         9.999226927757263E-01        -6.590171892639773E-07         4.375418360957894E-10
         1.000446677207947E+00        -1.148046749221976E-06         3.826942374107745E-10
         1.001062393188477E+00        -1.703041561995633E-06         6.027180976531099E-10
         1.001232504844666E+00        -1.593282945577812E-06         5.493480670359929E-10
         1.001091241836548E+00        -1.340736162092071E-06         3.453323738078495E-10
         1.000797152519226E+00        -8.785979730419058E-07         1.898486923224141E-10
         1.000775575637817E+00        -7.889783546488616E-07         2.189066844460186E-10
         1.001184940338135E+00        -1.003281340672402E-06         1.986949355048395E-10
         1.001202702522278E+00        -1.081717755369027E-06         3.084014710275085E-10
         1.001031994819641E+00        -1.261363195226295E-06         3.510369772641297E-10
         1.000288605690002E+00        -4.370012618437613E-07         1.630654777873275E-10
         1.000028848648071E+00        -4.651909435438029E-08        -1.871421420607255E-11
         9.998897910118103E-01         8.400895126214891E-07        -3.642859069952209E-10
         9.997018575668335E-01         1.008096319310425E-06        -4.627316030347828E-10
         9.998604655265808E-01         5.828396183460427E-07        -2.059430126433170E-10
         1.000185608863831E+00        -7.665307748538908E-07         3.531488435015717E-10
         1.000854969024658E+00        -1.828089807531796E-06         6.612312364318029E-10
         1.000986933708191E+00        -1.516371185061871E-06         6.191275270239771E-10
         1.000900983810425E+00        -7.292021564353490E-07         3.636702050613394E-10
         1.000693202018738E+00        -7.391198550976696E-07         2.538447785305209E-10
         1.000576853752136E+00        -1.121296577366593E-06         4.369432038409116E-10
         1.000462532043457E+00        -1.397643472955679E-06         5.187717477816989E-10
         9.999665021896362E-01        -1.112722543439304E-06         4.748213489058628E-10
         9.999899268150330E-01        -1.250001105290721E-06         4.709760359489223E-10
         9.997876286506653E-01        -8.157786623996799E-07         3.083495958566829E-10
         9.995654225349426E-01        -4.840230758418329E-07         1.512593245101002E-10
         9.990105628967285E-01         2.535413443638390E-07        -8.606101942199018E-11
         9.996303319931030E-01        -2.420709392936260E-07         7.269126273135029E-11
         9.998770952224731E-01        -5.227774977356603E-07         1.842801744533773E-10
         9.997389912605286E-01        -6.058375561224238E-07         1.363047730240652E-10
         9.994301795959473E-01         1.318229010394134E-07        -6.811484709601245E-11
         9.999675154685974E-01         3.996758266566758E-07        -2.368937823682415E-10
         9.995165467262268E-01         8.934642892199918E-07        -3.280706817321288E-10
         1.000187039375305E+00         4.380269729153952E-07        -1.470630284217123E-10
         1.000027418136597E+00         8.968024189925927E-07        -3.178642904444473E-10
         1.000192642211914E+00         7.636794521204138E-07        -3.148110938600013E-10
         9.999775886535645E-01         7.726655439910246E-07        -2.900874540578968E-10
         9.998260140419006E-01         6.190703061292879E-07        -3.398907266749518E-10
         9.997358322143555E-01         8.754613531891664E-07        -4.429533406735686E-10
         1.000239729881287E+00        -9.009571044771292E-08        -9.522673621864541E-11
         9.999169707298279E-01         4.900849148725683E-07        -3.294080008764411E-10
         9.990958571434021E-01         7.407893463096116E-07        -3.558638661527169E-10
         9.989379048347473E-01         1.210030404763529E-06        -4.594366831423002E-10
         9.993256926536560E-01         1.467765059715020E-06        -5.467029051686723E-10
         9.991937279701233E-01         1.678651187830837E-06        -6.636841631824097E-10
         9.986020326614380E-01         1.487113650000538E-06        -5.236813205300450E-10
         9.980106353759766E-01         1.577150328557764E-06        -4.042274293070136E-10
         9.984167814254761E-01         1.225256482939585E-06        -2.752343908341004E-10
         9.991303086280823E-01         8.674190326019016E-07        -9.558742686266442E-11
         1.000131964683533E+00         3.158474726205895E-07        -1.013050927867187E-11
         1.000108361244202E+00         5.987653821648564E-07        -1.535929022855598E-11
         9.998617172241211E-01         4.944455440636375E-07         1.258928516989499E-10
         9.996438622474670E-01         1.189640101983969E-06        -1.783811293121218E-10
         9.995998740196228E-01         2.240590674773557E-06        -6.200971403025335E-10
         9.996623992919922E-01         2.545412371546263E-06        -7.203314056347665E-10
         1.001340746879578E+00        -1.505654836364556E-06         4.896329869330529E-11
         1.000506758689880E+00        -8.280396741611185E-07         2.726468772973334E-10
         1.000738859176636E+00        -2.044464963546488E-06         8.204074086748392E-10
         1.000400900840759E+00        -1.572625478729606E-06         7.079369312990025E-10
         1.000544905662537E+00        -1.992389343286050E-06         5.886679477207224E-10
         9.999963641166687E-01        -1.496564550507173E-06         8.703969767154263E-10
         9.994226694107056E-01         3.805140522672446E-07         8.709296478448536E-11
         9.997162222862244E-01        -5.280013510855497E-07         1.430273260938364E-10
         9.996196031570435E-01         4.823555173061322E-07        -6.405394964437150E-11
         1.000245213508606E+00        -1.743833450973398E-07         1.253844528203985E-10
         1.001159906387329E+00        -2.050709781542537E-06         8.356801917130952E-10
         1.001343727111816E+00        -3.325267698528478E-06         1.277945083089094E-09
         1.000604510307312E+00        -2.263443093397655E-06         9.469802719763720E-10
         1.000068187713623E+00        -1.314363998972112E-06         5.811885972484276E-10
         1.000292062759399E+00        -1.013724386211834E-06         4.757358396112465E-10
         1.000548481941223E+00        -1.133991077040264E-06         5.481149423225418E-10
         1.000003457069397E+00        -2.550468423123675E-07         1.547798139656109E-10
         9.996037483215332E-01         1.308865876126220E-06        -3.185023078611238E-10
         9.999931454658508E-01         8.077891493485367E-07        -3.208298626766748E-10
         1.000120878219604E+00         4.967345148543245E-07        -2.712606528287864E-10
         1.000661492347717E+00         5.636969717670581E-07        -2.538332322110648E-10
         1.000964760780334E+00         2.611428442378383E-07        -2.542072663480610E-10
         1.001028656959534E+00        -5.763574222328316E-07         2.691614292560374E-11
         1.001416206359863E+00        -1.732900500428514E-06         4.658411989488798E-10
         1.001146435737610E+00        -1.856942162703490E-06         4.679710507993207E-10
         1.001280903816223E+00        -1.456405357203039E-06         3.486402277985690E-10
         1.001314759254456E+00        -1.681119442764611E-06         5.216850285094665E-10
         1.001112341880798E+00        -1.631854161132651E-06         5.504869338146534E-10
         9.997548460960388E-01         1.835568070873705E-07        -9.127584105206310E-11
         9.986794590950012E-01         1.261286911358184E-06        -4.041166290491560E-10
         9.983496069908142E-01         1.124391587836726E-06        -3.340042686872380E-10
         9.982717633247375E-01         1.113190137402853E-06        -2.346072502934504E-10
         9.985907077789307E-01         5.998742267365742E-07        -2.144440527929170E-11
         9.989395141601562E-01        -6.487011816602717E-09         8.317171951155444E-11
         9.989883899688721E-01         2.755509740381967E-07        -8.779130894476239E-11
         9.985260963439941E-01         5.255872679299500E-07        -1.207255545532249E-10
