         1.001284480094910E+00        -3.552158744923872E-08        -6.907847904802367E-11
         1.001913666725159E+00        -1.077332399290754E-06         3.546250237906889E-10
         1.001880645751953E+00        -1.705282215880288E-06         6.380497796776297E-10
         1.001174926757812E+00         3.526389136254693E-08        -1.045894343354448E-10
         1.001331686973572E+00        -7.014039624664292E-07         1.596064669318054E-10
         1.001946568489075E+00        -1.785157564881956E-06         6.079898806632400E-10
         1.001910209655762E+00        -1.628671043363283E-06         5.677401881953870E-10
         1.001604318618774E+00        -1.382260165883054E-06         5.240424205688043E-10
         1.001557946205139E+00        -1.363023329759017E-06         4.988108814885095E-10
         1.001309037208557E+00        -9.258635031983431E-07         3.607061871413464E-10
         1.000686645507812E+00         6.712996025726170E-08         6.089104220841079E-11
         1.000839233398438E+00        -4.880479309576913E-07         2.632698781201981E-10
         1.000787138938904E+00        -5.274744125927100E-07         2.340434790415458E-10
         1.001135110855103E+00        -1.153705284195894E-06         4.354813454288120E-10
         1.000914454460144E+00        -6.612829110963503E-07         2.858349668066751E-10
         1.000693917274475E+00        -2.954721765036084E-07         1.536306082350336E-10
         1.000179052352905E+00         4.893641971648321E-07        -7.109157706963742E-11
         1.000407457351685E+00        -1.294581153388208E-07         1.509212338435262E-10
         9.999500513076782E-01         6.188197971823683E-07        -1.156896176079947E-10
         1.000344753265381E+00         2.386231869877520E-07        -5.325801952227316E-11
         1.000028371810913E+00         4.841086251872184E-07        -1.468782873104146E-10
         1.000280141830444E+00        -2.764365092389198E-08         3.321820943313902E-11
         1.000304341316223E+00        -1.639437030576119E-08         4.157781063884869E-11
         1.000453352928162E+00        -5.316884994499560E-07         2.410506794170431E-10
         1.000200867652893E+00        -1.677544680944720E-08         2.863964100596750E-11
         1.000404834747314E+00        -4.014423495846131E-07         1.684017369996127E-10
         1.000082612037659E+00        -6.129163665491433E-08         6.192635987334327E-11
         9.997280240058899E-01         4.923992378280673E-07        -1.706426527858795E-10
         1.000093221664429E+00        -4.984561883247807E-07         2.077637506481267E-10
         9.999111294746399E-01        -1.297840697134234E-07         8.610331198033450E-11
         1.000164031982422E+00        -8.188916211793185E-08        -2.055251368399125E-12
         1.000300526618958E+00        -1.470364736633201E-07         9.034870941670992E-12
         9.998717308044434E-01         3.980704263994994E-07        -1.589314513328333E-10
         1.000069975852966E+00         1.353684524474374E-07        -4.881486187491291E-11
         1.000190734863281E+00         5.471792974276468E-07        -2.215658073678739E-10
         9.999295473098755E-01         1.200298697767721E-06        -4.550816112836031E-10
         1.000062942504883E+00         3.237951204937417E-07        -8.271083123956302E-11
         9.995554089546204E-01         6.907476972628501E-07        -2.219672223802149E-10
         9.993408918380737E-01         9.001138323583291E-07        -2.700880075146017E-10
         9.986533522605896E-01         1.981430386877037E-06        -6.405246333329728E-10
         9.980757832527161E-01         2.707034809645847E-06        -8.804159068453998E-10
         9.985471963882446E-01         1.535475689706800E-06        -4.768075934080684E-10
         9.995006322860718E-01         2.828118681463820E-07        -1.258672888138079E-10
         9.991390705108643E-01         9.125050155489589E-07        -3.108701074339137E-10
         9.985756874084473E-01         1.665498643887986E-06        -5.153793503076542E-10
         9.984825253486633E-01         1.427797201358771E-06        -3.835871065227536E-10
         9.991211295127869E-01         8.145116225932725E-07        -2.208496718836273E-10
         9.991074204444885E-01         7.106633006515040E-07        -1.932588533648527E-10
         9.991140365600586E-01         5.134920684213284E-07        -1.266227817042775E-10
         9.990335106849670E-01         6.638945819759101E-07        -1.834047913540360E-10
         9.991003870964050E-01         9.076534865926078E-07        -3.244662871715320E-10
         9.992109537124634E-01         4.207243193832255E-07        -1.804441596142681E-10
         9.993600249290466E-01         4.024525708246074E-07        -2.038455793051952E-10
         9.993673563003540E-01         2.940916203897359E-07        -1.320210607502759E-10
         9.993293285369873E-01         4.328911415996117E-07        -1.817669764703211E-10
         9.991629123687744E-01         4.579059975640121E-07        -1.493528772877895E-10
         9.991682171821594E-01         5.910729328206799E-07        -1.871709592871085E-10
         9.994935989379883E-01         7.232437582160856E-08        -7.079682326494030E-12
         9.994772076606750E-01         4.981868642062182E-07        -1.775302127526857E-10
         9.996569156646729E-01         1.290160867029044E-07        -1.710788455344670E-11
         1.000011563301086E+00        -4.239458348820335E-07         1.601099530734729E-10
         9.999695420265198E-01        -4.322932625200337E-07         1.241743791124961E-10
         9.996742606163025E-01         1.814358796536908E-07        -8.201798268325788E-11
         9.994887113571167E-01         1.948965859810414E-07        -2.811976519689896E-11
         9.994122385978699E-01         2.149195097445045E-07        -4.426226399290023E-11
         9.993350505828857E-01         2.680933164356247E-07        -1.024056811571583E-10
         9.994115829467773E-01         5.115845169711974E-08        -1.300950493166031E-11
         9.994559288024902E-01        -4.191857669866295E-07         2.049626024458462E-10
         9.995256662368774E-01        -5.245611873760936E-07         2.484124572710300E-10
         9.993673563003540E-01        -2.125532319041668E-07         1.455539438977027E-10
         9.995182752609253E-01        -3.805099026976677E-07         1.722449960439576E-10
         9.999877810478210E-01        -1.174609792542469E-06         4.715307033720251E-10
         9.998667836189270E-01        -1.056458245329850E-06         4.332213754398850E-10
         9.996021986007690E-01        -2.275701120879603E-07         7.340607982575520E-11
         9.996386170387268E-01        -4.184506110505026E-07         1.712122943420269E-10
         9.998806715011597E-01        -5.144238457432948E-07         2.044814595425493E-10
         9.999606013298035E-01        -6.869228172945441E-07         3.221172495404545E-10
         1.000322937965393E+00        -1.241528480022680E-06         5.205491038218213E-10
         1.000188946723938E+00        -1.083034931070870E-06         4.772057193846990E-10
         1.000421881675720E+00        -1.768376819200057E-06         7.279068459098426E-10
         1.000338554382324E+00        -1.335067395302758E-06         5.597635133192114E-10
         9.997987151145935E-01        -1.342496460665643E-07         8.271205942378401E-11
         9.997297525405884E-01         1.531026185830342E-07        -3.544163573732106E-11
         9.998986124992371E-01         5.440794126343462E-08        -1.012667727451344E-11
         9.998495578765869E-01         1.701609448900854E-07        -1.004807070881242E-10
         1.000138878822327E+00        -4.826613917430223E-07         1.445814162837067E-10
         1.000168919563293E+00        -2.635803753037180E-07         4.356613680922550E-11
         1.000201106071472E+00        -2.131892244960909E-07         3.367672460341531E-11
         1.000205039978027E+00        -1.892812946380218E-07        -1.258611530968734E-11
         1.000257492065430E+00        -2.485155903286795E-07         3.389414790500034E-11
         1.000086188316345E+00        -6.746253689016157E-08         1.135194542534190E-11
         9.999364614486694E-01         6.572999495801923E-07        -3.089805911127286E-10
         1.000137209892273E+00         4.853987434216833E-07        -2.207343058335809E-10
         1.000061988830566E+00         5.346083753465791E-07        -2.480959881978606E-10
         1.000123620033264E+00         6.282081130848383E-07        -3.108720780797825E-10
         1.000003695487976E+00         4.402275806114631E-07        -2.100646323555111E-10
         1.000016450881958E+00         1.855521531979321E-07        -1.391022158570010E-10
         1.000185489654541E+00        -7.443049554467507E-08        -4.913170911780007E-11
         1.000236630439758E+00        -5.665241360475193E-07         2.004209159744974E-10
         1.000031709671021E+00        -4.134838960112575E-08        -8.115097135941163E-12
         1.000279307365417E+00        -3.519671736285090E-07         8.356002001441709E-11
         9.998453855514526E-01        -7.740463559002819E-08         6.565667454161428E-11
         9.997648596763611E-01         1.244393814658906E-07        -2.827863290755239E-11
         9.999386668205261E-01        -1.736466259671943E-07         6.957970311027850E-11
         9.998309612274170E-01        -3.052114294632702E-08         2.350807395967713E-11
         1.000242829322815E+00        -3.073819812016154E-07         1.153877757231747E-10
         1.000445246696472E+00        -5.256422355159884E-07         1.980215019736775E-10
         1.000125050544739E+00         3.487634785415139E-07        -1.094764487397093E-10
         1.000436782836914E+00         6.753680992233058E-08        -2.105148520781253E-11
         1.000227689743042E+00         4.559343267374061E-07        -2.023131245865173E-10
         1.000450968742371E+00        -8.319091193698114E-08        -1.558927813227751E-11
         1.000244855880737E+00         3.802526578056131E-07        -1.700916907321215E-10
         1.000081896781921E+00         4.712848920007673E-07        -1.784489223055630E-10
         1.000421762466431E+00        -9.559772706779768E-08         3.257586908556043E-11
         1.000602126121521E+00        -3.756909450203239E-07         1.277525030207727E-10
         1.000488996505737E+00        -3.403843038540799E-07         1.486380046822333E-10
         1.000759601593018E+00        -7.556110972473107E-07         2.630545781201477E-10
         1.001018166542053E+00        -1.381480160489446E-06         4.892419802615677E-10
         1.000833988189697E+00        -9.024770406540483E-07         3.108532042883638E-10
         1.000834465026855E+00        -8.072912009993161E-07         3.055099229154479E-10
         1.000545144081116E+00        -3.753524140392983E-07         1.294087892400597E-10
         1.000505924224854E+00        -5.018750357521640E-07         1.529067011896146E-10
         1.000103235244751E+00         2.720574059367209E-07        -1.404654864645138E-10
         9.999418854713440E-01         4.937548396810598E-07        -2.405686483353264E-10
         1.000115752220154E+00         8.563902298419634E-08        -1.087098189245239E-10
         9.999036192893982E-01         4.830544071410259E-07        -2.660052178526939E-10
         9.996858835220337E-01         4.381226688110473E-07        -2.010423494347435E-10
         9.997494220733643E-01         7.674537982893526E-08        -3.855151961551506E-11
         9.995118379592896E-01         3.878600978168834E-07        -1.508537461614168E-10
         9.996287822723389E-01         2.756923400681899E-08        -1.302304531575205E-11
         9.995641708374023E-01         2.701748940125981E-07        -7.974694515855418E-11
         9.995971918106079E-01         4.135232529733912E-07        -1.424893675272543E-10
         9.997701048851013E-01         6.875422542407250E-08        -1.293600990215360E-11
         9.998040795326233E-01         1.465317041038361E-07        -7.707938454171170E-11
         1.000043034553528E+00        -9.040093829071338E-08        -1.221526092082259E-11
         9.998824000358582E-01         1.531211353267281E-07        -1.059077131548847E-10
         9.996328353881836E-01         4.463528000542283E-07        -2.201357152120664E-10
         9.999665617942810E-01        -1.574060064513105E-07         3.914501101737189E-12
         1.000232219696045E+00        -4.716388559700135E-07         1.210610500734788E-10
         1.000224590301514E+00        -3.291227130830521E-07         6.144167119526145E-11
         1.000029683113098E+00        -2.668789136350824E-07         5.259018567849161E-11
         9.998863935470581E-01         6.732114599117267E-08        -5.124347821072739E-11
         9.999617934226990E-01         6.832220122987565E-08        -5.283958687263279E-11
         9.998326301574707E-01         9.356360664014574E-08        -7.392454703936124E-11
         9.997915625572205E-01        -1.265729281385575E-07         3.406167708996932E-11
         9.996020197868347E-01         1.925649542044994E-07        -4.641879935984861E-11
         9.995997548103333E-01         9.294627290046265E-08         1.151356245586432E-12
         9.997152686119080E-01        -2.714820368510118E-07         1.437122920666667E-10
         9.999031424522400E-01        -4.110886493435828E-07         1.776393060426429E-10
         9.999185204505920E-01        -4.201176579954335E-07         2.035665663813191E-10
         9.998329281806946E-01        -4.377328650662093E-07         2.222532852202974E-10
         9.998911619186401E-01        -3.692824748213752E-07         1.651808273495092E-10
         1.000031828880310E+00        -2.598337687231833E-07         1.126467460976777E-10
         1.000183582305908E+00        -5.000355827178282E-07         2.051123021429291E-10
         1.000004887580872E+00        -1.515234373528074E-07         7.836570281583022E-11
         9.998021125793457E-01         2.184407890126749E-07        -5.568149413770485E-11
         9.998999834060669E-01         4.573193734813685E-07        -1.487636680508331E-10
         1.000080943107605E+00         1.048080235932503E-07        -3.073645504780842E-11
         1.000027060508728E+00        -1.883740310404391E-07         9.184316501764656E-11
         9.998743534088135E-01         1.096373765108183E-07        -5.200145522521460E-11
         9.999725818634033E-01        -5.378752376827833E-08         3.123169431407113E-11
         9.998210072517395E-01        -8.991247568701510E-08         5.359824042927563E-11
         9.995996356010437E-01         6.276131614413316E-08        -4.090830105218934E-12
         9.996243715286255E-01        -1.200903199105596E-07         5.245542541998383E-11
         9.994269013404846E-01         2.245912611442691E-07        -9.590957888994112E-11
         9.994675517082214E-01        -2.309618309936923E-07         1.016754666571806E-10
         9.994230270385742E-01        -4.173187448941462E-07         1.594561011009077E-10
         9.990985393524170E-01        -1.760404728656795E-07         8.909304544113539E-11
         9.997181296348572E-01        -1.552612616251281E-06         6.153240139639138E-10
         9.992308616638184E-01        -5.131096827426518E-07         2.105235152871643E-10
         9.991618394851685E-01        -4.579767107770749E-07         1.698710477837651E-10
         9.990431666374207E-01        -3.407872668503842E-07         1.241193536838381E-10
         9.991150498390198E-01        -4.356029421614949E-07         1.593051246473465E-10
         9.992378950119019E-01        -5.906587716708600E-07         1.992034037723300E-10
         9.991555213928223E-01        -8.682552561367629E-07         3.130962711317409E-10
         9.989744424819946E-01        -1.094555386771390E-06         4.244708751155457E-10
         9.988426566123962E-01        -1.136773676080338E-06         4.125458030745932E-10
         9.988808631896973E-01        -1.406116780344746E-06         5.372607358999915E-10
         9.990381002426147E-01        -1.722960064398649E-06         6.666669438715189E-10
         9.988031983375549E-01        -1.404929889758932E-06         5.413981485347108E-10
         9.987701773643494E-01        -1.463117655475799E-06         5.304054417898385E-10
         9.986459612846375E-01        -1.416532882103638E-06         5.142983261485767E-10
         0.000000000000000E+00         0.000000000000000E+00         0.000000000000000E+00
         0.000000000000000E+00         0.000000000000000E+00         0.000000000000000E+00
         0.000000000000000E+00         0.000000000000000E+00         0.000000000000000E+00
         0.000000000000000E+00         0.000000000000000E+00         0.000000000000000E+00
         0.000000000000000E+00         0.000000000000000E+00         0.000000000000000E+00
         0.000000000000000E+00         0.000000000000000E+00         0.000000000000000E+00
         0.000000000000000E+00         0.000000000000000E+00         0.000000000000000E+00
         1.002086162567139E+00         2.339682509955310E-07        -1.492744816644631E-10
         1.001968860626221E+00         4.361890830750781E-07        -2.260080456117919E-10
         1.001771688461304E+00         5.098203814668523E-07        -2.530390619259748E-10
         1.001452326774597E+00         5.828119356010575E-07        -2.397643195095611E-10
         1.001133441925049E+00         1.009547645480779E-06        -3.889077671015428E-10
         1.001188039779663E+00         8.311421879625414E-07        -3.103781953672780E-10
         1.001364469528198E+00         6.170003530314716E-07        -2.358799544577295E-10
         1.001404166221619E+00         5.025330551688967E-07        -1.865831239511451E-10
         1.000831723213196E+00         1.297554376833432E-06        -4.826546384784081E-10
         1.000804662704468E+00         1.017836325445387E-06        -3.664143988224566E-10
         1.000810623168945E+00         9.007048333842249E-07        -3.463626330191261E-10
         1.000661730766296E+00         8.772258297540247E-07        -3.511949342449583E-10
         1.000600934028625E+00         5.761952479588217E-07        -2.510525676235886E-10
         1.000670433044434E+00         1.936989661999178E-07        -7.613704805509158E-11
         1.000375866889954E+00         6.176231295285106E-07        -2.175506719215292E-10
         1.000817418098450E+00         3.439467022303688E-08        -7.809423680643635E-13
         1.000812292098999E+00         5.922472610109253E-07        -2.459540904276025E-10
         1.000780224800110E+00         4.921446929984086E-07        -1.677804423172446E-10
         1.000658035278320E+00         6.537933927575068E-07        -2.427595624521217E-10
         1.000701069831848E+00         2.497184254934837E-07        -1.004631169920778E-10
         1.000650763511658E+00         1.714640660566147E-07        -8.606899914997967E-11
         1.000733375549316E+00         1.075754099133519E-07        -7.304862270629542E-11
         1.000539064407349E+00         2.045950537876706E-07        -1.082605671776093E-10
         1.000357627868652E+00         1.610426494380590E-07        -5.319930260205830E-11
         1.000331401824951E+00        -1.375229174982451E-07         5.826086835192257E-11
         1.000362038612366E+00        -1.191779546161342E-07         3.329779507676989E-11
         1.000831246376038E+00        -8.881202688826306E-07         3.225255618133360E-10
         1.000658750534058E+00        -5.985345978842815E-07         2.074816429775694E-10
         1.000512123107910E+00        -5.842060772920377E-07         1.896819784574788E-10
         1.000419259071350E+00        -6.332608109005378E-07         2.100704055152391E-10
         1.000300168991089E+00        -6.923519322299398E-07         2.216462985371592E-10
         1.000448346138000E+00        -9.976088222174440E-07         3.473716037039054E-10
         1.000037431716919E+00        -1.642556384240379E-07         1.900128665521805E-11
         9.998668432235718E-01        -1.330965204715540E-07         3.812904852962262E-11
         9.996942877769470E-01         1.017884088128085E-07        -3.036102966258447E-11
         9.995872378349304E-01         3.698959289977211E-07        -1.332847582302676E-10
         9.996578097343445E-01         2.228819795391246E-07        -7.971203558332363E-11
         9.995268583297729E-01         7.892425628597266E-07        -3.094118017354930E-10
         9.997947216033936E-01         5.519239039131207E-07        -2.359935025175730E-10
         9.997075796127319E-01         7.801698984621908E-07        -3.399771852929945E-10
         9.994127750396729E-01         9.925602171279024E-07        -3.891611477513379E-10
         9.996600747108459E-01         6.471891538240016E-07        -2.618247563201948E-10
         9.997262358665466E-01         5.252652499621036E-07        -2.626362738400445E-10
         9.998045563697815E-01         3.544500088992208E-07        -2.043841068610774E-10
         1.000084400177002E+00        -3.754565369717966E-08        -2.069590505915375E-11
         9.995403885841370E-01         8.954557983997802E-07        -3.484061095182511E-10
         9.996966719627380E-01         5.427708060778969E-07        -2.315929253926541E-10
         9.993822574615479E-01         6.818636393290944E-07        -2.559292500148302E-10
         9.993455410003662E-01         4.733391847366875E-07        -1.696391638272843E-10
         9.992122650146484E-01         7.558506354143901E-07        -2.859195935567271E-10
         9.993665814399719E-01         6.224490789463744E-07        -2.271347415705449E-10
         9.993911981582642E-01         6.416736937353562E-07        -2.343490679290738E-10
         9.996821880340576E-01         3.357365017109259E-07        -1.137058919242762E-10
         9.996519088745117E-01         2.676821679870045E-07        -7.552011099809519E-11
         9.996609687805176E-01         7.626265130511456E-08        -7.735971585542956E-12
         9.997971057891846E-01        -7.792822742658245E-08         3.691022834595437E-11
         9.995253086090088E-01         5.989756459712225E-07        -2.080869226928073E-10
         9.998707771301270E-01         9.556352864592554E-08         1.706209132312786E-11
         9.999109506607056E-01        -1.871001131803496E-08         7.955379410784502E-11
         9.997269511222839E-01         2.940261545347767E-08         5.446141107534608E-11
         9.998344779014587E-01        -1.709411776573688E-07         7.681173752605019E-11
         9.998742341995239E-01        -5.843745611855411E-07         2.464482506958632E-10
         9.995006322860718E-01         1.070600763597440E-08         9.569358326577682E-12
         9.995914697647095E-01         7.052521056039041E-08        -2.287819586554996E-11
         9.997114539146423E-01        -2.585562981494149E-07         1.405703331514019E-10
         9.996275901794434E-01        -1.183222053668942E-08         5.317016965600274E-11
         9.995142221450806E-01         6.896445370330184E-08         1.213553780035626E-12
         9.994783401489258E-01        -5.490289112231039E-08         4.220867752535717E-11
         9.995065331459045E-01         2.766357809491637E-08         9.447058586797841E-12
         9.996631741523743E-01        -2.552876878780808E-07         7.713647776075305E-11
         9.996917247772217E-01         3.231318856933285E-08        -4.722732274697883E-11
         9.994900226593018E-01         5.621226932817081E-07        -2.575454849385039E-10
         9.995849728584290E-01         3.962382493227778E-07        -1.928676801599138E-10
         9.998049139976501E-01        -1.299069083415816E-07         2.481399634379766E-11
         9.999160766601562E-01        -9.434509706807148E-08         7.134033354295674E-16
         9.996233582496643E-01         5.064213155492325E-07        -2.300402229815646E-10
         9.998728036880493E-01        -5.613784637148456E-08         3.057110120607831E-11
         9.997744560241699E-01         4.123211851947417E-07        -1.685263734119147E-10
         9.999424219131470E-01         9.130960165748547E-08        -4.100579251153924E-11
         1.000087261199951E+00        -5.361216040000727E-07         2.315684033415977E-10
         9.999881982803345E-01        -2.792667714857089E-07         1.056607232263751E-10
         9.997717738151550E-01         2.363115072512301E-07        -1.034284741185942E-10
         9.992979764938354E-01         8.579028758504137E-07        -3.397278014460881E-10
         9.996888041496277E-01        -1.671169940209438E-07         6.637366350981111E-11
         9.994615912437439E-01         5.689008162335085E-07        -2.285759359565986E-10
         9.995114207267761E-01         7.011928460087802E-07        -2.528990072914183E-10
         9.999138116836548E-01         2.292508725076914E-07        -8.900367248765306E-11
         1.000013113021851E+00        -1.049479507742035E-07         5.092353622115908E-11
         1.000069975852966E+00        -2.823745148816670E-07         1.031646920668372E-10
         9.997398853302002E-01         2.368209237602059E-07        -7.877941354816898E-11
         9.999490976333618E-01        -8.576569676677082E-09         2.007721246199967E-11
         9.999431967735291E-01         6.979247757499252E-08         1.883077244482778E-12
         1.000102043151855E+00        -1.993700067259851E-07         1.155237919214791E-10
         9.999795556068420E-01         2.225636563935041E-07        -5.135665503974707E-11
         9.999824762344360E-01         3.282415548255813E-07        -9.747372353707817E-11
         9.998278021812439E-01         6.736649993399624E-07        -2.281536209958190E-10
         9.998464584350586E-01         4.573825549414323E-07        -1.467819477074528E-10
         9.999994635581970E-01         1.623664900307631E-07        -4.961557206750733E-11
         1.000021815299988E+00         1.043871478145775E-07        -4.054408891951411E-11
         9.998846650123596E-01         3.250415261391026E-07        -1.295664409095565E-10
         1.000124573707581E+00        -3.090755740231543E-07         1.398432897259383E-10
         1.000168919563293E+00        -2.717511051741894E-07         1.054795625843319E-10
         1.000223994255066E+00        -3.288033951776015E-07         1.441058938844719E-10
         1.000236749649048E+00        -3.329579953970097E-07         1.741278649047828E-10
         1.000590801239014E+00        -9.443706971978827E-07         3.825469108154067E-10
         1.000191569328308E+00        -1.998653971213571E-07         9.311544590939747E-11
         1.000240445137024E+00        -2.430216454740730E-07         8.724920091962574E-11
         1.000095129013062E+00        -7.692815273685483E-08         2.376574284590482E-11
         9.999974966049194E-01        -9.700078607011164E-08         2.586206769572552E-11
         1.000218152999878E+00        -5.528810333998990E-07         1.894401996382911E-10
         1.000115990638733E+00        -2.663632869825960E-07         5.501848976408041E-11
         1.000371456146240E+00        -5.817296369059477E-07         1.874279065283702E-10
         1.000293254852295E+00        -1.344629296795574E-08        -4.496000099996067E-11
         1.000107049942017E+00         5.302542263052601E-07        -2.468218407436495E-10
         1.000262737274170E+00        -7.401344248592068E-08         1.936603438376649E-12
         1.000253558158875E+00        -2.440283140003885E-07         5.180068873844590E-11
         1.000149488449097E+00        -2.172822490820181E-07         3.722832805919118E-11
         9.999122023582458E-01         1.216591840602632E-07        -9.783394927520561E-11
         9.999420046806335E-01         5.535530434030989E-08        -3.925190728004679E-11
         9.999998211860657E-01         2.270247279057003E-07        -1.251003328706091E-10
         1.000252842903137E+00        -3.173407492340630E-07         1.053079429214065E-10
         1.000232815742493E+00        -2.825509000103921E-07         8.295404640978887E-11
         9.998653531074524E-01         4.972454803464643E-07        -2.247476510452984E-10
         9.998574852943420E-01         4.952207177666423E-07        -1.967357665666469E-10
         1.000115513801575E+00         1.704771079857892E-08        -9.582135432339989E-12
         1.000009417533875E+00         2.487269341600040E-07        -1.165944840675337E-10
         1.000211358070374E+00        -1.748785933841646E-07         4.386054366922743E-11
         1.000310301780701E+00        -6.019448051119980E-07         2.385390773795848E-10
         1.000128269195557E+00        -3.232985363865737E-07         1.349561712382652E-10
         1.000032901763916E+00        -8.870500067814646E-08         6.511098604722321E-11
         1.000099062919617E+00        -9.241253451364173E-08         6.075451253195752E-11
         1.000078320503235E+00        -1.024616924638622E-08         4.456546937037231E-11
         1.000057578086853E+00        -1.242867853079588E-07         7.411391639289278E-11
         9.999026060104370E-01         6.734966717658608E-08         7.387234920996910E-12
         9.997210502624512E-01         4.377760944862530E-07        -1.633275320545025E-10
         9.995977878570557E-01        -9.342896589714655E-08         7.266139773198788E-11
         9.998165965080261E-01        -5.456358849187382E-07         2.501430174106645E-10
         9.997852444648743E-01        -6.186020300447126E-07         2.676918964272801E-10
         9.995799660682678E-01        -9.874396766917926E-08         6.404179964114576E-11
         9.997997283935547E-01        -3.618858102072409E-07         1.758087009307019E-10
         9.996254444122314E-01         3.205875316325546E-07        -1.049003869879606E-10
         9.998929500579834E-01        -1.500723243452740E-07         5.424087914929210E-11
         9.997590184211731E-01         2.204854609999529E-07        -7.340229812857757E-11
         9.998607635498047E-01         1.629693002769272E-07        -7.511181260300148E-11
         1.000141978263855E+00        -2.087696628905178E-07         7.034207938350079E-11
         9.999743700027466E-01        -7.560178261201145E-08         4.043291743083266E-11
         1.000024080276489E+00         7.092152198850954E-09        -2.389555784146347E-12
         9.999768137931824E-01         5.731653800467029E-07        -2.398128085001616E-10
         1.000285387039185E+00         7.596750783989137E-09         1.441375751393137E-11
         1.000345826148987E+00        -1.433225662594850E-07         5.835728428271736E-11
         1.000109553337097E+00         2.151551825591014E-07        -8.549874003227487E-11
         9.999083280563354E-01         3.793711584876291E-07        -1.409549699182833E-10
         9.995680451393127E-01         7.266231705216342E-07        -2.778344776466213E-10
         9.997990727424622E-01        -6.562976828661249E-09         1.317780780329958E-11
         9.994682073593140E-01         2.539759691444488E-07        -9.617751040025269E-11
         9.993255734443665E-01         4.198576846192736E-07        -1.698321067111763E-10
         9.990611672401428E-01         8.237319093495898E-07        -3.619525512643662E-10
         9.994194507598877E-01        -1.851965834021030E-07         6.581308414910225E-11
         9.992449879646301E-01        -1.955515784857198E-07         3.935576170510657E-11
         9.988757967948914E-01        -4.019826960188766E-08        -6.870302503986236E-12
         9.989705085754395E-01        -3.135804149678734E-07         1.181248848736161E-10
         9.988967180252075E-01        -1.434007845801943E-08        -1.531056878500969E-11
         9.986776709556580E-01         2.161714007797855E-07        -9.148028168315392E-11
         9.989890456199646E-01        -7.234696681734931E-07         2.745910443469057E-10
         9.984950423240662E-01        -3.335790665914828E-07         1.137511265736357E-10
         9.986616373062134E-01        -1.123944798564480E-06         4.019748978123516E-10
         9.981598258018494E-01        -8.076322046690620E-07         2.860837677864936E-10
         9.976894855499268E-01        -6.447311307056225E-07         2.531731491117739E-10
         9.977520704269409E-01        -8.484530553687364E-07         3.047983254678144E-10
         9.977014064788818E-01        -8.954323220677907E-07         3.203224629988455E-10
         9.976947903633118E-01        -1.009483867164818E-06         3.725767749873654E-10
         9.975329637527466E-01        -7.290441885743348E-07         2.548533883928172E-10
         9.977765083312988E-01        -1.181075163003698E-06         4.279503418302966E-10
         9.976215958595276E-01        -7.882375712142675E-07         2.801893717041537E-10
         9.976705312728882E-01        -1.063825266101048E-06         3.946035997959285E-10
         9.976885914802551E-01        -1.289456918129872E-06         4.816910204041847E-10
         9.975009560585022E-01        -1.155925360762922E-06         4.082972293595333E-10
         0.000000000000000E+00         0.000000000000000E+00         0.000000000000000E+00
         0.000000000000000E+00         0.000000000000000E+00         0.000000000000000E+00
         0.000000000000000E+00         0.000000000000000E+00         0.000000000000000E+00
         0.000000000000000E+00         0.000000000000000E+00         0.000000000000000E+00
         0.000000000000000E+00         0.000000000000000E+00         0.000000000000000E+00
         0.000000000000000E+00         0.000000000000000E+00         0.000000000000000E+00
         0.000000000000000E+00         0.000000000000000E+00         0.000000000000000E+00
         1.003139019012451E+00         2.936922953722387E-07        -1.088260453974144E-10
         1.003068208694458E+00         3.067372347231867E-07        -1.236915431190866E-10
         1.002726078033447E+00         6.250770070437284E-07        -2.371180751747914E-10
         1.002532005310059E+00         6.653360173913825E-07        -2.512443308955170E-10
         1.002322793006897E+00         8.177467520908976E-07        -3.087606004203991E-10
         1.002237200737000E+00         7.524017746618483E-07        -2.814104782533633E-10
         1.002239108085632E+00         6.970356594138138E-07        -2.608815941052001E-10
         1.002193927764893E+00         7.183057277870830E-07        -2.650548391880392E-10
         1.002034187316895E+00         6.099551796978631E-07        -1.913613989490415E-10
         1.001777052879333E+00         7.075199732753390E-07        -2.280219069117351E-10
         1.001772880554199E+00         5.634564672618581E-07        -2.083876127212392E-10
         1.001822948455811E+00         3.614758270487073E-07        -1.554442963236369E-10
         1.001638770103455E+00         5.441196435640450E-07        -2.121227637985612E-10
         1.001520872116089E+00         4.413652732182527E-07        -1.669640953272378E-10
         1.001508235931396E+00         3.441049898356141E-07        -1.270278604525998E-10
         1.001417279243469E+00         3.040817375676852E-07        -9.874979306490062E-11
         1.001315951347351E+00         3.953670955070265E-07        -1.462159421317111E-10
         1.001195192337036E+00         2.548729298723629E-07        -7.548753983011025E-11
         1.000898599624634E+00         4.784679958902416E-07        -1.696943280338203E-10
         1.000801563262939E+00         4.849816264140827E-07        -1.709516556092083E-10
         1.000817894935608E+00         2.016565332496612E-07        -5.376870129691902E-11
         1.000573635101318E+00         2.240124388208642E-07        -4.833608860388416E-11
         1.000464558601379E+00         4.725376001601944E-08         3.188187561176115E-11
         1.000218272209167E+00         1.147042567595236E-07         2.796697248785840E-11
         1.000462055206299E+00        -3.622250233092927E-07         1.944739924653049E-10
         1.000487804412842E+00        -3.835429822629521E-07         1.709822838869002E-10
         1.000486373901367E+00        -4.104029471818649E-07         1.663686272079801E-10
         1.000331997871399E+00        -3.211684145298932E-07         1.392280318812666E-10
         1.000247836112976E+00        -9.266877754043890E-08         4.395765001996566E-11
         1.000094056129456E+00        -8.865571032856678E-08         4.137808151671862E-11
         9.996873140335083E-01         8.484372671091478E-08        -4.626851853040126E-12
         9.996664524078369E-01         1.848019337558071E-07        -4.431563449536213E-11
         9.996494650840759E-01         2.098831828334369E-07        -4.523319566129835E-11
         9.996789693832397E-01         4.117379148738110E-07        -1.086613785061807E-10
         9.998520016670227E-01         3.039076545974240E-07        -8.237473897443337E-11
         1.000015616416931E+00         2.197316035790209E-07        -6.651563327908505E-11
         9.999097585678101E-01         4.050530151289422E-07        -1.353962081340754E-10
         9.996759891510010E-01         5.523276627172891E-07        -2.017611910876127E-10
         9.998354911804199E-01         2.865753856440278E-07        -1.307359775992722E-10
         1.000021934509277E+00         8.455396738327181E-08        -2.543740912352987E-11
         1.000030517578125E+00         2.172216824192219E-07        -7.667462498250899E-11
         1.000210404396057E+00        -1.577535186925161E-07         7.367806365010665E-11
         1.000368237495422E+00        -5.776053058070829E-07         2.407459509523591E-10
         1.000268936157227E+00        -4.785729288414586E-07         1.959738482604223E-10
         1.000283956527710E+00        -4.504593960064085E-07         1.737764793174890E-10
         1.000439882278442E+00        -7.874625111981004E-07         2.929725906319902E-10
         1.000262260437012E+00        -5.983707183077058E-07         2.031926155110497E-10
         1.000207781791687E+00        -5.720098670281004E-07         1.747571670707160E-10
         1.000105261802673E+00        -3.831216588423558E-07         1.222203865891558E-10
         1.000055432319641E+00        -3.156745265187055E-07         1.071701477561859E-10
         1.000116109848022E+00        -2.455341245877207E-07         7.719965638974813E-11
         1.000111818313599E+00        -3.488035247301013E-07         1.244349623341634E-10
         9.999436736106873E-01        -3.743779473097675E-07         1.442019975650410E-10
         9.998427033424377E-01        -2.766935267572990E-07         1.181640479908097E-10
         9.999971985816956E-01        -2.061206743064758E-07         8.368725157303913E-11
         9.999988675117493E-01        -1.585315487773187E-07         6.411459557709165E-11
         1.000084877014160E+00        -2.895712327699584E-07         1.175999853053611E-10
         9.999972581863403E-01        -1.964846347846105E-07         9.026980551940511E-11
         1.000014781951904E+00         2.902488915879076E-08        -2.521704850141915E-12
         1.000053167343140E+00         1.488983656372511E-07        -4.961777169687487E-11
         1.000166773796082E+00        -1.005090055627988E-07         3.758736030756715E-11
         9.999608397483826E-01         2.389305109318229E-07        -9.190501831790598E-11
         9.999738931655884E-01         1.314110562589121E-07        -5.040639086684173E-11
         9.999129772186279E-01         1.937387565931203E-07        -7.042640082222107E-11
         1.000005245208740E+00         8.629313441588238E-08        -3.853260766017996E-11
         9.998101592063904E-01         3.290549273060606E-07        -1.407069183390064E-10
         9.997946619987488E-01         1.758087648795481E-07        -6.043795325316736E-11
         9.996654987335205E-01         4.236050585859630E-07        -1.390926679389892E-10
         9.995551109313965E-01         5.844718771186308E-07        -1.909386815324154E-10
         9.996250867843628E-01         4.919149887427920E-07        -1.763480056427014E-10
         9.996108412742615E-01         3.265340922098403E-07        -9.690458852018580E-11
         9.996078610420227E-01         3.600133027248376E-07        -1.286207251816052E-10
         9.996227622032166E-01         2.900083586609981E-07        -8.998739947640999E-11
         9.997274875640869E-01         2.431723657991824E-07        -8.425542902257277E-11
         9.998192787170410E-01         2.085769637005797E-07        -7.945086949456837E-11
         1.000066757202148E+00         1.491086578653267E-07        -7.451581018891318E-11
         9.999459385871887E-01         1.536479601327301E-07        -6.628370075034695E-11
         9.998678565025330E-01         3.396379497644375E-07        -1.410230821008440E-10
         9.998351335525513E-01         4.552247503397666E-07        -1.756691042631431E-10
         9.998180270195007E-01         4.179213703991991E-07        -1.607139143988690E-10
         9.998440742492676E-01         1.319385916076499E-07        -4.488868651786326E-11
         9.996411800384521E-01         4.824784127777093E-07        -1.962430218327427E-10
         9.997484683990479E-01         9.876125517394030E-08        -4.109567200427655E-11
         9.995791316032410E-01         1.842055326051195E-07        -5.944096603816007E-11
         9.994891881942749E-01         2.731942174705182E-07        -1.138550712043163E-10
         9.994695186614990E-01         1.874769566256873E-07        -9.717013305099442E-11
         9.994757175445557E-01         1.576597554731052E-07        -8.328774475652168E-11
         9.995099306106567E-01         1.630405961350334E-07        -1.025930868037150E-10
         9.995160102844238E-01         1.428251437118888E-07        -8.485102204192074E-11
         9.994756579399109E-01         1.910173921260139E-07        -7.664508611116005E-11
         9.995365142822266E-01         1.855354554436417E-07        -6.587452111572745E-11
         9.995855689048767E-01         1.567494791743229E-07        -7.573496690893577E-11
         9.995324015617371E-01         3.521927567362582E-07        -1.287263767801861E-10
         9.996681213378906E-01         2.293509453465958E-07        -8.056236233677794E-11
         9.998230338096619E-01         1.483146263581148E-07        -3.869184486693378E-11
         9.998456835746765E-01         1.839845111817340E-07        -4.055951061121554E-11
         1.000154018402100E+00        -1.473279898078772E-08         2.552543766631832E-11
         1.000039696693420E+00         5.052700302599078E-08        -1.077767432591803E-12
         1.000009775161743E+00         1.408266996349994E-07        -3.687820188114088E-11
         1.000011324882507E+00         4.555827359808973E-08         3.338719231638088E-11
         0.000000000000000E+00         0.000000000000000E+00         0.000000000000000E+00
         9.997980594635010E-01        -9.360149277881646E-08         4.691896871023005E-11
         9.999715685844421E-01        -1.233396602629000E-07         4.339517981066798E-11
         1.000020384788513E+00        -1.012259716048902E-07         3.874805684644933E-11
         1.000042557716370E+00        -9.043252902074528E-08         5.227815749742071E-11
         1.000144243240356E+00        -2.265923768618450E-07         8.656345085178430E-11
         1.000300168991089E+00        -4.354071734269382E-07         1.487617667939034E-10
         1.000024199485779E+00         8.298076892288009E-08        -2.889473209310989E-11
         1.000001430511475E+00         2.098256004501309E-07        -9.257060396006267E-11
         1.000088214874268E+00        -1.541095713264440E-07         5.578064746214473E-11
         1.000093460083008E+00        -2.723562317896722E-07         8.111943061717142E-11
         1.000240564346313E+00        -5.136031973052013E-07         1.578328440166032E-10
         1.000131011009216E+00        -2.462031147842936E-07         4.982927612195986E-11
         9.999476075172424E-01        -5.658658608354017E-08        -2.397313424162828E-11
         9.998454451560974E-01        -1.468341821464492E-07         2.689141964662412E-11
         9.997819662094116E-01        -7.573236615598944E-08         9.074374932027673E-12
         9.997159838676453E-01         3.570115225670634E-08        -2.731449962045662E-11
         9.998977184295654E-01         1.679828329770316E-07        -6.503093202825383E-11
         9.998992681503296E-01         1.655502046560287E-07        -6.370909355624121E-11
         9.998950958251953E-01         1.248038330459167E-07        -3.631944744952875E-11
         9.999041557312012E-01         1.189363629805484E-07        -3.320894254033036E-11
         9.999228119850159E-01        -5.396213609287770E-08         2.798494248834604E-11
         9.998739957809448E-01        -7.388688771925445E-08         3.010788493518213E-11
         1.000000596046448E+00        -3.617755055529415E-07         1.474348976238105E-10
         9.999971389770508E-01        -2.625823469770694E-07         8.419660108005544E-11
         9.999428987503052E-01        -2.421045053324633E-07         7.394106160685254E-11
         1.000072598457336E+00        -4.074946673426894E-07         1.403873961525193E-10
         9.999528527259827E-01        -1.932495479195495E-07         6.520332884729640E-11
         1.000081539154053E+00        -3.942695059322432E-07         1.457800408166676E-10
         1.000097990036011E+00        -3.167487250266277E-07         1.250649306339113E-10
         9.997892379760742E-01         1.785932823850089E-07        -3.062440925849508E-11
         9.998393058776855E-01         2.250895647648576E-07        -4.621228399948052E-11
         9.997316002845764E-01         3.227818012874195E-07        -8.087453623462082E-11
         9.997529983520508E-01         1.045101498675649E-07        -3.680297819969036E-12
         9.996824264526367E-01         2.310609374944761E-07        -5.704051120325460E-11
         9.996175765991211E-01         3.150030352117028E-07        -1.047922998376194E-10
         9.996393918991089E-01         3.023045849204209E-07        -1.021173354209814E-10
         9.999971985816956E-01        -1.621500302917411E-07         6.695115295496379E-11
         9.999896883964539E-01        -2.951820121666060E-09         2.838638872570964E-11
         1.000238537788391E+00        -2.000546288627447E-07         7.079303809831572E-11
         1.000388622283936E+00        -3.032656934465194E-07         1.161671522864616E-10
         1.000566244125366E+00        -4.647456819384388E-07         1.542354854944250E-10
         1.000399351119995E+00        -2.872582456348027E-07         8.808363066714620E-11
         1.000465035438538E+00        -6.260758027565316E-07         2.257649761583380E-10
         1.000420689582825E+00        -5.823281412631331E-07         2.029554024840508E-10
         1.000620603561401E+00        -6.796804541409074E-07         2.087373746073595E-10
         1.000519633293152E+00        -2.706524071527383E-07         2.777682424348615E-11
         1.000452160835266E+00        -4.881048312199709E-07         1.629600204777759E-10
         1.000336885452271E+00        -3.203068388302199E-07         8.888529495765241E-11
         1.000420331954956E+00        -4.765857113397942E-07         1.527203363771434E-10
         1.000386953353882E+00        -4.590595210629544E-07         1.382318148834827E-10
         1.000213384628296E+00        -3.747950643173681E-07         1.130029125828713E-10
         1.000183224678040E+00        -4.473180297281942E-07         1.534344873377336E-10
         1.000161528587341E+00        -6.485610128947883E-07         2.363395590343487E-10
         1.000030517578125E+00        -5.618082923319889E-07         2.089537848304346E-10
         9.997531771659851E-01        -3.615534751588712E-07         1.422026801867204E-10
         9.994927644729614E-01        -2.810405135278415E-07         1.080721623303305E-10
         9.994039535522461E-01        -3.350923805101047E-07         1.269506583190250E-10
         9.991621971130371E-01        -4.223245397838582E-08         3.474530385627617E-11
         9.991508126258850E-01        -1.453032183462710E-07         5.709422865041169E-11
         9.989042282104492E-01         3.823552674475650E-08        -1.641587386858046E-11
         9.988784790039062E-01        -4.065241299144873E-08        -8.899155717889684E-12
         9.986492395401001E-01        -2.012484934255099E-08         3.524371766649992E-12
         9.985117912292480E-01         5.218638321480285E-08        -5.248256343404201E-11
         9.982939958572388E-01         1.045742763494673E-07        -7.819483255344650E-11
         9.980466961860657E-01         1.863786565081682E-07        -7.767922416412887E-11
         9.976900815963745E-01         3.555198873073095E-07        -1.236014623984261E-10
         9.973098039627075E-01         4.806461220141500E-07        -1.701751101146343E-10
         9.970391392707825E-01         5.414188422037114E-07        -1.704375945932313E-10
         9.968590736389160E-01         6.375983616635494E-07        -2.114768082872587E-10
         9.965459704399109E-01         9.327527550340164E-07        -3.463656306212926E-10
         9.966059327125549E-01         6.180243872222491E-07        -2.304393481589173E-10
         9.963492155075073E-01         6.767031095478160E-07        -2.621352301890312E-10
         9.962553381919861E-01         3.598233320190047E-07        -1.513839609224021E-10
         9.960443973541260E-01         5.432797252069577E-07        -2.377424368482650E-10
         9.958961009979248E-01         5.875106694475107E-07        -2.487258177197305E-10
         9.958711266517639E-01         3.586107197861566E-07        -1.437679003624126E-10
         9.956333637237549E-01         2.853396097179939E-07        -1.102666291608045E-10
         0.000000000000000E+00         0.000000000000000E+00         0.000000000000000E+00
         0.000000000000000E+00         0.000000000000000E+00         0.000000000000000E+00
         0.000000000000000E+00         0.000000000000000E+00         0.000000000000000E+00
         0.000000000000000E+00         0.000000000000000E+00         0.000000000000000E+00
         0.000000000000000E+00         0.000000000000000E+00         0.000000000000000E+00
         0.000000000000000E+00         0.000000000000000E+00         0.000000000000000E+00
         0.000000000000000E+00         0.000000000000000E+00         0.000000000000000E+00
         0.000000000000000E+00         0.000000000000000E+00         0.000000000000000E+00
         1.004190444946289E+00        -5.245680654297757E-07         2.194599085791893E-10
         1.004155755043030E+00        -6.060043347133615E-07         2.499878914985487E-10
         1.003989100456238E+00        -6.476508360719890E-07         2.619764127853585E-10
         1.003652691841125E+00        -5.018089836994477E-07         1.979485048098084E-10
         1.003491401672363E+00        -5.375669047680276E-07         2.207605903636889E-10
         1.003434062004089E+00        -6.223858690646011E-07         2.426433221014435E-10
         1.003142952919006E+00        -5.321091975929448E-07         1.935360760541016E-10
         1.003218173980713E+00        -8.466104759463633E-07         2.980337088231977E-10
         1.003077745437622E+00        -8.225740657508140E-07         2.875149007763866E-10
         1.002940654754639E+00        -8.528838861820986E-07         2.955218292299833E-10
         1.002628803253174E+00        -5.852801905348315E-07         1.983078423695162E-10
         1.002446055412292E+00        -5.754424137194292E-07         1.963986473452195E-10
         1.002265453338623E+00        -5.038189101469470E-07         1.772292312907098E-10
         1.002248167991638E+00        -7.416169296448061E-07         2.861914594198822E-10
         1.001955986022949E+00        -5.290050921757938E-07         2.110867175497688E-10
         1.001793146133423E+00        -3.409368503071164E-07         1.506588881428073E-10
         1.001696705818176E+00        -1.191108296438870E-07         4.185345472973445E-11
         1.001313328742981E+00         1.886671867623591E-07        -6.499733390397111E-11
         1.001051664352417E+00         2.813565913584171E-07        -7.783480110434837E-11
         1.000991344451904E+00         1.504006803543234E-07        -2.408515747953643E-11
         1.000761032104492E+00         3.136763098154915E-07        -8.028010201055480E-11
         1.000638246536255E+00         2.102201364095890E-07        -1.934453465468611E-11
         1.000399231910706E+00         2.980399642638076E-07        -4.859361524278683E-11
         1.000163555145264E+00         4.686665420194913E-07        -1.284599510098516E-10
         1.000207304954529E+00         2.448881275540771E-07        -6.067945451659895E-11
         1.000074744224548E+00         2.213839280784669E-07        -6.806587932173258E-11
         9.999464154243469E-01         2.381464412337664E-07        -7.431675413949179E-11
         9.997479319572449E-01         3.213189643247460E-07        -8.114735966513464E-11
         9.998147487640381E-01         2.845242761395639E-07        -6.594291779293826E-11
         9.999166131019592E-01         2.191607677559659E-07        -5.611374559455484E-11
         9.999533891677856E-01         1.854488687058620E-07        -4.276333800956600E-11
         9.999942183494568E-01         2.574853681380773E-07        -7.016682374016980E-11
         9.999265074729919E-01         5.143333510204684E-07        -1.729759252500074E-10
         1.000089168548584E+00         1.987412616699658E-07        -5.296093424922432E-11
         1.000047922134399E+00         9.136419976130128E-08        -1.881419846305743E-11
         1.000185847282410E+00        -1.114596486218034E-07         4.371670039859943E-11
         1.000285148620605E+00        -2.630103210776724E-07         9.259192718102938E-11
         1.000280022621155E+00        -2.424839067316498E-07         7.500532833715212E-11
         1.000232219696045E+00        -2.222380430794146E-07         7.220661568663189E-11
         1.000158429145813E+00        -1.604631023610636E-07         3.685267715991536E-11
         1.000333070755005E+00        -4.193706502064742E-07         1.118789436094225E-10
         1.000325918197632E+00        -4.346646562680689E-07         1.261103166338984E-10
         1.000391244888306E+00        -2.463806367813959E-07         3.539051343648403E-11
         1.000473260879517E+00        -3.441214175836649E-07         7.222876463597316E-11
         1.000539898872375E+00        -5.216415956965648E-07         1.396674165210499E-10
         1.000286340713501E+00        -2.574313668901596E-07         5.586014636960179E-11
         1.000190854072571E+00         3.540927195899712E-08        -5.951144438354206E-11
         1.000148892402649E+00         1.342945399329665E-08        -3.588975991397625E-11
         1.000012516975403E+00         1.621161800358095E-07        -4.047633062054246E-11
         9.999080300331116E-01         2.616890526496718E-07        -8.441419091509417E-11
         9.999138116836548E-01         2.542160189022979E-07        -9.043411158815573E-11
         1.000059604644775E+00         6.264552609991370E-08        -1.058556801242228E-11
         1.000251889228821E+00        -2.295638097393748E-07         1.190318538180080E-10
         1.000213265419006E+00         2.073090996645988E-07        -4.885889956507405E-11
         1.000454068183899E+00         5.305568606672750E-08         1.135616947700591E-11
         1.000336170196533E+00         2.423030593945441E-07        -6.537011904006462E-11
         1.000226378440857E+00         3.344711103636655E-07        -1.120337433935248E-10
         1.000012516975403E+00         4.350899303062761E-07        -1.547156569525754E-10
         1.000026226043701E+00         2.498520075278066E-07        -7.483924591156210E-11
         9.999553561210632E-01         3.553028022906801E-07        -1.023230875030201E-10
         9.998863339424133E-01         4.758531417792256E-07        -1.560469115036156E-10
         9.998959302902222E-01         4.574054059958144E-07        -1.702907259648612E-10
         9.999219179153442E-01         2.753629644303146E-07        -1.079741018816804E-10
         9.999367594718933E-01         2.702135759591329E-07        -9.236802989143200E-11
         9.999902844429016E-01         1.905662827539345E-07        -6.232016291907172E-11
         9.999864697456360E-01         3.514187767450494E-07        -1.356801754281989E-10
         9.998821616172791E-01         4.009628753465222E-07        -1.492468509889378E-10
         9.999582767486572E-01         7.092362608318581E-08        -3.618358737633720E-11
         9.999256134033203E-01        -1.847227650841887E-07         6.243597305832793E-11
         9.998196959495544E-01        -1.918932781563853E-07         6.435357108314221E-11
         9.998953342437744E-01        -1.621236549453897E-07         4.298206235375801E-11
         9.999524950981140E-01        -1.432947129842432E-07         2.594956367840684E-11
         9.999547600746155E-01        -1.092761721110946E-07         3.871240827901801E-11
         1.000118851661682E+00        -1.652975640809018E-07         6.293967430570646E-11
         1.000232458114624E+00        -2.452633509619773E-07         8.857255207050940E-11
         1.000029921531677E+00        -2.575109725455604E-08         2.982292581291124E-12
         9.999478459358215E-01        -8.908251203365580E-08         3.974156767561077E-11
         9.999429583549500E-01         1.860880516346697E-08        -1.173488303057857E-11
         9.998270869255066E-01        -1.201032961972714E-08         2.766345312543717E-11
         9.997355937957764E-01        -1.143882997212131E-07         6.776756239501580E-11
         9.996891617774963E-01         9.628967490016294E-08        -7.116080728147844E-12
         1.000075697898865E+00        -8.468472856293374E-08         5.467579514140120E-11
         1.000018000602722E+00         3.677837057125544E-08        -7.700310875047300E-12
         9.999045133590698E-01         5.962208149412618E-08        -2.314453663443405E-11
         9.997529387474060E-01         2.439668662646000E-07        -1.043067923700569E-10
         9.996432065963745E-01         3.582925955925020E-07        -1.423969830938177E-10
         9.998938441276550E-01         3.000077981596405E-07        -1.269567645456604E-10
         1.000134468078613E+00         2.210188654316880E-07        -1.091936333019738E-10
         1.000288605690002E+00        -1.173728776393546E-07         1.822447921739911E-11
         1.000364542007446E+00        -1.594538616700447E-07         2.973191831623367E-11
         1.000541329383850E+00        -3.839005557892960E-07         1.155654183460086E-10
         1.000232338905334E+00         7.160863013666585E-09        -2.488992345561769E-11
         9.999515414237976E-01        -3.225860041311535E-07         1.062602367207788E-10
         1.000048875808716E+00        -3.897100953054178E-07         1.201175270360011E-10
         1.000205755233765E+00        -6.193052968228585E-07         2.114205199799102E-10
         1.000109314918518E+00        -4.336893937306741E-07         1.473884209124421E-10
         0.000000000000000E+00         0.000000000000000E+00         0.000000000000000E+00
         0.000000000000000E+00         0.000000000000000E+00         0.000000000000000E+00
         9.994764924049377E-01        -1.601843848675344E-07         7.802204021745140E-11
         9.995735287666321E-01         4.327225866518347E-08        -7.828992662495260E-12
         9.994513988494873E-01         1.490232079959242E-07        -3.703720316550196E-11
         9.993364214897156E-01         4.633890569039067E-07        -1.692087442384249E-10
         9.996881484985352E-01        -2.757117378848761E-08         9.316504165357564E-12
         9.998397231101990E-01        -4.590102165025201E-08         1.364679896864729E-11
         9.999185800552368E-01        -1.551155008883143E-07         6.722694623206849E-11
         1.000126719474792E+00        -2.394836258190480E-07         1.130518040293182E-10
         0.000000000000000E+00         0.000000000000000E+00         0.000000000000000E+00
         9.996885061264038E-01        -1.875347237501046E-07         8.802393536289088E-11
         9.999259114265442E-01        -4.653589087411092E-07         2.022649547850364E-10
         9.997729063034058E-01        -4.638074457830044E-08         5.236146238818407E-11
         9.998420476913452E-01        -2.192594337202536E-07         1.213767281127431E-10
         0.000000000000000E+00         0.000000000000000E+00         0.000000000000000E+00
         0.000000000000000E+00         0.000000000000000E+00         0.000000000000000E+00
         9.993563294410706E-01         2.952737361283653E-07        -1.121888415500649E-10
         9.993706345558167E-01         5.572591135205585E-07        -2.088457184967751E-10
         9.993348121643066E-01         6.682524826828740E-07        -2.481184979696849E-10
         9.993990063667297E-01         5.131551006343216E-07        -1.962669471389233E-10
         9.995265603065491E-01         2.507598537704325E-07        -1.083768005893937E-10
         9.995662569999695E-01         2.340234175335354E-07        -9.232192094144054E-11
         9.996541142463684E-01         2.842354263066227E-07        -1.093064597168514E-10
         9.995644688606262E-01         5.215311489337182E-07        -1.881884786891774E-10
         9.995963573455811E-01         2.278466837424276E-07        -5.589456675281212E-11
         9.995974898338318E-01         3.071189667025465E-07        -9.117288174431692E-11
         9.996919631958008E-01         2.514012180654390E-07        -7.529583206933310E-11
         9.996826648712158E-01         5.159204761184810E-07        -1.761223805685219E-10
         1.000016689300537E+00         1.814617291984177E-07        -4.728135938325551E-11
         1.000065445899963E+00         1.465847390136332E-07        -3.954020791341328E-11
         9.998129606246948E-01         4.359364709216607E-07        -1.533526777786065E-10
         9.997154474258423E-01         5.628679105029732E-07        -2.185049086111945E-10
         9.997882246971130E-01         5.610440325654054E-07        -2.165137513721049E-10
         9.997428059577942E-01         3.375555763796001E-07        -1.406443433937810E-10
         9.996975660324097E-01         4.568645977087726E-07        -1.993751552742395E-10
         9.998084902763367E-01         4.599673104621615E-07        -2.035653867693554E-10
         9.998238086700439E-01         4.225248346756416E-07        -1.891005269039070E-10
         9.996860027313232E-01         4.659932812955958E-07        -1.740667332494894E-10
         9.994035959243774E-01         7.725359978394408E-07        -2.899823992041917E-10
         9.992935657501221E-01         7.628543698956491E-07        -2.666875886792042E-10
         9.993335604667664E-01         7.273922619788209E-07        -2.280624300521339E-10
         9.995166063308716E-01         8.244140872193384E-07        -2.676066868101401E-10
         9.994121789932251E-01         8.150584562827135E-07        -2.662858267221679E-10
         9.994348883628845E-01         5.382441372603353E-07        -1.471699290211959E-10
         9.995573163032532E-01         3.531798711264855E-07        -9.880015555685517E-11
         9.997166991233826E-01         1.165212779596914E-07        -1.619949140108101E-11
         9.998880624771118E-01         2.003914012504993E-08         2.113899333355818E-11
         9.999018311500549E-01         1.264065474515519E-07        -1.399897038567577E-11
         9.998307824134827E-01         3.239698003199010E-07        -7.973166571417778E-11
         9.998378753662109E-01         1.512755716248648E-07        -2.413231290146478E-12
         9.997876286506653E-01         1.132485252242077E-07         2.311494572138084E-11
         9.997935891151428E-01         1.728961649405392E-07        -5.021316695774658E-12
         9.998975396156311E-01         7.585384054209499E-08         2.560439013588045E-11
         1.000034093856812E+00        -5.509026834715769E-08         5.515786091758734E-11
         9.998838305473328E-01         5.123536439555210E-08         2.661239284496020E-11
         9.999092817306519E-01         1.100917614849095E-07         2.823138044952961E-13
         9.997665286064148E-01         1.688573281199979E-09         2.770902431115108E-11
         9.997844696044922E-01         2.920893926727786E-08         4.373818581621114E-12
         9.997555017471313E-01        -5.998472119017606E-08         2.388329464753092E-11
         9.994572997093201E-01        -1.917215541880068E-07         5.719262910486300E-11
         9.990098476409912E-01         8.867797163247815E-08        -5.944982700567536E-11
         9.989841580390930E-01        -6.857045775632287E-08        -1.822184070299215E-11
         9.989022016525269E-01         2.925167841283383E-08        -6.649832073879480E-11
         9.988996386528015E-01        -7.449880712329104E-08        -4.320483554254295E-11
         9.985153675079346E-01         1.076990656656562E-07        -9.873531853221706E-11
         9.981347918510437E-01         3.004368807069113E-07        -1.671329463714954E-10
         9.978607892990112E-01         4.247918070632295E-07        -2.172858837301561E-10
         9.978593587875366E-01         2.570433537130157E-07        -1.440866592705703E-10
         9.977524280548096E-01         3.989823937899928E-07        -1.868456778186811E-10
         9.976588487625122E-01         3.648457607141609E-07        -1.545077676912143E-10
         9.975633025169373E-01         2.273547607956061E-07        -1.077877231914215E-10
         9.973000288009644E-01         3.447088374741725E-07        -1.417876926979034E-10
         9.969691038131714E-01         4.315313617553329E-07        -1.649853864638118E-10
         9.967983961105347E-01         3.188385448993358E-07        -1.176225644661244E-10
         9.965553879737854E-01         3.731584854449466E-07        -1.463275473012615E-10
         9.962790012359619E-01         4.161750268849573E-07        -1.532871191090024E-10
         9.958705902099609E-01         6.463776571763447E-07        -2.291426770550942E-10
         9.958731532096863E-01         5.926312951487489E-07        -2.247081826167729E-10
         9.958708286285400E-01         5.956608788437734E-07        -2.368971130373154E-10
         9.959965944290161E-01         2.220001817931916E-07        -1.239335439828793E-10
         9.957907199859619E-01         2.728535832829948E-07        -1.447100911322607E-10
         0.000000000000000E+00         0.000000000000000E+00         0.000000000000000E+00
         0.000000000000000E+00         0.000000000000000E+00         0.000000000000000E+00
         0.000000000000000E+00         0.000000000000000E+00         0.000000000000000E+00
         0.000000000000000E+00         0.000000000000000E+00         0.000000000000000E+00
         0.000000000000000E+00         0.000000000000000E+00         0.000000000000000E+00
         0.000000000000000E+00         0.000000000000000E+00         0.000000000000000E+00
         0.000000000000000E+00         0.000000000000000E+00         0.000000000000000E+00
         1.004095315933228E+00         2.274643691180245E-07        -1.106468458522691E-10
         1.004035353660583E+00         1.029320202405870E-07        -5.983066819759131E-11
         1.003912925720215E+00        -5.075353826100582E-08         1.075823458096536E-11
         1.003794550895691E+00        -2.600907578198530E-07         1.008143082903423E-10
         1.003451466560364E+00        -9.588856819675584E-09         8.610354616800375E-12
         1.003222346305847E+00         6.972140909056179E-08        -2.364960310918818E-11
         1.003031373023987E+00         4.430150823964141E-08        -4.316538099180534E-11
         1.003052473068237E+00        -1.573475429950122E-07         2.279623365075700E-11
         1.002955079078674E+00        -2.415430913060845E-07         5.153396459567361E-11
         1.002847075462341E+00        -2.423043667931779E-07         5.648735992846987E-11
         1.002574801445007E+00        -1.074643734000347E-07         6.199718689814393E-12
         1.002345204353333E+00        -1.720444231523288E-07         3.581663785001687E-11
         1.002160072326660E+00        -3.096889500397992E-08         1.813128504756997E-13
         1.002218127250671E+00        -2.796442970520729E-07         8.517250099648876E-11
         1.002014040946960E+00        -4.193080371805991E-07         1.629556906079799E-10
         1.001852989196777E+00        -5.393141577769711E-07         2.000444532246348E-10
         1.001839995384216E+00        -6.313763947218831E-07         2.403892362945470E-10
         1.001583456993103E+00        -2.654676620750251E-07         8.589607497500040E-11
         1.001609444618225E+00        -5.331183388079808E-07         1.950510863935051E-10
         1.001311540603638E+00        -2.216184640246865E-07         6.045520334341248E-11
         1.001268863677979E+00        -3.127417471660010E-07         9.330845818222855E-11
         1.001216650009155E+00        -2.369111911093569E-07         3.730804554180622E-11
         1.000899195671082E+00        -1.254030053132738E-07        -9.086041814765355E-12
         1.000653982162476E+00         2.556743616821677E-08        -4.059098543396367E-11
         1.000484466552734E+00         3.536210613219737E-07        -1.639028635036510E-10
         1.000297665596008E+00         2.597786021851789E-07        -1.126162010867127E-10
         1.000187158584595E+00         2.318849823268465E-07        -6.127136992217785E-11
         1.000066757202148E+00         2.306675384033952E-07        -5.470331132517714E-11
         1.000168681144714E+00        -1.417706982920208E-07         9.194484063002051E-11
         1.000195622444153E+00        -2.470891899974959E-07         1.286737522088188E-10
         1.000299096107483E+00        -2.710273463435442E-07         9.212015178450272E-11
         1.000283598899841E+00        -3.417297591568058E-07         1.242640712550980E-10
         1.000258564949036E+00        -2.652253101587121E-07         1.234713026265766E-10
         1.000075340270996E+00        -2.983221349950327E-07         1.571301977421058E-10
         9.997071623802185E-01        -7.069607477205864E-08         9.972052350537552E-11
         9.999482631683350E-01        -2.157905072408539E-07         1.379358571806932E-10
         9.999524950981140E-01        -1.641470106505949E-07         9.934430361679958E-11
         9.999369978904724E-01        -2.388477753356710E-07         1.185916920221075E-10
         9.999848604202271E-01        -1.671353828669453E-07         6.873559360576209E-11
         9.999778270721436E-01         9.527651911866997E-08        -6.924388840090501E-11
         9.999114274978638E-01         8.161024567243658E-08        -5.628097293763901E-11
         9.999965429306030E-01         1.693058671037306E-08        -4.202939038466802E-11
         9.999974370002747E-01         1.738999486633475E-07        -1.009713770927512E-10
         1.000302672386169E+00        -1.508423110863077E-07         1.049724022983423E-11
         1.000409722328186E+00        -2.675294012988161E-07         1.811327476897162E-11
         1.000546336174011E+00        -7.186249604274053E-07         1.782027442276402E-10
         1.000579357147217E+00        -6.947242923160957E-07         1.593353227136163E-10
         1.000469684600830E+00        -8.130702440212190E-07         2.019532457930850E-10
         1.000300168991089E+00        -6.524006721519982E-07         1.648135655729632E-10
         1.000091075897217E+00        -4.746762627405587E-08        -3.340288115549761E-11
         1.000220775604248E+00        -1.467788450781882E-07        -1.165939393643622E-11
         1.000207781791687E+00        -2.566000887327391E-07         5.141377601436403E-11
         1.000173687934875E+00        -5.027069391871919E-07         1.470088356603227E-10
         1.000203609466553E+00        -5.391739250626415E-07         1.904985891254540E-10
         1.000276207923889E+00        -5.848041837452911E-07         2.410223964854907E-10
         1.000294685363770E+00        -3.744042942344095E-07         1.867697940749480E-10
         1.000328421592712E+00        -2.676777910437522E-07         1.287163153840254E-10
         1.000449419021606E+00        -5.416469548435998E-07         2.087148370799596E-10
         1.000472784042358E+00        -7.317295285247383E-07         2.567591139701619E-10
         1.000525593757629E+00        -7.137982152016775E-07         2.583131486488810E-10
         1.000485897064209E+00        -5.811481855744205E-07         1.887160289149037E-10
         9.999961256980896E-01         1.011607935197389E-07         7.951485607102238E-13
         9.996473789215088E-01         8.257380272880255E-07        -2.313527563968520E-10
         9.999804496765137E-01         3.610235808082507E-07        -6.266374918961759E-11
         9.998781085014343E-01         5.824109052809945E-07        -1.482943629005362E-10
         9.997305870056152E-01         8.410568739236624E-07        -2.307517510402590E-10
         9.995681643486023E-01         8.273246407952684E-07        -2.022245010335766E-10
         9.995227456092834E-01         8.781216251918522E-07        -2.140821825369343E-10
         9.997383952140808E-01         6.796948923692980E-07        -1.466109317282971E-10
         9.998632073402405E-01         5.636346713799867E-07        -1.432643170762304E-10
         1.000040411949158E+00         2.061281492160560E-07        -1.677820903045468E-11
         1.000126004219055E+00         2.186467185083529E-07        -7.642105004368460E-11
         1.000060558319092E+00         3.032192239516007E-07        -1.339808819444954E-10
         1.000320315361023E+00         1.193264012044892E-07        -9.093268499293927E-11
         1.000287175178528E+00         1.744099904499308E-07        -1.284612000107543E-10
         9.999853372573853E-01         3.704935238602047E-07        -1.881076544529847E-10
         1.000159144401550E+00         1.383690140244198E-08        -6.363071874959658E-11
         9.999629855155945E-01         3.463383393409458E-07        -1.785872560944313E-10
         1.000107049942017E+00         1.993405263078785E-08        -3.884216906446802E-11
         1.000123739242554E+00         3.135269537324348E-07        -1.415326050802079E-10
         1.000147819519043E+00        -2.202239635096248E-08        -3.679471657913602E-11
         1.000124335289001E+00        -2.607169591328784E-09        -4.431478795030586E-11
         1.000213742256165E+00        -1.227835468853300E-07        -8.813678085972665E-12
         1.000222086906433E+00        -1.958602950935528E-07         2.492793471642329E-11
         1.000216603279114E+00        -4.250050267273764E-07         1.257221826644894E-10
         9.999840855598450E-01        -3.066014073738188E-07         8.376108140417671E-11
         1.000004053115845E+00        -4.904896968582761E-07         1.994024667606453E-10
         1.000159144401550E+00        -3.477599364032358E-07         1.163116200575409E-10
         1.000025987625122E+00        -3.512878166134215E-08        -1.494901077925270E-11
         1.000164747238159E+00        -1.177329167489916E-07         1.794354942408205E-11
         1.000203847885132E+00        -1.484025915488019E-07         3.057270409057011E-11
         1.000444054603577E+00        -5.488901706485194E-07         1.637677354837663E-10
         1.000460505485535E+00        -4.280888106222847E-07         1.074483418905814E-10
         1.000446915626526E+00        -3.280959219864599E-07         6.572242056135380E-11
         1.000497460365295E+00        -2.996623038598045E-07         5.840715411320474E-11
         1.000473141670227E+00        -6.813139634687104E-07         2.408685195742777E-10
         1.000331401824951E+00        -8.732984042580938E-07         3.335693110617655E-10
         1.000234723091125E+00        -9.610948836780153E-07         3.724621722156485E-10
         1.000021457672119E+00        -8.076793847067165E-07         3.351355304381798E-10
         9.998008608818054E-01        -2.925839339695813E-07         1.250183290224527E-10
         9.994385242462158E-01         3.168244120388408E-07        -1.202745403272587E-10
         9.994371533393860E-01         4.297791917906579E-07        -1.707078367552128E-10
         9.992467761039734E-01         7.384538207588776E-07        -2.866042125848622E-10
         9.993079900741577E-01         7.763318308207090E-07        -2.861759995642643E-10
         9.997022151947021E-01         2.317160152642828E-07        -9.194009442659024E-11
         9.998378753662109E-01        -1.514316210204925E-07         7.120126710447039E-11
         9.999207854270935E-01        -3.235290932934731E-07         1.944151228894242E-10
         9.999083876609802E-01        -4.450071173778269E-07         2.540013199769930E-10
         1.000018835067749E+00        -2.790779092265439E-07         1.590538534212982E-10
         1.000217914581299E+00        -4.228072896239610E-07         2.055959291702436E-10
         1.000020027160645E+00        -6.448743050668782E-08         6.895004012186234E-11
         9.998724460601807E-01         4.624032357014585E-08         1.790164804588157E-12
         9.998514056205750E-01         8.195787870590721E-08        -1.314717518879904E-11
         9.996693134307861E-01         4.659884496049926E-07        -1.620235889898680E-10
         9.996466040611267E-01         5.564941716329486E-07        -2.167996338009459E-10
         9.996244907379150E-01         8.058974572122679E-07        -3.143449667231124E-10
         9.996992945671082E-01         6.221927151273121E-07        -2.336079663045609E-10
         1.000014543533325E+00         3.712446812187409E-07        -1.674935051765303E-10
         1.000118136405945E+00        -7.062924112233304E-08        -1.083036785254343E-11
         1.000168085098267E+00        -2.157590301976597E-07        -1.949548855684213E-11
         9.998714327812195E-01        -2.585002789601276E-08        -6.289579274065815E-11
         9.998455047607422E-01         5.105239964109387E-08        -3.985401939021749E-11
         9.996857643127441E-01         1.205446125140952E-07        -1.391573575121319E-11
         9.996446371078491E-01         1.439414774040415E-07        -9.930738523178384E-12
         9.997042417526245E-01        -2.105512066918891E-07         1.113316730472214E-10
         9.999546408653259E-01        -4.330017873144243E-07         1.562022455825485E-10
         1.000075340270996E+00        -5.408172683019075E-07         1.565233637146335E-10
         1.000320196151733E+00        -6.203126758919097E-07         1.309836961116417E-10
         1.000281453132629E+00        -7.254070624185260E-07         1.454022596769633E-10
         1.000388741493225E+00        -7.416713856400747E-07         1.709679342543069E-10
         1.000242710113525E+00        -6.740695539519947E-07         1.756173539924077E-10
         1.000156521797180E+00        -5.264293463369540E-07         1.507088204233398E-10
         9.999614357948303E-01        -1.290037516810116E-07         2.063880490121850E-11
         1.000148653984070E+00        -2.932686982148880E-07         7.224778414416377E-11
         1.000090718269348E+00        -3.457372486082022E-07         1.185566228523172E-10
         1.000120282173157E+00        -5.451533411360288E-07         2.478454941279296E-10
         1.000068306922913E+00        -5.964842557659722E-07         2.677809363138550E-10
         1.000463604927063E+00        -8.658974479658355E-07         3.637860013228078E-10
         1.000870347023010E+00        -1.250330910806952E-06         5.099904387684262E-10
         1.000778317451477E+00        -9.705215688882163E-07         4.482040294462308E-10
         1.000442504882812E+00        -8.655468377583020E-07         4.478371562477435E-10
         1.000136137008667E+00        -5.214328098190890E-07         3.398854531155848E-10
         9.999594092369080E-01        -1.930072102140912E-07         2.087214429069562E-10
         9.996066093444824E-01         3.282719660546718E-07         3.354075697736825E-11
         9.991433024406433E-01         1.303158114751568E-06        -3.596802300442903E-10
         9.988458156585693E-01         1.804167709451576E-06        -5.237490441345471E-10
         9.988479018211365E-01         1.520387172604387E-06        -3.827675398859753E-10
         9.995428919792175E-01         1.225851207209416E-07         1.027676138631861E-10
         9.997331500053406E-01        -1.445259414367683E-07         1.571912322528846E-10
         1.000048279762268E+00        -1.116643602472323E-06         5.262522084770183E-10
         1.000222444534302E+00        -1.045412659550493E-06         4.373677531255282E-10
         9.994537234306335E-01        -1.927689510239361E-07         9.115649901580980E-11
         9.997344613075256E-01        -1.845509416398272E-07         2.986985311870249E-11
         1.000058293342590E+00        -5.449513764688163E-07         1.532389909408849E-10
         1.000594615936279E+00        -1.794887680262036E-06         6.132220287113910E-10
         1.000867843627930E+00        -2.308216835444910E-06         8.180337518481906E-10
         1.000741243362427E+00        -1.928444362420123E-06         6.933326135438733E-10
         1.000257730484009E+00        -7.971805189299630E-07         2.255252512517458E-10
         1.000061869621277E+00        -5.818088197884208E-07         1.560947066048257E-10
         9.998155832290649E-01        -2.174768667373428E-07         4.021714211654981E-11
         9.995152950286865E-01         2.790493169868569E-07        -9.915675225347087E-11
         9.988791942596436E-01         1.797136860659521E-06        -6.514085382214319E-10
         9.994462132453918E-01         1.087363443730283E-06        -4.522374419391184E-10
         9.991295337677002E-01         1.874276563285093E-06        -7.615252872739120E-10
         1.000402212142944E+00         1.082598188872907E-08        -1.519473435962482E-10
         1.000687718391418E+00        -2.764787438991334E-07        -8.109413834889168E-11
         1.000489950180054E+00         1.119284309680779E-08        -2.004088839324680E-10
         1.000488996505737E+00        -1.186274545261767E-07        -1.193885268424566E-10
         1.000666618347168E+00        -2.505027509869251E-07        -5.412856274311650E-11
         1.001009345054626E+00        -6.345472343127767E-07         8.219632613437611E-11
         1.001269578933716E+00        -9.843479347182438E-07         1.673533811530348E-10
         1.001233458518982E+00        -9.607098263586522E-07         1.384956732630727E-10
         1.000624537467957E+00        -7.161508364106339E-08        -1.270918370543939E-10
         9.996789097785950E-01         1.250867853741511E-06        -5.302526195904989E-10
         9.990375638008118E-01         1.672145572229056E-06        -5.612104114760541E-10
         9.989301562309265E-01         1.471080395276658E-06        -4.285041488305552E-10
         9.989492297172546E-01         1.365448838441807E-06        -3.351989519284615E-10
         9.991232752799988E-01         8.778157507549622E-07        -1.609373606603626E-10
         9.992449879646301E-01         1.064884713741776E-06        -2.897237449950296E-10
         9.995674490928650E-01         5.667424147759448E-07        -1.292005946673669E-10
