         1.002729535102844E+00        -1.763186332937039E-06         6.403780283825711E-10
         1.003952383995056E+00        -3.365334123373032E-06         1.217025480393374E-09
         1.003519058227539E+00        -3.368070792930666E-06         1.209079281139225E-09
         1.003148436546326E+00        -2.561192559369374E-06         8.531501616282355E-10
         1.003365159034729E+00        -2.926377419498749E-06         1.022997686561666E-09
         1.003695368766785E+00        -3.376670065335929E-06         1.131149951483224E-09
         1.003344535827637E+00        -3.805841515713837E-06         1.254985004806031E-09
         1.002985835075378E+00        -3.973992534156423E-06         1.440542019004454E-09
         1.002425789833069E+00        -3.133885229544831E-06         1.137247518379070E-09
         1.001207709312439E+00        -1.316586349275894E-06         4.673106901442736E-10
         9.999172687530518E-01         3.629923810422042E-07        -6.388553575042977E-11
         1.000293493270874E+00        -9.643077873988659E-07         3.567283413108413E-10
         1.000910043716431E+00        -2.119860027960385E-06         7.332280893557197E-10
         1.001302480697632E+00        -2.637530087667983E-06         9.905984921232402E-10
         1.000699639320374E+00        -9.262193430004118E-07         4.029546418760077E-10
         1.000729441642761E+00        -1.340989257414549E-07         4.951747692438779E-11
         1.000062704086304E+00         7.650790507796046E-07        -2.124836695482912E-10
         1.000275850296021E+00        -4.216496165554418E-07         1.844087105240533E-10
         9.997808933258057E-01        -3.267136889917310E-07         1.804210114642046E-10
         1.000705718994141E+00        -9.247812613466522E-07         1.950484357360338E-10
         1.000600337982178E+00        -9.288908131566131E-07         2.124875136955140E-10
         9.998775124549866E-01         5.925356560965156E-08        -4.881306817083875E-11
         9.992530345916748E-01         1.099743940358167E-06        -3.738526155316890E-10
         9.995330572128296E-01         6.731266921633505E-07        -1.795786991332093E-10
         9.994850158691406E-01         1.521909325674642E-06        -4.693934130273192E-10
         1.000575184822083E+00         3.052114152524155E-07        -1.184228548556376E-10
         1.000259280204773E+00         4.716038972674141E-07        -1.255817672074500E-10
         9.999230504035950E-01         1.275770046049729E-06        -4.761919747409138E-10
         1.000298023223877E+00         5.514950771612348E-07        -2.420518785406500E-10
         1.000026226043701E+00         1.316855104960268E-06        -5.418367421405890E-10
         1.000085949897766E+00         1.047947989718523E-06        -5.180539885962787E-10
         9.998256564140320E-01         1.207153104587633E-06        -5.802444635882864E-10
         9.984741806983948E-01         2.590549456726876E-06        -9.675658052543668E-10
         9.984476566314697E-01         2.266394176331232E-06        -8.312457389081374E-10
         9.984264373779297E-01         2.448413397360127E-06        -9.431978531537766E-10
         9.987248182296753E-01         1.888779365799564E-06        -6.993901013885306E-10
         9.991155862808228E-01         9.867302424027002E-07        -2.820582656326565E-10
         9.989420175552368E-01         1.115570626097906E-06        -3.439021567519518E-10
         9.986692667007446E-01         1.409543983754702E-06        -4.376417561680057E-10
         9.978297948837280E-01         2.513127583370078E-06        -7.707259275235856E-10
         9.971298575401306E-01         2.949416511910385E-06        -8.506264581598089E-10
         9.974397420883179E-01         2.661752205312951E-06        -7.842909099942119E-10
         9.985906481742859E-01         1.230279508490639E-06        -4.316861867970090E-10
         9.983551502227783E-01         1.754469963088923E-06        -6.049457046408691E-10
         9.976428747177124E-01         2.607185251690680E-06        -8.624645997379332E-10
         9.975675344467163E-01         2.998898935402394E-06        -9.914844500968911E-10
         9.978780150413513E-01         3.354475893502240E-06        -1.152636985857214E-09
         9.982464313507080E-01         2.661758571775863E-06        -9.470261241872890E-10
         9.986001849174500E-01         2.584206413303036E-06        -9.367959741268805E-10
         9.995977282524109E-01         1.224238189934113E-06        -5.001595804188241E-10
         1.000001072883606E+00         6.446489919653686E-07        -3.567319495356713E-10
         1.000402092933655E+00        -7.517874109908007E-07         1.630428847487764E-10
         1.000633955001831E+00        -1.256938162441656E-06         3.640642509683545E-10
         9.995962381362915E-01        -3.392024723325449E-07         1.261677706754227E-10
         9.991821050643921E-01        -6.926528328676795E-08         5.385240517408185E-11
         9.982595443725586E-01         1.219109094563464E-06        -3.261005354637803E-10
         9.982205629348755E-01         1.228709493261704E-06        -2.926133779723727E-10
         9.990546703338623E-01         4.147898380324477E-07        -1.006513691836908E-10
         9.995924830436707E-01        -1.389387449535207E-07         1.833474518042610E-11
         9.992162585258484E-01        -1.430653213674304E-07         4.751928364687963E-11
         9.990020990371704E-01         2.590953727121814E-07        -1.631680068836516E-10
         9.988016486167908E-01         5.919123395869974E-07        -2.713300140122499E-10
         9.982585310935974E-01         1.790774149412755E-06        -5.903113553529238E-10
         9.979633092880249E-01         2.386256710451562E-06        -7.659279877003655E-10
         9.986547827720642E-01         1.547221586406522E-06        -5.129504598855306E-10
         9.993979334831238E-01         1.079148432836519E-06        -3.558849048790336E-10
         9.994773268699646E-01         1.261702323063219E-06        -3.373736845446729E-10
         9.998244047164917E-01         6.806207579757029E-07        -1.189134346546439E-10
         9.999243021011353E-01         1.231363171427802E-07         2.522399650262130E-11
         1.000074148178101E+00        -2.454775085425354E-07         9.040569681761923E-11
         1.000534772872925E+00        -1.074440547199629E-06         3.095806111463872E-10
         1.001176476478577E+00        -2.360234020670759E-06         8.330868772610245E-10
         1.000488519668579E+00        -1.815119844650326E-06         7.549155189856549E-10
         9.998925328254700E-01        -7.568028195237275E-07         3.807838211411507E-10
         1.000459313392639E+00        -1.128885969592375E-06         4.955332810752111E-10
         1.001068711280823E+00        -1.219028263221844E-06         4.654364949008283E-10
         1.001312136650085E+00        -1.343907797490829E-06         4.977828704788578E-10
         1.001119136810303E+00        -1.203558781526226E-06         4.675425047118154E-10
         1.001291751861572E+00        -1.920387830978143E-06         7.256693024260130E-10
         1.001684069633484E+00        -2.795984073600266E-06         1.019188511364177E-09
         1.001227736473083E+00        -1.597251298335323E-06         5.371351696759064E-10
         1.000251412391663E+00         2.419888289750816E-07        -1.269278848692323E-10
         9.999777078628540E-01         1.015934572023980E-06        -4.012883636494990E-10
         1.000483155250549E+00         7.803466246514290E-07        -3.930752667802295E-10
         1.000852823257446E+00         2.956852824809175E-07        -2.745516591851072E-10
         1.001088023185730E+00         3.975337747874619E-08        -1.577662028795501E-10
         1.000413179397583E+00         1.166140691566397E-06        -5.264836344665014E-10
         1.000588297843933E+00         9.974736485673930E-07        -5.058147789505085E-10
         1.000983715057373E+00        -8.888054736644335E-08        -1.126843687804246E-10
         1.000413298606873E+00         4.412665361996915E-07        -2.208416366444865E-10
         9.999406337738037E-01         1.018498323901440E-06        -4.139047715678856E-10
         1.000274419784546E+00         6.779704335713177E-07        -3.647857016453315E-10
         1.000089406967163E+00         8.063981908890128E-07        -4.194424529924135E-10
         9.999150633811951E-01         1.746833078186683E-07        -1.023818599343862E-10
         9.998112916946411E-01         1.205454651653781E-07        -3.950258870011325E-11
         9.993720650672913E-01         4.955418830832059E-07        -1.257776105489938E-10
         9.999886751174927E-01        -8.029302307477337E-07         3.669277381934677E-10
         1.000093460083008E+00        -1.267592892872926E-06         5.543319137046865E-10
         9.999439716339111E-01        -1.406456931363209E-06         6.102058303092406E-10
         9.996067881584167E-01        -6.232454552446143E-07         2.660225095763025E-10
         9.995774626731873E-01        -8.319179869431537E-07         3.008606141996495E-10
         9.990193247795105E-01        -3.072051981689583E-07         1.723123033148255E-10
         9.989786744117737E-01         2.021530889351197E-07        -2.914568933420902E-11
         9.992046356201172E-01        -2.766275315480016E-07         1.899831958418474E-10
         1.000173568725586E+00        -1.284675136048463E-06         5.277078773957555E-10
         1.001341819763184E+00        -2.632445784911397E-06         9.480610740908446E-10
         1.001277565956116E+00        -2.472054120516987E-06         9.401270872899659E-10
         1.000270366668701E+00        -4.352549183295196E-07         2.582167535347679E-10
         1.000720858573914E+00        -1.418057877344836E-06         5.285791804254814E-10
         1.000685691833496E+00        -1.549103899378679E-06         5.179342510430729E-10
         1.000345468521118E+00        -6.789749704694259E-07         1.563312118646465E-10
         1.000136613845825E+00         3.900114009525169E-09        -1.006386848856344E-10
         9.997403025627136E-01         4.142414127272787E-07        -2.181727992711657E-10
         1.000537157058716E+00        -1.332847091362055E-06         3.895863631697694E-10
         1.001006364822388E+00        -1.758639996296552E-06         5.442481465500748E-10
         1.000952005386353E+00        -1.262955493075424E-06         4.193518865491797E-10
         1.001028418540955E+00        -1.179998548650474E-06         2.616964978052749E-10
         1.000913381576538E+00        -1.066339450517262E-06         2.143404065346743E-10
         1.000683069229126E+00         7.029422732784951E-08        -2.604497451041965E-10
         1.000243306159973E+00         1.222651462740032E-06        -7.039566152222676E-10
         1.000089406967163E+00         1.691705620032735E-06        -9.310156534603209E-10
         1.000012516975403E+00         1.624826722945727E-06        -9.323757321766379E-10
         9.994498491287231E-01         2.526047182982438E-06        -1.215282208200108E-09
         9.993539452552795E-01         2.913639491453068E-06        -1.337103761045455E-09
         9.996176362037659E-01         2.203834583269781E-06        -1.050405096236773E-09
         9.994832277297974E-01         1.692823730081727E-06        -8.120707439829289E-10
         9.988644719123840E-01         1.921207285704440E-06        -8.251951344462327E-10
         9.983978271484375E-01         2.404704218861298E-06        -9.222262953301197E-10
         9.985716938972473E-01         2.429463620501338E-06        -9.399980793745044E-10
         9.984523057937622E-01         2.338306785532041E-06        -8.552801245009789E-10
         9.977045655250549E-01         3.451911425145227E-06        -1.178567576864964E-09
         9.977376461029053E-01         2.962031430797651E-06        -9.809573153773954E-10
         9.983580708503723E-01         1.575937176312436E-06        -4.856038349210223E-10
         9.988552927970886E-01         1.100445274460071E-06        -3.305172247003441E-10
         9.992206692695618E-01         8.618931701676047E-07        -2.360609485663190E-10
         9.992100596427917E-01         1.292149363507633E-06        -3.419827476758286E-10
         9.993212223052979E-01         1.304559646087000E-06        -3.136656490099199E-10
         9.996893405914307E-01         9.599783652447513E-07        -2.852420244447984E-10
         1.000326514244080E+00         7.624323927757359E-08        -4.475876613785346E-11
         1.000374197959900E+00         3.478398298284446E-07        -1.476118394183601E-10
         1.000367283821106E+00        -4.606756078828766E-07         1.833402873963053E-10
         1.000004887580872E+00        -2.135126067059900E-07         1.475638777836963E-10
         9.998093843460083E-01        -1.275849399462459E-07         1.063741594808931E-10
         9.998195171356201E-01        -1.000662592787194E-07         9.005648310411729E-11
         9.993891119956970E-01         2.710870035116386E-07        -2.079847752356478E-11
         9.988740086555481E-01         7.696144734836707E-07        -1.297771751174182E-10
         9.991545081138611E-01        -1.171732790794522E-07         1.447306025026407E-10
         9.992922544479370E-01        -8.636648090032395E-07         4.172683309988656E-10
         9.990204572677612E-01        -5.782114271823957E-07         3.281103166941080E-10
         9.992630481719971E-01        -6.471298661381297E-07         3.907952572657081E-10
         9.991673827171326E-01         3.673797266401380E-07         3.835813958130707E-11
         9.993932843208313E-01         4.372385546957958E-07        -3.545637741741992E-11
         9.995917081832886E-01         2.675650705441512E-07         1.139628062057918E-11
         1.000211596488953E+00        -1.027535290631931E-06         4.892954930113547E-10
         1.000100255012512E+00        -5.523163508769358E-07         3.079902999303386E-10
         1.000041604042053E+00        -1.031137486506850E-07         7.807840485263284E-11
         1.000241875648499E+00        -2.241833101379598E-07         1.385654785357460E-10
         1.000188946723938E+00         1.608488275905984E-07        -3.069249715492717E-11
         1.000298023223877E+00        -3.271059370035800E-07         1.772619689921484E-10
         1.000164628028870E+00        -1.521159020967389E-07         9.694849784080972E-11
         1.000451803207397E+00        -8.676796170448142E-08         8.500491283092160E-11
         1.000725150108337E+00        -2.453549257097620E-07         1.465066679084970E-10
         1.000702857971191E+00        -2.737425290888496E-07         1.541779481861738E-10
         1.000758051872253E+00        -1.017456838781072E-06         4.220473970306671E-10
         1.001071929931641E+00        -1.166688093690027E-06         4.692766175651286E-10
         1.000784277915955E+00        -8.388724381802604E-07         3.414195592910119E-10
         1.000795841217041E+00        -7.340283900703071E-07         2.629404749487918E-10
         1.000164747238159E+00        -1.274739815926296E-07         4.380912299595252E-11
         9.997060298919678E-01        -2.905793223817454E-07         1.626998952231062E-10
         9.992298483848572E-01        -2.353468460114527E-07         1.378670649865299E-10
         9.987049102783203E-01         2.400377319133895E-08        -2.289243274111730E-11
         9.981841444969177E-01         2.072194149604911E-07        -1.027518903295999E-10
         9.976667165756226E-01         3.095986187418021E-07        -1.089928980402277E-10
         9.977761507034302E-01        -4.649955371860415E-07         2.130709636505301E-10
         9.980683326721191E-01        -1.014173221847159E-06         4.222547866916671E-10
         9.982589483261108E-01        -1.083500592358178E-06         4.535856135134964E-10
         9.992346167564392E-01        -2.117169742632541E-06         7.385809186466474E-10
         9.996756911277771E-01        -1.959202563739382E-06         6.476959524270853E-10
         9.994218945503235E-01        -1.048997091857018E-06         3.146279903276650E-10
         9.992082715034485E-01        -1.066076265487936E-06         3.263185277546654E-10
         9.988192319869995E-01        -1.230438215316099E-06         3.834784434442184E-10
         9.982478022575378E-01        -1.004913769975246E-06         3.517858782053906E-10
         0.000000000000000E+00         0.000000000000000E+00         0.000000000000000E+00
         0.000000000000000E+00         0.000000000000000E+00         0.000000000000000E+00
         0.000000000000000E+00         0.000000000000000E+00         0.000000000000000E+00
         0.000000000000000E+00         0.000000000000000E+00         0.000000000000000E+00
         0.000000000000000E+00         0.000000000000000E+00         0.000000000000000E+00
         0.000000000000000E+00         0.000000000000000E+00         0.000000000000000E+00
         0.000000000000000E+00         0.000000000000000E+00         0.000000000000000E+00
         1.001702427864075E+00        -1.646957485945677E-07        -2.571449130017722E-11
         1.001435399055481E+00         5.794266257908021E-07        -2.304803847774650E-10
         1.002197504043579E+00        -5.312205075824750E-07         8.999007095056299E-11
         1.002181649208069E+00        -5.951739581178117E-07         1.132460167307947E-10
         1.002366900444031E+00        -7.063570137688657E-07         1.870067295461908E-10
         1.002904295921326E+00        -1.128635972236225E-06         3.188538322262957E-10
         1.002845048904419E+00        -1.091010290110717E-06         3.337851939289038E-10
         1.002496957778931E+00        -9.432872047909768E-07         3.803051207285080E-10
         1.002319931983948E+00        -5.258270334707049E-07         2.223698863934587E-10
         1.002135634422302E+00        -7.605919449815701E-07         2.923229991402820E-10
         1.002111315727234E+00        -1.429499093319464E-06         5.688176596407857E-10
         1.001736760139465E+00        -8.692481969774235E-07         3.660660941040561E-10
         1.001268386840820E+00        -2.624847468268854E-07         1.198215554554238E-10
         1.000649094581604E+00         4.489211278269067E-07        -1.278768618773185E-10
         1.000375390052795E+00         3.797928513904480E-07        -5.432795185944528E-11
         1.000736832618713E+00        -3.318095664894827E-08         7.350469538591753E-11
         1.001148343086243E+00        -5.751703824330434E-08         2.234412307955402E-11
         1.001320481300354E+00        -4.548914773749857E-07         1.571419244728034E-10
         1.000927925109863E+00        -6.156635095067031E-07         1.962384699183417E-10
         1.000485181808472E+00        -7.079436272761086E-07         2.067393339855172E-10
         9.999415278434753E-01        -7.271840729572432E-08        -2.359930480200223E-11
         9.996532201766968E-01         5.162716547602031E-07        -2.336552618054100E-10
         9.995971322059631E-01         2.961207314911007E-07        -1.299572394142245E-10
         9.992264509201050E-01         1.088548970074044E-06        -4.356247584880180E-10
         9.993211627006531E-01         1.289606302634638E-06        -5.859425722398726E-10
         9.991992712020874E-01         1.315584199801378E-06        -6.321315693114116E-10
         9.993370771408081E-01         7.743856258457527E-07        -3.800227910133458E-10
         9.992446303367615E-01         6.789691724407021E-07        -2.885722494294640E-10
         9.990346431732178E-01         1.177466401713900E-06        -4.784856399986381E-10
         9.990776777267456E-01         6.426153618122044E-07        -2.901878182193229E-10
         9.986297488212585E-01         9.927767905537621E-07        -4.830955635526379E-10
         9.989205002784729E-01         3.616665082972759E-07        -2.204247617765276E-10
         9.989846944808960E-01         1.760923282745352E-07        -1.234221475021613E-10
         9.990811347961426E-01         3.614094623571873E-07        -2.009090532828495E-10
         9.988992810249329E-01         1.423808498657309E-06        -5.872367037085269E-10
         9.990442991256714E-01         1.501514702795248E-06        -6.281808961894342E-10
         9.995986223220825E-01         1.099388668990287E-06        -4.746275039657633E-10
         1.000169157981873E+00         1.143062718256260E-06        -5.336118213961072E-10
         1.000804543495178E+00         7.255114269355545E-07        -4.462727964948954E-10
         1.000796556472778E+00         3.292585120107105E-07        -2.746745886295088E-10
         1.000644326210022E+00         2.862289534277807E-07        -2.363544360228786E-10
         1.000522732734680E+00         3.221764188765519E-07        -2.476731320033565E-10
         1.001052141189575E+00        -4.212811859360954E-07        -2.144337485354697E-11
         1.001567006111145E+00        -1.427614961357904E-06         4.262903641194526E-10
         1.001248002052307E+00        -8.749028665988590E-07         2.712256252923595E-10
         1.000716447830200E+00        -4.971906264472636E-07         1.957764228510683E-10
         1.000647187232971E+00        -4.354513691851025E-07         1.551915679298688E-10
         1.000512480735779E+00        -8.583686508245592E-07         3.699203998674960E-10
         1.000147104263306E+00        -8.012961529857421E-07         3.780742663384018E-10
         9.998254776000977E-01        -5.492123591466225E-07         2.622840278299066E-10
         9.994410276412964E-01         1.573172312419047E-07         2.124388338853311E-11
         9.994727969169617E-01         4.179598533937678E-07        -2.165455453839726E-10
         9.990838766098022E-01         5.750849823016324E-07        -2.378608143782657E-10
         9.983562827110291E-01         1.040973643284815E-06        -2.969072210312618E-10
         9.986415505409241E-01         9.952590289685759E-07        -3.814672189239587E-10
         9.989200234413147E-01         7.129260097826773E-07        -2.751215089080716E-10
         9.990050792694092E-01         9.967402547772508E-07        -3.577089180417659E-10
         9.995952844619751E-01         8.785762020124821E-07        -3.392107150723689E-10
         9.999570250511169E-01         2.267402834377208E-07        -1.125647977606725E-10
         1.000140190124512E+00        -2.927554021425749E-07         5.579994452609149E-11
         1.000370264053345E+00        -8.183958470908692E-07         2.292497996991827E-10
         1.000048398971558E+00        -6.077309535612585E-07         1.603191746024635E-10
         9.996351003646851E-01        -5.441501684799732E-07         1.256900833412899E-10
         9.990437626838684E-01         1.183852731401203E-07        -8.940496259990383E-11
         9.986783266067505E-01         5.932884050707798E-07        -1.850466307962151E-10
         9.987162351608276E-01         9.343087867819122E-07        -2.624410411211642E-10
         9.992185831069946E-01         2.958255720386660E-07        -4.424653352042007E-11
         9.995744824409485E-01        -3.956500549406883E-08         6.901937354975018E-11
         9.990704655647278E-01         6.636934131165617E-07        -1.570200913736386E-10
         9.987586736679077E-01         1.251832259185903E-06        -3.581495100490883E-10
         9.994183778762817E-01         7.579156431347656E-07        -1.832135970714077E-10
         9.997706413269043E-01         6.398417440323101E-07        -1.462114457284613E-10
         9.997050166130066E-01         5.492051400324272E-07        -1.366037699623845E-10
         9.994950294494629E-01         5.312925850375905E-07        -1.388171105842773E-10
         9.992141127586365E-01         8.987455544229306E-07        -2.924455955177763E-10
         9.991512894630432E-01         9.714932502902229E-07        -3.046399243977760E-10
         9.991587400436401E-01         7.915710398265219E-07        -1.798066279201649E-10
         9.993870854377747E-01         9.764094102138188E-07        -2.939201659835078E-10
         9.995195865631104E-01         9.480716585130722E-07        -2.803030862974509E-10
         9.994742870330811E-01         8.666775102028623E-07        -2.271493687588944E-10
         9.997663497924805E-01         6.273548365243187E-07        -1.649192310493319E-10
         9.998835325241089E-01         5.458668397295696E-07        -1.682244066270044E-10
         9.999293684959412E-01         3.758629816275061E-07        -1.123238585476471E-10
         1.000118255615234E+00        -7.401008872420789E-08         3.704705986429246E-11
         1.000170946121216E+00        -3.357282025717723E-07         1.378611946822872E-10
         9.998894929885864E-01        -1.785505503448803E-07         9.519657284684513E-11
         1.000086069107056E+00        -1.825226263463264E-07         7.301621807176417E-11
         1.000287771224976E+00        -6.746183771610959E-07         2.555673728199537E-10
         1.000170230865479E+00        -6.497721756204555E-07         2.558002976105200E-10
         9.999111294746399E-01         1.257341608607021E-07        -1.710789669651103E-11
         1.000012397766113E+00        -2.926030333583185E-07         1.531548221578305E-10
         9.996772408485413E-01        -1.939170743980867E-07         1.424493023538531E-10
         9.999625086784363E-01        -7.845246159376984E-07         3.092709421892437E-10
         1.000327706336975E+00        -1.433334773537354E-06         5.604126607217097E-10
         9.998073577880859E-01        -8.343149033862574E-07         3.969457540442534E-10
         9.992280006408691E-01         1.938940812351575E-07         6.373222782851684E-11
         9.994065761566162E-01         2.407107331237057E-07         1.061932833335000E-11
         9.997216463088989E-01         3.445398135681899E-07        -6.525192886019937E-11
         1.000532150268555E+00        -2.126398470636559E-07         1.059366275257823E-10
         1.000457882881165E+00         7.979011229508615E-08        -2.145615976556492E-11
         1.000117540359497E+00         5.110774168315402E-07        -1.340098032542869E-10
         1.000650048255920E+00        -5.347556566448475E-07         2.275165611465013E-10
         1.000294446945190E+00        -4.559289266126143E-07         2.243022295678188E-10
         9.998121857643127E-01         1.577320460910414E-07        -2.150792564881154E-11
         9.999906420707703E-01        -3.680548275042383E-07         1.026040780116588E-10
         9.994908571243286E-01         2.337664852802845E-07        -6.386779299871748E-11
         9.998164176940918E-01        -4.426663906542672E-07         1.592071752209989E-10
         9.993849396705627E-01         4.076464392710477E-07        -9.825893571013822E-11
         9.997802376747131E-01         4.583963857385243E-07        -1.689005879601524E-10
         1.000299453735352E+00        -2.450724707614427E-07         4.991340327165084E-11
         1.000040054321289E+00         3.523518330439401E-07        -1.829542350950675E-10
         9.996811747550964E-01         9.720320122141857E-07        -3.785949886925266E-10
         9.989616274833679E-01         1.650338504077808E-06        -5.977312533822499E-10
         9.987780451774597E-01         1.841597395468852E-06        -7.127819445784667E-10
         9.989327788352966E-01         1.648408897381159E-06        -6.832705512493931E-10
         1.000036001205444E+00         1.781344671769602E-08        -1.507829139324457E-10
         1.000112771987915E+00        -1.044404953631783E-07        -1.045185119008529E-10
         9.995877146720886E-01         4.348094932993263E-07        -2.445436908526943E-10
         9.988247752189636E-01         1.367274876429292E-06        -4.890715610272878E-10
         9.997388124465942E-01        -5.841443950771463E-08         3.903764117518804E-11
         9.993369579315186E-01         4.237888333591400E-07        -9.318302379712762E-11
         9.994555115699768E-01         8.719900534970293E-08         3.584927493749390E-11
         9.997608661651611E-01        -1.127090811792186E-07         7.747948810310490E-11
         9.997701644897461E-01         2.801039613586909E-07        -3.916156288141792E-11
         1.000313997268677E+00        -4.760960337080178E-07         1.962768975127815E-10
         1.000650286674500E+00        -7.105464305823261E-07         2.743336668942220E-10
         1.000652432441711E+00        -5.326186283127754E-07         1.751605527289257E-10
         1.000469207763672E+00        -2.759900041837682E-07         8.881563540175108E-11
         1.000305652618408E+00        -3.187719599395678E-08         7.253607003238072E-12
         1.000338792800903E+00        -5.107394329684212E-08         2.630026231520421E-11
         1.000233411788940E+00        -1.364259389902145E-07         3.457449604393759E-11
         1.000105619430542E+00        -3.223710223210219E-07         1.448961228778245E-10
         1.000042200088501E+00        -1.719120490406567E-07         8.505341569930991E-11
         9.998708963394165E-01         1.253784205346165E-07        -2.536146119502813E-11
         9.999799132347107E-01        -1.448396034220423E-07         7.483241803996066E-11
         1.000149011611938E+00        -6.333095825539203E-07         2.902078855004930E-10
         1.000102877616882E+00        -6.228451070455776E-07         3.192305308985510E-10
         1.000204563140869E+00        -1.047543833010423E-06         4.665181574381450E-10
         1.000045061111450E+00        -6.566647812178417E-07         3.201351406190156E-10
         1.000287652015686E+00        -4.016806087747682E-07         1.831166607235701E-10
         1.000180721282959E+00        -4.025240230021154E-08         3.637517717591798E-11
         1.000288963317871E+00        -2.554251352648862E-07         6.350597825388604E-11
         1.000218391418457E+00        -3.285249192686024E-07         9.807913509130017E-11
         9.999245405197144E-01        -2.251795905294784E-07         1.115607398127771E-10
         1.000356316566467E+00        -9.942059477907605E-07         4.581788559665512E-10
         9.998558163642883E-01        -4.382725364848739E-07         2.491299111451184E-10
         9.997585415840149E-01        -3.245460789003118E-07         1.970208163282194E-10
         9.995840191841125E-01        -1.754047929125591E-07         1.327878501600210E-10
         9.998261332511902E-01        -2.810369039707439E-07         1.483005940272619E-10
         1.000089645385742E+00        -6.158160772429255E-07         2.241064972485773E-10
         1.000218749046326E+00        -7.758670150792568E-09        -4.125102343044418E-11
         1.000455141067505E+00         6.305817379370637E-08        -7.078848618391476E-11
         1.000302433967590E+00         2.876405176266417E-07        -1.552925565917462E-10
         9.999250173568726E-01         1.885338747342757E-07        -8.767943315834970E-11
         9.992346763610840E-01         3.420441885282344E-07        -1.120462334025518E-10
         9.987136721611023E-01         8.789870662440080E-07        -3.015158123176320E-10
         9.985473752021790E-01         9.286915769735060E-07        -2.913778940349943E-10
         9.982813000679016E-01         9.586819942342117E-07        -2.696357304099450E-10
         9.984496831893921E-01         3.579416443244554E-07        -1.277628558504773E-10
         9.984027147293091E-01         8.667579542986914E-09        -3.223943247782080E-12
         9.981721639633179E-01         5.469045660788652E-08         5.501592671014466E-12
         9.981032609939575E-01        -2.821170710376464E-07         1.428842877349012E-10
         9.979860782623291E-01         2.267321264071143E-07        -6.060758839243618E-11
         9.981894493103027E-01         6.076126624066092E-08        -9.324054549286753E-12
         9.980164766311646E-01         1.354150569454760E-08         4.899637986999217E-11
         9.978472590446472E-01         5.824123761044575E-08        -1.058418543781192E-11
         9.979904890060425E-01        -5.540763368117041E-07         1.890343576116393E-10
         9.977828264236450E-01        -2.685598587959248E-07         9.813663770508185E-11
         9.983988404273987E-01        -6.654522053395340E-07         1.652594727730161E-10
         9.980758428573608E-01        -1.264311322302092E-07        -7.249055522517978E-11
         9.976899623870850E-01        -2.537994987505954E-07        -2.615818846252171E-11
         9.973509311676025E-01        -4.351150835191220E-07         7.637571824981038E-11
         9.970586299896240E-01        -4.525377850228551E-09        -6.180186223891937E-11
         9.966896176338196E-01         6.625782020819315E-07        -3.099240031279038E-10
         9.962037801742554E-01         1.171231474472734E-06        -4.367771422320033E-10
         9.962415099143982E-01         1.059343389897549E-06        -3.593164932258475E-10
         9.966073632240295E-01         9.622273182685603E-07        -3.466031905929867E-10
         0.000000000000000E+00         0.000000000000000E+00         0.000000000000000E+00
         0.000000000000000E+00         0.000000000000000E+00         0.000000000000000E+00
         0.000000000000000E+00         0.000000000000000E+00         0.000000000000000E+00
         0.000000000000000E+00         0.000000000000000E+00         0.000000000000000E+00
         0.000000000000000E+00         0.000000000000000E+00         0.000000000000000E+00
         0.000000000000000E+00         0.000000000000000E+00         0.000000000000000E+00
         0.000000000000000E+00         0.000000000000000E+00         0.000000000000000E+00
         1.003788709640503E+00         1.403069092020814E-07        -2.113968028405466E-11
         1.003764629364014E+00        -4.458476894342311E-07         2.016422168127363E-10
         1.003111243247986E+00        -1.664182036620332E-07         1.107501867991800E-10
         1.002828598022461E+00        -5.742821258536424E-07         2.569423007692251E-10
         1.002510070800781E+00        -3.361045344263403E-07         1.539675748007951E-10
         1.002723693847656E+00        -4.680519509747683E-07         1.814293021373814E-10
         1.002769470214844E+00        -3.431561594879895E-07         1.408561323135160E-10
         1.002796888351440E+00        -3.344722188103333E-07         1.328071680406495E-10
         1.002667069435120E+00        -1.863719347738879E-07         9.112121474030843E-11
         1.002643823623657E+00        -1.486757525981375E-07         6.886659298377396E-11
         1.002511024475098E+00         1.245994596388300E-08         1.896790363664635E-11
         1.002130627632141E+00         3.057794515370915E-07        -8.029703291168033E-11
         1.001305460929871E+00         1.206505089612619E-06        -3.671892512269181E-10
         1.001221418380737E+00         1.097245558412396E-06        -3.023136463387033E-10
         1.001174807548523E+00         9.739869710756466E-07        -2.710827951002415E-10
         1.001341342926025E+00         3.509225052766851E-07        -1.908896478386435E-11
         1.001225709915161E+00         6.003348929084495E-09         1.190880033474784E-10
         1.001018404960632E+00         1.255342851891328E-07         7.195415790972604E-11
         1.000962853431702E+00         1.593838732105723E-07         1.670867610936710E-11
         1.001130700111389E+00        -4.819103196496144E-07         2.654970965298986E-10
         1.000921130180359E+00        -5.383466259445413E-07         2.506222174236683E-10
         1.000594019889832E+00        -5.227346377978392E-07         2.335142634812826E-10
         1.000418901443481E+00        -5.812034942209721E-07         2.429820511462566E-10
         9.999721646308899E-01         6.717935008282439E-08         4.009952092598468E-11
         9.999940395355225E-01        -7.894065845448495E-08         7.326975137722513E-11
         9.998886585235596E-01        -6.687136533400917E-08         5.180193426990165E-11
         1.000028729438782E+00        -9.009658441527790E-08         3.495853953539019E-11
         9.999194741249084E-01         7.265298052061553E-08        -4.358611561949832E-12
         1.000050067901611E+00         7.165123605545887E-08         3.808167756830239E-12
         1.000187516212463E+00        -1.494632329013257E-07         6.819813463954105E-11
         9.999375343322754E-01         2.903911777707435E-08         3.807991075244210E-11
         9.999952912330627E-01         2.958940967801027E-07        -5.562824506588626E-11
         1.000210642814636E+00         4.786548970514559E-07        -1.399273336089024E-10
         1.000035285949707E+00         6.672751169389812E-07        -2.010756977588457E-10
         1.000652313232422E+00         1.589383629152508E-07        -3.975278786705339E-11
         1.001144766807556E+00        -4.748842457047431E-07         1.715541458890968E-10
         1.000824809074402E+00        -3.772776722144044E-07         1.448294401074079E-10
         1.000467300415039E+00        -5.591589911091432E-07         2.143008687172099E-10
         1.000184535980225E+00        -5.707140076083306E-07         2.269314319791604E-10
         1.000099182128906E+00        -5.710319896934379E-07         2.419350275673082E-10
         9.997771382331848E-01        -4.810372615793312E-07         2.603660620437154E-10
         9.997687339782715E-01        -9.840773600444663E-07         4.384157203940475E-10
         9.996049404144287E-01        -1.311860046371294E-06         5.609244735360619E-10
         9.996978640556335E-01        -1.303105932493054E-06         5.412773007584804E-10
         1.000146865844727E+00        -1.451936554985878E-06         5.747524123300707E-10
         1.000778198242188E+00        -1.903130396385677E-06         6.878934089016298E-10
         1.000947952270508E+00        -1.702001441117318E-06         5.575441219818345E-10
         1.001017332077026E+00        -1.517253622296266E-06         4.710207224256635E-10
         1.001070857048035E+00        -1.333216573584650E-06         4.105448481173113E-10
         1.000615715980530E+00        -4.751990445583942E-07         1.214046779773881E-10
         1.000504493713379E+00        -2.694203828923492E-07         9.574740306161900E-11
         1.000495672225952E+00        -2.763376301118114E-07         6.053852558141060E-11
         1.000343322753906E+00        -5.874580324416456E-07         1.752539363630845E-10
         1.000348806381226E+00        -7.800008461344987E-07         2.472173021850210E-10
         1.000124573707581E+00        -4.461057017124404E-07         1.193388443621046E-10
         1.000168323516846E+00        -6.502845053546480E-07         2.002660814959256E-10
         9.998762607574463E-01        -4.647641276278591E-07         1.372111729791570E-10
         9.996694922447205E-01        -5.958269611028300E-08         1.173819613557725E-12
         9.996289610862732E-01         3.463123903202359E-07        -1.168369151427484E-10
         9.993470907211304E-01         7.346662300733442E-07        -2.333217785643882E-10
         9.993103742599487E-01         5.089053161100310E-07        -1.296504292813694E-10
         9.991700053215027E-01         8.628328487247927E-07        -2.495420814430105E-10
         9.991915225982666E-01         9.060744332600734E-07        -2.784760755325522E-10
         9.993383288383484E-01         7.991852726263460E-07        -2.247090152840414E-10
         9.995286464691162E-01         5.349548928279546E-07        -1.407902266992167E-10
         9.993870258331299E-01         5.568927008425817E-07        -1.448268449610879E-10
         9.992896914482117E-01         5.402405349741457E-07        -1.631503404597723E-10
         9.993279576301575E-01         8.237217343776138E-07        -2.735326409819550E-10
         9.991986155509949E-01         1.035064542520558E-06        -3.987022378915128E-10
         9.992195963859558E-01         9.023921165862703E-07        -3.679321292082705E-10
         9.987939596176147E-01         1.366276251246745E-06        -4.972953715487449E-10
         9.988428354263306E-01         1.081533810065594E-06        -4.153853649935257E-10
         9.990066289901733E-01         1.092296088245348E-06        -4.465847969203907E-10
         9.991645812988281E-01         1.030693283610162E-06        -4.710283274533822E-10
         9.993824958801270E-01         7.552498573204502E-07        -3.622308841766397E-10
         9.997932910919189E-01         6.283376592364220E-07        -2.966155099315415E-10
         9.998103976249695E-01         7.567208513137302E-07        -3.190805120123485E-10
         9.997872114181519E-01         5.703746523977316E-07        -2.287341149820321E-10
         9.998688697814941E-01         1.620997949203229E-07        -1.016702763645405E-10
         9.998944401741028E-01        -5.548958625922751E-08         2.050848380008574E-11
         1.000091195106506E+00        -1.699426661616599E-07         1.012860975646568E-10
         1.000203967094421E+00        -1.775961919747715E-07         8.868184658838985E-11
         1.000388026237488E+00        -4.597484348778380E-07         1.721298659163040E-10
         1.000355482101440E+00        -3.769295062738820E-07         1.426488094313783E-10
         1.000574231147766E+00        -6.990207452872710E-07         2.109147162476788E-10
         1.000455975532532E+00        -8.731394132155401E-07         2.660872355786381E-10
         1.000416278839111E+00        -6.825756599937449E-07         2.291097728202018E-10
         1.000607967376709E+00        -7.984146463968500E-07         2.743096305657389E-10
         1.000502228736877E+00        -5.132969818077981E-07         1.999718030054609E-10
         1.000327348709106E+00        -4.664098014472984E-07         1.815958494688630E-10
         1.000208616256714E+00        -5.728454084419354E-07         2.086672362677788E-10
         9.999483227729797E-01        -5.942746383880149E-07         2.063191284484844E-10
         9.994679093360901E-01        -1.750989895299426E-07         9.452062743608991E-11
         9.997021555900574E-01        -6.859801828795753E-07         2.691847300617667E-10
         9.996710419654846E-01        -5.330867338670942E-07         2.554549904942860E-10
         9.992391467094421E-01         1.800563609322126E-07        -8.713058920195582E-12
         9.992473721504211E-01         3.277814926150313E-07        -7.702823101585210E-11
         9.993035197257996E-01         1.897803798556197E-07        -5.470653097194855E-11
         9.993221163749695E-01         5.133284162184282E-07        -1.645088648638549E-10
         9.994378089904785E-01         6.796649358875584E-07        -2.118430292297191E-10
         0.000000000000000E+00         0.000000000000000E+00         0.000000000000000E+00
         9.994696378707886E-01         1.025181632030581E-06        -4.053868629672053E-10
         1.000102162361145E+00         1.015541897686489E-06        -4.307438294937072E-10
         1.000223875045776E+00         8.592327844780812E-07        -4.070584980198078E-10
         1.000102162361145E+00         6.782744321753853E-07        -3.517056923474371E-10
         1.000133275985718E+00         1.974898964363092E-07        -2.063550580411189E-10
         1.000117778778076E+00         6.328464507987519E-08        -1.491960999189246E-10
         9.997520446777344E-01         5.580677111538535E-07        -3.078815258295009E-10
         9.998691678047180E-01         4.223572886985494E-07        -2.387046393881320E-10
         1.000033378601074E+00         3.492029065910174E-07        -2.278400246247259E-10
         1.000176310539246E+00         9.228298125663059E-08        -1.615854811065631E-10
         1.000055551528931E+00         1.112283314341767E-07        -1.603190913357366E-10
         9.997553825378418E-01         2.862411463411263E-07        -1.739690752566858E-10
         9.997683167457581E-01        -6.815869824094989E-08         9.132596588690145E-12
         1.000003814697266E+00        -2.179552751613301E-07         4.854017535138588E-11
         9.998506903648376E-01         4.009338567811938E-07        -1.693235551769590E-10
         9.997375011444092E-01         5.044462909609138E-07        -1.812759109487416E-10
         9.998270869255066E-01         5.262698437036306E-07        -1.717119502142594E-10
         9.999297857284546E-01         7.584737318211410E-07        -2.599594428609464E-10
         1.000161409378052E+00         4.016952175334154E-07        -1.331446203289843E-10
         9.996980428695679E-01         3.726714226104377E-07        -1.126085197311610E-10
         9.997327923774719E-01        -1.264396161104742E-07         5.542536221647687E-11
         9.995393157005310E-01        -1.308677610722953E-07         4.446882445607869E-11
         9.993255734443665E-01        -6.395040230700033E-08         1.898421524149096E-11
         9.994317889213562E-01        -2.505182976619835E-07         8.283534969066864E-11
         9.997591972351074E-01        -5.856559823769203E-07         2.169623369852047E-10
         1.000045537948608E+00        -5.816621637677599E-07         2.409685784243720E-10
         1.000145435333252E+00        -4.265404527359351E-07         1.942989796832606E-10
         1.000422120094299E+00        -6.013122515469149E-07         2.522395903259422E-10
         1.000432848930359E+00        -6.813726258769748E-07         2.825978895337755E-10
         1.000071883201599E+00        -6.402661512083796E-08         9.497006653313989E-11
         9.995990395545959E-01         2.663009581738152E-07         5.781241371044521E-12
         9.994944930076599E-01         1.543681094062777E-07         5.153072066277353E-11
         9.999545812606812E-01        -1.600199937001889E-07         1.072434502313868E-10
         1.000108718872070E+00         1.518104397746356E-07        -3.475236071137644E-11
         1.000158786773682E+00         1.490389678338033E-07        -3.509704332715913E-11
         9.999736547470093E-01         2.561018277447147E-07        -8.745184437719544E-11
         1.000158309936523E+00        -1.419937518676306E-07         3.395551895213345E-11
         1.000066041946411E+00        -1.966966038935425E-07         5.035931394115067E-11
         9.999409317970276E-01        -1.153967730260774E-07        -7.369858846459354E-13
         9.999816417694092E-01        -1.578140711444576E-07         3.162736782538755E-12
         1.000106573104858E+00         1.851143238695840E-08        -8.127978845529071E-11
         1.000421643257141E+00        -4.715692014656270E-08        -4.190168351181356E-11
         1.000748276710510E+00        -1.334368562311283E-07        -6.074927019761311E-12
         1.000902771949768E+00         3.150601202150938E-08        -7.354656467173371E-11
         1.001278877258301E+00        -3.827800298950024E-07         2.365303092277671E-11
         1.001201272010803E+00        -2.614500544950715E-07        -2.475136588742100E-11
         1.000974893569946E+00        -2.268819372375219E-07         2.359104881929919E-12
         1.000783562660217E+00        -1.071118091999779E-07        -4.479561860337711E-11
         1.000775694847107E+00        -9.513803433947032E-08        -6.921197642784094E-11
         1.000896930694580E+00        -4.280161363112711E-07         7.335498181104683E-11
         1.000485539436340E+00         9.898208475078718E-08        -8.650423433120835E-11
         1.000593900680542E+00        -2.995529939653352E-07         7.644908317505639E-11
         1.000386357307434E+00        -5.981950153000071E-07         1.931958065748418E-10
         1.000002622604370E+00        -5.739163384532731E-07         2.118305947318433E-10
         9.998089671134949E-01        -4.635374466488429E-07         1.948445987887126E-10
         1.000041246414185E+00        -6.746027452209091E-07         2.992609771101939E-10
         9.998502135276794E-01        -4.723028723674361E-07         2.099173335157190E-10
         9.995136260986328E-01        -6.377754289133009E-07         2.836759160906865E-10
         9.992855191230774E-01        -9.563472076479229E-07         3.907627277310866E-10
         9.990413188934326E-01        -8.161350706359372E-07         3.390529801361453E-10
         9.992403388023376E-01        -1.177722651846125E-06         4.627769278897631E-10
         9.989427328109741E-01        -9.379619996252586E-07         3.926214076077628E-10
         9.988458156585693E-01        -1.018807097352692E-06         4.141508802568694E-10
         9.987093806266785E-01        -8.845942716106947E-07         3.707743834180377E-10
         9.981933832168579E-01        -5.444354087558168E-07         3.087622657549360E-10
         9.975430965423584E-01        -3.729743411895470E-07         2.482547500903820E-10
         9.973202347755432E-01        -2.979513169520942E-07         2.595920978176736E-10
         9.969961047172546E-01         7.601981621974119E-08         1.318387621296324E-10
         9.969488978385925E-01         1.011006816042936E-07         9.911398091144719E-11
         9.965024590492249E-01         2.646983148224535E-07         1.994266904392639E-11
         9.962657094001770E-01        -1.187598908103382E-08         7.811667285251289E-11
         9.959074854850769E-01        -1.950475478906810E-07         1.756743917002979E-10
         9.960156679153442E-01        -4.465363190320204E-07         2.515729569108061E-10
         9.962183833122253E-01        -5.491674528457224E-07         2.716227243126923E-10
         9.961769580841064E-01        -7.167647027017665E-07         3.473488718874762E-10
         9.960584640502930E-01        -8.409798510911060E-07         4.217634297365436E-10
         9.958088994026184E-01        -8.019669621717185E-07         4.107302831179993E-10
         0.000000000000000E+00         0.000000000000000E+00         0.000000000000000E+00
         0.000000000000000E+00         0.000000000000000E+00         0.000000000000000E+00
         0.000000000000000E+00         0.000000000000000E+00         0.000000000000000E+00
         0.000000000000000E+00         0.000000000000000E+00         0.000000000000000E+00
         0.000000000000000E+00         0.000000000000000E+00         0.000000000000000E+00
         0.000000000000000E+00         0.000000000000000E+00         0.000000000000000E+00
         0.000000000000000E+00         0.000000000000000E+00         0.000000000000000E+00
         0.000000000000000E+00         0.000000000000000E+00         0.000000000000000E+00
         1.003832459449768E+00        -1.546555097320379E-07         4.651203727723541E-11
         1.003725647926331E+00        -1.959569040366205E-08        -3.837243717219607E-11
         1.003765463829041E+00         2.585483827033386E-08        -5.979137324141348E-11
         1.003913760185242E+00        -3.017176766206831E-07         6.510265937453852E-11
         1.003947734832764E+00        -2.348152321474117E-07         5.883987047594630E-11
         1.003685832023621E+00        -2.140739638889499E-07         1.808142698067616E-11
         1.003462314605713E+00        -4.983361350241466E-07         1.331993959574618E-10
         1.003381013870239E+00        -1.116494217967556E-06         3.807971160618706E-10
         1.003232479095459E+00        -8.173479386641702E-07         2.448470315385975E-10
         1.003029704093933E+00        -2.247178088055080E-07        -1.774184965608328E-11
         1.003116369247437E+00        -4.105486368644051E-07         5.420067519801286E-11
         1.003016471862793E+00        -7.385410185634100E-07         1.740475541467390E-10
         1.002997517585754E+00        -1.058489488059422E-06         2.837455548299062E-10
         1.002475857734680E+00        -1.008818003356282E-06         2.990728775742468E-10
         1.002028822898865E+00        -6.619928285545029E-07         1.938442045767985E-10
         1.001556873321533E+00        -2.556344327331317E-07         4.122981817067384E-11
         1.001339912414551E+00         2.311513327413195E-07        -1.772594709903430E-10
         1.001317977905273E+00         4.526712018559920E-07        -2.495850193184879E-10
         1.001393079757690E+00         9.867677590591484E-07        -4.732332858914390E-10
         1.001555919647217E+00         3.886816841713880E-07        -2.643497087895241E-10
         1.001294136047363E+00         3.596588840082404E-07        -2.317255692885212E-10
         1.000921249389648E+00         8.758981380196929E-07        -4.054059865588044E-10
         1.000753641128540E+00         7.190985797933536E-07        -3.084485167281770E-10
         1.000383615493774E+00         7.167271292018995E-07        -3.041144835957965E-10
         1.000460028648376E+00         3.060178599412211E-08        -9.025458158617994E-11
         9.999694824218750E-01        -2.182498661795762E-07         3.574975038223016E-11
         9.996364116668701E-01        -6.372793848186120E-08         3.934935276922458E-12
         9.994881749153137E-01         2.236546521316995E-07        -1.150773920599590E-10
         9.992638230323792E-01         4.430391697951563E-07        -2.243863983508732E-10
         9.995131492614746E-01         2.187557299748732E-07        -1.360726392674039E-10
         9.996998310089111E-01         3.503850223296467E-07        -1.884508799010476E-10
         9.998850822448730E-01         5.062960894974822E-07        -1.974647390046158E-10
         1.000128030776978E+00         6.441669029300101E-07        -2.525422371224550E-10
         1.000312328338623E+00         2.226691862006192E-07        -6.040554167974221E-11
         9.999331235885620E-01         3.851441192637139E-07        -1.227801194048084E-10
         1.000113964080811E+00         2.440207822473894E-07        -6.568080107571816E-11
         1.000394821166992E+00         1.705683985164796E-07        -1.466974805519605E-11
         1.000083565711975E+00         1.038204004544241E-06        -3.684346994159426E-10
         1.000259041786194E+00         8.893314884517167E-07        -3.037625984081416E-10
         1.000296473503113E+00         6.758479003110551E-07        -2.589341796532807E-10
         1.000318527221680E+00        -1.737324595296741E-08        -3.457718139587840E-11
         1.000304460525513E+00        -2.776654639546905E-07         9.630003738880788E-11
         1.000391483306885E+00        -4.981825441063847E-07         2.137000715274340E-10
         1.000400781631470E+00        -9.094376878238108E-07         3.747928356556685E-10
         1.000821471214294E+00        -1.142425844591344E-06         4.141768594756456E-10
         1.001018404960632E+00        -1.197064989355567E-06         4.165430778080292E-10
         1.000394344329834E+00        -4.315734258852899E-07         1.165016277893116E-10
         1.000043630599976E+00        -3.674974209388893E-07         1.160751772477653E-10
         9.998707175254822E-01        -1.821373700749973E-07         6.313288780646076E-11
         1.000046133995056E+00        -1.199883286062686E-07         4.040780904324137E-11
         1.000274419784546E+00        -3.773007790641714E-07         1.744350358601210E-10
         1.000066876411438E+00        -2.733930273279839E-07         1.605842403495927E-10
         1.000149965286255E+00        -1.080304024014822E-08         9.588731891829738E-11
         1.000484943389893E+00         5.649546608310629E-08         5.688101031853243E-11
         1.000422000885010E+00         5.502409408109088E-07        -1.385966758027379E-10
         1.000227212905884E+00         4.959513262292603E-07        -1.425971007940063E-10
         1.000030636787415E+00         6.180647460496402E-07        -2.309040042502986E-10
         1.000029802322388E+00         6.404204100363131E-07        -2.524996045583094E-10
         1.000140070915222E+00         6.701351935589628E-07        -2.820325362140608E-10
         9.998543262481689E-01         8.713291776984988E-07        -3.455611352620735E-10
         9.998940229415894E-01         5.799755058433220E-07        -2.391622455633069E-10
         1.000046610832214E+00         5.089527235213609E-07        -2.308509355897215E-10
         1.000136733055115E+00         6.893079529390889E-08        -7.853349220932060E-11
         1.000404715538025E+00         1.681022041566393E-07        -1.322755099897321E-10
         1.001079916954041E+00        -5.104827209834184E-07         1.045910510977244E-10
         1.000907897949219E+00         1.003777043706577E-07        -1.406665894876369E-10
         1.000810503959656E+00        -3.971650244238845E-07         7.231236442972744E-11
         1.000581502914429E+00        -6.767930216255991E-08        -9.883709128910567E-11
         1.000656366348267E+00        -9.162903893411567E-07         2.512982044677869E-10
         1.000221133232117E+00        -6.446406359827961E-07         1.585982456475676E-10
         1.000247001647949E+00        -1.155022118837223E-06         3.595738706785312E-10
         9.998921751976013E-01        -7.300500897144957E-07         1.730737914096281E-10
         9.999750852584839E-01        -1.138213519880082E-06         3.708169327154565E-10
         9.996284842491150E-01        -6.004932515679684E-07         1.933306986723338E-10
         9.996982216835022E-01        -7.294243573596759E-07         2.770637330673509E-10
         9.995605945587158E-01        -5.766835897702549E-07         2.096771922754925E-10
         9.994958639144897E-01        -4.832540412280650E-07         1.898780022102642E-10
         9.992637038230896E-01        -2.035708313030682E-08         5.524200021034265E-12
         9.991108775138855E-01        -1.109639455876277E-07         6.382259998272133E-11
         9.992107748985291E-01        -4.568628497736427E-08         1.929546800116810E-11
         9.994900822639465E-01        -3.465290774329333E-07         1.442526237349639E-10
         9.999606013298035E-01        -3.961871186675126E-07         1.345343003666954E-10
         9.999556541442871E-01         5.674035108427233E-08        -1.023990441051392E-11
         1.000295758247375E+00         3.594055186795231E-08         1.404390059106531E-11
         1.000102758407593E+00         4.253325016634335E-07        -1.389196535583892E-10
         1.000222086906433E+00         1.697106739584342E-07        -2.556226931516026E-11
         1.000693917274475E+00        -2.064554252001471E-07         8.569818465975487E-11
         1.000595927238464E+00        -1.983081610035242E-08        -5.803888619704267E-12
         1.000623464584351E+00        -3.646060804385343E-07         1.138699898262097E-10
         1.000884652137756E+00        -5.463056709231751E-07         1.648982755897421E-10
         1.001005411148071E+00        -1.882114730733520E-07         5.157917062209583E-12
         1.000992059707642E+00         7.422401893109054E-08        -7.239182864271498E-11
         1.000864744186401E+00        -1.889065543991819E-07         6.694890475333892E-11
         1.000853061676025E+00        -1.049633269190053E-07         3.359092171084654E-11
         1.000695943832397E+00        -3.375859876086906E-07         1.237800140163614E-10
         1.000289797782898E+00        -1.271817229309136E-08         1.419987825240776E-11
         0.000000000000000E+00         0.000000000000000E+00         0.000000000000000E+00
         0.000000000000000E+00         0.000000000000000E+00         0.000000000000000E+00
         9.993693828582764E-01         4.674091087508714E-07        -1.659976323065138E-10
         9.994112849235535E-01         8.612292390353105E-07        -3.062321785041178E-10
         9.992885589599609E-01         1.047330442816019E-06        -3.648412127965628E-10
         9.993008375167847E-01         8.923776135816297E-07        -3.192140995977866E-10
         9.991237521171570E-01         1.013819428408169E-06        -3.782503754656830E-10
         9.992925524711609E-01         7.172289997470216E-07        -2.626934780813883E-10
         9.993724822998047E-01         5.090149670650135E-07        -1.467395926990633E-10
         9.993419051170349E-01         5.180377797842084E-07        -1.468489635447767E-10
         0.000000000000000E+00         0.000000000000000E+00         0.000000000000000E+00
         9.994615316390991E-01         6.679627517769404E-08         6.608422576520612E-12
         9.998689293861389E-01        -2.447583540288178E-07         1.328435139669182E-10
         9.997372031211853E-01         1.535684504005985E-07        -5.390697263574218E-11
         9.995990991592407E-01         3.152551357743505E-07        -1.417126832548021E-10
         0.000000000000000E+00         0.000000000000000E+00         0.000000000000000E+00
         0.000000000000000E+00         0.000000000000000E+00         0.000000000000000E+00
         9.991649985313416E-01         3.414761522435583E-07        -1.103300090177228E-10
         9.989940524101257E-01         5.169103474145231E-07        -1.497205415201819E-10
         9.985188245773315E-01         5.873587269888958E-07        -1.995243831265370E-10
         9.988121390342712E-01        -1.965310474361104E-07         1.091270199204963E-10
         9.990176558494568E-01        -4.178487600370318E-08         4.384538218604739E-11
         9.993471503257751E-01         9.912633203157384E-08        -4.421449317781878E-11
         9.997133016586304E-01        -4.678229856835969E-07         1.980073882634770E-10
         9.998345971107483E-01         1.124366022509093E-07        -5.678771342054745E-11
         9.999426603317261E-01         2.119704305414416E-07        -9.464239808520958E-11
         9.996202588081360E-01         3.021118857304828E-07        -1.198986326889084E-10
         9.997230172157288E-01        -1.897507360126838E-07         9.361254132977948E-11
         1.000136256217957E+00        -5.929211965849390E-07         3.085934285884662E-10
         9.999272823333740E-01        -1.653229730891326E-07         1.505443270044537E-10
         1.000007987022400E+00        -4.374353181901824E-07         2.752278127626795E-10
         9.997462630271912E-01        -5.551076043275316E-08         1.121886333832478E-10
         9.996338486671448E-01         1.432769920484134E-07         3.135424558875499E-11
         9.999306201934814E-01        -1.749621816315994E-07         1.730671578270560E-10
         9.999176263809204E-01         1.944546283993986E-07        -1.889413972500087E-11
         1.000380158424377E+00        -3.787325510984374E-07         1.359267004508169E-10
         1.000427484512329E+00        -9.569195213998682E-09        -5.314558515490120E-11
         1.000445961952209E+00         4.701480236235511E-07        -2.557864753338635E-10
         1.000333547592163E+00         6.139987362985266E-07        -3.120498859310317E-10
         1.000255703926086E+00         8.754408327149577E-07        -4.202332093417027E-10
         1.000120639801025E+00         1.215721681546711E-06        -4.873465520027764E-10
         1.000104427337646E+00         1.335543629465974E-06        -5.137944514288506E-10
         9.999307394027710E-01         1.295384436161839E-06        -4.744147852342451E-10
         9.999296665191650E-01         7.894122404650261E-07        -2.350893923974695E-10
         9.996685385704041E-01         5.053060476711835E-07        -1.171584357306799E-10
         9.997467398643494E-01         1.474684978575169E-07        -2.135589274865346E-11
         9.995964169502258E-01         2.053428147519298E-07        -5.113248713328744E-11
         9.996702671051025E-01         1.729225402868906E-07        -5.416182086159793E-11
         9.996932744979858E-01         3.390395306723804E-07        -1.199661897599569E-10
         9.997711181640625E-01        -4.067319991918339E-08         4.639428424768610E-11
         9.994826316833496E-01         3.412453963846929E-07        -6.885086945018770E-11
         9.992277622222900E-01         2.973791879412602E-07        -3.510014501273417E-11
         9.988577961921692E-01         1.643162903519624E-07         3.057857439481282E-11
         9.989859461784363E-01         3.281986380443414E-07        -6.669213792331874E-11
         9.991253018379211E-01         4.773168598148914E-07        -1.928311121890403E-10
         9.992159008979797E-01         5.071163400316436E-07        -2.042042368533004E-10
         9.995672106742859E-01         4.194628218101570E-07        -1.611907551879455E-10
         9.997183084487915E-01         2.180908076354626E-08        -5.074070330568503E-11
         9.999050498008728E-01        -2.350857641886250E-07         3.537450193880076E-11
         9.997912049293518E-01        -2.527833586896122E-08        -4.372750078696086E-11
         9.995942711830139E-01        -9.540150358589017E-08        -2.775324761672415E-11
         9.995719194412231E-01         1.013611878875054E-07        -1.283286671371897E-10
         9.995236396789551E-01        -8.437387322146606E-08        -1.157583681687946E-10
         9.992350935935974E-01         2.894881276915839E-07        -2.675638599569652E-10
         9.988757371902466E-01         7.500977972085821E-07        -4.327747049615027E-10
         9.983367919921875E-01         1.120577962865354E-06        -5.536761049640404E-10
         9.978736639022827E-01         1.342854147878825E-06        -6.565998300622766E-10
         9.976384043693542E-01         1.701508608675795E-06        -8.004029661279333E-10
         9.977214336395264E-01         1.498303959124314E-06        -7.069052010422183E-10
         9.976624250411987E-01         1.413818722539872E-06        -6.305814759244299E-10
         9.977405071258545E-01         1.248501348527498E-06        -5.394087954080362E-10
         9.974231719970703E-01         1.161463501375692E-06        -4.392986807655319E-10
         9.968091249465942E-01         1.588028226251481E-06        -5.661051072358703E-10
         9.966586828231812E-01         1.546639396110550E-06        -5.438661743184525E-10
         9.963969588279724E-01         1.444534063921310E-06        -5.466124775033165E-10
         9.963527321815491E-01         1.159108933279640E-06        -4.628266936368419E-10
         9.962123632431030E-01         1.001630380415008E-06        -3.877076992786499E-10
         9.960916638374329E-01         1.199200937662681E-06        -4.779838191915076E-10
         9.959214925765991E-01         1.367561480947188E-06        -5.341882491904926E-10
         9.958870410919189E-01         1.367415620734391E-06        -5.376060152606499E-10
         9.959121346473694E-01         1.191018327517668E-06        -4.955862942246370E-10
         9.957260489463806E-01         1.187053157991613E-06        -5.195883723274619E-10
         0.000000000000000E+00         0.000000000000000E+00         0.000000000000000E+00
         0.000000000000000E+00         0.000000000000000E+00         0.000000000000000E+00
         0.000000000000000E+00         0.000000000000000E+00         0.000000000000000E+00
         0.000000000000000E+00         0.000000000000000E+00         0.000000000000000E+00
         0.000000000000000E+00         0.000000000000000E+00         0.000000000000000E+00
         0.000000000000000E+00         0.000000000000000E+00         0.000000000000000E+00
         0.000000000000000E+00         0.000000000000000E+00         0.000000000000000E+00
         1.004460215568542E+00         1.597252179408315E-07        -1.240062774687800E-10
         1.004501104354858E+00        -1.619089005089336E-07         1.847302692759012E-11
         1.004332065582275E+00        -5.241838607616955E-07         1.873344812608480E-10
         1.004137158393860E+00        -1.017637373479374E-06         3.924410518774124E-10
         1.003972172737122E+00        -1.677139152889140E-06         6.425691645439713E-10
         1.003736972808838E+00        -1.855033247011306E-06         6.942956209954332E-10
         1.003719449043274E+00        -2.104784243783797E-06         7.561329895544588E-10
         1.003848075866699E+00        -2.419168140477268E-06         8.003246954046972E-10
         1.003498554229736E+00        -2.241234142275061E-06         7.303373461553520E-10
         1.003142476081848E+00        -1.827570486057084E-06         6.097317095665744E-10
         1.002970337867737E+00        -1.325198354606982E-06         4.506713613405822E-10
         1.002479910850525E+00        -6.254034587982460E-07         2.248001645943631E-10
         1.002259612083435E+00        -6.784975425944140E-07         2.776404384174924E-10
         1.002077937126160E+00        -1.055876396094391E-06         4.462566705054627E-10
         1.002201437950134E+00        -1.280231117561925E-06         5.479494080695702E-10
         1.002373933792114E+00        -1.540334665151022E-06         6.172557465156103E-10
         1.002313494682312E+00        -1.422268610440369E-06         5.512812428776215E-10
         1.002024888992310E+00        -1.232554268426611E-06         4.360534433534013E-10
         1.001772046089172E+00        -1.177363174065249E-06         3.682525118176017E-10
         1.001631140708923E+00        -9.922625849867472E-07         2.615085925583571E-10
         1.001759529113770E+00        -1.111354322347324E-06         2.654869935003745E-10
         1.001279354095459E+00        -1.125735252571758E-06         2.788324848790324E-10
         1.000779271125793E+00        -9.280187214244506E-07         2.521906017349806E-10
         1.000518560409546E+00        -2.323012182614548E-07         1.030680749081192E-11
         1.000233888626099E+00         3.853975840684143E-07        -2.161690826341101E-10
         9.998680949211121E-01         3.415126172967575E-07        -1.732100157747496E-10
         9.997882246971130E-01         1.906937967532940E-07        -5.027498556353649E-11
         9.995818734169006E-01         2.199639226319050E-07        -2.704845679032952E-12
         9.993572831153870E-01         2.395779219455108E-08         7.395426632195168E-11
         9.995315670967102E-01        -6.378962780217989E-07         3.249243096803411E-10
         9.996837377548218E-01        -3.191377118128003E-07         1.620480555297732E-10
         9.999706149101257E-01        -4.947492584506108E-07         2.107645863391738E-10
         1.000048518180847E+00        -3.293775705515145E-07         1.819357858812154E-10
         9.997426867485046E-01         2.866368333798164E-07         1.388953535519377E-11
         9.998708963394165E-01         6.133548708930903E-07        -9.374259007932650E-11
         1.000260710716248E+00         6.550142188643804E-07        -1.192353854539974E-10
         1.000575423240662E+00         5.607205366686685E-07        -1.094612178675902E-10
         1.000463962554932E+00         7.491551059501944E-07        -2.034751395152412E-10
         1.000338315963745E+00         5.923652679484803E-07        -1.507661079314104E-10
         1.000783324241638E+00         1.619286820186971E-07         6.905183889960309E-13
         1.000644087791443E+00         1.861172904682462E-07        -1.688594576665370E-11
         1.000291705131531E+00         3.661827179257671E-07        -8.292949660315685E-11
         1.000416159629822E+00         6.322891294985311E-07        -2.001181304001065E-10
         1.000448584556580E+00         7.106065709194809E-07        -2.499559170754395E-10
         1.000303864479065E+00         4.603333536579157E-07        -1.937880966806915E-10
         1.000317811965942E+00         1.796931172748373E-07        -1.430761481513443E-10
         1.000443816184998E+00         3.070496745749551E-07        -2.303953972049300E-10
         1.000373125076294E+00         5.830802933814994E-07        -3.528544401110167E-10
         9.998109936714172E-01         1.113435587285494E-06        -5.235857858387760E-10
         9.996777176856995E-01         1.118932914323523E-06        -4.748499926598981E-10
         9.997662901878357E-01         1.112665586333605E-06        -4.132036657278348E-10
         9.997007250785828E-01         7.491823907912476E-07        -2.983537028544703E-10
         9.998337030410767E-01        -8.986529564936063E-08         9.399640787943753E-12
         9.997546672821045E-01        -6.632035933762381E-07         2.788461961333866E-10
         9.999951124191284E-01        -9.965735898731509E-07         4.576967693736833E-10
         1.000336170196533E+00        -8.919781180338759E-07         4.514971729818740E-10
         1.000550508499146E+00        -1.020831405185163E-06         4.824301513828289E-10
         1.000371456146240E+00        -1.122541675613320E-06         4.695180355618334E-10
         1.000562071800232E+00        -1.570299673403497E-06         6.003876285021192E-10
         1.000552177429199E+00        -1.423274625267368E-06         5.554059989698601E-10
         1.000088095664978E+00        -1.006048250928870E-06         3.887186406092979E-10
         9.993643760681152E-01        -1.741105535302268E-07         9.918893484339719E-11
         9.988957643508911E-01         4.536790640941035E-07        -1.167618224329203E-10
         9.989339113235474E-01         4.257243801930599E-07        -1.024353171730219E-10
         9.989504218101501E-01         7.323654926949530E-07        -1.921621195499768E-10
         9.990657567977905E-01         9.968307495000772E-07        -2.332788129333352E-10
         9.992253184318542E-01         7.863399105190183E-07        -1.131632842987784E-10
         9.993512630462646E-01         8.534660764780710E-07        -1.131767318751642E-10
         9.992142319679260E-01         1.060314048118016E-06        -1.877284439011362E-10
         9.993289709091187E-01         9.267775453736249E-07        -1.747087891024179E-10
         9.996100664138794E-01         7.621839017701859E-07        -2.083415939768685E-10
         1.000069737434387E+00         7.631636123051067E-08        -7.917218269870574E-11
         1.000201582908630E+00        -2.389963356108638E-07        -5.468278954645633E-11
         1.000530242919922E+00        -2.061349704263193E-07        -1.102204022496167E-10
         1.000709295272827E+00         1.184951230470688E-07        -2.598826709387936E-10
         1.000525474548340E+00         1.057130631920700E-07        -2.595648695979946E-10
         1.000176787376404E+00         1.460154521737422E-07        -2.419380806806259E-10
         1.000096559524536E+00         6.195659096874806E-08        -1.372747610028924E-10
         1.000334143638611E+00         1.642727767148244E-07        -1.483690253989423E-10
         1.000321149826050E+00         3.237635439745645E-07        -1.472157257209616E-10
         1.000094175338745E+00         5.357169357012026E-07        -2.602814908048146E-10
         1.000449180603027E+00         3.182361751896678E-07        -1.881455408137001E-10
         1.000464916229248E+00         5.270113661026699E-07        -2.567659418417634E-10
         1.000515699386597E+00        -9.848825754943391E-08         1.723642929774005E-11
         1.000410318374634E+00        -5.849528292856121E-07         2.768339169012535E-10
         1.000109791755676E+00        -8.233638482124661E-07         4.424227650901003E-10
         1.000375032424927E+00        -1.346963699688786E-06         6.721647127783115E-10
         1.000373482704163E+00        -1.026329300657380E-06         5.090344812330727E-10
         1.000224947929382E+00        -6.001871497574029E-07         2.861336168002993E-10
         9.997443556785583E-01         5.885568299390798E-08        -1.709753974683814E-12
         9.995625615119934E-01         2.764216162631783E-07        -1.127052479121815E-10
         9.996609687805176E-01         1.884185394374072E-07        -1.225503587498622E-10
         9.998065829277039E-01         2.734572888130060E-07        -1.949678057888704E-10
         9.997510910034180E-01         3.468066722689400E-07        -2.540043453347351E-10
         9.999921917915344E-01        -1.301743850490311E-07        -5.219167112380241E-11
         9.999721646308899E-01        -3.281109570707486E-07         1.089828713385366E-10
         1.000196814537048E+00        -5.199506176722934E-07         1.947359218323896E-10
         1.000530838966370E+00        -1.140580820901960E-06         4.567834166468998E-10
         1.000288605690002E+00        -1.061976149685506E-06         4.815810528135955E-10
         1.000371694564819E+00        -8.070893500189413E-07         3.899836009679802E-10
         9.998421669006348E-01        -2.544834956097475E-07         1.881429873007434E-10
         9.994823336601257E-01         5.435005618892319E-07        -1.171681779377209E-10
         9.992418289184570E-01         8.048882591538131E-07        -2.257283665541010E-10
         9.994215369224548E-01         3.659996252736164E-07        -6.872673263824680E-11
         9.998233318328857E-01        -5.473663122756989E-07         2.799833143107833E-10
         1.000276446342468E+00        -2.027296204687445E-06         8.302248888369945E-10
         1.000326633453369E+00        -1.995108732444351E-06         8.388694183736334E-10
         1.000089645385742E+00        -1.235329250448558E-06         5.388143820006519E-10
         1.000333070755005E+00        -7.930622132334975E-07         2.622183581380000E-10
         1.000555872917175E+00        -9.534463174531993E-07         2.958880085390803E-10
         1.000470042228699E+00        -6.295109642451280E-07         1.190799264749742E-10
         1.000391006469727E+00        -9.509886353953334E-07         2.428832135414893E-10
         9.999510049819946E-01        -6.113005497354607E-07         1.082232706228758E-10
         9.997385144233704E-01        -5.157093596608320E-07         9.942029838283517E-11
         9.995018839836121E-01         5.090507215754769E-08        -1.339061500571503E-10
         9.996652603149414E-01         2.660842710611178E-07        -2.073639870925348E-10
         9.998480677604675E-01         1.680657213398717E-08        -1.061830276483100E-10
         1.000034809112549E+00        -4.518090293004207E-07         5.868572294787100E-11
         1.000049829483032E+00        -6.111751531534537E-07         1.098714660918709E-10
         1.000218033790588E+00        -6.763193027836678E-07         1.110736017051472E-10
         9.997445940971375E-01        -2.214143961509762E-07         6.504168731380489E-11
         9.992465376853943E-01         6.132358407739957E-07        -1.465856602766991E-10
         9.990988969802856E-01         1.011472932077595E-06        -2.567569767908395E-10
         9.994466900825500E-01         3.484296371425444E-07        -4.552096199983424E-11
         9.997192025184631E-01         4.249300999958905E-08         5.698932992181938E-11
         1.000148296356201E+00         2.193579291542846E-07        -2.863637972583266E-11
         1.000322699546814E+00         3.925609348698345E-07        -1.778284880460390E-10
         1.000448822975159E+00         6.226611048987252E-07        -3.112324842291514E-10
         1.000356793403625E+00         5.211975917518430E-07        -2.632379036970889E-10
         9.998935461044312E-01         7.908106454124209E-07        -2.976569823953668E-10
         9.989284276962280E-01         1.269786594093603E-06        -3.496140321690433E-10
         9.989563822746277E-01         1.294853632316517E-06        -3.297343509345296E-10
         9.992039799690247E-01         1.128641656578111E-06        -2.946047017449160E-10
         9.997225403785706E-01         7.901064691395732E-07        -2.307402602319542E-10
         9.997548460960388E-01         5.259847171146248E-07        -8.361095843456567E-11
         9.998454451560974E-01         3.334050688863499E-07         7.887487191160503E-11
         9.999260902404785E-01         2.307660480482809E-07         1.310200697934860E-10
         1.000396966934204E+00        -4.449439074960537E-07         3.620205246690489E-10
         1.000732898712158E+00        -1.429389158147387E-06         7.299937876403817E-10
         1.000817179679871E+00        -1.794097215679358E-06         8.793760719605359E-10
         1.000317692756653E+00        -1.513747520220932E-06         7.809559110505404E-10
         1.000330805778503E+00        -1.239290554622130E-06         6.598805391000440E-10
         9.999753832817078E-01        -4.364976859960734E-07         3.185493535617923E-10
         9.999260306358337E-01        -3.615074319895939E-07         2.758784867218367E-10
         9.999847412109375E-01        -3.531998231665057E-07         2.432553602993437E-10
         9.998906254768372E-01        -3.087419884195697E-07         2.632399298541088E-10
         1.000446677207947E+00        -1.205534772452665E-06         5.598379537730125E-10
         1.001364350318909E+00        -2.894515546358889E-06         1.132798410630187E-09
         1.001449584960938E+00        -2.153411060135113E-06         7.900065046584359E-10
         1.001849651336670E+00        -2.923002284660470E-06         1.108096281399185E-09
         1.001699686050415E+00        -1.550948695694387E-06         5.457777563222521E-10
         1.001167654991150E+00        -1.343558210464835E-06         4.120079277747379E-10
         1.000840663909912E+00        -9.818203352551791E-07         2.626347195278100E-10
         1.000971436500549E+00        -1.453306367693585E-06         4.661562802432684E-10
         1.001099824905396E+00        -2.568814807091258E-06         9.186215677026155E-10
         1.000994563102722E+00        -3.107571956206812E-06         1.197614230008526E-09
         1.000144124031067E+00        -1.731977476993052E-06         6.897553639362286E-10
         9.997868537902832E-01        -6.980054649829981E-07         2.499855045190458E-10
         9.999357461929321E-01        -8.919374749893905E-07         2.970304002758439E-10
         1.000066876411438E+00        -8.759562888371875E-07         3.816143512302972E-10
         9.988649487495422E-01         1.221313254973211E-06        -3.039675178229118E-10
         9.987953305244446E-01         2.276044369864394E-06        -7.252534128809884E-10
         9.989138245582581E-01         2.614148570501129E-06        -9.734768546820760E-10
         9.991562962532043E-01         2.300127334819990E-06        -9.295994529701090E-10
         9.997751712799072E-01         1.837391778281017E-06        -8.657647376786315E-10
         1.000068187713623E+00         1.320917021985224E-06        -7.361321552323830E-10
         1.000129461288452E+00         1.070229245669907E-06        -7.040677485470326E-10
         1.000171184539795E+00         1.008324943541083E-06        -6.655870299354660E-10
         1.000026702880859E+00         1.110019184125122E-06        -7.036743965294079E-10
         9.996535778045654E-01         1.494768639531685E-06        -7.654942790757957E-10
         9.995656013488770E-01         1.191971705338801E-06        -5.947576320330938E-10
         9.993590116500854E-01         1.086337988454034E-06        -5.017556370390253E-10
         9.987442493438721E-01         1.684471840235346E-06        -6.763219428940204E-10
         9.982671737670898E-01         2.313727236469276E-06        -7.975902160950454E-10
         9.979067444801331E-01         2.476780537108425E-06        -7.687970815517531E-10
         9.976910948753357E-01         2.563812813605182E-06        -7.828375170326751E-10
         9.978406429290771E-01         2.020295596594224E-06        -5.787492707298725E-10
         9.984033703804016E-01         1.410046820637945E-06        -3.815606441914809E-10
         9.991319179534912E-01         7.196836691036879E-07        -1.896597739969863E-10
         9.994363784790039E-01         1.130067133203738E-07        -1.677951180778514E-11
