         1.001225471496582E+00        -3.768397505155008E-07         3.234081613623374E-10
         1.002261042594910E+00        -1.849831733125029E-06         1.084386247462987E-09
         1.002127885818481E+00        -1.604945737199159E-06         6.593310897251570E-10
         1.001556396484375E+00        -2.284227633708724E-07        -1.863898445308987E-11
         1.002050399780273E+00        -1.467027573198720E-06         2.982037533572068E-11
         1.001895427703857E+00        -1.258505221812811E-06         1.488967976692734E-10
         1.002195477485657E+00        -1.356478037450870E-06         2.904620814703218E-11
         1.002365112304688E+00        -1.639274387343903E-06         2.249403302512221E-10
         1.002235293388367E+00        -1.751720560605463E-06         3.306103169009589E-10
         1.001470446586609E+00        -5.129499527356529E-07         1.871107782602799E-11
         1.000652551651001E+00         5.875095325791335E-07        -4.696918409763384E-10
         1.000484704971313E+00        -5.615545006776301E-08        -2.398554410643072E-10
         1.000791072845459E+00        -6.051867558198865E-07        -6.785618594795650E-11
         1.001391768455505E+00        -1.605213924449345E-06         2.654323427719874E-10
         1.001095056533813E+00        -1.061755142472975E-06         2.367945839409913E-10
         1.000895142555237E+00        -3.509242674226698E-07         3.706156475463684E-12
         1.000363588333130E+00         4.446312686923193E-07        -3.878502796705874E-10
         1.000717163085938E+00        -8.158559126059117E-07         4.711462123219157E-11
         1.000501990318298E+00        -5.590100613517279E-07         2.363939773097901E-11
         1.001180052757263E+00        -1.268245569008286E-06         1.715235418975336E-11
         1.001169562339783E+00        -1.172604470411898E-06         1.049847223044686E-10
         1.000410795211792E+00         2.124847924278583E-07        -2.159353112984874E-10
         1.000249743461609E+00         8.518276217728271E-07        -1.837906771218201E-10
         1.000420331954956E+00         5.398882194640464E-07         1.826016698958099E-10
         1.000172495841980E+00         1.237629476236179E-06         5.662588453692052E-11
         1.000717997550964E+00         4.555982684451010E-07         6.878493608031278E-11
         1.000553607940674E+00         6.434934221033473E-07         3.846333321289030E-11
         1.000287175178528E+00         1.109967570300796E-06        -4.350291654686700E-11
         1.000354290008545E+00         5.583239612860780E-07         2.429438941686790E-11
         9.998134374618530E-01         7.859462698434072E-07         3.271508411395452E-11
         9.999453425407410E-01         9.376950629302883E-07        -3.830731565290790E-10
         1.000224947929382E+00         1.256866113408250E-07        -1.582266123678622E-10
         1.000372886657715E+00        -1.521551240557528E-08        -1.610642175187138E-10
         1.000673532485962E+00        -5.369252562559268E-07         1.142736391623878E-10
         1.000781059265137E+00        -1.813055483523840E-08        -2.248767977386379E-10
         1.000023722648621E+00         1.460325734115031E-06        -3.976814155759456E-10
         1.000182986259460E+00         7.102110544110474E-07        -3.120985024238077E-12
         9.999364614486694E-01         8.221334155678051E-07         1.594974013974237E-10
         9.997370839118958E-01         9.924948471962125E-07         1.150352313405989E-10
         9.991668462753296E-01         1.860430529632140E-06        -3.443992036000765E-10
         9.984692931175232E-01         2.456373977111070E-06        -6.457749335275764E-10
         9.989418983459473E-01         1.211428070746479E-06        -2.124912884537977E-10
         9.996352195739746E-01         4.970115696778521E-07        -9.720903249021973E-11
         9.990888237953186E-01         1.096473738471104E-06        -3.784329516420826E-10
         9.985489249229431E-01         1.521995613984473E-06        -5.248257939349799E-10
         9.986202120780945E-01         9.281525876758678E-07        -4.591904634310140E-10
         9.986344575881958E-01         1.016606120174401E-06        -4.906524075920515E-10
         9.986913204193115E-01         9.151055451184220E-07        -4.912623641217806E-10
         9.990316629409790E-01         4.131136961404991E-07        -2.795133013933082E-10
         9.990517497062683E-01         2.683706270545372E-07        -1.877744626455069E-10
         9.989315271377563E-01         6.097386631154222E-07        -4.226221317349399E-10
         9.995564222335815E-01        -6.586897711713391E-07        -3.457098496362221E-11
         1.000123381614685E+00        -1.445505859010154E-06         6.378806510776158E-11
         9.995957612991333E-01        -7.314608296837832E-07        -6.506817307183610E-11
         9.993255138397217E-01        -1.660690145399712E-07        -3.208424637080043E-10
         9.990928173065186E-01         2.130574898728810E-07        -3.721888353069858E-10
         9.992873072624207E-01        -2.351213481688319E-07        -2.146322702900605E-10
         9.991415739059448E-01         2.442186541884439E-07        -1.866046622778228E-10
         9.988146424293518E-01         9.532042213322711E-07        -2.004912624808952E-10
         9.989417791366577E-01         6.422706064768136E-07         1.259566756450781E-11
         9.988986849784851E-01         6.230633289305842E-07         2.358157003001793E-10
         9.993262290954590E-01         2.130842489123097E-07         2.660968667633767E-10
         9.992646574974060E-01         6.711856030960917E-07         1.663213733404945E-10
         9.990779161453247E-01         7.057900575091480E-07        -9.497149594528409E-11
         9.997842311859131E-01        -6.289063207987056E-07         9.184051956434569E-12
         9.997640252113342E-01        -4.105339996840485E-07        -1.400719817912233E-10
         9.999479055404663E-01        -5.999114591759280E-07         1.334568198139985E-12
         9.995583891868591E-01        -1.144092749427728E-07        -2.198947274267837E-11
         9.993668794631958E-01         1.048862863228806E-08         8.348079866271618E-11
         9.994121193885803E-01         2.930323717009742E-07         4.951980839273951E-11
         9.998753070831299E-01        -1.757053240680762E-07         6.902219074067517E-11
         1.000722050666809E+00        -1.368057723993843E-06         4.548073029297939E-10
         1.000499248504639E+00        -1.267029688278853E-06         4.558138866350703E-10
         1.000071167945862E+00        -4.047518302741082E-07         3.067107331999885E-11
         9.990159869194031E-01         4.850134018852259E-07        -7.938701779286461E-11
         9.993284344673157E-01         1.391487245427925E-07         7.610824470649646E-11
         9.990870356559753E-01         1.793547141915042E-07         9.370253878371315E-11
         9.991610646247864E-01        -1.675745124884997E-07         1.959319789746061E-10
         9.994378685951233E-01        -1.145561327575706E-06         4.923746965701525E-10
         9.998249411582947E-01        -2.184686763939681E-06         8.572862419953253E-10
         9.992401599884033E-01        -5.450918934002402E-07         4.943418452363346E-10
         9.988884925842285E-01         3.153624845708691E-07        -2.197564005768093E-11
         9.990158677101135E-01         4.373384285827342E-07        -3.397780667935280E-10
         9.993389844894409E-01         2.779436272248859E-07        -2.384160369128807E-10
         9.997757673263550E-01         9.243233023426001E-08        -1.426081475131014E-10
         1.000326871871948E+00        -3.653792362001695E-07        -4.116148741295511E-11
         1.000124573707581E+00         6.146750592961325E-07        -1.675293237468622E-10
         1.000427007675171E+00         5.154296900400368E-07        -1.013888834000554E-10
         1.000697135925293E+00         9.613574292188787E-08        -3.259355632612149E-11
         1.000552654266357E+00         5.256142117104901E-07        -2.537929866264221E-10
         1.000142097473145E+00         1.203520355375076E-06        -4.664776898088974E-10
         1.000343561172485E+00         1.082941139429749E-06        -3.790878444487333E-10
         9.998605847358704E-01         1.769630671333289E-06        -5.210299414137864E-10
         1.000321388244629E+00         7.408072519865527E-07        -3.619106403451866E-10
         1.000983238220215E+00        -4.597446263687743E-07        -9.777974957492219E-11
         1.000475406646729E+00         3.890059474542795E-07        -2.150623568120125E-10
         1.000628709793091E+00         5.136632452718004E-08        -1.878619065864839E-10
         1.000569224357605E+00        -1.936703313276666E-07        -9.336894972455934E-12
         1.000432252883911E+00        -3.811728390701319E-07         1.088192105869190E-10
         1.000269412994385E+00         1.830579634543028E-07        -1.725715959022267E-10
         1.000252127647400E+00        -1.180430331260141E-07        -7.047331468390539E-11
         9.993804097175598E-01         6.839552497694967E-07        -9.691704383474331E-11
         9.993328452110291E-01         3.798997454396158E-07         9.666082517734154E-11
         9.991239309310913E-01         1.600788266387099E-07         3.624245348277100E-10
         9.991397857666016E-01        -5.212476708038594E-07         8.427465947313806E-10
         9.999142885208130E-01        -1.417268094883184E-06         1.057723020281287E-09
         9.999830126762390E-01        -1.382776190439472E-06         6.812542197032201E-10
         9.994694590568542E-01        -3.558967165417926E-08         1.998689963533806E-10
         9.997283816337585E-01        -1.805964160439544E-07         1.757908124622176E-10
         9.997454881668091E-01        -1.375765208422308E-07         6.408875513619350E-11
         1.000241160392761E+00        -7.133248800528236E-07        -2.933756709788682E-11
         1.000007748603821E+00        -5.041484314460831E-07        -1.578555064440934E-10
         1.000154256820679E+00        -1.198333052343514E-06        -4.462252095605024E-11
         9.998846650123596E-01        -5.802823466183327E-07        -1.197037087508068E-11
         9.993841648101807E-01        -4.501144701407611E-07        -4.076756640603030E-11
         9.987424015998840E-01         8.377145377380657E-07        -1.661656368057152E-10
         9.994233846664429E-01        -7.034520876914030E-08         3.036856530136411E-11
         9.991518259048462E-01        -5.473525988008987E-08         2.095164319815268E-11
         9.994500279426575E-01        -2.307762336783981E-08         1.315106335463001E-12
         1.000135183334351E+00        -3.775007542117237E-07        -4.845975617312481E-12
         1.000340938568115E+00        -6.149217028905696E-07        -1.293969376092718E-10
         1.000922799110413E+00        -1.600118366695824E-06         5.179836420898809E-11
         1.000557184219360E+00        -8.028521278902190E-07        -8.869731338290165E-11
         1.000208377838135E+00        -9.393721711603575E-08        -2.685178746020256E-10
         1.000482082366943E+00        -4.690990067501843E-07        -1.847857283854282E-11
         1.000138998031616E+00         2.552261264554545E-07        -2.759032169397102E-10
         9.998896718025208E-01         5.172075248083274E-07        -3.710815821289515E-10
         1.000098824501038E+00         4.206110588711454E-07        -2.621411143710617E-10
         9.996253252029419E-01         1.269943368242821E-06        -3.786817526219011E-10
         1.000199913978577E+00         5.509758125299413E-07        -2.092433865064081E-10
         9.999144077301025E-01         1.298992970077961E-06        -4.923669805201314E-10
         1.000120878219604E+00         1.237700757883431E-06        -3.059903719293544E-10
         9.999536871910095E-01         1.285336111322977E-06        -2.215637950886418E-10
         9.999361038208008E-01         1.064156890606682E-06        -1.789161874210521E-10
         9.999696016311646E-01         9.692283811091329E-07        -1.155756254589413E-10
         9.996999502182007E-01         1.031388592309668E-06        -5.678892078808673E-11
         9.997598528862000E-01         6.698726338072447E-07        -1.899939511273985E-10
         1.000251889228821E+00        -4.842715384256735E-08        -2.192321844896039E-11
         1.000506162643433E+00        -3.696753196891223E-07         1.613792606491860E-11
         1.000421047210693E+00        -2.223581105909034E-07        -7.091620346511007E-11
         1.000363469123840E+00        -1.560143232381961E-07         5.465370517265811E-11
         9.999955296516418E-01         4.374815318897163E-07        -1.635582919101708E-10
         9.994259476661682E-01         4.367982455732999E-07        -7.614214120321705E-11
         9.991308450698853E-01         3.468086049451813E-07        -1.304341634700279E-10
         9.990041851997375E-01         1.296100009540169E-07         1.676444261189403E-10
         9.992299079895020E-01        -2.503994380731456E-07         4.270478692891544E-10
         9.996211528778076E-01        -5.586064730778162E-07         1.827772239115788E-10
         9.999746680259705E-01        -1.274559735975345E-06         3.848425744745754E-10
         1.000136494636536E+00        -1.354724872726365E-06         3.471734566495854E-10
         1.000038743019104E+00        -1.315839881499414E-06         3.957276450972103E-10
         9.998267889022827E-01        -5.626004053738143E-07         5.646800388392492E-11
         9.996261596679688E-01         7.111874111842553E-08        -1.216128309167175E-10
         1.000018477439880E+00        -2.674452161954832E-07        -1.457860915321518E-10
         9.999871253967285E-01        -1.826623758915957E-07        -5.944258280043968E-11
         9.997155070304871E-01         6.621853572141845E-07        -2.865181425448782E-10
         1.000133514404297E+00         3.398607475446624E-07        -2.399729581714638E-10
         1.000147461891174E+00         6.591449732695764E-07        -1.570464730482612E-10
         1.000076651573181E+00         5.888870191483875E-07         8.029115566854372E-11
         1.000182390213013E+00         1.391607185041721E-07         6.423563903013019E-10
         1.000197887420654E+00         1.956691590976334E-07         2.559885359243452E-10
         1.000276565551758E+00         2.886491188291984E-07         2.171006291407096E-10
         1.000204920768738E+00         4.112179041726449E-08         3.592862118928508E-10
         1.000170230865479E+00        -4.034291478660634E-08         2.221416245395957E-10
         1.000352859497070E+00        -1.553857913449974E-07         2.037233298723962E-10
         1.000506043434143E+00        -1.855495241898097E-07         4.858693308795736E-11
         1.000448584556580E+00         2.940947041452091E-09        -1.747841593680022E-10
         1.000575542449951E+00        -4.665130575176590E-07        -1.310691971623257E-10
         1.000276565551758E+00        -1.292212914449919E-07        -1.982731617777844E-10
         1.000605702400208E+00        -1.046495526679792E-06        -6.118006101729634E-11
         1.000494003295898E+00        -9.807237120185164E-07        -1.105018646030409E-10
         1.000275135040283E+00        -1.660194470787246E-07        -3.306740159469967E-10
         1.000437259674072E+00        -2.408013983767887E-07        -3.326208197762526E-10
         1.000078558921814E+00         2.723514853641973E-07        -3.394297898307030E-10
         9.998990893363953E-01         6.788871331764312E-08        -9.298189301842896E-11
         9.997575879096985E-01        -7.136158615139720E-07         1.752171741031816E-10
         9.995493292808533E-01        -5.917535759181192E-07         7.315680006225733E-11
         1.000197529792786E+00        -1.695490595921001E-06         2.103238277983976E-10
         9.940855503082275E-01         5.259699264570372E-06        -1.653534753565111E-09
         9.963315725326538E-01         3.091728785875603E-06        -1.146847616873004E-09
         9.986910223960876E-01         6.438927471208444E-07        -5.553706383665258E-10
         1.000447392463684E+00        -7.590696782244777E-07        -2.306478896763053E-10
         1.001643657684326E+00        -1.719790930110321E-06         2.174536418986239E-11
         0.000000000000000E+00         0.000000000000000E+00         0.000000000000000E+00
         0.000000000000000E+00         0.000000000000000E+00         0.000000000000000E+00
         0.000000000000000E+00         0.000000000000000E+00         0.000000000000000E+00
         1.000388741493225E+00        -2.008545578746634E-07        -5.057599339330920E-10
         1.000687479972839E+00        -4.644686839583301E-07        -5.418598347795012E-10
         1.000397086143494E+00        -9.960069746739464E-08        -6.491936432873047E-10
         1.000104904174805E+00         5.545414296648232E-07        -7.977762894739726E-10
         9.998611807823181E-01         7.586741617160442E-07         2.348253258510624E-10
         1.000189661979675E+00         5.993455687303140E-08         2.475900873211145E-10
         1.000430941581726E+00        -6.445480948968907E-07         3.844525808816002E-10
         1.000110864639282E+00        -3.309946237095573E-07         2.937523280177601E-10
         9.999502897262573E-01         1.373596489884221E-07         2.324337250447783E-10
         1.000295400619507E+00        -2.129406766471220E-07         3.037271267825048E-10
         1.000522136688232E+00        -6.225212700883276E-07         4.074812987031606E-10
         1.000500202178955E+00        -8.372870752282324E-07         4.156810728961347E-10
         1.000201702117920E+00        -9.041443149726547E-07         4.205029102699598E-10
         1.000187873840332E+00        -1.179700461761968E-06         4.665482444821123E-10
         1.000059723854065E+00        -9.692013236417552E-07         3.572797335760214E-10
         9.996531009674072E-01        -2.193822865592665E-07         2.566828416483702E-10
         9.996507167816162E-01         3.132516326331825E-07         2.328783277327773E-10
         9.996995329856873E-01         6.886542678330443E-07         8.728896772058903E-11
         9.996756911277771E-01         9.227919122167805E-07         6.936658886180780E-11
         1.000052213668823E+00         9.871403108263621E-07         2.941784316146112E-11
         1.000589132308960E+00         1.062061642187473E-06        -1.990748399460784E-10
         1.000796318054199E+00         4.168906855284149E-07        -1.051751810643431E-10
         1.000582218170166E+00         1.637862538927948E-07        -1.086749856771263E-10
         1.000223517417908E+00         6.215208259163774E-07        -1.470467775321893E-10
         1.000269174575806E+00         6.422552019103023E-07        -6.150879111599394E-11
         1.000540614128113E+00         3.233795951018692E-07         4.921835508597816E-11
         1.000478744506836E+00         1.489482741590109E-07         1.842781656435921E-11
         1.000403761863708E+00        -3.445378027322477E-08        -3.138551918357990E-11
         1.000290751457214E+00         4.223932421609788E-07        -5.682671694318131E-11
         1.000815749168396E+00        -4.640541817479971E-08         7.176723104684868E-11
         1.000959992408752E+00        -4.345389470472583E-08         1.956841112760177E-11
         1.000805377960205E+00        -1.276076631029355E-07        -4.341503892502097E-11
         1.000497460365295E+00        -9.170644688083485E-08        -5.877135583753912E-12
         1.000271916389465E+00        -2.027469037102492E-08         9.783609339342192E-11
         1.000028252601624E+00         3.512786861392669E-07         7.111042310548044E-11
         1.000165104866028E+00         2.783719423860020E-07         5.180204182275716E-11
         1.000587701797485E+00        -2.039386970409396E-07         5.806847017120198E-11
         1.000899910926819E+00        -8.057303375608171E-07         2.144209809706865E-10
         1.000281810760498E+00        -2.404366057362495E-07        -7.723943012960532E-11
         1.000022649765015E+00        -3.994555299868807E-07        -5.210282552625678E-11
         9.997745752334595E-01        -8.063197469709849E-07         1.678807232119439E-10
         9.994579553604126E-01        -1.698844442898917E-07        -1.884916485048183E-12
         9.992854595184326E-01         3.568864315184328E-07        -9.810933315756998E-11
         9.991348981857300E-01         4.252890448697144E-07        -1.861458626128965E-10
         9.989257454872131E-01         4.781743427884066E-07        -1.993249454379509E-10
         9.986700415611267E-01         4.155906481173588E-07        -2.481075622728923E-10
         9.987359046936035E-01        -2.504018254967377E-07        -1.152435369355942E-10
         9.982980489730835E-01         2.710026478780492E-07        -8.749326263490786E-11
         9.983179569244385E-01         3.783367787946190E-07        -1.123238863032228E-10
         9.984198212623596E-01         3.924355382878275E-07        -2.710227042790336E-10
         9.981580972671509E-01         1.215086058437009E-06        -3.319855779171377E-10
         9.984407424926758E-01         1.294521325689857E-06        -2.933778497915540E-10
         9.988152384757996E-01         5.473947908285481E-07        -2.874413033981948E-11
         9.990507960319519E-01         6.089180715207476E-07        -2.028402168452459E-10
         9.997988343238831E-01        -1.922263663800550E-07        -1.646306008185050E-10
         9.998251795768738E-01         7.907144095042895E-08        -1.606530464215439E-10
         9.995869398117065E-01         2.012647968285819E-07        -2.539081098151819E-11
         9.993630051612854E-01         6.093342790336465E-07        -2.163271506372411E-10
         9.993991255760193E-01         7.203972813840664E-07        -2.013845062931452E-10
         9.992970824241638E-01         1.212571646647120E-06        -2.067079979406472E-10
         9.991543292999268E-01         1.541071014798945E-06        -2.805094490021531E-10
         9.990263581275940E-01         1.552447997710260E-06        -2.810023325139355E-10
         9.994176030158997E-01         6.581217917300819E-07        -6.440322667528031E-12
         9.998779892921448E-01        -2.234098275266660E-07        -2.052459417700714E-11
         1.000475645065308E+00        -6.683490596515185E-07         7.174308369606308E-11
         1.000892400741577E+00        -9.805480658542365E-07         2.519816300061706E-10
         1.001189231872559E+00        -5.754538960900391E-07         4.235214609571436E-12
         1.001438617706299E+00        -1.664449769123166E-07        -4.257266414398053E-11
         1.001115679740906E+00         2.849280633654416E-07        -1.546503480831518E-10
         1.000814557075500E+00         2.853322484952514E-07        -6.181571227115157E-11
         1.000629305839539E+00         9.939744138875994E-09         3.024820116603877E-10
         1.000522494316101E+00         3.736870368697964E-09         1.579418956731971E-10
         1.000319123268127E+00         2.903098845763452E-07        -5.854590423570727E-11
         9.999092817306519E-01         3.777712436203728E-07        -1.321621562189179E-10
         1.000060796737671E+00         2.507683234398428E-07         3.204024545677697E-11
         1.000030875205994E+00         4.466409677661431E-07        -3.803297260462912E-11
         9.999642372131348E-01         7.538117188232718E-07        -1.794467491267326E-10
         9.997766017913818E-01         5.725700020775548E-07        -5.229045668686538E-11
         9.997456669807434E-01         3.790120501889760E-07        -6.157984538956995E-11
         9.992554783821106E-01         6.266309355851263E-07        -9.774780984628251E-11
         9.989047646522522E-01         4.510131077495316E-07        -4.350932461538726E-11
         9.990378618240356E-01         1.084006981955099E-07         4.426969554827132E-11
         9.992655515670776E-01        -1.112428691385503E-07         1.970293893316377E-11
         9.992908835411072E-01        -6.236464145104037E-08         5.572273979043141E-12
         9.994436502456665E-01        -1.577744939140757E-07        -4.052747373806120E-11
         9.996265769004822E-01        -1.754596610226145E-07         3.500374295972719E-11
         9.998383522033691E-01         8.082936631126358E-08        -1.749321659749725E-10
         9.999533891677856E-01        -1.180809334755395E-07        -1.088033829699242E-10
         1.000106453895569E+00        -5.994477874082804E-07         4.198515233394540E-12
         9.997875690460205E-01        -3.565145618722454E-07        -2.001838278475887E-11
         9.996318817138672E-01        -1.931939550559036E-07        -6.850591621754276E-11
         9.997848868370056E-01        -3.461364599388617E-07         1.262880858915461E-11
         9.999398589134216E-01        -4.171505736394465E-07         1.014388434361635E-10
         1.000036597251892E+00        -4.662907144847850E-07         7.931129364369127E-11
         9.998462796211243E-01         1.184458469083438E-07        -7.786200156845169E-11
         9.991815686225891E-01         1.035588752529293E-06        -2.107651553284740E-10
         9.993070363998413E-01         7.912775004115247E-07        -1.108416344819396E-10
         9.998067617416382E-01        -1.568683387631609E-07         2.226459711041073E-10
         9.995071291923523E-01         2.288077212142525E-07         2.537327813134649E-11
         9.992002248764038E-01         4.313291128710262E-07        -2.237901183810287E-11
         9.991489648818970E-01         8.264845519079245E-07        -1.756646772488324E-10
         9.995763301849365E-01         3.846006393359858E-07        -8.223482311775498E-11
         9.997161626815796E-01         6.411706721110022E-08        -9.625812646962828E-11
         9.993242621421814E-01         6.222149977475055E-07        -1.082799683249647E-10
         9.994781017303467E-01         3.281131739640841E-07        -1.044247188719538E-10
         1.000082731246948E+00        -3.785249020893389E-07         5.453676399369556E-11
         1.000128149986267E+00        -5.849863669027400E-07         2.243415453406783E-10
         1.000237941741943E+00        -3.633922460721806E-07         1.365978684331193E-11
         1.000533699989319E+00        -6.823528337918106E-07         2.480615157729460E-10
         1.000397920608521E+00        -3.877032952459558E-07         1.090448287222046E-10
         1.000112414360046E+00         1.581875039846636E-07        -1.236430124951227E-10
         9.995399713516235E-01         8.682965244588559E-07        -2.769808826741382E-10
         9.997311234474182E-01         1.152840454210491E-07        -1.164135940423527E-10
         9.999250173568726E-01        -4.854275630350458E-07         7.136352273007240E-12
         1.000161647796631E+00        -6.756660013707005E-07         8.551111208010553E-11
         9.999946355819702E-01         1.674635825565929E-07        -4.844760009836691E-11
         9.996335506439209E-01         6.747363840986509E-07        -2.834134316120895E-10
         9.996696710586548E-01         4.291507025300234E-07        -2.273816274156459E-10
         9.996006488800049E-01         6.984676588217553E-07        -3.022408712194391E-10
         1.000301241874695E+00        -2.908560077230504E-07         1.033972629738145E-10
         1.000477075576782E+00        -5.078791787127557E-07         4.529071215286784E-11
         9.999294877052307E-01         2.163530439247552E-07         1.129336121147295E-11
         9.992949962615967E-01         1.101478346754448E-06        -5.343760989262591E-10
         9.994996190071106E-01         7.530267680522229E-07        -2.521321207371585E-10
         1.000130653381348E+00         3.687836169774528E-08        -7.260977930023671E-11
         1.000390768051147E+00        -1.191635803365898E-07        -1.294849644173368E-10
         1.000044465065002E+00         2.869489890144905E-07        -1.498124541088330E-10
         9.996402859687805E-01         9.263138167625584E-07        -2.834380508076606E-10
         9.999764561653137E-01         5.018708293391683E-07        -1.493465906499125E-10
         9.998297095298767E-01         6.869435082990094E-07        -5.501965549825627E-11
         9.998319745063782E-01         7.325872388719290E-07        -7.004694740908590E-11
         1.000087022781372E+00         2.069536293447527E-07         3.696908751349426E-11
         1.000488281250000E+00        -7.940940349726588E-07         1.721408154908843E-10
         1.000016570091248E+00         9.976226955643597E-09        -9.650599069876975E-11
         1.000062108039856E+00        -4.392765049487934E-07         5.225768429095723E-11
         9.996827244758606E-01         2.688537676931446E-07        -1.819237989419964E-11
         1.000304937362671E+00        -5.394586537477153E-07         1.795186915787284E-10
         9.997436404228210E-01         3.897558258358913E-07        -3.918468327590574E-11
         9.996013641357422E-01         2.014961211216360E-07         3.497604636470975E-11
         9.999266266822815E-01        -4.461364540020440E-07         2.815321309412866E-10
         9.996770024299622E-01        -3.789789388974896E-07         3.661157210732569E-10
         9.996059536933899E-01        -9.675597993918927E-07         3.377280954897088E-10
         9.992716908454895E-01        -5.613136977444810E-07         1.502890867310924E-10
         9.994918107986450E-01        -5.461564569486654E-07         3.051477126536639E-11
         9.994279146194458E-01         1.377472500507793E-07        -1.017708348149959E-10
         9.998223781585693E-01        -3.610150258737121E-07         8.263323358903563E-11
         1.000056624412537E+00        -6.491467843261489E-07         1.398520101808520E-11
         1.000168681144714E+00        -7.832089750081650E-07         1.207040856154862E-10
         1.000140786170959E+00        -4.260130026523257E-07         9.251101967810982E-11
         1.000049591064453E+00         4.769376715785256E-08        -2.384759230367184E-11
         1.000001549720764E+00         5.562596925301477E-07        -1.067021887513064E-10
         1.000295639038086E+00         4.409833991303458E-07        -6.306424132906940E-11
         1.000217795372009E+00         4.116689069633139E-07        -8.292122544162339E-11
         9.999880790710449E-01         4.715010675226949E-07         6.476494340823535E-11
         1.000002980232239E+00         2.033854968885862E-07        -7.861308132239841E-11
         1.000010251998901E+00         5.150531592335028E-07        -3.176883409117259E-11
         9.997668862342834E-01         1.011958374874666E-06        -2.495479656250410E-10
         1.000220179557800E+00         1.759818815116887E-07        -5.932179747425437E-11
         1.000120639801025E+00         1.954819595084700E-07        -5.563558988508355E-11
         1.000235676765442E+00        -2.837539909705811E-07        -1.541417410377832E-10
         1.000451087951660E+00        -5.957704161119182E-07        -1.705886681913071E-10
         1.000376582145691E+00        -3.548200879777141E-07        -5.690642748690244E-11
         1.000207185745239E+00        -3.049988492875855E-07        -8.001366062770909E-12
         9.997938275337219E-01         2.010629600590619E-07         3.361716807703807E-11
         9.996053576469421E-01         5.450305593512894E-07        -4.208160556129492E-11
         9.992451071739197E-01         1.044954728968150E-06        -2.335893700688985E-10
         9.991444349288940E-01         1.733012481963669E-06        -2.678707811121228E-10
         9.995296597480774E-01         1.281233380723279E-06        -1.514392639068163E-10
         9.995976090431213E-01         1.200933525069559E-06        -2.730335957323859E-10
         9.998815059661865E-01         8.843435921335185E-07        -7.755002195963812E-11
         1.000017762184143E+00         5.661844397764071E-07        -2.052577968703062E-10
         9.999527931213379E-01         2.645495271735854E-07        -1.168736218915001E-10
         9.997879862785339E-01         7.219693429760810E-07        -1.566460572366424E-10
         9.996294379234314E-01         1.267444986297050E-06        -3.535789161457359E-10
         9.996781349182129E-01         1.172214638245350E-06        -3.064485332160416E-10
         9.995370507240295E-01         1.631909867683135E-06        -2.765314366381944E-10
         9.996787905693054E-01         1.306650688093214E-06        -2.244703173337470E-10
         9.995036125183105E-01         1.666899379415554E-06        -4.047822077524188E-10
         9.975668787956238E-01         3.202661673640250E-06        -7.223160958247377E-10
         9.986616373062134E-01         1.598486164766655E-06        -4.268387310268906E-10
         1.000009894371033E+00         5.539812164556679E-09        -1.591845405490844E-11
         0.000000000000000E+00         0.000000000000000E+00         0.000000000000000E+00
         0.000000000000000E+00         0.000000000000000E+00         0.000000000000000E+00
         0.000000000000000E+00         0.000000000000000E+00         0.000000000000000E+00
         0.000000000000000E+00         0.000000000000000E+00         0.000000000000000E+00
         1.002065181732178E+00        -5.063407570560230E-06         2.666011189589312E-09
         1.001940727233887E+00        -4.779758910444798E-06         2.696499690202359E-09
         1.001893281936646E+00        -4.793622338183923E-06         2.794489972757219E-09
         1.001160144805908E+00        -1.716472183943551E-06         3.934943759720255E-10
         1.001038789749146E+00        -1.454713014936715E-06         3.579022078703531E-10
         1.000757813453674E+00        -1.187853968076524E-06         2.504453311402699E-10
         1.000700712203979E+00        -1.138349716711673E-06         2.768166806887962E-10
         1.000527024269104E+00        -8.403015385738399E-07         2.309697155755686E-10
         1.000705838203430E+00        -7.465803264494753E-07         1.522490328254023E-10
         1.000710844993591E+00        -8.099957540252944E-07         1.186384879225955E-10
         1.000545978546143E+00        -7.381233899650397E-07         1.173020430789151E-10
         1.000605940818787E+00        -9.141049872596341E-07         2.044877739360018E-10
         1.000760555267334E+00        -1.129639485952794E-06         2.521582387338128E-10
         1.001130223274231E+00        -1.156384541900479E-06         1.814693534329948E-10
         1.001003146171570E+00        -8.248521794484986E-07         1.259704285327956E-10
         1.000774145126343E+00        -5.844835300194973E-07         3.518009147884804E-11
         1.000553131103516E+00        -2.896626938309055E-07         3.182503913179424E-11
         1.000194668769836E+00        -1.789264558738068E-08        -4.127828287514568E-11
         9.996794462203979E-01         5.911600453600840E-08        -3.648611274220670E-11
         9.993086457252502E-01         1.802899021186022E-07        -2.115167069272061E-11
         9.990882873535156E-01         3.551475060703524E-07         1.969284110781011E-12
         9.990545511245728E-01         4.896778023066872E-07        -1.457261568360568E-11
         9.990576505661011E-01         7.046369319141377E-07        -1.013328379539935E-10
         9.996815323829651E-01         2.086309507376427E-07         1.228724899604572E-10
         9.999554157257080E-01        -7.542461655241084E-10         2.170171820026212E-10
         9.998984336853027E-01        -3.908829739884823E-07         2.090839029689207E-10
         9.997223019599915E-01        -1.517649472759786E-08         1.249955000615088E-10
         1.000135779380798E+00        -2.873708240258566E-07         1.308480129802447E-10
         9.999799132347107E-01        -4.380486529065308E-10         2.913801491755130E-11
         1.000069856643677E+00        -2.485683978648012E-07         7.636308946290526E-11
         9.998391270637512E-01        -5.717479112377077E-08         9.624734819899117E-13
         1.000140190124512E+00        -3.612862258250971E-07        -1.922091365192877E-13
         1.000002384185791E+00        -5.480302434079931E-07         9.259592398391803E-11
         9.997047781944275E-01        -4.403990203627473E-07         2.727865502927251E-11
         9.998202323913574E-01        -8.414887986418762E-08        -4.218979332559769E-11
         1.000312328338623E+00        -1.282675157199265E-07        -5.911542783065826E-11
         1.000412464141846E+00        -3.083066602016515E-08        -4.309897577714494E-11
         1.000007271766663E+00         4.108653683942975E-07        -7.055048906190464E-11
         9.997580647468567E-01         4.199918635094946E-07        -9.412568641176122E-11
         9.998078942298889E-01         5.431729164229182E-07        -9.830859043491458E-11
         1.000138044357300E+00        -2.541401897815376E-07         7.476066293810035E-11
         1.000467300415039E+00        -5.706132242266904E-07         1.303877145142351E-10
         1.000705003738403E+00        -7.018917358436738E-07         2.148699829174205E-10
         1.000512480735779E+00        -9.527017255095416E-07         2.071624261024141E-10
         1.000773429870605E+00        -1.444697886654467E-06         3.622806221681429E-10
         1.000702977180481E+00        -1.517340933787636E-06         4.140217890746811E-10
         1.000684142112732E+00        -1.240543497260660E-06         3.619885502459397E-10
         1.000632405281067E+00        -8.590797619945079E-07         2.667400744726933E-10
         1.000780940055847E+00        -7.107432224984223E-07         2.883892846750058E-10
         1.000576138496399E+00        -7.539913440268720E-07         2.712079449906923E-10
         1.000612735748291E+00        -7.478530505977687E-07         2.391856435135509E-10
         1.000356197357178E+00        -5.259772706267540E-07         1.831764323556584E-10
         9.999967813491821E-01        -1.413831114405184E-07         6.719062112248153E-11
         9.995798468589783E-01        -2.106366849830010E-07         1.252151299313553E-10
         9.991572499275208E-01         3.456117951827764E-07         4.575360923464444E-11
         9.994950890541077E-01         1.832367786391842E-07         4.143967113900970E-11
         9.995159506797791E-01         2.310755178314139E-07         1.352666676585068E-11
         9.992935657501221E-01         5.921845058765030E-07        -8.397507689217321E-11
         9.995610117912292E-01         6.310289109023870E-07        -9.504000364479737E-11
         9.999052286148071E-01         1.557529287765647E-07         2.650205228882374E-11
         9.998733401298523E-01         1.229852415463029E-07        -8.329490569503051E-11
         9.997016787528992E-01         1.448231898848462E-07        -4.781601156689241E-11
         9.995324015617371E-01         1.896170402915232E-07        -1.466322341325821E-10
         9.995211362838745E-01         3.476302197213954E-07        -2.400119165912873E-11
         9.999912977218628E-01         3.476588403827918E-07        -1.163780738444586E-10
         1.000042319297791E+00         5.273352599033387E-07        -1.387166909116999E-10
         1.000228285789490E+00         9.942520762251661E-08        -1.325185239320348E-10
         9.999859333038330E-01        -1.352921401576168E-07        -4.666067185410405E-11
         9.999179840087891E-01        -4.523965628777660E-07        -8.214011935903098E-12
         9.998041987419128E-01        -2.382253683208546E-07        -4.968968986274191E-11
         9.997025728225708E-01         5.645245337859706E-08        -1.580328645722773E-10
         9.996009469032288E-01         4.142736713674822E-07        -1.977592117841098E-10
         9.998391866683960E-01         1.917134966333833E-07        -1.038118410678912E-10
         9.993764758110046E-01         8.108306701615220E-07        -1.688517520248567E-10
         9.991667270660400E-01         7.672035167161084E-07        -1.721791736963851E-10
         9.993021488189697E-01         6.640342462560511E-07        -1.986897729677750E-10
         9.995009303092957E-01         4.720569961591536E-07        -1.695176776728147E-10
         9.998033642768860E-01         9.365144393314040E-08        -9.801616462912222E-11
         9.997193217277527E-01         3.368701015915576E-07        -1.191205745154633E-10
         9.994879364967346E-01         3.502462107007887E-07        -2.974192420124311E-11
         9.995397329330444E-01         4.157463422416185E-07        -1.584329056836253E-10
         9.994615316390991E-01         7.015910910013190E-07        -1.038011135379158E-10
         9.999537467956543E-01         4.945434852743347E-07        -1.523725728924674E-10
         1.000257611274719E+00         5.696744551642041E-07        -1.589915699096167E-10
         1.000269293785095E+00         5.666772153745114E-07        -1.218075362796611E-10
         1.000362873077393E+00         2.873977962281060E-07        -9.679191476097415E-11
         1.000235676765442E+00         1.473708266530593E-08        -7.830729120694713E-12
         1.000095844268799E+00         1.639733824276846E-07        -8.410920571133573E-11
         1.000236511230469E+00        -2.525873981085169E-07         8.969133769021198E-11
         9.998418092727661E-01        -3.476020538073499E-07         1.120587390240901E-11
         9.997963309288025E-01        -4.546271270555735E-07         6.346376896226857E-11
         9.998731017112732E-01        -3.182177579219569E-07         3.407207502248433E-11
         1.000136494636536E+00        -4.086654996626748E-07         6.099454274988148E-11
         1.000198006629944E+00         9.210529583469906E-08        -1.256147408312813E-10
         1.000217199325562E+00        -2.309130486821687E-08        -7.249325445490840E-11
         1.000338196754456E+00         6.051842404986019E-08        -1.474199512463414E-10
         1.000418663024902E+00        -1.030908265420294E-07        -5.265401656351365E-11
         1.000384330749512E+00        -4.413318421825352E-08        -1.270000164060869E-11
         1.000262260437012E+00        -1.422095063929874E-08         2.399062892788351E-11
         9.997916221618652E-01         6.396842877620657E-07        -1.515394615347887E-10
         1.000032067298889E+00         5.559947879874017E-08         1.565035080697275E-11
         9.998581409454346E-01         3.201279241693555E-07        -9.860667837813253E-11
         9.999579191207886E-01         1.147909998167052E-07         3.427515909981693E-11
         0.000000000000000E+00         0.000000000000000E+00         0.000000000000000E+00
         9.999430775642395E-01        -1.603534656169359E-07         2.153959129114202E-11
         1.000234246253967E+00        -2.805343513045955E-07         2.172259074006977E-11
         1.000143647193909E+00        -2.128646912069598E-07         3.275946527936391E-11
         9.997676014900208E-01         1.240658349388468E-07        -3.133936513077806E-11
         9.997140169143677E-01        -1.049943563202760E-07         7.028317511315052E-11
         9.994165897369385E-01         5.817526727014410E-08         2.450862776615104E-11
         9.992966055870056E-01         4.983373287359427E-07        -5.414862308539270E-11
         9.992859959602356E-01         6.812068704675767E-07        -9.872397344068418E-11
         9.994104504585266E-01         4.688987189638283E-07        -5.726209090228807E-11
         9.995374679565430E-01         1.163982901175586E-07         6.212094727509054E-11
         9.996355772018433E-01         3.544690230228298E-08         2.323278028293352E-11
         1.000078558921814E+00        -4.560339732506691E-07         1.407294419886185E-10
         1.000229835510254E+00        -6.840384116912901E-07         1.548047245947259E-10
         1.000409483909607E+00        -7.555237857559405E-07         2.297372569959322E-10
         1.000633001327515E+00        -8.135677944665076E-07         1.760368517622624E-10
         1.000235557556152E+00        -1.483165732452107E-07         1.345823409312774E-12
         9.999927878379822E-01         4.219553488837846E-07        -1.106558455976625E-10
         9.999897480010986E-01         5.644700422635651E-07        -3.796623432306134E-11
         9.998588562011719E-01         1.722447109386849E-07         8.533120737785893E-11
         9.998764991760254E-01        -1.071280024689258E-07         1.079964173644754E-10
         1.000026702880859E+00        -5.964498654975614E-07         2.561024448066718E-10
         1.000162959098816E+00        -5.927476536271570E-07         1.856552689361024E-10
         1.000066995620728E+00        -2.097439022463732E-07         1.157077836322351E-10
         9.999188780784607E-01        -6.416135533982015E-08         7.492500370132049E-11
         9.999125003814697E-01        -2.007718649110757E-07         6.961048404363623E-11
         9.999322891235352E-01        -5.544278280922299E-08        -2.966153866035444E-14
         1.000090241432190E+00        -2.497056357242400E-07         9.444597881547168E-11
         1.000097036361694E+00         4.882289061924894E-08        -1.911971449219951E-11
         1.000023126602173E+00        -1.482825524590226E-07         1.249453405322010E-11
         9.994515776634216E-01         5.659730391016637E-07        -1.233720486881751E-10
         9.991744756698608E-01         6.767650120309554E-07        -1.630119511597528E-10
         9.994815587997437E-01         4.300827640690841E-07        -3.631903805478842E-11
         9.994184374809265E-01         4.270996214472689E-07        -1.094234425291774E-10
         9.994118213653564E-01         3.349653638906602E-07        -1.009906394622284E-10
         9.995264410972595E-01         2.512126684450777E-07        -2.223423667402358E-10
         9.996130466461182E-01         1.150893069734593E-07        -7.146149644254862E-11
         9.997456073760986E-01         1.635562369983745E-07        -4.742061951445997E-11
         9.997765421867371E-01         3.832792927482842E-08         8.405914853071295E-12
         9.996617436408997E-01        -2.690274003569471E-09        -2.512395131347434E-13
         9.998407959938049E-01        -1.563531384363159E-07        -5.210095896379663E-11
         1.000037670135498E+00        -4.349161599748186E-07        -3.108689000663745E-11
         1.000292897224426E+00        -5.402308715929394E-07         1.306383612398321E-10
         1.000126957893372E+00        -6.534623366860615E-07         1.233540075640249E-10
         1.000162601470947E+00        -5.478536309055926E-07         6.192104468061288E-11
         1.000199198722839E+00        -4.045592447710078E-07         4.652675467120559E-11
         1.000228166580200E+00        -5.020357889407023E-07         6.074579034232030E-11
         1.000611186027527E+00        -7.480856538677472E-07        -2.062645367006954E-11
         1.000565409660339E+00        -7.569846047772444E-07         3.793175842869978E-11
         1.000566124916077E+00        -9.094788993024849E-07         2.152959616141814E-10
         1.000577449798584E+00        -1.060255613083427E-06         2.773009044609864E-10
         1.000464439392090E+00        -1.074874489859212E-06         1.925683362768993E-10
         1.000771880149841E+00        -1.316670704909484E-06         3.302556839113180E-10
         1.001183629035950E+00        -1.592342869116692E-06         3.798221737127960E-10
         1.001278758049011E+00        -1.499371592217358E-06         4.021751265348428E-10
         1.001111745834351E+00        -1.168570179288508E-06         3.115211144599783E-10
         1.000850677490234E+00        -8.627271199657116E-07         2.723846148633413E-10
         1.000894427299500E+00        -7.044164362923766E-07         2.533949994276696E-10
         1.000825524330139E+00        -4.335277026257245E-07         6.173016264821030E-11
         1.000867247581482E+00        -5.683891686203424E-07         1.433567292652427E-10
         1.000950694084167E+00        -8.508636142323667E-07         1.727057802325405E-10
         1.000989317893982E+00        -9.889533885143464E-07         2.449240532609309E-10
         1.000829219818115E+00        -3.330131050915952E-07         2.334413912175037E-11
         1.000902175903320E+00        -3.159833568133763E-07         1.144860733992559E-10
         1.000638961791992E+00        -2.156892264792987E-07         5.678052819590995E-11
         1.000297784805298E+00        -9.632450570506990E-08        -7.318432318492718E-12
         9.999595284461975E-01        -7.461822093546289E-08         5.766802313456054E-11
         9.998841285705566E-01        -4.024633142307721E-07         7.552981851066676E-11
         9.999205470085144E-01        -7.310061960197345E-07         1.093839116506068E-10
         9.996400475502014E-01        -5.467771302392066E-07         1.916059116924274E-10
         9.999420642852783E-01        -6.669516210422444E-07         1.143613051479697E-10
         1.000476956367493E+00        -1.408167236149893E-06         3.180241625599933E-10
         1.000310897827148E+00        -1.206627644023683E-06         2.557999090324614E-10
         9.986042380332947E-01         7.826158139323525E-07        -3.741429943637797E-10
         1.000378489494324E+00        -1.084293558051286E-06         5.389312607295693E-11
         9.992939233779907E-01         2.272847581252790E-07        -2.143950572630615E-10
         1.000272989273071E+00        -1.079385583580006E-06         1.161282597861302E-10
         1.001508593559265E+00        -2.400059656793019E-06         5.209689901697345E-10
         0.000000000000000E+00         0.000000000000000E+00         0.000000000000000E+00
         0.000000000000000E+00         0.000000000000000E+00         0.000000000000000E+00
         0.000000000000000E+00         0.000000000000000E+00         0.000000000000000E+00
         0.000000000000000E+00         0.000000000000000E+00         0.000000000000000E+00
         9.988299012184143E-01         1.839514652601792E-06        -6.634910398872762E-10
         9.994925260543823E-01         1.200249926114338E-06        -1.004760941114569E-09
         9.987512230873108E-01         2.830645144058508E-06        -1.744332567277240E-09
         9.987401366233826E-01         2.772131210804218E-06        -2.325376335932106E-09
         9.992569088935852E-01         7.928179002192337E-08         1.564173235379940E-10
         9.985734820365906E-01         1.752508751451387E-06        -4.780876736165673E-11
         9.992988109588623E-01         6.103805958446173E-07         1.205133076664922E-10
         9.993498325347900E-01         5.603863542091858E-07         6.679738012715930E-11
         9.995046257972717E-01         4.732672920226833E-08         1.335466737195645E-10
         9.988790154457092E-01         1.450130184821319E-06         1.911041810909175E-11
         9.994875788688660E-01         5.324325798028440E-07         1.536343829933173E-10
         9.998541474342346E-01        -1.805794767051339E-07         2.833891177278502E-10
         1.000135540962219E+00        -4.220000846544281E-07         2.796460563114778E-10
         9.999539852142334E-01         4.591764479755511E-07         1.968149671016661E-10
         9.999651908874512E-01         5.322786478245689E-07         1.486381850934748E-10
         9.999267458915710E-01         4.117560763461370E-07         2.052743253155853E-10
         1.000430345535278E+00        -2.980429769650073E-07         3.047437024950028E-10
         1.000518441200256E+00        -1.977592631874359E-07         2.264860105016808E-10
         1.001176357269287E+00        -1.233537659572903E-06         3.081173927110825E-10
         1.000995397567749E+00        -1.342619839306280E-06         1.998358145627321E-10
         1.000506877899170E+00        -6.369300535880029E-07         6.410411090840284E-11
         1.000476598739624E+00        -1.637623796568732E-07        -4.770731032444075E-11
         1.000216126441956E+00         5.287751605465019E-07        -1.314900271998098E-10
         1.000240564346313E+00         7.623065698680875E-07        -1.323198911551415E-10
         1.000314116477966E+00         9.991208571591415E-07        -1.537022731312732E-10
         1.000008821487427E+00         1.466490630264161E-06        -2.146962468918545E-10
         1.000084519386292E+00         1.116900762099249E-06        -1.696009860330250E-10
         1.000143408775330E+00         1.022669948724797E-06        -1.328989973625738E-10
         1.000916481018066E+00        -2.246570574016005E-07        -8.091877862215213E-12
         1.000747680664062E+00         2.031930392831782E-07        -1.220423345715815E-10
         1.001016974449158E+00        -5.125410211803683E-07        -2.998495896022746E-11
         1.000789999961853E+00        -9.356263035442680E-07         1.475150036844841E-11
         1.000291824340820E+00        -1.716267519213943E-07        -4.424229385624479E-11
         1.000321269035339E+00         1.824906519232172E-07        -1.043399533440237E-10
         1.000168919563293E+00         7.387230311906023E-07        -7.292490222798875E-11
         1.000203847885132E+00         5.184563178772805E-07        -7.885748998237574E-11
         9.996915459632874E-01         1.288999555981718E-06        -2.742155946755531E-10
         1.000838041305542E+00        -9.979476089938544E-07         5.467085464894161E-11
         1.000485062599182E+00        -3.422726422286360E-07        -1.222094092589998E-10
         1.000553488731384E+00        -8.729970204512938E-07        -4.664041375335160E-11
         1.000337719917297E+00        -1.075719637810835E-06         6.295481497220479E-11
         9.998463988304138E-01        -2.397237892637349E-07         3.840466139548582E-11
         9.994505643844604E-01         5.065485879640619E-07         7.072485392473071E-12
         9.994962215423584E-01         6.197846005306928E-07        -7.452608669078487E-11
         9.996764659881592E-01         4.204482024761091E-07         2.489536788524704E-12
         9.997999072074890E-01         2.839885269168008E-07         9.265646409850614E-12
         1.000218749046326E+00        -5.041753752266231E-07         1.097941043637363E-10
         1.000189065933228E+00        -6.657905942120124E-07         8.996905304092806E-11
         1.000519275665283E+00        -9.879122444544919E-07         5.830089883085421E-11
         1.000582933425903E+00        -6.733710051776143E-07         1.060635260174969E-10
         1.000485420227051E+00        -1.769893742675777E-07         4.724546101564364E-11
         1.000321149826050E+00        -6.032733779193222E-08         2.760734349460670E-11
         9.999029636383057E-01         3.739376666089811E-07        -7.107296955827236E-12
         9.996863007545471E-01         4.674021170103515E-07        -3.292288663914178E-11
         9.996696114540100E-01         4.653958285416593E-07        -4.459333596829040E-11
         9.999317526817322E-01         9.674017320548955E-08         9.022257246860121E-11
         1.000053763389587E+00         4.234771040501073E-07        -2.106536646506729E-11
         1.000185728073120E+00         2.329068564677073E-07         4.712316301058728E-11
         1.000109434127808E+00         1.081590994544968E-08        -2.529635875769820E-11
         9.999492764472961E-01         2.755714376689866E-07        -3.480962740276539E-11
         1.000058174133301E+00         2.827251819326193E-07        -9.345327983689700E-11
         1.000034928321838E+00         2.882276533000550E-07        -1.151106571173344E-10
         9.996615648269653E-01         5.454138545246678E-07        -1.430037893657143E-10
         9.991497397422791E-01         1.110548737415229E-06        -2.072117338824953E-10
         9.995388984680176E-01         3.684432670070237E-07        -1.342963379391549E-10
         9.993487000465393E-01         1.628042809898034E-06        -3.139340176705474E-10
         1.000084638595581E+00         4.437596032857982E-07        -2.165857770908275E-10
         9.991138577461243E-01         1.944718860613648E-06        -3.073795384889166E-10
         9.998617172241211E-01         2.512064156690030E-07        -5.308888745281237E-11
         9.994412660598755E-01         1.336215632363746E-06        -1.835278595763157E-10
         1.000183582305908E+00         4.432381501828786E-07        -1.733244936463763E-10
         1.000269055366516E+00         3.198069009613391E-07         3.283095366748978E-12
         1.000159144401550E+00         3.152639749259833E-07        -3.261529501336069E-13
         9.997286796569824E-01         4.573980731947813E-07        -1.549234525388687E-11
         1.000223517417908E+00        -5.113440693094162E-07         3.333186851528502E-11
         1.000292301177979E+00         8.295062770002914E-08         7.924201572695466E-11
         1.000529527664185E+00        -5.108273057885526E-07         5.505249034420956E-11
         9.999299049377441E-01         2.040310675965884E-07        -4.566982556020172E-11
         1.000377178192139E+00        -5.831112162013596E-07        -1.254934524352880E-11
         9.998526573181152E-01         1.556019952886345E-07        -9.068407830215008E-11
         9.998673796653748E-01        -3.454222792242945E-07        -4.904699216212727E-11
         9.994887113571167E-01         1.918827337021867E-07        -1.796392895547783E-10
         9.994517564773560E-01        -1.883545408531972E-08        -5.790342857969755E-11
         9.996178746223450E-01        -1.132454343633071E-07         2.800492910487451E-12
         9.998533129692078E-01         2.001224714831551E-07        -2.692411918414628E-11
         1.000395417213440E+00        -3.374416337464936E-07        -9.705308084972941E-11
         9.997657537460327E-01         8.532028914487455E-07        -1.971745267059788E-10
         9.998838901519775E-01         8.278511813841760E-07        -1.768753754571861E-10
         1.000306367874146E+00        -1.261553990161701E-07        -1.579060632250773E-10
         9.998991489410400E-01         3.271509996238819E-08        -8.737399692648751E-11
         9.999762773513794E-01        -3.541653939009848E-07         3.600634373990275E-11
         1.000022292137146E+00         1.239553597542908E-07        -8.447557237056813E-11
         1.000519275665283E+00        -8.054272484514513E-07         5.908499384199573E-11
         1.000117897987366E+00        -2.911082219725358E-07        -4.810177603453702E-11
         1.000012874603271E+00        -1.904765127846986E-07        -4.620218096995643E-11
         9.996268153190613E-01         4.735582592729770E-07        -1.677087496654295E-10
         9.997357726097107E-01        -3.826037797693971E-08        -6.318737633820293E-12
         9.996157884597778E-01         2.795081499584740E-08         4.435362147003907E-11
         9.994102120399475E-01         3.726303816620202E-07         7.207678204279588E-11
         9.994965195655823E-01         2.951757664959587E-07         7.061464607494017E-11
         0.000000000000000E+00         0.000000000000000E+00         0.000000000000000E+00
         0.000000000000000E+00         0.000000000000000E+00         0.000000000000000E+00
         9.993435740470886E-01         6.104917247284902E-07        -5.027021507397755E-11
         9.998142719268799E-01         3.809709312463383E-07        -1.394036275303989E-10
         1.000068187713623E+00         3.870684111006994E-07         4.444815609322417E-12
         1.000275611877441E+00         4.133173092668585E-07         5.777657519079327E-11
         1.000664591789246E+00        -4.993279958398489E-07         1.480667671804881E-10
         1.000431418418884E+00         9.267318290540061E-08         1.341565331047789E-10
         1.000604152679443E+00        -7.470342211490788E-07         2.638367579965717E-10
         9.998331069946289E-01         2.296763597087192E-07         1.524151777010374E-10
         0.000000000000000E+00         0.000000000000000E+00         0.000000000000000E+00
         9.997529983520508E-01        -1.036371344298459E-07         1.771169599873446E-10
         9.998367428779602E-01        -3.390828737792617E-07         1.459354304067517E-10
         1.000023841857910E+00        -8.164475957528339E-07        -2.105994892365182E-11
         9.996730685234070E-01        -2.058748549416123E-08         5.153936999402475E-11
         0.000000000000000E+00         0.000000000000000E+00         0.000000000000000E+00
         0.000000000000000E+00         0.000000000000000E+00         0.000000000000000E+00
         9.990494251251221E-01         9.895065744558451E-08        -6.327677964934608E-11
         9.998500347137451E-01        -1.244942836819973E-06        -1.897067745948444E-11
         9.988974332809448E-01         5.285675115374033E-07        -1.111384387297853E-10
         9.993934035301208E-01        -1.933439506274226E-07        -7.675452634581248E-11
         9.992861747741699E-01         6.314376150839962E-07        -5.763221150312248E-11
         9.998918175697327E-01        -3.574785694127058E-07        -9.313939203225985E-11
         9.995708465576172E-01        -7.337805385532192E-08        -1.327329496314533E-10
         9.994370341300964E-01         1.851210384984370E-07        -1.488899420420964E-10
         9.995781183242798E-01        -2.089599320242996E-07        -7.219392444968165E-11
         9.991093873977661E-01         1.015949919747072E-06        -1.552583062114365E-10
         1.000257849693298E+00        -7.891432005635579E-07         5.615663641565793E-13
         1.000252604484558E+00        -4.538931079878239E-07        -1.947457603165836E-12
         1.000430822372437E+00        -6.717113478771353E-07        -4.243233889256182E-11
         1.000319957733154E+00         6.796314266921399E-08        -1.436981228453149E-10
         9.999659061431885E-01         5.546007741941139E-07        -2.563641521291515E-10
         9.998722076416016E-01         9.237789981852984E-07        -3.893332323201548E-10
         1.000185489654541E+00         2.877863778394385E-07        -2.045615066226247E-10
         1.000125646591187E+00        -8.661788797326153E-08        -1.605096611179135E-10
         9.995670914649963E-01         2.538817227559775E-07        -2.298301965408811E-10
         9.992465376853943E-01         4.389380876546056E-07        -1.174273456250319E-10
         9.988198876380920E-01         1.034799083754478E-06        -2.243847052607606E-10
         9.983528852462769E-01         1.679105253060698E-06        -2.409533128577834E-10
         9.986150860786438E-01         1.622080162633210E-06        -2.087846978637842E-10
         9.992734193801880E-01         7.840551461413270E-07        -1.827928780562260E-10
         9.997118711471558E-01        -4.795990804495887E-08        -1.123380902190441E-10
         9.998364448547363E-01        -1.871422199428707E-07        -1.228368656791545E-10
         9.999072551727295E-01         1.319271660804588E-07        -1.069663801978038E-10
         9.997242093086243E-01         6.937284524610732E-07        -1.015062686682278E-10
         9.997778534889221E-01         8.130937203532085E-07         2.474108765082583E-11
         9.996724724769592E-01         4.569035922941111E-07         4.565967395842030E-11
         9.998862743377686E-01        -4.114792773179943E-08         3.179661395291689E-11
         1.000210881233215E+00        -6.905371492393897E-07         6.030288074443391E-11
         9.999079108238220E-01        -1.510239542312775E-07        -3.566734407822736E-11
         9.993976950645447E-01         8.903792263481591E-07        -2.008044702739298E-10
         9.993795752525330E-01         1.025484948513622E-06        -1.586206443970894E-10
         9.994791150093079E-01         1.138659513344464E-06        -1.503066282548815E-10
         9.996119737625122E-01         9.052214409166481E-07        -1.311594860498033E-10
         9.996927976608276E-01         5.161504077477730E-07        -7.012289360286417E-11
         1.000066280364990E+00        -1.332986556690230E-07         4.447441763824611E-13
         1.000263094902039E+00        -3.729446120814828E-07         3.159447009570826E-11
         1.000331759452820E+00        -7.652937483726419E-07         1.746495309484786E-11
         1.000469565391541E+00        -5.579160529123328E-07        -1.006361383115717E-10
         1.000165581703186E+00         3.417534344407613E-07        -1.087043163816581E-10
         1.000121712684631E+00         4.090658194400021E-07        -2.549234955073754E-11
         1.000403523445129E+00         2.430111862850026E-07        -7.016730946274308E-11
         1.000550746917725E+00         8.473458379398835E-09        -2.247224281659577E-11
         1.000234603881836E+00         7.554224339401117E-07        -1.004266877990823E-10
         9.996659755706787E-01         1.640949108150380E-06        -2.644465479928471E-10
         9.991074204444885E-01         1.711540335236350E-06        -3.503398404713920E-10
         9.993158578872681E-01         1.108565811591689E-06        -3.266208692398465E-10
         9.996609091758728E-01         7.518229381275887E-07        -4.059204083972645E-10
         9.998377561569214E-01         1.481938909364544E-07        -2.761698925102252E-10
         9.994657039642334E-01         1.148263322647836E-06        -2.776924801217717E-10
         9.991657137870789E-01         2.064572754534311E-06        -3.912266344219262E-10
         9.992190599441528E-01         1.893025341814791E-06        -3.828868333499713E-10
         9.993468523025513E-01         1.321311515312118E-06        -2.400246112976845E-10
         9.995034933090210E-01         1.360856344945205E-06        -3.011650651085773E-10
         9.994644522666931E-01         1.185691189675708E-06        -2.009541560932249E-10
         9.996033906936646E-01         1.019406909108511E-06        -2.302159296529993E-10
         9.999299645423889E-01         7.532764811912784E-07        -2.635376916693133E-10
         9.983267784118652E-01         3.120278279311606E-06        -8.973942700052362E-10
         9.980688691139221E-01         3.502700110402657E-06        -1.088471979215910E-09
         9.996724724769592E-01         1.537795583317347E-06        -4.659237440307606E-10
         9.992636442184448E-01         2.252915464850958E-06        -4.778081263978606E-10
         9.982578158378601E-01         3.160853111694450E-06        -5.007835257586635E-10
         0.000000000000000E+00         0.000000000000000E+00         0.000000000000000E+00
         0.000000000000000E+00         0.000000000000000E+00         0.000000000000000E+00
         0.000000000000000E+00         0.000000000000000E+00         0.000000000000000E+00
         1.000742673873901E+00        -5.065766799816629E-06         3.249910340841211E-09
         1.000560164451599E+00        -4.912510121357627E-06         3.269848614095849E-09
         1.000372648239136E+00        -3.482017973510665E-06         2.283996547447487E-09
         1.000711441040039E+00        -3.653187377494760E-06         2.627136508337458E-09
         9.999048113822937E-01         4.527432295731160E-08        -2.064812765212309E-10
         1.000334739685059E+00        -5.332508408173453E-07        -9.418327229226975E-11
         1.001015901565552E+00        -1.119549096983974E-06        -6.804408703153797E-10
         1.000947475433350E+00        -1.390316356264520E-06         3.160847972250025E-10
         1.000708818435669E+00        -1.004149453365244E-06         2.073069077512812E-10
         1.000199437141418E+00        -4.793156449522940E-07        -6.638285754423379E-11
         1.000490903854370E+00        -4.803667934538680E-07        -6.950084951995450E-10
         1.000791072845459E+00        -1.500521875641425E-06         3.723435726410429E-10
         1.000758767127991E+00        -1.356390839646338E-06         3.858855179839082E-10
         1.000809550285339E+00        -1.535450564915664E-06         3.454042607486940E-10
         1.000582337379456E+00        -1.250724267265468E-06         3.366553702477404E-10
         1.000415802001953E+00        -9.797925031307386E-07         2.830778389473210E-10
         1.000496625900269E+00        -9.448164632885891E-07         2.704136914388755E-10
         1.000713109970093E+00        -1.224103698405088E-06         3.895109235152461E-10
         1.001105308532715E+00        -1.651679895076086E-06         5.503206779167158E-10
         1.001306414604187E+00        -1.665641775616677E-06         4.013734899999122E-10
         1.001433253288269E+00        -1.812833488656906E-06         4.766155803359595E-10
         1.001212239265442E+00        -1.272997110390861E-06         3.672099291307518E-10
         1.001417279243469E+00        -1.441154950043710E-06         4.177112544745398E-10
         1.001247286796570E+00        -1.102624878512870E-06         2.446773061937080E-10
         1.000918030738831E+00        -4.908865776087623E-07         6.330293927936381E-11
         1.000668048858643E+00        -4.061215008732688E-07         1.312168707023886E-10
         1.000402569770813E+00        -5.317506293067709E-07         9.316405980008824E-11
         1.000397086143494E+00        -1.002324097498786E-06         1.257133841470193E-10
         9.999045729637146E-01         2.683586330931576E-07        -1.056811652078160E-10
         9.996369481086731E-01         1.503756550391699E-07        -3.495843892142858E-11
         9.995043277740479E-01        -2.438117689962382E-07         5.983468581716167E-11
         9.997875690460205E-01        -5.535708851311938E-07         2.309666902178265E-10
         1.000039219856262E+00        -6.594463002329576E-07         2.446667590749740E-10
         1.000224351882935E+00        -8.782047871136456E-07         3.803061199292301E-10
         1.000508189201355E+00        -6.381577577485587E-07         1.707626956504171E-10
         1.000693559646606E+00        -9.970225391953136E-07         3.620360400358180E-10
         1.000401377677917E+00        -3.925449050257157E-07         1.067658531028748E-10
         1.000010013580322E+00        -6.563452359387156E-08         1.741441713054570E-10
         9.998821020126343E-01        -2.252858166684746E-08         1.127258633659700E-10
         9.995596408843994E-01         3.057036792597501E-07         1.911367765450311E-11
         9.994000196456909E-01         2.773791720755980E-07         2.532178893649428E-12
         9.992763400077820E-01         3.386987543763098E-07         7.453692177361582E-12
         9.995191693305969E-01         2.160688552521606E-07         2.753444867942267E-11
         9.995914697647095E-01         4.220281653033453E-07        -9.795190353267813E-11
         9.995741248130798E-01         6.504649263661122E-07        -1.738501148595972E-10
         9.995577335357666E-01         8.232275376940379E-07        -2.638438356683537E-10
         9.996823668479919E-01         6.120241096141399E-07        -2.124974779471600E-10
         1.000018596649170E+00         9.932128364198434E-08        -7.223224102181902E-11
         1.000285148620605E+00        -3.465345344011439E-07         1.395796672687410E-10
         1.000418066978455E+00        -4.914615487905394E-07         1.422845313792109E-10
         1.000594496726990E+00        -5.608398510048573E-07         1.552742517896277E-10
         1.000421404838562E+00        -2.440015691718145E-07         9.065673212127479E-11
         1.000185847282410E+00         8.159183551015303E-08         7.500145643435374E-11
         1.000335097312927E+00         1.392643582676101E-07         5.351150425547679E-11
         1.000422596931458E+00        -7.095675869095430E-08         1.666389769228172E-11
         1.000346183776855E+00        -7.987573269474524E-08        -7.313150779397759E-11
         1.000441193580627E+00        -3.803660320045310E-07         9.521875649065592E-11
         1.000610589981079E+00        -8.837703830977262E-07         2.202051735400445E-10
         1.000868439674377E+00        -1.326129904555273E-06         4.380142359927675E-10
         1.001075387001038E+00        -1.179057790068327E-06         4.044474755104943E-10
         1.000928878784180E+00        -9.884919336400344E-07         2.780956298575887E-10
         1.000560522079468E+00        -5.495803634403273E-07         2.017596645309538E-10
         1.000843167304993E+00        -1.073710905075131E-06         3.715066587695048E-10
         1.000672221183777E+00        -8.683870760251011E-07         3.102790524511789E-10
         1.000263214111328E+00         4.488607885377860E-08         2.203212091933526E-11
         9.998781681060791E-01         4.720259596524556E-07        -1.763886675609783E-10
         9.992017149925232E-01         1.546866656099155E-06        -5.486444631941367E-10
         9.993457794189453E-01         1.447011186428426E-06        -5.144267234413746E-10
         9.999500513076782E-01         1.116293674385815E-06        -3.348785415635547E-10
         1.000011444091797E+00         1.145883629760647E-06        -4.184773361171068E-10
         9.996831417083740E-01         1.030504336085869E-06        -3.740124598916594E-10
         9.995785355567932E-01         1.100605004467070E-06        -3.072937182491131E-10
         9.998653531074524E-01         5.424467417469714E-07        -1.235233998420071E-10
         9.997944235801697E-01         5.045936291026010E-07        -1.561224760582292E-10
         9.999660849571228E-01         4.244135709541297E-07        -2.157153067283701E-10
         1.000220894813538E+00         5.336399055977381E-08        -7.880905650292647E-11
         1.000329732894897E+00        -5.649505752103323E-08        -1.225370221957789E-10
         1.000223278999329E+00         1.913397795760829E-07        -2.295401091423344E-10
         1.000213980674744E+00         2.265493606046221E-07        -1.954063022502339E-10
         9.999859333038330E-01         6.191354628981571E-08        -1.340335620270139E-10
         9.999284148216248E-01         8.462851752710776E-08        -9.672068007615664E-11
         9.996762275695801E-01        -2.431561938465165E-07        -2.956274331236686E-12
         9.995583891868591E-01        -7.542310775932037E-09         5.663148075485402E-11
         9.996887445449829E-01         3.478872372397745E-07        -1.230982538125147E-10
         9.995870590209961E-01         5.343911766431120E-07        -1.372923164044693E-10
         1.000013947486877E+00        -2.616670258248632E-07         6.422141290984840E-11
         9.997620582580566E-01         1.685342851942551E-07        -8.149197289197829E-11
         1.000184774398804E+00        -5.800316102977376E-07         2.151876038469780E-10
         9.999119639396667E-01        -3.420787493269017E-07         1.947437072713498E-10
         9.998781681060791E-01        -5.556148607865907E-07         3.180669894131682E-10
         1.000266432762146E+00        -1.097453832699102E-06         4.764059147177591E-10
         1.000331282615662E+00        -8.687702575116418E-07         2.341968008412465E-10
         1.000539302825928E+00        -6.246591510716826E-07         3.571972440052917E-10
         1.000525593757629E+00        -4.993967195332516E-07         1.972269569883167E-10
         1.000749468803406E+00        -1.245089606527472E-06         3.024975270271568E-10
         1.000985503196716E+00        -1.865814283519285E-06         5.518560053374699E-10
         1.001320600509644E+00        -1.933411112986505E-06         4.460688207696961E-10
         1.001320362091064E+00        -1.836224669204967E-06         3.999660047604436E-10
         1.001139521598816E+00        -1.287236727876007E-06         3.221064526215400E-10
         1.001130104064941E+00        -1.651144543757255E-06         4.376253248672413E-10
         1.000972509384155E+00        -1.605693228157179E-06         4.212973581108059E-10
         1.000565528869629E+00        -1.339367486252740E-06         4.019549970646352E-10
         1.000686645507812E+00        -1.591820705471036E-06         4.414452414724934E-10
         1.000125169754028E+00        -7.143610218918184E-07         2.293059631064409E-10
         9.999510049819946E-01         1.224148462597441E-07        -1.354141243581353E-10
         9.996045231819153E-01         6.402074177458417E-07        -2.586531266945968E-10
         9.989485740661621E-01         1.232681825058535E-06        -3.790639746537039E-10
         9.987816214561462E-01         8.759140541769739E-07        -1.924468223668541E-10
         9.990213513374329E-01         1.394891313566404E-07        -6.182521161690602E-11
         9.997788071632385E-01        -7.965972486090322E-07         5.015848292266867E-10
         9.998602271080017E-01        -6.981952651585743E-07         4.926852259501402E-10
         9.996395707130432E-01         8.486902913773520E-08         2.569234547333821E-10
         9.996142387390137E-01         1.902943154163950E-07         1.209788935696565E-10
         9.997593760490417E-01        -3.161886752423015E-07         2.877988958260858E-10
         9.998269081115723E-01        -5.111930931889219E-07         2.992752989872116E-10
         9.997149705886841E-01        -3.063116196244664E-07         1.851302861011206E-10
         9.999162554740906E-01        -4.570764247091574E-07         1.300127505654558E-10
         1.000035881996155E+00        -3.011726050772268E-07         5.274397585353086E-11
         1.000149130821228E+00        -3.768674616821954E-08        -3.876400242464051E-11
         9.997903704643250E-01         3.557497336714732E-07        -9.959637975454072E-11
         9.998404383659363E-01         2.646970074238197E-07        -1.112258687929746E-10
         9.998784065246582E-01         2.196889283823111E-07        -8.865284201187151E-11
         1.000274658203125E+00        -4.267857605100289E-07         7.118269862438353E-11
         9.998703598976135E-01         5.785735766039579E-07        -2.672339016740466E-10
         1.000120878219604E+00         1.539820004836656E-07        -1.506062219380766E-10
         9.999523758888245E-01         6.464449029408570E-07        -2.151061551103339E-10
         1.000050187110901E+00         4.470791168387223E-07        -5.861229557257985E-11
         9.994928836822510E-01         9.540086693959893E-07        -2.617100425261754E-10
         9.996563792228699E-01         5.480950449054944E-07        -1.971387775245859E-10
         9.995278120040894E-01         8.338328143508988E-07        -1.513517228213246E-10
         9.998736381530762E-01         3.452168755302409E-07        -9.950192753072074E-11
         9.999192357063293E-01         3.453609735970531E-07        -1.487290429702526E-10
         1.000496387481689E+00        -3.076702910220774E-07         6.817607676318227E-12
         1.000191092491150E+00         7.911154398243525E-09        -1.995011100763833E-11
         9.998996853828430E-01         1.054852702964126E-07        -2.974066132255260E-11
         9.995856285095215E-01         5.760505814578210E-07        -5.772065464482168E-11
         9.996635913848877E-01         5.992904448248737E-07        -1.578761565923514E-10
         9.993881583213806E-01         8.933599815463822E-07        -2.307003754697945E-10
         9.995538592338562E-01         3.600125069169735E-07         3.244458868234545E-11
         9.994447827339172E-01         5.101452984490606E-07        -4.262608321869976E-11
         9.997416734695435E-01        -2.631677631370621E-08         1.311606517839792E-10
         9.996083974838257E-01         2.579828333182377E-07         1.035432642404466E-10
         1.000368952751160E+00        -5.533100306820415E-07         3.880872290196180E-10
         1.000001311302185E+00         8.267303286402239E-08         1.346728978335321E-10
         9.999125003814697E-01        -1.992868732259012E-07         1.826704898455489E-10
         9.997311234474182E-01        -1.747754225789322E-07         2.541792887278405E-10
         9.991878271102905E-01         7.674361768295057E-07        -8.545552460104133E-11
         9.989642500877380E-01         1.332163378719997E-06        -2.374630769796937E-10
         1.000762343406677E+00        -2.074769099635887E-06        -4.628358252212195E-10
         9.999448060989380E-01        -1.565163302075234E-06         5.876210629196521E-10
         1.000116944313049E+00        -1.504084707448783E-06        -1.692800899455449E-10
         9.998652935028076E-01        -1.610799586160283E-06         8.385145910949632E-10
         1.000092625617981E+00        -1.588280724718061E-06         5.885688603157746E-10
         1.000111818313599E+00        -1.212121446769743E-06         8.881375079816678E-10
         9.997087717056274E-01         4.750595223868004E-07         6.801254004429325E-11
         1.000191330909729E+00        -4.589593061155028E-07         1.425145418343376E-10
         9.997491836547852E-01         9.164228345071024E-07        -2.411572330718315E-10
         1.000383138656616E+00        -3.549765210664191E-07         5.361388069613504E-11
         1.001018404960632E+00        -2.031374151556520E-06         7.081076280890386E-10
         1.001014947891235E+00        -2.701024186535506E-06         9.795761979347617E-10
         1.000421881675720E+00        -1.472507165090065E-06         5.462994501215235E-10
         1.000084638595581E+00        -5.798945039714454E-07         2.771237128662563E-10
         1.000144243240356E+00        -2.959208700303861E-07         2.185109732044666E-10
         1.000244855880737E+00        -3.087186257744179E-07         2.104541263481252E-10
         9.998977780342102E-01         1.905528961287928E-07        -3.404865625555864E-11
         9.995535016059875E-01         1.511820755695226E-06        -3.656958902364948E-10
         9.996358156204224E-01         1.302804776059929E-06        -5.026445926148426E-10
         9.998441934585571E-01         7.797046350788150E-07        -4.729719949025935E-10
         1.000367164611816E+00         1.786311969453891E-07        -2.478461325061687E-10
         1.000230312347412E+00         6.456160690504475E-07        -3.722643582282359E-10
         1.000391840934753E+00         6.569580364157446E-07        -4.268453646094628E-10
         1.000888466835022E+00        -3.125440528606305E-08        -1.373859914721720E-10
         1.000979661941528E+00        -8.287541675144894E-08        -1.340240557423655E-10
         1.001080274581909E+00        -3.268823149937816E-07         2.148351808950455E-12
         1.001281976699829E+00        -7.297963975361199E-07         9.429773628610860E-11
         1.001022577285767E+00        -6.026838264006074E-07         1.483717454453526E-10
         1.000228762626648E+00         9.905022579914657E-07        -4.905011397049464E-10
         9.992866516113281E-01         1.716824613140489E-06        -6.453003686957004E-10
         9.988180398941040E-01         1.571897087160323E-06        -5.015121096185737E-10
         9.985439777374268E-01         1.571728944327333E-06        -5.937332847594234E-10
         9.985331296920776E-01         1.569395635669935E-06        -3.881276966488656E-10
         9.994590878486633E-01         6.668471428383782E-07        -1.026966178763189E-09
         9.990196824073792E-01         7.404345865325013E-07        -1.923665671199615E-10
         9.990147948265076E-01         6.308987963166146E-07        -1.385670467257683E-10
