         1.000340342521667E+00         3.734220115347853E-07        -2.535939791492581E-10
         1.001177549362183E+00        -3.795443603848980E-07         5.651633327996564E-11
         1.001211285591125E+00        -6.513714652101044E-07         2.660963671630157E-10
         1.000999331474304E+00        -1.338015565011119E-08        -8.392820466385231E-11
         1.001239895820618E+00        -8.081273108473397E-07         1.068230018330674E-10
         1.001177310943604E+00        -6.239822596398881E-07         1.501533758441198E-10
         1.001383066177368E+00        -7.240992658807954E-07         8.757086722432916E-11
         1.001363873481750E+00        -7.496487910430005E-07         1.795300713647308E-10
         1.001225948333740E+00        -8.538225984011660E-07         1.396409654574882E-10
         1.000830888748169E+00         4.070543724310483E-08         1.162319372693954E-11
         1.000537276268005E+00         5.833386467202217E-07        -2.652240926881433E-10
         1.000555157661438E+00         1.455942140182742E-07         9.281489422516276E-13
         1.000747799873352E+00        -3.376299844148889E-07         5.525016555374407E-11
         1.001019120216370E+00        -8.879064239408763E-07         2.656738162798433E-10
         1.000825524330139E+00        -6.530944460791943E-07         2.407066213017117E-10
         1.000896453857422E+00        -7.833152153580158E-07         2.698491985420048E-10
         1.000613451004028E+00         8.047057065141416E-08        -2.936632881311851E-11
         1.001042366027832E+00        -4.298225064758299E-07         1.394407367349970E-10
         1.000966906547546E+00        -3.443560387950129E-07         1.561691193030512E-10
         1.001263737678528E+00        -6.482509888883214E-07         1.081790629298141E-10
         1.001025676727295E+00        -1.874589372619084E-07         8.282252661473422E-11
         1.000769734382629E+00         3.464031976818660E-07        -7.547007463415412E-11
         1.000597953796387E+00         7.623330589012767E-07        -9.030746289662162E-11
         1.000672340393066E+00         5.782688390354451E-07        -1.722183680386014E-11
         1.000256419181824E+00         1.208658659379580E-06        -1.501838237105702E-10
         1.000677704811096E+00         3.899524756434403E-07         7.255571143893746E-12
         1.000404715538025E+00         7.481020816157979E-07        -4.451445115294383E-11
         1.000338077545166E+00         8.078335440586670E-07        -9.766829012214373E-11
         1.000392794609070E+00         5.201224553275097E-07         8.793104590808232E-13
         1.000325679779053E+00         6.772317533432215E-07        -1.115518233341106E-10
         1.000381469726562E+00         5.719588216379634E-07        -1.388389681000746E-10
         1.000425696372986E+00         1.773847770891734E-07        -7.047302325036142E-11
         1.000580906867981E+00        -4.603456886798085E-07         1.299291230161259E-10
         1.000327110290527E+00        -1.396423954247439E-07         9.713713861048134E-11
         1.000454664230347E+00        -3.699273634083511E-07         9.441075699001544E-11
         9.999433159828186E-01         9.731118097988656E-07        -2.275541560736727E-10
         9.998914599418640E-01         5.947464387645596E-07        -3.898261227708311E-11
         9.997506141662598E-01         7.604969596286537E-07        -2.907654672590354E-11
         9.994198083877563E-01         1.078573404811323E-06        -1.001506239051153E-10
         9.993218183517456E-01         1.195703248413338E-06        -2.097418211333135E-10
         9.989590644836426E-01         1.461129727431398E-06        -3.204549126056833E-10
         9.993078112602234E-01         5.864607146577328E-07        -2.484662475765731E-10
         9.996137022972107E-01        -2.201772133503255E-07         4.171095760452381E-11
         9.992214441299438E-01         3.354413991019101E-07        -1.542518057728870E-10
         9.989930391311646E-01         5.836781724610773E-07        -1.478942246446735E-10
         9.992811083793640E-01        -2.416716426978383E-07        -1.618400378988749E-11
         9.994328618049622E-01        -4.133422493168837E-08        -7.399815482589389E-11
         9.996482133865356E-01        -4.788267347066721E-07         7.763641812763566E-11
         9.998161196708679E-01        -6.609549245695234E-07         4.056594990475837E-11
         9.994153976440430E-01        -1.376634912730879E-07         3.477441945509696E-11
         9.993813037872314E-01         3.328585762574221E-07        -1.918233072384368E-10
         9.997211098670959E-01        -3.779277619742061E-07         5.435220329363943E-11
         1.000056982040405E+00        -6.220636805664981E-07        -5.789663019839519E-12
         9.998260140419006E-01        -2.328868191625588E-07        -3.618320226772553E-11
         9.996811151504517E-01         4.016416355057117E-08        -1.411895461655988E-10
         9.993335604667664E-01         3.267312820298685E-07        -1.674896332737319E-10
         9.996609091758728E-01        -3.169751039422408E-07        -5.867997060482466E-12
         9.997049570083618E-01        -7.128495838060189E-08         8.039062471265623E-12
         9.995220899581909E-01         5.799726068289601E-07        -1.735124682822331E-10
         9.993136525154114E-01         9.171315014100401E-07        -1.949335970419241E-10
         9.991628527641296E-01         1.283605911339691E-06        -2.004603844030228E-10
         9.996311068534851E-01         3.000850767875818E-07         8.666842937765651E-11
         9.997221827507019E-01         1.724494893551309E-07         2.426332398886011E-11
         9.998551011085510E-01        -2.415202970951214E-07         9.711522558353280E-11
         1.000354409217834E+00        -1.189990712191502E-06         2.235618218326962E-10
         1.000162482261658E+00        -7.646466428923304E-07         1.499830676321423E-10
         1.000183343887329E+00        -5.594219487647933E-07         6.512166500494132E-11
         9.998465180397034E-01        -7.004447155622984E-08         5.360665383813412E-11
         9.996397495269775E-01         1.641331550672476E-07         6.653733553713126E-12
         9.996374249458313E-01         2.175833486717238E-07        -2.311421540279746E-11
         9.999495148658752E-01        -3.811909721207485E-07         1.690520085029235E-10
         1.000221133232117E+00        -4.847054810852569E-07         1.896381662813695E-10
         1.000237584114075E+00        -6.741981337654579E-07         2.304672980235623E-10
         1.000178694725037E+00        -3.616516437432438E-07         9.140054685330412E-11
         9.993250966072083E-01         5.338688993106189E-07        -7.720379890940876E-11
         9.994706511497498E-01         2.970858474782290E-07        -6.542470037951276E-11
         9.993833303451538E-01         2.402107384114061E-07        -5.122999680723384E-12
         9.994876980781555E-01         2.016888203115741E-07         7.640222482452330E-11
         9.998549222946167E-01        -5.610280595647055E-07         2.218586425684066E-10
         9.999995231628418E-01        -1.485006237089692E-06         5.412644221713947E-10
         9.995114803314209E-01        -3.012227978160809E-07         1.738050259270096E-10
         9.996072053909302E-01        -4.709361292043468E-07         9.937105305279914E-11
         9.996213912963867E-01        -2.465570219101210E-07         8.205286450291283E-11
         9.997277855873108E-01        -3.672129764709098E-07         4.203801889923753E-11
         9.995760917663574E-01        -7.297221316093783E-08        -4.275854670332535E-11
         9.997535347938538E-01        -3.262515235746832E-07         3.305783424778497E-11
         9.995944499969482E-01         1.910331661747477E-07        -1.113613853909179E-10
         9.995982050895691E-01         1.019810582647551E-07        -3.921921468141853E-11
         9.996221065521240E-01         1.438660035546491E-07        -8.301576440161718E-12
         9.998992085456848E-01        -2.594568115910079E-08         3.906006160875330E-12
         9.996094107627869E-01         2.389864164342725E-07        -1.565619162091636E-10
         9.996461272239685E-01         3.924117493170343E-07        -1.642613128849391E-10
         9.994736313819885E-01         1.003787019726587E-06        -2.519851272086981E-10
         9.996299147605896E-01         3.452054500030499E-07        -1.652535192020466E-10
         1.000085115432739E+00        -5.893704155823798E-07         1.164292551258939E-10
         9.995578527450562E-01         2.830610412729584E-07        -1.202214577888938E-10
         9.996734261512756E-01        -8.664779471700967E-08        -3.756561034462536E-11
         9.997759461402893E-01        -1.482982838751923E-07        -3.693511468894073E-11
         9.996933937072754E-01        -2.455333572015661E-07         3.955485591844443E-11
         9.996656775474548E-01        -1.870441224127717E-07         2.872970090994631E-12
         9.995192885398865E-01         1.346314064676335E-07        -5.898505295309775E-11
         9.990556836128235E-01         7.556807872788340E-07        -1.218664336111175E-10
         9.991657733917236E-01         8.685713055456290E-07        -9.804442674399283E-11
         9.993759989738464E-01         5.066953008281416E-07        -2.319338124334713E-11
         9.991366267204285E-01         8.882050224201521E-07        -1.322279091775513E-10
         9.996426105499268E-01         2.507454155420419E-07         2.382384567400919E-10
         1.000090360641479E+00        -6.672050290035259E-07         3.288214422969560E-10
         9.997284412384033E-01         2.912840102453629E-07         2.569802703966673E-11
         9.999166727066040E-01        -2.611742111469084E-08         6.302932481494494E-11
         9.998748898506165E-01        -3.383848934390699E-08         3.303810350296921E-11
         1.000146746635437E+00        -1.034307715030991E-07        -6.154850934469991E-11
         1.000318050384521E+00        -2.895004058700579E-07        -6.288190801395643E-11
         1.000550985336304E+00        -6.104382350713422E-07         5.843762973523070E-12
         1.000576615333557E+00        -5.186947760194016E-07         1.106883334989206E-10
         1.000442504882812E+00        -8.512658382642257E-07         1.801753884977941E-10
         9.997363090515137E-01         2.837506656305777E-07        -6.643072203438294E-11
         1.000102639198303E+00        -3.372188928096875E-07         1.150982434361403E-10
         9.998657703399658E-01        -1.692991844493008E-07         1.095472948464682E-10
         9.999777078628540E-01        -1.101934188341147E-07         4.752684010234098E-11
         1.000102162361145E+00        -1.018730841906290E-07         7.212883068596909E-11
         1.000197052955627E+00        -3.247003803608095E-07         5.217334550500219E-11
         1.000656008720398E+00        -1.100632516681799E-06         2.216360983631205E-10
         1.000568389892578E+00        -9.020423590300197E-07         2.156220341165138E-10
         1.000221371650696E+00        -1.672505476335573E-07        -2.825828113173223E-11
         1.000284671783447E+00        -2.569932746609993E-07         5.347892961804490E-11
         1.000198483467102E+00         1.791000272532983E-07        -9.939918332868558E-11
         1.000118732452393E+00         1.895038650445713E-07        -4.498686492770965E-11
         1.000224232673645E+00        -3.755029354124417E-08        -1.451222648995998E-11
         9.999752044677734E-01         6.150151534711767E-07        -1.364598156694541E-10
         1.000195622444153E+00         3.022576038347324E-07        -4.513159984620430E-11
         1.000019907951355E+00         5.781012077932246E-07        -1.097601037836071E-10
         1.000202178955078E+00         1.342115893976370E-07        -1.898812357348234E-11
         1.000151634216309E+00         1.640332385477450E-07        -4.079937429568581E-11
         1.000126838684082E+00         1.028225611321432E-07        -6.522475615167167E-11
         1.000168085098267E+00         1.187712950212472E-08        -4.753626658970944E-11
         1.000091791152954E+00        -1.000967060349467E-07        -1.898842368064368E-11
         9.999107718467712E-01        -1.208953221976117E-07        -4.837924331979604E-12
         9.999331831932068E-01        -4.269077535923316E-09        -4.020608498911393E-11
         1.000278115272522E+00        -4.253650729424407E-07         8.237348303463676E-11
         9.999800324440002E-01        -2.760254069755774E-08        -6.736944335727912E-11
         9.998610019683838E-01         1.149510850950719E-07        -5.998920804550778E-11
         9.998156428337097E-01         4.624098437489010E-07        -1.968090829196356E-10
         9.998422265052795E-01         1.797959896521206E-07        -3.444843021949140E-11
         1.000079035758972E+00        -2.358637658517182E-07        -6.311702462763469E-12
         1.000192999839783E+00        -4.619650724180246E-07         1.182813014199979E-10
         1.000162124633789E+00        -3.184705974490498E-07         1.619863132518162E-10
         1.000197172164917E+00        -4.209955477563199E-07         8.955459290804768E-11
         1.000210523605347E+00        -7.627968443557620E-07         2.317175895605317E-10
         1.000248789787292E+00        -7.761606184431002E-07         2.763924644710869E-10
         1.000244259834290E+00        -9.312198585575970E-07         3.406676885031601E-10
         1.000258803367615E+00        -8.569302849537053E-07         2.341735139133050E-10
         1.000076174736023E+00        -1.513523812946005E-07         8.234844750543147E-11
         1.000237226486206E+00        -1.398561977339341E-07         1.389890719877274E-11
         1.000024437904358E+00         5.402388936204261E-08        -9.133368540636955E-12
         9.995750784873962E-01         7.356796345447947E-07        -1.537986266120228E-10
         9.998020529747009E-01         2.453600700391689E-07        -3.725581301794456E-11
         9.997401237487793E-01         4.596469125317526E-07         2.069620516631510E-11
         9.995994567871094E-01         5.774238616140792E-07         1.253623871377840E-10
         9.994371533393860E-01         5.150692459210404E-07         1.672696148258268E-10
         9.994582533836365E-01         5.284051098897180E-07         1.287578238473586E-10
         9.993213415145874E-01         7.596057685077540E-07         2.367141760384328E-10
         9.995642304420471E-01         4.588318063269980E-07         1.880482575211673E-10
         9.997879862785339E-01         1.932495194978401E-07         1.390847020887875E-10
         1.000174760818481E+00        -1.922452526059715E-07         6.258969731387509E-11
         1.000299811363220E+00        -2.924091973000031E-07         1.403397398291872E-10
         1.000268578529358E+00        -4.049042559017835E-07         1.356265794116851E-10
         1.000394463539124E+00        -6.833545853623946E-07         2.370236507065471E-10
         1.000282526016235E+00        -4.023650035378523E-07         1.899133073024473E-10
         1.000369429588318E+00        -7.047675012472610E-07         1.582559083779245E-10
         1.000436067581177E+00        -1.035158902595867E-06         2.492310524626618E-10
         1.000331759452820E+00        -1.063613467522373E-06         3.181464258705802E-10
         1.000143170356750E+00        -6.820749263170001E-07         1.512618502674812E-10
         1.000116229057312E+00        -5.117378236718650E-07         1.566374252526259E-10
         9.999234080314636E-01        -4.067128145379684E-07         1.717145869939429E-10
         9.998959302902222E-01        -7.868291618251533E-07         3.505736534403781E-10
         9.996509552001953E-01        -5.099482791592891E-07         2.646376451309607E-10
         1.000164508819580E+00        -1.547878468954877E-06         5.872385910876687E-10
         9.961588382720947E-01         3.799830665229820E-06        -8.586045763259165E-10
         9.970146417617798E-01         2.553970489316271E-06        -5.663630675556419E-10
         9.978839159011841E-01         1.736872945912182E-06        -3.642300905326579E-10
         9.987711310386658E-01         8.742953809814935E-07        -1.391215337376295E-10
         1.000330209732056E+00        -5.481942935148254E-07         1.795226051148902E-10
         0.000000000000000E+00         0.000000000000000E+00         0.000000000000000E+00
         0.000000000000000E+00         0.000000000000000E+00         0.000000000000000E+00
         0.000000000000000E+00         0.000000000000000E+00         0.000000000000000E+00
         9.993879199028015E-01         4.979376058145135E-07        -4.918616069993220E-10
         9.996743798255920E-01         5.633063437926467E-07        -6.089001525211302E-10
         9.994934201240540E-01         1.552304638607893E-06        -1.217464018488101E-09
         9.990054965019226E-01         3.272316689617583E-06        -2.435213142248926E-09
         9.996346831321716E-01         1.170698169516982E-06        -4.649902130005046E-10
         1.000342845916748E+00         1.587205389341761E-07        -2.051687014725800E-10
         1.000597476959229E+00        -3.784256819017173E-07        -4.544049511667758E-11
         1.000728249549866E+00        -6.357655024658015E-07        -6.863131590817417E-11
         1.000469803810120E+00        -1.340499267143969E-07        -2.082591737950779E-10
         1.000463128089905E+00        -1.450969762117893E-07        -1.494542406499377E-10
         1.000549316406250E+00        -1.457013638628268E-07        -4.145939494493156E-11
         1.000580787658691E+00        -3.632115124219126E-07         4.735196609817471E-11
         1.000222325325012E+00        -6.578073907803628E-08        -9.860590122201529E-11
         1.000347256660461E+00        -5.270288738756790E-07         8.571986870320458E-12
         1.000345706939697E+00        -1.906596907019775E-07        -8.072528062674778E-11
         1.000423908233643E+00         1.974315892994127E-07        -1.994512194292142E-10
         1.000561833381653E+00        -1.870808858939199E-07        -1.180670283762453E-10
         1.000456333160400E+00         3.400677783815809E-08        -1.297183888082643E-10
         1.000448107719421E+00        -5.236393008090090E-08         7.018612774301047E-11
         1.000267982482910E+00         3.664113137347158E-07        -7.053509859522578E-11
         1.000319361686707E+00         3.811415183463396E-07        -2.293450429569077E-10
         1.000591993331909E+00        -5.725948426515970E-07         5.374523048828905E-11
         1.000295400619507E+00        -1.639128157648884E-07        -6.132863314411985E-12
         1.000229597091675E+00         1.231532849033101E-07        -1.338065352962658E-10
         1.000141263008118E+00         3.918826223525684E-07        -1.882204669900744E-10
         1.000382661819458E+00         1.414940271615706E-07        -1.310803549037232E-10
         1.000442862510681E+00         1.121995154562683E-07        -5.957848797644161E-11
         1.000243902206421E+00         1.111776199991255E-07        -1.289412587118788E-11
         9.999221563339233E-01         5.669476763614512E-07        -8.644066712415466E-11
         9.997094869613647E-01         8.845524348544131E-07        -1.141171462881729E-10
         1.000019907951355E+00         3.844278069209395E-07        -3.357151362459732E-11
         1.000574469566345E+00        -3.166267106280429E-07         1.262173698890479E-10
         1.000603079795837E+00        -1.850644935075252E-07         8.050834998662992E-11
         1.000323653221130E+00         2.973037283027224E-07        -4.281846058273864E-11
         1.000036716461182E+00         6.993538477217953E-07        -1.805138538646389E-10
         1.000109910964966E+00         2.973574169118365E-07        -9.387194493948314E-11
         1.000066280364990E+00         9.171247228323409E-08         3.891607088662985E-12
         9.998926520347595E-01        -5.181826168154657E-07         3.341125986988658E-10
         9.992718100547791E-01         1.335173180905258E-07         9.218779906117192E-11
         9.992192983627319E-01         7.213324693111645E-08         6.848430156303209E-11
         9.992038607597351E-01         7.359960818575928E-08         4.493986086040458E-11
         9.990142583847046E-01         7.921731253190956E-07        -1.935854393453340E-10
         9.994588494300842E-01         3.064476175040909E-07        -1.422126721939421E-10
         9.993637800216675E-01         4.868310270467191E-07        -2.681473376675569E-10
         9.994009137153625E-01         5.152815560904855E-07        -2.364522189157725E-10
         9.993161559104919E-01         6.039737172613968E-07        -3.594656794447815E-10
         9.997753500938416E-01        -4.082712337094563E-07        -1.164031163125578E-10
         9.995740056037903E-01         5.725071616780042E-08        -2.122511749691469E-10
         9.995658993721008E-01         3.012993943229958E-07        -3.234010281794042E-10
         9.995414614677429E-01         2.033516466326546E-07        -2.380466657125879E-10
         9.991388320922852E-01         1.210242203342204E-06        -4.958951027589364E-10
         9.992057085037231E-01         1.013914470604504E-06        -2.955425626449681E-10
         9.993352890014648E-01         8.266517284027941E-07        -2.337058879753329E-10
         9.996289014816284E-01         5.330884391696600E-07        -1.470677468695669E-10
         1.000010490417480E+00         1.023691282853179E-07        -1.764693252637173E-11
         9.999316930770874E-01         2.753793637566559E-08         1.384934701642582E-11
         9.996907114982605E-01         7.064625719976902E-07        -2.330401427386164E-10
         9.997379183769226E-01         5.941173526480270E-07        -1.195366167161538E-10
         9.998729228973389E-01         5.512764573722961E-07        -2.399879461822962E-10
         9.999033212661743E-01         6.009732373968291E-07        -2.083449246459423E-10
         9.996732473373413E-01         1.318653744419862E-06        -3.957521532704789E-10
         9.996850490570068E-01         9.760951797943562E-07        -9.110952964297425E-11
         9.998599886894226E-01         6.327463211164286E-07        -3.260621633804917E-11
         9.999879002571106E-01        -9.559197167163802E-08         1.883802280833180E-10
         1.000319361686707E+00        -8.741230317355075E-07         2.625919204302107E-10
         1.000202298164368E+00        -8.832088269628002E-07         3.282457639031122E-10
         1.000207662582397E+00        -8.598526619607583E-07         2.618579797442067E-10
         1.000298380851746E+00        -8.839182896736020E-07         2.058527653892028E-10
         9.999836087226868E-01        -2.549840587562358E-07         9.956300367486293E-11
         9.997775554656982E-01        -2.541195271987817E-07         1.556528794743883E-10
         9.998438954353333E-01        -2.016298452645060E-07         2.136151533438380E-10
         9.998871684074402E-01        -5.741705990658375E-07         3.333367470936821E-10
         9.994910359382629E-01         1.331462726739119E-07         1.312458614011192E-10
         9.997683763504028E-01        -1.296382521331907E-07         1.363240076379668E-10
         1.000015020370483E+00        -2.373471517103098E-07         1.553347311888942E-10
         9.999474883079529E-01        -1.515262937346051E-07         5.686482187905462E-11
         9.998744726181030E-01         6.897153070895001E-08         1.838575992840763E-11
         9.998936057090759E-01        -8.307436871746177E-08         4.741328857305049E-11
         9.999780654907227E-01        -4.090118750355032E-07         1.545336497654759E-10
         9.997935295104980E-01        -2.700166419344896E-07         8.339797602507915E-11
         9.996434450149536E-01         3.270470827487770E-08        -1.011986328069980E-10
         9.998393058776855E-01        -3.590842254652671E-07         5.239584113803097E-11
         9.999511837959290E-01        -7.133946837711846E-07         1.367362750803736E-10
         9.996314048767090E-01        -1.672822520504269E-07        -1.575027087918901E-11
         9.996653199195862E-01        -2.026133358867810E-07         6.524438628252582E-11
         9.995260238647461E-01        -5.016938420254746E-09        -1.246351077899277E-10
         9.991529583930969E-01         8.114362799460650E-07        -3.594845809917757E-10
         9.995273351669312E-01         6.550615694322914E-07        -4.281223153768110E-10
         1.000113129615784E+00        -2.119656841159667E-07        -2.100673801574970E-10
         9.998717904090881E-01         3.711129465955310E-07        -2.344903993201086E-10
         9.997731447219849E-01         3.925417217942595E-07        -1.633434221215424E-10
         9.996109604835510E-01         3.584001717626961E-07        -1.428651363877265E-10
         9.994778037071228E-01         6.106311616349558E-07        -2.994259562516532E-10
         9.991602301597595E-01         9.731356840347871E-07        -2.806075927175300E-10
         9.994913339614868E-01         3.209496526324074E-07        -4.270097817005158E-11
         9.991959929466248E-01         1.079202093023923E-06        -3.582488194986411E-10
         9.993979930877686E-01         1.080961965271854E-06        -3.012983473826836E-10
         9.996000528335571E-01         7.392914653792104E-07        -1.754738437886871E-10
         9.994360208511353E-01         1.170244445347635E-06        -2.765209172750360E-10
         9.994905591011047E-01         1.060586328094359E-06        -1.802921562044091E-10
         9.994413256645203E-01         1.072724671757896E-06        -2.878175198173238E-10
         9.996900558471680E-01         4.345085926615866E-07        -1.044391448323800E-10
         9.999021887779236E-01         1.438283874222179E-07         1.204455458980735E-11
         9.998157024383545E-01         3.660573497654696E-07        -1.567683760583805E-10
         9.999622106552124E-01         1.410998606843350E-07        -1.216469286413613E-10
         1.000616312026978E+00        -7.635711654074839E-07         1.369731550404651E-10
         1.000604748725891E+00        -8.348647497768980E-07         2.466641613185772E-10
         1.000662565231323E+00        -1.145495730270341E-06         3.839565887453489E-10
         1.000582933425903E+00        -7.989172559064173E-07         2.550263333844782E-10
         1.000572681427002E+00        -1.030902694765246E-06         3.631715761454046E-10
         1.000550389289856E+00        -1.141967914009001E-06         4.051480817501840E-10
         1.000144839286804E+00        -3.352957662627887E-07         1.462207854796560E-10
         1.000283479690552E+00        -6.392458544723922E-07         2.267003806899481E-10
         1.000109314918518E+00        -6.643221013291623E-07         2.970529378032438E-10
         1.000118613243103E+00        -6.848906650702702E-07         1.907925067934357E-10
         9.998375773429871E-01        -7.022156722769068E-08         1.063799742739846E-10
         9.995898008346558E-01         1.162626261930200E-07         4.274847142937688E-11
         9.995560050010681E-01         3.885134560732695E-07        -1.463126564349437E-10
         9.999668002128601E-01        -3.116298046279553E-07         1.613350286699955E-10
         1.000338315963745E+00        -8.816211334305990E-07         2.102002877313325E-10
         1.000377058982849E+00        -9.332392210126272E-07         1.975227481576525E-10
         9.999828338623047E-01        -1.478070572602519E-07        -1.351008471761617E-10
         9.992724061012268E-01         1.135862248702324E-06        -4.680044685123619E-10
         9.994763731956482E-01         5.668430844707473E-07        -2.995960979301771E-10
         9.996199607849121E-01         2.138522035011192E-07        -2.528797449219411E-10
         9.999366998672485E-01        -4.913663360639475E-07        -6.739327845783905E-12
         9.997423291206360E-01        -4.759448302138480E-08        -1.218117690049425E-10
         9.994565844535828E-01         4.875019499195332E-07        -2.330220738588906E-10
         9.994995594024658E-01         7.584207537547627E-07        -2.556395650721299E-10
         9.996262788772583E-01         8.575347010264522E-07        -2.659274744853946E-10
         9.995990991592407E-01         6.493971227428119E-07        -2.131167603502959E-10
         9.995895624160767E-01         8.409757583649480E-07        -2.369538176782982E-10
         9.997351169586182E-01         5.621484433504520E-07        -1.940919369669558E-10
         9.998088479042053E-01         6.032270789546601E-07        -1.641812935604392E-10
         1.000136852264404E+00        -1.351593823528674E-07         7.174631028172840E-11
         1.000235795974731E+00        -4.112549447654601E-07         2.114888993098862E-11
         1.000376224517822E+00        -6.123713660599606E-07         1.058946819121331E-10
         9.999424815177917E-01        -6.964319965163668E-08         5.552168967637439E-12
         9.997747540473938E-01         5.695872005162528E-07        -1.424659973325859E-10
         1.000137090682983E+00        -1.389872466006636E-07         4.564109073318390E-12
         1.000222802162170E+00        -1.803286409085558E-07         9.661291731910548E-12
         1.000642776489258E+00        -1.057659233083541E-06         2.335496518401925E-10
         1.000609874725342E+00        -8.496083978570823E-07         2.524462583419762E-10
         1.000653266906738E+00        -9.016603144118562E-07         2.862074743870124E-10
         1.000261664390564E+00        -2.497758089248237E-07         8.368502418809598E-11
         1.000217914581299E+00        -3.426704040521145E-07         2.220634232052987E-10
         9.999325275421143E-01         6.785920163565606E-07         1.989042958117082E-11
         1.000319480895996E+00        -2.510036551939265E-07         1.297560808799503E-10
         1.000653505325317E+00        -7.627583045177744E-07         3.138802828761555E-10
         1.000369668006897E+00        -5.667551761234790E-08         1.138290850466461E-10
         1.000183939933777E+00         2.738638045229891E-07         5.105623215873045E-11
         1.000241518020630E+00         1.838344871885056E-07         1.469411536891840E-10
         1.000229835510254E+00         6.810311248273138E-08         1.168474622614823E-10
         1.000113964080811E+00         2.159805134738235E-08         3.384191538113868E-10
         9.998893737792969E-01         2.963177223591629E-07        -1.205301396883796E-11
         9.997351765632629E-01         6.747862357769918E-07        -1.690467904547077E-10
         9.995933771133423E-01         3.240684804950433E-07         2.483579453205209E-10
         9.997313618659973E-01         1.610949311725562E-07         3.561970510213008E-11
         9.999122023582458E-01        -3.986440333392238E-07         2.077208405282249E-10
         1.000101923942566E+00        -8.483522719870962E-07         2.482611061171980E-10
         1.000430583953857E+00        -1.362902025903168E-06         1.619169798239284E-10
         1.000299572944641E+00        -9.054454039869597E-07         1.856790138310416E-10
         1.000447869300842E+00        -1.130714849750802E-06         2.948720434492458E-10
         1.000323534011841E+00        -6.405911676665710E-07         1.378481495617478E-10
         1.000659942626953E+00        -6.282155027292902E-07         1.273977668150850E-12
         1.000604510307312E+00        -2.150705427084176E-07         3.013810988966581E-12
         9.999142885208130E-01         1.148343130807916E-06        -3.687974092780877E-10
         1.000071048736572E+00         5.226466441854427E-07         3.326382919111026E-11
         9.999235868453979E-01         7.310267164939432E-07        -2.728647030547648E-10
         1.000016450881958E+00         7.712865226494614E-07        -3.864799591468682E-10
         1.000170826911926E+00         3.987043442066351E-07        -1.599316096223546E-10
         9.999402165412903E-01         5.932922704232624E-07        -2.362474382788804E-10
         9.998980164527893E-01         5.801795168736135E-07        -1.530641585700820E-10
         9.993848800659180E-01         1.194943251903169E-06        -2.672388699220818E-10
         9.992935061454773E-01         1.299997961723420E-06        -2.376583929653009E-10
         9.992661476135254E-01         1.608327579560864E-06        -4.054968028022188E-10
         9.994546175003052E-01         1.435681838302116E-06        -3.848025509345376E-10
         9.996284246444702E-01         9.719580020828289E-07        -2.004892363238753E-10
         9.991118311882019E-01         6.846453857178858E-07         4.062332067955587E-11
         9.997290968894958E-01        -2.192997214933712E-07         3.081391253267896E-10
         9.997346997261047E-01         9.070913620234933E-08         2.690520584103240E-10
         0.000000000000000E+00         0.000000000000000E+00         0.000000000000000E+00
         0.000000000000000E+00         0.000000000000000E+00         0.000000000000000E+00
         0.000000000000000E+00         0.000000000000000E+00         0.000000000000000E+00
         0.000000000000000E+00         0.000000000000000E+00         0.000000000000000E+00
         1.001491546630859E+00        -6.778248007321963E-06         4.133806630335357E-09
         1.001598954200745E+00        -6.340990239550592E-06         3.964395478561755E-09
         1.001592040061951E+00        -5.635739398712758E-06         3.462843567447749E-09
         1.000499010086060E+00        -9.368168321088888E-07         4.992943558601581E-11
         1.000259399414062E+00        -5.173141630621103E-07         6.611306641035597E-11
         9.999778270721436E-01        -2.383409452022534E-07         1.433967111719170E-10
         1.000047683715820E+00        -3.240686226035905E-07         1.186803988417751E-10
         1.000034928321838E+00        -4.864253355663095E-07         3.864331354908046E-10
         9.999074339866638E-01        -1.586295468314347E-07        -9.249259691479494E-11
         1.000017285346985E+00        -4.403269713293412E-07        -1.914583769302425E-10
         9.998538494110107E-01        -4.042076113819348E-07        -5.408829634179213E-11
         9.998539090156555E-01        -3.133291954782180E-07         3.012022575799023E-11
         1.000215291976929E+00        -1.041424297909543E-06         3.729619391101835E-11
         1.000330448150635E+00        -1.209352262776520E-06         1.335390131806946E-10
         1.000343561172485E+00        -8.990987794277316E-07         1.522296594336225E-10
         1.000378251075745E+00        -8.289582638099091E-07         4.297559530463957E-10
         1.000226974487305E+00        -1.939138343232116E-07         9.596484717988574E-11
         1.000100612640381E+00         1.122100528050396E-07         2.692630493572601E-11
         9.999901652336121E-01         2.107671974727054E-07        -8.491537334398558E-11
         9.997971653938293E-01         2.837820716194983E-07         1.422712780918545E-10
         9.995383024215698E-01         5.829099336551735E-07        -4.794067573477001E-11
         9.995146989822388E-01         6.612085030610615E-07        -2.867710791054634E-10
         9.997879266738892E-01         5.366298978515260E-07        -2.423019007657956E-10
         9.998799562454224E-01         6.384635184986109E-07        -7.274240237942209E-11
         1.000051379203796E+00         4.573887792957976E-07        -4.289015670400076E-11
         1.000307917594910E+00         2.757848527323858E-08         1.490132670034505E-11
         1.000292062759399E+00        -3.153400029987097E-08         1.136837568527227E-10
         1.000527262687683E+00        -2.856341723145306E-07         1.478236977270342E-10
         1.000514626502991E+00        -4.360784657819750E-07         2.367715745688059E-10
         1.000463843345642E+00        -4.161758795362402E-07         1.990479864266703E-10
         1.000302195549011E+00        -3.365104248587159E-07         1.818210443316204E-10
         1.000479102134705E+00        -7.910847443781677E-07         2.652176811501761E-10
         1.000460028648376E+00        -8.914034310691932E-07         1.685927231154238E-10
         1.000392079353333E+00        -6.546149506903021E-07         1.270231697603208E-10
         1.000182628631592E+00        -1.674544733987204E-07         7.750899227998431E-11
         1.000506639480591E+00        -5.280257369122410E-07         1.221385909078165E-10
         1.000512242317200E+00        -3.538733039931685E-07        -1.018222936521873E-10
         1.000494360923767E+00        -2.730104995407601E-07        -2.052634451299440E-10
         1.000299811363220E+00         1.457222964518223E-07        -2.876297255927085E-10
         1.000183343887329E+00         1.705633820847652E-07        -2.140966848251935E-10
         1.000460863113403E+00        -3.713431908636267E-07        -2.684124589258374E-10
         1.000517368316650E+00        -5.860932787982165E-07        -7.066992824267260E-11
         1.000365018844604E+00        -3.169754450027540E-07        -4.312765422564979E-11
         1.000427246093750E+00        -4.192114602119545E-07         2.555369527090789E-10
         1.000402212142944E+00        -3.199627940375649E-07         3.311364515923287E-10
         1.000468015670776E+00        -5.755256324846414E-07         2.606533322513371E-10
         1.000415086746216E+00        -4.262602146809513E-07         1.509386504672250E-10
         1.000639319419861E+00        -8.283453780677519E-07         7.728370721160616E-11
         1.000386953353882E+00        -2.373880931827443E-07        -6.627098869671499E-11
         1.000082135200500E+00        -3.287235301741021E-07         6.251549972136061E-11
         9.999182224273682E-01         9.376326204346697E-08        -3.034387324740706E-11
         9.998153448104858E-01         1.425987790071304E-07        -1.805617114158942E-11
         9.997165799140930E-01         4.406036850923556E-07        -1.117618150803246E-10
         9.998416304588318E-01         1.263190085865062E-07        -3.030167783357740E-11
         9.997079968452454E-01         3.362616212143621E-07        -9.546868851018075E-11
         1.000039815902710E+00        -3.146499594208763E-08        -2.985165933888645E-11
         1.000270485877991E+00        -1.759703422976600E-07        -1.515303681143276E-11
         1.000194430351257E+00         4.543618103980407E-07        -3.119608738000323E-10
         1.000166773796082E+00         3.111400985744694E-07        -1.629094498190042E-10
         9.999136328697205E-01         4.600328225023986E-07        -1.369255923922008E-11
         9.996057152748108E-01         6.140021469036583E-07         9.036483367141912E-11
         9.993344545364380E-01         6.740756930412317E-07         2.599413184700694E-10
         9.992283582687378E-01         5.755395591222623E-07         2.291415945876452E-10
         9.993026852607727E-01         5.175647288524488E-07         1.808923566493092E-10
         9.994053840637207E-01         5.419552167040820E-07        -1.494630669229835E-10
         9.995138645172119E-01         5.892841272725491E-07        -2.163251938691602E-10
         1.000086069107056E+00        -4.314718182740762E-07        -1.052631801168324E-10
         9.997930526733398E-01        -1.261137185792904E-07         5.231146462184033E-13
         9.997885227203369E-01        -1.652685597264281E-07        -1.252313704125374E-11
         9.996277093887329E-01         1.520920456243857E-08         1.157098583615124E-10
         9.996489286422729E-01         1.285108730542106E-08         2.040336927189301E-10
         9.995418787002563E-01         3.829324271009682E-07        -5.893219245933778E-11
         9.996153116226196E-01         1.222813352796948E-07        -3.428815564809895E-11
         9.995284080505371E-01         2.485454899670003E-07        -4.945319154181504E-11
         9.994527697563171E-01         4.602215994964354E-07        -1.428226564792467E-10
         9.998953342437744E-01        -1.011950523377436E-08        -5.066144725951460E-11
         9.998918771743774E-01         2.611787586204173E-08        -2.385364301915605E-11
         9.997179508209229E-01         3.033934774521185E-07        -1.293169044069842E-10
         9.994381666183472E-01         5.538939262805798E-07        -1.614901545821112E-10
         9.993966817855835E-01         1.911897413719998E-07        -1.535824106779771E-10
         9.993969202041626E-01         3.375455435161712E-07        -1.475001093487194E-10
         9.994873404502869E-01         3.649885229606298E-07        -1.656452058851343E-10
         9.997408986091614E-01         1.618082023924217E-07        -1.676832006580753E-10
         9.998074173927307E-01         2.714096751788020E-07        -2.784496799801417E-10
         9.999570846557617E-01         8.605145040974094E-09        -1.612947553297772E-10
         9.998302459716797E-01         1.821431538928664E-07        -1.484501410686789E-10
         9.998239278793335E-01         1.314671749241825E-07        -3.802163445199014E-11
         9.996126890182495E-01         5.028858822697657E-07        -1.679346661731529E-10
         9.999104738235474E-01         1.142447842994443E-07         1.473549234021210E-11
         9.998140335083008E-01         2.469051310072246E-07         2.245170369064020E-11
         9.998541474342346E-01         1.736230217375123E-07         1.109985506286826E-10
         9.999327659606934E-01         9.261352573730619E-08         1.481260996022762E-13
         1.000028848648071E+00        -1.511699423417667E-07         8.495552872300749E-11
         9.996482729911804E-01         3.251901716794237E-07         9.055672010871429E-12
         9.994428753852844E-01         6.456819505729072E-07         3.492555637057970E-12
         1.000097632408142E+00        -9.448196180983359E-08         6.544309538725201E-11
         1.000422477722168E+00        -3.597846784941794E-07        -1.741044461378571E-11
         1.000513315200806E+00        -5.082416123514122E-07        -3.757406191740031E-11
         1.000396251678467E+00        -4.331324419126759E-07         1.893368621608271E-11
         1.000178217887878E+00        -2.455296623793402E-07        -9.933546346596600E-11
         1.000159740447998E+00        -3.127807417513395E-07        -6.555687936948829E-11
         1.000117182731628E+00        -3.987708794284117E-07        -1.027640125772500E-10
         1.000170946121216E+00        -7.475896381947678E-07        -8.849034699442981E-11
         0.000000000000000E+00         0.000000000000000E+00         0.000000000000000E+00
         9.997917413711548E-01        -6.269562504712667E-07         7.122176459706253E-11
         1.000044226646423E+00        -5.744036570831668E-07         1.001927707466876E-10
         9.999483227729797E-01        -3.085043545070221E-07         3.127172132355582E-11
         9.997520446777344E-01        -1.233187418847592E-07         3.348476704245762E-11
         9.995611906051636E-01         3.606083112117631E-07        -1.366696616988960E-10
         9.996721148490906E-01         2.374424070694658E-07        -1.036596919412602E-10
         9.996743202209473E-01         2.771445224425406E-07        -1.106412114704192E-10
         9.997638463973999E-01         4.268403586138447E-07        -1.929853082893729E-10
         9.998692870140076E-01         2.052915561989721E-07        -1.683853230460830E-11
         9.998564124107361E-01         1.816357126926960E-07         2.039411001186764E-11
         9.998283386230469E-01         1.289040341134751E-07         1.637694979628179E-10
         1.000365853309631E+00        -6.812014134993660E-07         1.791840426035307E-10
         1.000363230705261E+00        -9.304048376179708E-07         2.839079804584088E-10
         1.000246644020081E+00        -4.220407276989135E-07         8.250972127754608E-11
         1.000514268875122E+00        -9.856797760221525E-07         2.787319541841526E-10
         1.000126123428345E+00        -3.105606083408929E-07         1.048729852959340E-10
         1.000093936920166E+00        -1.886298264253128E-07         1.438963097982748E-11
         9.998913407325745E-01         3.356039712798520E-07        -1.132864357877850E-10
         9.998622536659241E-01         4.492750065310247E-07        -8.810129709102554E-11
         1.000089049339294E+00        -1.700164915519053E-07         1.179729404443552E-11
         1.000049114227295E+00        -2.685426352400100E-07         9.622588836855073E-11
         9.999695420265198E-01        -2.681250919067679E-07         1.946229427618462E-10
         9.995953440666199E-01         3.081226509493717E-07         2.608854521302106E-10
         9.994404911994934E-01         3.593898156850628E-07         2.275608312896082E-10
         9.993473887443542E-01         5.219864647187933E-07         1.813178079901334E-10
         9.996144175529480E-01         7.027053783303927E-08         8.524375649798799E-11
         9.999574422836304E-01        -3.831576407264947E-07         7.880498337220487E-11
         9.999708533287048E-01        -5.164419647485374E-08         2.645203934364959E-12
         1.000260114669800E+00        -5.614638212136924E-07         9.032385950291655E-11
         9.998137354850769E-01         3.285126979335473E-07        -8.769680120979118E-11
         9.997724294662476E-01         3.026989361387677E-07        -1.042610442425485E-10
         9.999476075172424E-01         2.406600607685050E-08         2.769853443829184E-11
         9.997910261154175E-01         4.947158913637395E-07        -5.163069624614103E-11
         9.997635483741760E-01         5.047037916483532E-07        -1.408350103204725E-10
         9.998431801795959E-01         3.438620126416936E-07        -2.628179444907897E-11
         9.997593760490417E-01         1.879000564031230E-07         5.380393700016306E-11
         9.997110366821289E-01         3.159362336191407E-07        -1.058598417258416E-10
         9.997820258140564E-01         2.218879302517962E-07         8.611771885880248E-12
         9.999086260795593E-01         1.669457532216256E-07        -7.485252695449418E-11
         1.000139117240906E+00        -1.249730985364295E-08         3.007469273619279E-11
         1.000189185142517E+00        -8.890693692364948E-08        -5.061520647053896E-11
         1.000061750411987E+00         9.754993612887120E-08        -8.060882517035850E-11
         9.999285340309143E-01         3.332768869768188E-07        -8.144111079966265E-11
         9.998065829277039E-01         3.980351266363868E-07         6.164876248382356E-11
         9.998580217361450E-01         4.237850248500763E-07        -3.077177054833236E-11
         1.000154614448547E+00        -1.459782197343884E-07        -2.975215560030442E-11
         1.000048875808716E+00        -1.485488212438213E-07         1.472908184307897E-10
         1.000146865844727E+00        -6.582924925169209E-07         3.416784355447788E-10
         1.000434756278992E+00        -1.094733875106613E-06         1.750956463153486E-10
         1.000800371170044E+00        -1.460124053664913E-06         2.018146344484606E-10
         1.000845670700073E+00        -1.306799845224305E-06         2.094538154029379E-10
         1.000848531723022E+00        -1.311222263211675E-06         3.035481865865108E-10
         1.000727057456970E+00        -1.068955384653236E-06         1.987828929239654E-10
         1.000682115554810E+00        -9.671759926277446E-07         3.283513461127541E-10
         1.000695586204529E+00        -9.741801250129356E-07         1.898419754731151E-10
         1.000421404838562E+00        -3.751933377316163E-07        -1.481390149438155E-10
         1.000324249267578E+00        -3.482605563931429E-07        -1.742676836169466E-10
         1.000397205352783E+00        -4.209479413930239E-07        -2.258363496210336E-10
         1.000382781028748E+00        -4.614140323155880E-07        -2.012469496603941E-10
         1.000344514846802E+00        -5.761340275967086E-07        -1.008780142752741E-10
         1.000389337539673E+00        -6.568711796717253E-07        -1.226370949236610E-10
         1.000304579734802E+00        -2.842649564627209E-07        -2.413582667060155E-10
         1.000447511672974E+00        -5.679678451997461E-07        -1.617625478012030E-10
         1.000150918960571E+00         1.479219520206243E-07        -4.145852272596784E-10
         1.000418543815613E+00        -5.291033176035853E-07        -2.678301469494215E-10
         1.000014901161194E+00        -6.049731382518075E-08        -3.128192149759457E-10
         9.998974204063416E-01        -1.741636168617333E-07        -3.119609570667592E-10
         9.999477863311768E-01        -3.076760037856729E-07        -1.943485788968857E-10
         9.998385906219482E-01         1.113163961008468E-07        -2.754210748356911E-10
         1.000305294990540E+00        -7.375496124950587E-07        -2.390714570754682E-10
         1.000507950782776E+00        -1.042924509420118E-06        -1.705217772540735E-10
         1.000380516052246E+00        -8.220573590733693E-07        -2.775382146325001E-10
         1.000734448432922E+00        -1.739054368954385E-06        -7.994527262411566E-11
         1.001787662506104E+00        -3.069256536036846E-06         1.698743784528389E-10
         1.001098394393921E+00        -2.361856104471372E-06         1.268167376666796E-10
         1.001084446907043E+00        -2.432188011880498E-06         1.375743824416631E-10
         1.001848459243774E+00        -3.079614316447987E-06         3.128629300075403E-10
         0.000000000000000E+00         0.000000000000000E+00         0.000000000000000E+00
         0.000000000000000E+00         0.000000000000000E+00         0.000000000000000E+00
         0.000000000000000E+00         0.000000000000000E+00         0.000000000000000E+00
         0.000000000000000E+00         0.000000000000000E+00         0.000000000000000E+00
         9.985732436180115E-01         1.375484544041683E-06        -4.946918430448477E-10
         9.998091459274292E-01        -1.122425146604655E-06         8.233446702199387E-10
         9.993142485618591E-01         3.723893087226315E-07         2.255812481255504E-10
         9.995957612991333E-01        -6.345563718923586E-08         1.016660436392591E-10
         9.993731379508972E-01         5.943155301224579E-08         7.178068139879201E-10
         9.990317225456238E-01         1.425574509994476E-06         2.762131079414587E-10
         9.997289776802063E-01         3.190180848378077E-07         4.975772571746973E-10
         9.997028112411499E-01         2.293222394200711E-07         6.240306049676292E-10
         9.998928904533386E-01        -2.022538865276147E-07         6.538485863849530E-10
         9.992088675498962E-01         1.635095031815581E-06         1.554316814145196E-10
         9.996014237403870E-01         7.869841738283867E-07         5.883326603672856E-10
         1.000073313713074E+00         6.744015479398513E-08         6.286696163648742E-10
         1.000338912010193E+00        -3.619908568452956E-07         6.422200549138779E-10
         9.999788403511047E-01         5.561553280131193E-07         1.881533540082359E-10
         9.999758005142212E-01         5.879169862055278E-07         2.047110675418296E-10
         9.999274611473083E-01         7.088362394824799E-07         9.510850440541674E-11
         1.000273942947388E+00        -1.543945700177574E-07         4.350532434305165E-10
         1.000395417213440E+00        -6.782045147701865E-08         2.928318698636190E-10
         1.000881910324097E+00        -1.133142518483510E-06         5.518411838600912E-10
         1.000590085983276E+00        -9.465616130910348E-07         5.819631998527086E-10
         1.000187158584595E+00        -4.627395071565843E-07         4.207849069182146E-10
         1.000273466110229E+00        -4.922904395243677E-07         3.347108423756850E-10
         1.000023841857910E+00         2.928511833033554E-07         4.882414264550938E-11
         1.000024318695068E+00         3.159801167385012E-07        -9.022796398916455E-12
         9.997700452804565E-01         7.528471996920416E-07        -1.440976227229385E-10
         9.994350075721741E-01         1.270620373361453E-06        -2.898899453818160E-10
         9.994570016860962E-01         9.499009934188507E-07        -1.350422690338249E-10
         9.994412660598755E-01         1.042148824126343E-06        -1.881727829111668E-10
         9.999639391899109E-01        -9.233184528056881E-08         1.077327602128086E-10
         9.999054074287415E-01        -5.362652188978245E-08        -6.898029369928338E-11
         1.000241518020630E+00        -6.916260986145062E-07         5.265483188354736E-11
         1.000152826309204E+00        -7.461064797098516E-07         3.284732208452823E-10
         9.998579621315002E-01         1.010666323963960E-07        -1.261427073906418E-11
         9.998280405998230E-01         3.456458159689646E-07        -7.202304724840403E-11
         9.996749758720398E-01         8.304327820951585E-07        -2.293118472884714E-10
         9.998779296875000E-01         5.879500122318859E-07        -2.924270825488406E-10
         9.996974468231201E-01         9.809957646211842E-07        -3.667922354733122E-10
         1.000506281852722E+00        -9.129958584708220E-07         1.811839844823027E-10
         1.000378847122192E+00        -5.235748972154397E-07        -1.710454174130849E-11
         1.000541090965271E+00        -1.117055489885388E-06         2.690906386604297E-10
         1.000776290893555E+00        -1.479553816352563E-06         4.143830834024698E-10
         1.000287532806396E+00        -2.877570466353063E-07         9.251188703984781E-11
         9.999734759330750E-01         4.940387725582696E-07        -2.826357481389152E-10
         1.000003695487976E+00         4.728545661691896E-07        -2.155240153012272E-10
         1.000053882598877E+00         3.754469446448638E-07        -1.442739816504002E-10
         1.000011563301086E+00         4.630859393728315E-07        -1.219712109090665E-10
         1.000192880630493E+00        -1.288415063527282E-07         2.547750066472787E-10
         1.000248312950134E+00        -1.269947080828615E-08         5.555672588641869E-11
         1.000344157218933E+00        -5.885851237508177E-07         5.510367162564478E-10
         1.000233411788940E+00        -1.673361396115070E-07         9.770903530714747E-11
         1.000065803527832E+00         1.803291240776161E-07         6.895718024368946E-11
         1.000116229057312E+00         1.621511245275542E-07        -1.221089618308469E-10
         9.998576641082764E-01         5.438059247353522E-07        -1.648425007605425E-10
         9.996967911720276E-01         8.443018373327504E-07        -2.974581692072320E-10
         9.997314214706421E-01         4.743623094327631E-07        -5.246228798605479E-11
         9.999455809593201E-01         2.262861755752965E-07        -1.246357600459547E-10
         1.000094413757324E+00         6.864057411348767E-08        -1.161295573592902E-10
         1.000054121017456E+00         1.236686131278475E-07        -9.071585149733608E-11
         1.000160813331604E+00        -2.162727099630501E-07        -6.292184828726732E-11
         1.000000357627869E+00         1.619922471718382E-07        -1.743931110631536E-10
         9.998507499694824E-01         2.186987444474653E-07        -1.811188421463328E-10
         9.997565746307373E-01         2.398669778358453E-07        -2.515912200795611E-10
         9.996590614318848E-01         2.412791388906044E-07        -1.384492936962189E-10
         9.994760751724243E-01         5.335535320227791E-07        -3.144775551078283E-10
         9.996991753578186E-01        -3.793191538647989E-08        -1.197759252891117E-10
         9.992064833641052E-01         1.334947228315286E-06        -5.508993261571504E-10
         9.996877312660217E-01         2.233869054180104E-07        -2.014077238321477E-10
         9.991801381111145E-01         1.503636667621322E-06        -3.759417499527018E-10
         9.998545050621033E-01         5.268926628332338E-08         3.446801871698213E-11
         9.992486834526062E-01         1.575479018356418E-06        -3.690693861635452E-10
         9.998502135276794E-01         3.123030580809427E-07         1.309782143854576E-10
         9.998490214347839E-01         3.453780834661302E-07         1.384452830155425E-10
         9.998852610588074E-01         6.677839223812043E-07        -6.218862230733535E-11
         9.997316002845764E-01         7.361511507042451E-07        -5.865564284279756E-11
         1.000053286552429E+00         2.453941050362118E-09         1.534084248522305E-10
         9.997801184654236E-01         6.709436206620012E-07        -2.575198665422107E-10
         1.000024318695068E+00        -4.645309203965553E-08         3.879064430778456E-11
         9.996256232261658E-01         8.510518796356337E-07        -3.293103567614253E-10
         1.000415682792664E+00        -8.712825092516141E-07         1.176773539723897E-10
         9.998839497566223E-01         2.295799674811860E-07        -2.400846743633167E-10
         1.000163555145264E+00        -6.845209554739995E-07         2.437927915099891E-10
         9.999311566352844E-01         1.667494586854446E-07         3.199359874250796E-11
         9.999266862869263E-01        -5.570706207436160E-07         3.640905910096137E-10
         9.997507333755493E-01        -2.092438364797999E-07         2.005331595222870E-10
         9.997856020927429E-01         3.046528718186892E-07        -1.159742857304025E-10
         1.000420451164246E+00        -6.855983656350872E-07         4.565958028335260E-11
         9.999146461486816E-01         5.321181788531248E-07        -2.659565068174885E-10
         9.997376799583435E-01         8.709303074283525E-07        -3.100515677534332E-10
         1.000290274620056E+00        -1.755778669121355E-07         1.539804950212442E-10
         9.999049901962280E-01         4.733895764275076E-07         9.913220938573275E-11
         1.000210404396057E+00        -1.415281047911776E-07         2.702953694200261E-10
         9.998757243156433E-01         5.011738153370970E-07         5.891521992484883E-11
         1.000370502471924E+00        -2.731222252805310E-07         2.458829251317241E-10
         1.000208854675293E+00        -6.158035148473573E-08         1.436099416468606E-11
         1.000061869621277E+00         3.448314771503647E-07        -1.431985779953848E-10
         9.999169111251831E-01         6.998711796768475E-07        -2.364609341665158E-10
         1.000225782394409E+00        -2.513754395749856E-07         2.343019528394663E-11
         1.000157475471497E+00        -9.474092621530872E-08        -1.244949560108566E-10
         9.997975826263428E-01         3.483259263248328E-07        -1.703043539524884E-10
         9.999595880508423E-01        -5.899500266082214E-08        -2.752103926695337E-11
         0.000000000000000E+00         0.000000000000000E+00         0.000000000000000E+00
         0.000000000000000E+00         0.000000000000000E+00         0.000000000000000E+00
         9.996386170387268E-01        -1.766368384892303E-08        -5.445699880618493E-12
         9.999296069145203E-01        -2.325198522612482E-07         1.753184125652396E-10
         9.997670054435730E-01         1.908383211457476E-07        -9.521995691930130E-11
         9.998012781143188E-01         1.398683480147156E-07        -3.633080225551311E-10
         9.998524785041809E-01        -5.154265636519995E-07         2.195656156889214E-11
         9.995338320732117E-01         1.379850260718740E-07        -1.811420041741840E-10
         9.998382329940796E-01        -6.214329459908186E-07         7.559145670521517E-11
         9.992049336433411E-01         7.694842452110606E-07        -1.399325377793303E-10
         0.000000000000000E+00         0.000000000000000E+00         0.000000000000000E+00
         9.992759227752686E-01         2.739447495514469E-07         4.493854594000979E-11
         9.995701313018799E-01        -3.070893228596105E-08         1.955223066785194E-10
         9.998520612716675E-01        -5.955678830105171E-07         3.680579729881117E-10
         9.996145963668823E-01        -9.418781843351098E-08         2.991371039762214E-10
         0.000000000000000E+00         0.000000000000000E+00         0.000000000000000E+00
         0.000000000000000E+00         0.000000000000000E+00         0.000000000000000E+00
         9.995670318603516E-01        -4.135463527177308E-08         2.501212015282306E-10
         1.000284433364868E+00        -1.189325303130317E-06         3.931208969465416E-10
         9.995460510253906E-01         3.001714787842502E-07        -1.757699819027181E-10
         9.997724294662476E-01        -2.411053969808563E-07         1.858840720236898E-10
         9.996263384819031E-01         6.224876187843620E-07        -2.660986153646405E-10
         1.000217676162720E+00        -5.356679366741446E-07         9.448209575824151E-11
         1.000242471694946E+00        -4.542429792309122E-07        -4.049714730225418E-11
         1.000150918960571E+00        -2.224309696430282E-07        -2.213708383269619E-11
         1.000218033790588E+00        -3.497493707982358E-07        -2.842620583365374E-11
         9.995911121368408E-01         9.298824465986399E-07        -2.686020850184434E-10
         1.000495314598083E+00        -1.145804844782106E-06         5.881513609473643E-10
         1.000192284584045E+00        -6.683150672870397E-07         4.379314688662816E-10
         1.000208854675293E+00        -8.816485319584899E-07         4.397310848780478E-10
         9.997887611389160E-01        -1.053612521673131E-07         3.067497922337736E-10
         9.995762109756470E-01         3.376109134478611E-07         1.322340015263990E-10
         9.992832541465759E-01         6.444207656386425E-07        -4.827652860805998E-11
         9.994218945503235E-01         4.008456926385406E-07        -5.301209818342478E-11
         9.998541474342346E-01        -9.669364686715198E-08        -1.837189567144293E-10
         9.999549984931946E-01        -2.166482104826173E-08        -1.749339839651753E-10
         9.998087882995605E-01         1.937324185519174E-07        -2.304832297239656E-10
         9.995677471160889E-01         7.825145758033614E-07        -4.494879191074830E-10
         9.994546175003052E-01         1.085707367565192E-06        -4.629832350833141E-10
         9.992902278900146E-01         1.412570441061689E-06        -5.272666747657695E-10
         9.996001720428467E-01         4.497816519233311E-07        -2.677262023187410E-10
         9.999665617942810E-01        -3.459268214101030E-07        -4.906282671801598E-11
         1.000240802764893E+00        -6.460643930950027E-07        -9.456887356540378E-11
         9.997828602790833E-01         1.089690542244171E-07        -1.964686191513465E-10
         9.995208978652954E-01         6.367130822582112E-07        -2.540351262680929E-10
         9.996042847633362E-01         6.208312015587580E-07        -3.773132084550213E-10
         9.997043013572693E-01         3.218599147203349E-07        -2.853332570218470E-10
         1.000007629394531E+00        -3.609508212321089E-07        -7.672458501861712E-11
         1.000154137611389E+00        -6.870017728033417E-07         1.367007618213734E-10
         1.000111699104309E+00        -4.285186605557101E-07         1.232314528198941E-10
         9.994000196456909E-01         9.117345030063007E-07        -2.344897886974451E-10
         9.995609521865845E-01         8.247743039646593E-07        -2.668569254460351E-10
         9.993338584899902E-01         1.288949988520471E-06        -2.281456829011930E-10
         9.994040131568909E-01         9.273913974539028E-07        -7.799355605797587E-11
         9.997817873954773E-01         3.702514561609860E-07        -5.102575653670449E-11
         1.000066399574280E+00        -7.641700960903108E-08         1.666716764603393E-10
         1.000094890594482E+00        -1.192230314472909E-07         2.891767658663724E-10
         1.000418782234192E+00        -8.649295182294736E-07         3.325402453402404E-10
         1.000100970268250E+00        -4.712464942713268E-07         2.997876946686517E-10
         9.998201131820679E-01         3.073938898978668E-07        -8.244350341302109E-11
         9.995498657226562E-01         6.879249667690601E-07        -8.669455431320472E-11
         9.995609521865845E-01         4.898741963188513E-07         4.718838709540096E-13
         9.997692704200745E-01         1.464741927748037E-07         9.822980623352962E-11
         9.995439052581787E-01         1.004595901576977E-06        -9.596072547690682E-11
         9.995782375335693E-01         1.373713303109980E-06        -1.290724471747495E-10
         9.996328353881836E-01         1.331922703684540E-06        -1.221110434990180E-10
         9.997630715370178E-01         8.378677875953144E-07         1.215560013756445E-10
         9.999848604202271E-01         3.689243612825521E-07         4.460090352598201E-10
         1.000074148178101E+00         1.237592783809305E-07         3.461863296028156E-10
         9.996315836906433E-01         1.241350901182159E-06         6.743757635652159E-11
         9.995465874671936E-01         1.737247089295124E-06        -1.530676141392462E-10
         9.996366500854492E-01         1.463315243199759E-06        -2.542498329927145E-11
         9.996660351753235E-01         1.184127881970198E-06         5.074689626849427E-11
         9.996246099472046E-01         1.240391497958626E-06        -2.530563085467730E-11
         9.994233846664429E-01         1.524661229268531E-06        -2.305177403127967E-11
         9.993817806243896E-01         1.416564941791876E-06         1.702617560828124E-11
         9.995484352111816E-01         7.402829282909806E-07         3.062760323135905E-10
         9.949990510940552E-01         6.080544153519440E-06        -1.268935845288865E-09
         9.946246147155762E-01         6.586364634131314E-06        -1.330952903444427E-09
         9.954923987388611E-01         5.911868356633931E-06        -1.097238633285258E-09
         9.946500062942505E-01         7.262724921019981E-06        -1.261148629971842E-09
         9.942529797554016E-01         7.897834620962385E-06        -1.523474235654021E-09
         0.000000000000000E+00         0.000000000000000E+00         0.000000000000000E+00
         0.000000000000000E+00         0.000000000000000E+00         0.000000000000000E+00
         0.000000000000000E+00         0.000000000000000E+00         0.000000000000000E+00
         9.997383952140808E-01        -5.711896164939390E-07        -9.362992603456632E-10
         9.998602271080017E-01        -2.471389848324179E-07        -1.065169508152053E-09
         9.999644160270691E-01         3.491294933155586E-07        -1.393004267491449E-09
         1.000160813331604E+00        -1.658461457054727E-07        -8.200512491285394E-10
         1.000666022300720E+00        -1.238515665136219E-06        -3.664123449098611E-10
         1.000983715057373E+00        -1.909036882352666E-06        -2.758962502902307E-10
         1.001215577125549E+00        -2.466263367750798E-06        -5.388839027786752E-11
         1.001253247261047E+00        -2.202562654929352E-06        -1.113067346625307E-10
         1.000797033309937E+00        -1.535486035209033E-06        -2.808216159611021E-10
         1.000585198402405E+00        -1.585468908160692E-06        -2.181960445657438E-10
         1.000611424446106E+00        -1.493496483817580E-06        -2.862079184762223E-10
         1.000794410705566E+00        -1.687349708845431E-06        -2.358498951693377E-10
         1.000814557075500E+00        -1.521208787380601E-06        -1.328427923219522E-10
         1.000710248947144E+00        -1.284996415051864E-06        -2.235129026306737E-10
         1.000557661056519E+00        -1.121362970479822E-06        -1.797944987336209E-10
         1.000542521476746E+00        -1.136403284363041E-06        -1.458378556806750E-10
         1.000716447830200E+00        -1.449439992029511E-06         3.501180595444353E-11
         1.000219464302063E+00        -7.796226100253989E-07         2.872068381731818E-11
         1.000398516654968E+00        -1.006451952889620E-06         1.506903629655554E-11
         1.000467896461487E+00        -8.747970809963590E-07         1.058684667709642E-10
         1.000738382339478E+00        -1.145905798694002E-06         2.594059411720195E-10
         1.000587940216064E+00        -7.162004749261541E-07        -1.589508732968703E-11
         1.000625729560852E+00        -8.856692375047714E-07         1.467757859696661E-10
         1.000327110290527E+00        -3.598223941025935E-08        -1.094740617602064E-10
         1.000323414802551E+00         1.219559919718449E-07        -1.084852485622179E-10
         1.000593066215515E+00        -3.804363473136618E-07        -5.271431902098556E-11
         1.000636696815491E+00        -5.856853135810525E-07         3.511864410388199E-11
         1.000431180000305E+00        -2.497321816008480E-07        -6.198253715838931E-11
         1.000228285789490E+00         4.569479301608226E-07        -1.253109560561683E-10
         1.000049352645874E+00         5.531961733140633E-07         9.478116208549991E-11
         1.000157237052917E+00         4.749567494855000E-08         6.705238447812789E-11
         1.000300168991089E+00        -1.882451954315911E-07         1.579712610721984E-10
         1.000347256660461E+00        -3.340188641232089E-07         1.838697250011734E-10
         1.000407695770264E+00        -4.785314899891091E-07         8.912484639189699E-11
         1.000436782836914E+00        -7.142049298636266E-07         2.677479904455993E-10
         1.000561118125916E+00        -8.969519740276155E-07         1.996677129190161E-10
         1.000456213951111E+00        -6.302853421402688E-07         1.160299495372996E-10
         1.000107765197754E+00        -2.265350502739238E-07         1.565230861588773E-10
         9.997025728225708E-01         3.169161004734633E-07        -6.015242470791549E-11
         9.997602701187134E-01         3.784195428124804E-07        -4.687739085795783E-11
         9.998790025711060E-01         2.183162592928056E-07        -8.137397700114235E-11
         9.998209476470947E-01         8.107877391694274E-08        -1.288268519639146E-10
         9.997020363807678E-01         2.396462264186994E-07        -8.138020812786806E-11
         9.998072385787964E-01         3.171676041802129E-07        -3.732306824710818E-11
         9.994939565658569E-01         9.407945640305115E-07        -1.953070066784690E-10
         9.994707703590393E-01         6.852082492514455E-07        -9.979432558093748E-11
         9.996181130409241E-01         6.414263111764740E-07         4.761006693054792E-12
         9.998382329940796E-01         2.935828717909317E-07        -9.215935653505980E-11
         9.995952844619751E-01         2.668457739218866E-07        -9.954320354110813E-12
         9.999721050262451E-01        -4.072370813901216E-07         9.060709821318014E-11
         1.000131964683533E+00        -1.580592225991495E-07        -1.128139665018679E-10
         1.000213742256165E+00        -4.911675546281913E-07         7.351588782178453E-11
         1.000084638595581E+00        -3.900869671724649E-07        -3.742936863226909E-11
         1.000145077705383E+00        -4.924894483337994E-07         1.032065266581839E-10
         9.999965429306030E-01        -3.059961102280795E-07         7.883200342506669E-11
         1.000221371650696E+00        -5.632657007481612E-07         1.294587215205922E-10
         1.000343322753906E+00        -4.828604573958728E-07         1.394700188672715E-10
         1.000400543212891E+00        -6.017328360030660E-07         2.520235409253502E-11
         1.000352740287781E+00        -8.657090120323119E-07         2.955087563538683E-10
         1.000231027603149E+00        -3.423472492158908E-07         1.153484321947396E-10
         1.000532269477844E+00        -9.320670528722985E-07         2.926370812339485E-10
         1.000521659851074E+00        -1.014684130495880E-06         2.575468727172847E-10
         1.000725626945496E+00        -9.707152912596939E-07         3.297932760215616E-10
         1.000538468360901E+00        -4.075070876297104E-07         1.185013476234786E-10
         1.000383734703064E+00        -3.763193205941207E-07         1.997797621777764E-10
         1.000205993652344E+00        -3.236569909859099E-07         1.098268836985383E-10
         1.000004768371582E+00         2.104173830730360E-07        -2.360257267408628E-10
         9.998533129692078E-01         3.373488084434939E-07        -1.760920576021618E-10
         9.999872446060181E-01         1.889871725779813E-07        -8.813720586697826E-11
         9.998174905776978E-01         4.069743511081469E-07        -1.130715451824749E-10
         9.995582699775696E-01         6.504758403025335E-07        -2.759888984016357E-10
         9.995273947715759E-01         7.844753895369649E-07        -1.614835626329025E-10
         9.996429085731506E-01         2.942160790553316E-07        -2.273613936010221E-11
         9.995796084403992E-01         8.332301604241366E-08         2.323894375544366E-11
         9.997451305389404E-01         3.892043665132405E-08         3.603536219420889E-11
         9.997740983963013E-01         3.969175565998739E-07        -1.362138457583484E-10
         1.000042438507080E+00        -2.551010425122513E-08         3.954292188829145E-12
         1.000057697296143E+00         3.254195064528176E-07        -2.365654339087087E-10
         9.999484419822693E-01         3.707566875732482E-08        -1.059262746960776E-10
         9.998448491096497E-01         4.648973401799594E-07        -2.209100818939547E-10
         9.997716546058655E-01         6.056446864022291E-07        -2.246881014578150E-10
         9.998795390129089E-01         2.634809561641305E-07        -1.174026431627340E-10
         9.999154806137085E-01         6.928712537046522E-08         9.529661781915166E-11
         9.996088743209839E-01         6.859393124614144E-07        -4.834857861291120E-11
         9.996166825294495E-01         5.647121952279122E-07        -3.428756237267017E-11
         9.998320341110229E-01         4.506351842792355E-07        -1.470783043966417E-11
         9.999778270721436E-01         2.054245697991064E-07         2.059826701567014E-12
         1.000395059585571E+00        -4.791182846020092E-07         1.116632064590561E-10
         1.000342845916748E+00        -3.169826925386587E-07        -4.676795409275236E-11
         1.000424146652222E+00        -8.465261203127739E-07         1.516780728794132E-10
         1.000491142272949E+00        -7.013807135081152E-07         4.838635742077102E-11
         1.000238180160522E+00        -9.894965558032709E-08        -9.851560539564375E-11
         1.000133514404297E+00         4.338583607932378E-07        -1.461752802134342E-10
         1.000270128250122E+00        -9.655226307359044E-08        -2.280868549586756E-11
         1.000565528869629E+00        -6.987857545937004E-07         8.978872506615332E-11
         1.000669479370117E+00        -1.253162736247759E-06         5.180974538276928E-10
         1.000498056411743E+00        -1.001966893454664E-06         4.542921872019434E-10
         1.000699400901794E+00        -1.403155920343124E-06         4.813401899284031E-10
         1.000427246093750E+00        -6.269189611884940E-07         2.062021248194768E-10
         1.000423431396484E+00        -7.814520017745963E-07         3.884345622928720E-10
         1.000738143920898E+00        -1.215083671013417E-06         3.874126575098558E-10
         1.000425577163696E+00        -1.040066763380310E-06         4.156368027530277E-10
         1.000607013702393E+00        -1.234482056133857E-06         3.884506050155778E-10
         1.000139117240906E+00        -3.584555088309571E-07         2.275120647432516E-10
         1.000279188156128E+00        -4.909717290502158E-07         1.402983285103687E-10
         1.000050783157349E+00        -5.911808642622418E-08        -3.696004873682268E-12
         9.996674656867981E-01         5.356027372727112E-07        -1.219137152341787E-10
         9.995154738426208E-01         7.608252872159937E-07        -2.296418472047534E-10
         9.995889067649841E-01         3.671906085855881E-07        -2.123104470008741E-10
         9.996593594551086E-01        -1.097792861060043E-07         9.820766422308225E-11
         9.994293451309204E-01         2.338843785310019E-07        -4.530393074575478E-11
         9.993716478347778E-01         1.588228002447067E-07         8.794066863604399E-11
         9.994810223579407E-01         4.625612604058915E-08        -2.341431519156667E-12
         9.993339180946350E-01         1.980036330451185E-07        -7.358238324206567E-11
         9.996581673622131E-01        -3.663890595362318E-07         1.276064670596710E-10
         9.993763566017151E-01         1.101706317285789E-07         9.726114011399112E-12
         9.994362592697144E-01         2.407479016142133E-08        -1.213018487739026E-11
         9.993107318878174E-01         1.358375811832957E-08        -1.633984093862839E-11
         9.993446469306946E-01         2.688465485789493E-07        -9.846562454285390E-11
         9.989644885063171E-01         1.032372551890148E-06        -3.910559098763144E-10
         9.992815256118774E-01         4.651227243357425E-07        -7.533634133194411E-11
         9.994091391563416E-01         3.496821250337234E-07        -1.927416212743616E-11
         9.996126890182495E-01         1.308517880715954E-07         3.328231093502332E-11
         9.994432926177979E-01         3.746019672234979E-07        -1.206056782221410E-10
         9.996782541275024E-01         1.915825720288922E-07        -1.444069031020234E-10
         9.995895028114319E-01         3.194192004229990E-07        -1.744669964054424E-10
         9.995071291923523E-01         5.311401878316246E-07        -1.256982573583088E-10
         9.993359446525574E-01         6.712942308695347E-07        -2.187272168940879E-10
         9.991346001625061E-01         1.236997150044772E-06        -1.955534761899358E-10
         9.992307424545288E-01         1.076760781870689E-06        -2.435743828854697E-10
         9.995865225791931E-01         3.048851908715733E-07        -9.484762975020544E-11
         9.994500875473022E-01         6.968744514779246E-07        -9.716044635510457E-11
         1.000025987625122E+00        -6.032784227727461E-08         1.043745125051121E-11
         9.997839927673340E-01         2.514791503926972E-07         1.847255855225161E-11
         1.000029325485229E+00        -2.362465068017627E-07         3.265056974788294E-11
         9.998490810394287E-01         1.897072223755458E-07        -2.868009822687423E-11
         1.000047206878662E+00         1.683141306330072E-07        -1.545448213846612E-10
         9.998806118965149E-01         5.017514013161417E-07        -2.154888906202856E-10
         9.999300837516785E-01         2.895509396694251E-07        -3.750704608007638E-11
         9.998435378074646E-01        -4.209232429275289E-08         1.471162636157430E-10
         9.997674226760864E-01         2.591364989257272E-07         8.464416667575136E-11
         9.996684789657593E-01         4.144493175317621E-07        -2.007614387233847E-11
         1.000032901763916E+00        -1.509324931703304E-07         1.471927302265641E-10
         9.996846914291382E-01         3.706395546032581E-07        -1.460934845320949E-11
         1.000012278556824E+00        -1.202808164180169E-07         3.567933101744636E-11
         1.000087857246399E+00        -4.821610559702094E-07         1.416983336222088E-10
         9.997359514236450E-01         3.476761492038349E-07        -3.093693010103316E-11
         9.996191263198853E-01         6.380290642482578E-07        -1.244888914175846E-10
         1.001201033592224E+00        -2.922131670857198E-06         1.724488191134910E-10
         1.000407934188843E+00        -2.047691168627352E-06         4.417993193506220E-10
         1.000392436981201E+00        -2.170084599129041E-06         4.932880215413604E-10
         9.999707341194153E-01        -9.812767984840320E-07         2.376583652097253E-10
         1.000344038009644E+00        -1.859375629464921E-06         3.097621326109135E-10
         9.997892975807190E-01        -6.502810947495163E-07         3.720795060946358E-10
         9.995232224464417E-01         3.950228517624055E-07        -8.731804862494030E-11
         1.000129938125610E+00        -5.909463425268768E-07         1.014646353048043E-10
         9.997711181640625E-01         1.944681713439422E-07         4.421631810691551E-11
         9.999426603317261E-01        -1.976893031496729E-07         3.804674283958143E-11
         1.000592708587646E+00        -1.572714268149866E-06         5.078018561199826E-10
         1.000648856163025E+00        -1.936691433002125E-06         6.310798550401842E-10
         1.000564336776733E+00        -1.602162910785410E-06         5.353521514983584E-10
         1.000256657600403E+00        -5.981019626233319E-07         2.606822258055530E-10
         1.000462770462036E+00        -7.323523618651961E-07         2.189956688214423E-10
         1.000331997871399E+00        -4.651586493764626E-07         2.280507588325875E-10
         9.996353387832642E-01         6.305384090410371E-07        -1.258801118897424E-10
         9.997763037681580E-01         7.187538244579628E-07        -9.281812124450894E-11
         9.999809861183167E-01         8.218939910875633E-07        -2.566368229039995E-10
         1.000322222709656E+00        -4.497672989600687E-08        -7.446436522950961E-11
         1.000555157661438E+00         1.185043672080610E-07        -7.396190604413988E-11
         1.000326275825500E+00         7.256161893565150E-07        -2.411033872551371E-10
         1.000576496124268E+00         6.571779067598982E-07        -2.303269241998862E-10
         1.000689864158630E+00         5.705766170649440E-07        -1.848389358238833E-10
         1.000759124755859E+00         3.861699724438949E-07        -1.693992585094506E-10
         1.000776171684265E+00         5.290014541969867E-07        -1.141751831967852E-10
         1.000885605812073E+00         3.331262519168376E-07        -9.492073099748310E-11
         1.000686287879944E+00         6.602465418836800E-07        -1.665841353748476E-10
         1.000629186630249E+00         7.008720217527298E-07        -2.989207215087220E-10
         1.000349998474121E+00         9.640737061999971E-07        -4.061813108080514E-10
         1.000125527381897E+00         1.366279775538715E-06        -4.922792173900348E-10
         1.000150799751282E+00         1.030400653689867E-06        -3.690520944399367E-10
         1.000010848045349E+00         1.180684762402961E-06        -2.189733533386473E-10
         1.000306844711304E+00         9.006163281810586E-07        -3.578201068776821E-10
         1.000551223754883E+00         6.584812695109576E-07        -2.505079477188588E-10
         1.000470042228699E+00         8.029708737922192E-07        -2.639678475802043E-10
