         1.001424431800842E+00        -7.427740911225555E-07         2.766676887588915E-10
         1.002418875694275E+00        -2.357243602091330E-06         1.088574230756478E-09
         1.002162575721741E+00        -2.082182845697389E-06         9.486371688183226E-10
         1.001752257347107E+00        -7.457409196831577E-07         1.954791606362249E-10
         1.002173662185669E+00        -1.557263658469310E-06         2.651862340830036E-10
         1.002304196357727E+00        -1.622133368073264E-06         2.709302782122336E-10
         1.002400636672974E+00        -1.936726675921818E-06         2.513826091732341E-10
         1.002264618873596E+00        -2.293657416885253E-06         4.612824289207396E-10
         1.001983761787415E+00        -2.352027877350338E-06         4.419098975638747E-10
         1.000787019729614E+00        -3.505188033159357E-07        -1.362580048791528E-10
         1.000198841094971E+00         7.878893484303262E-07        -5.651058510025564E-10
         1.000396609306335E+00         3.716110938967176E-07        -4.138746290127671E-10
         1.000761270523071E+00        -6.136939987300138E-07        -4.801036651569390E-11
         1.001151442527771E+00        -1.461270699110173E-06         2.968228995925415E-10
         1.000766277313232E+00        -8.415984211751493E-07         3.498599465689978E-10
         1.000568151473999E+00        -3.225495106562448E-07         1.774028285383977E-10
         1.000042200088501E+00         7.381968316622078E-07        -1.857206610722528E-10
         1.000757336616516E+00        -9.549321475788020E-07         5.298133043396547E-10
         1.000351428985596E+00        -2.593685906049359E-07         2.019758665872118E-10
         1.001087784767151E+00        -1.115752525038261E-06         9.056629057813126E-11
         1.000954151153564E+00        -6.631993301198236E-07        -1.785507158791333E-11
         1.000408053398132E+00         4.513760814006673E-07        -1.697826740310049E-10
         9.999683499336243E-01         1.000295810626994E-06         6.079227399258258E-11
         1.000401616096497E+00         4.911959194942028E-07         2.237274948635459E-10
         1.000419855117798E+00         5.287944304654957E-07         1.384616449273679E-10
         1.001048088073730E+00        -4.665009782911511E-07         3.880250842858146E-10
         1.000883698463440E+00         5.344699616216531E-08         1.577799418894799E-10
         1.000952839851379E+00         2.860427912310115E-07         2.393682474455261E-10
         1.001094102859497E+00         5.374883471631620E-07         3.824185065837149E-11
         1.000880360603333E+00         1.028398287417076E-06        -1.095553023300333E-10
         1.000776171684265E+00         1.473667339269014E-06        -2.703905155332365E-10
         1.001146078109741E+00         8.665941777508124E-07        -2.203606602746433E-10
         1.001058816909790E+00         8.339211490238085E-07        -4.382871010566447E-10
         1.000772595405579E+00         1.071428187060519E-06        -3.593572384108512E-10
         1.000387787818909E+00         1.039734343066812E-06        -4.044074797260322E-10
         9.992061257362366E-01         1.947962800841196E-06        -4.665874353548816E-10
         9.994893670082092E-01         6.049914418326807E-07         9.220303687218490E-11
         9.993571043014526E-01         6.865369641673169E-07        -7.740293128666309E-11
         9.989616274833679E-01         1.181181801257480E-06        -1.620998335560841E-10
         9.985942244529724E-01         2.018043232965283E-06        -4.844101786360966E-10
         9.982157349586487E-01         2.412872618151596E-06        -4.178358770090540E-10
         9.989721775054932E-01         1.358657186756318E-06        -2.119631137276201E-10
         9.995665550231934E-01         1.070333723873773E-06        -3.396286862855646E-10
         9.991104006767273E-01         1.645977931730158E-06        -5.295085481193951E-10
         9.987762570381165E-01         1.624803985578183E-06        -4.841413936418348E-10
         9.984177947044373E-01         1.648533157094789E-06        -6.004052810482108E-10
         9.985969662666321E-01         1.691029069661454E-06        -6.160679744127151E-10
         9.985345005989075E-01         1.319650777986681E-06        -5.125482260837089E-10
         9.988052845001221E-01         5.993298373141442E-07        -2.917583119543821E-10
         9.989035129547119E-01         6.860253733975696E-07        -1.395688287164631E-10
         9.991995096206665E-01         7.219773578981403E-07        -3.642968982031647E-10
         9.995855689048767E-01        -7.539508715126431E-07        -2.694471382125307E-11
         9.994878172874451E-01        -1.207748255183105E-06         8.592290073883291E-11
         9.989128112792969E-01        -5.983702067169361E-07         4.580395524672598E-12
         9.989092946052551E-01         1.594528384885052E-07        -3.314389873665391E-10
         9.986755847930908E-01         4.116927811992355E-07        -3.070676213301482E-10
         9.988015294075012E-01         2.855119873856893E-07        -2.551210354084787E-10
         9.990307688713074E-01         2.030941281816467E-08        -3.023709407856678E-11
         9.988593459129333E-01         7.626135811733548E-07        -1.852030334648092E-10
         9.988278746604919E-01         5.763546937487263E-07         2.614131133782394E-11
         9.988948106765747E-01         1.112594986807380E-06        -8.675914847655619E-11
         9.989967942237854E-01         1.214172243635403E-06        -4.277402321228863E-10
         9.987270832061768E-01         1.105221031139081E-06        -2.646004804152113E-10
         9.986133575439453E-01         1.017719114315696E-06        -4.562827893295207E-10
         9.994494915008545E-01        -7.462975872840616E-07        -7.810427304910661E-11
         9.992921352386475E-01        -7.430985533574130E-07        -1.184902002904220E-11
         9.990553259849548E-01        -3.033736390989361E-07        -1.415368239277015E-10
         9.991315007209778E-01        -1.157003310936489E-07         1.139983246689624E-10
         9.994025230407715E-01         1.053982590093483E-08         1.055981135866801E-10
         9.999122619628906E-01        -4.844812195869963E-08         9.783757831671736E-11
         1.000434279441833E+00        -4.419173933456477E-07         1.310308944679761E-10
         1.001202940940857E+00        -1.910532546389732E-06         6.306727917682053E-10
         1.000993609428406E+00        -1.513368715677643E-06         4.963808808433612E-10
         1.000478863716125E+00        -5.231122486293316E-07         9.118913957273378E-11
         9.995923638343811E-01         1.859717002616890E-07         5.882673514978620E-11
         9.999805092811584E-01        -3.890344544288382E-07         2.157277412262459E-10
         1.000105857849121E+00        -4.337581742674956E-07         2.805850274345545E-10
         1.000517368316650E+00        -9.361755246573011E-07         4.135982112352110E-10
         1.000807046890259E+00        -1.669641847001913E-06         5.859189800005993E-10
         1.001155138015747E+00        -2.646746906975750E-06         9.281239110592310E-10
         1.000271439552307E+00        -4.324516567066894E-07         1.702046420470893E-10
         9.997517466545105E-01        -5.964329830021597E-08        -4.886755583521918E-11
         9.994603991508484E-01         4.419571837388503E-07        -2.230058498975396E-10
         9.994153380393982E-01         5.727886218664935E-07        -3.441658347203003E-10
         9.992833137512207E-01         6.354524089147162E-07        -2.881366534257523E-10
         9.993129968643188E-01         1.739726229743610E-07        -1.179774195003702E-10
         9.987100362777710E-01         5.909361107114819E-07        -1.410956212977155E-10
         9.988588690757751E-01         5.500158408722200E-07        -1.158794102340543E-10
         9.993698000907898E-01        -3.255740068652813E-07         2.219690264926300E-10
         9.992020726203918E-01        -9.602088013593857E-09        -1.932609280941300E-11
         9.986388087272644E-01         7.850656515984156E-07        -2.624176154153446E-10
         9.989279508590698E-01         9.292294294027670E-07        -4.082653104475753E-10
         9.987365007400513E-01         1.582011236678227E-06        -5.617388221246244E-10
         9.994782805442810E-01         4.765016399232991E-07        -2.534119303287952E-10
         1.000360608100891E+00        -4.415525154399802E-07        -6.449814987652402E-11
         1.000196337699890E+00        -5.468500763328166E-09        -1.740331767585701E-10
         1.000320792198181E+00        -2.326308532474286E-07        -4.559433733342111E-11
         1.000783324241638E+00        -5.700160272681387E-07        -2.651757806393373E-11
         1.001195430755615E+00        -1.225840378538123E-06         2.636991458526694E-10
         1.001202940940857E+00        -4.346635478214012E-07        -9.547054986847048E-12
         1.001276016235352E+00        -4.535146729267581E-07         4.778702086816189E-11
         1.000458478927612E+00         4.970341933585587E-07        -7.135117496837040E-11
         1.000540971755981E+00         5.242800966698269E-07        -4.080605991996222E-11
         1.000654339790344E+00         1.165188479035351E-07         1.519116221704309E-10
         1.000590085983276E+00        -4.179474899501656E-07         3.783741098217774E-10
         1.001120805740356E+00        -1.615895371287479E-06         6.576320599194219E-10
         1.000743627548218E+00        -1.873173459898680E-06         7.224106868264357E-10
         9.997733831405640E-01         9.661552979878252E-08         1.182907799490707E-10
         1.000006198883057E+00        -1.914369534006255E-07         8.826304964681952E-11
         9.999976754188538E-01        -1.026248170887811E-07         3.753696659059003E-11
         1.000193834304810E+00        -1.985472692922485E-07        -6.377646327715425E-11
         1.000022768974304E+00        -9.770261755193133E-08        -2.000409698998951E-10
         1.000073194503784E+00        -3.558605783382518E-07        -8.830713243979105E-11
         1.000125765800476E+00        -7.405095630019787E-07         9.974321368844130E-11
         9.999051094055176E-01        -6.624460411330801E-07         6.670061031277541E-11
         9.991794824600220E-01         4.585763520026376E-07         1.014853895364709E-10
         9.993839263916016E-01        -1.478019981959733E-07         1.453971110176866E-10
         9.988658428192139E-01         2.260306217749530E-07         1.007664438001932E-10
         9.993776082992554E-01         4.448179424798582E-08         5.059502469761945E-11
         9.995610117912292E-01         2.715283073939645E-07         1.521962833539448E-10
         9.996076226234436E-01         6.770829372726439E-07        -2.238543933552606E-10
         1.000326514244080E+00        -2.980995930101926E-07        -1.120066123183605E-10
         1.000014781951904E+00         1.057982998986517E-07        -2.160882028867661E-10
         9.996071457862854E-01         4.777066919814388E-07        -2.939174459370975E-10
         9.996711611747742E-01         1.757387195766569E-07        -1.775531666137198E-10
         9.992674589157104E-01         6.600911319765146E-07        -3.467679199342655E-10
         9.991602301597595E-01         8.111392730825173E-07        -4.835406519632102E-10
         9.996698498725891E-01         3.265499799454119E-07        -3.340505927429405E-10
         9.996494054794312E-01         9.823610298553831E-07        -5.293825933172513E-10
         1.000138282775879E+00         3.806720769716776E-07        -2.706171120525624E-10
         9.997361302375793E-01         1.347108650406881E-06        -5.045626139121850E-10
         9.999135732650757E-01         1.179612922896922E-06        -3.357370492729217E-10
         1.000074744224548E+00         1.004521209324594E-06        -1.911348995742301E-10
         1.000344276428223E+00         9.034213803715829E-07        -6.804169727647746E-11
         1.000597238540649E+00         4.248213372193277E-07        -7.947397601126838E-11
         1.000108838081360E+00         6.679131843156938E-07        -1.891969636513835E-10
         9.999864101409912E-01         5.156713314136141E-07        -1.954747336219143E-10
         1.000513792037964E+00         3.518625391052410E-08        -1.258006893101182E-10
         1.000476121902466E+00        -1.994467702104430E-08        -2.431003731651060E-10
         1.000060319900513E+00        -2.039093871530895E-08        -1.345266120722499E-10
         1.000238299369812E+00        -6.466084414569195E-07         9.793487548703794E-11
         1.000243425369263E+00        -2.598746107196348E-07        -3.065759451859051E-11
         1.000176310539246E+00        -5.199605084271752E-07         4.652927348969271E-11
         9.999119639396667E-01        -7.673000368413341E-07         7.641583199546886E-11
         9.998741745948792E-01        -9.516256795905065E-07         2.128154596992005E-10
         9.998310208320618E-01        -7.866029818615061E-07         3.172482831992340E-10
         1.000177502632141E+00        -1.054248286891379E-06         2.649269970067536E-10
         1.000376939773560E+00        -1.257457029169018E-06         3.192446029753881E-10
         1.000453948974609E+00        -1.083224447029352E-06         3.672482318251014E-10
         1.000246763229370E+00        -6.079637842049124E-07         2.826156253465939E-10
         9.997714757919312E-01         2.952900786112878E-07        -3.640092394174843E-11
         9.994025826454163E-01         8.752344911044929E-07        -1.106229413627702E-10
         9.998124241828918E-01         6.735228907928104E-07        -1.832598656159590E-10
         9.998319149017334E-01         5.012374799662211E-07        -9.787804594596494E-11
         9.991706013679504E-01         1.241396716977761E-06        -2.396615961242077E-10
         9.992449283599854E-01         5.464216314976511E-07        -7.358508247179429E-11
         9.988993406295776E-01         2.385012578542955E-07         1.353115536284477E-10
         9.990511536598206E-01         2.375136034515890E-07         1.672466470870049E-10
         9.993610382080078E-01         1.492601882091549E-07         2.363895468260324E-10
         9.998146891593933E-01         2.993081409385923E-07         1.894299717086767E-10
         1.000181317329407E+00         1.269547595939002E-07         1.811204103363551E-10
         1.000670075416565E+00        -5.868515273732555E-08         1.902945162557401E-10
         1.000989079475403E+00        -2.773649612208828E-07         3.530566394793766E-10
         1.001375555992126E+00        -7.856499451008858E-07         1.902711183054961E-10
         1.001745462417603E+00        -1.026129098136153E-06         8.445055071915064E-11
         1.001468420028687E+00        -5.084822305434500E-07        -9.116640081741068E-11
         1.001869082450867E+00        -1.033315243148536E-06        -4.320808988378388E-11
         1.001538872718811E+00        -3.527398177993746E-07        -1.343076483362182E-10
         1.001417517662048E+00        -5.548816943701240E-07        -1.336289273679014E-10
         1.001143813133240E+00        -5.055038059254002E-07        -1.528573378983822E-10
         1.000893115997314E+00        -3.352761268615723E-07        -2.554124411968672E-10
         1.001012682914734E+00        -8.000832281140902E-07        -1.897219326085775E-10
         1.000538468360901E+00        -2.059203865201198E-07        -2.732537807137447E-10
         1.000389933586121E+00        -2.248138599725280E-07        -1.878232430696514E-10
         1.000968098640442E+00        -1.373688405692519E-06         1.767934409979688E-10
         1.001029372215271E+00        -1.450193281016254E-06         1.487082262885409E-10
         1.001678586006165E+00        -2.460292307659984E-06         3.634427481191693E-10
         9.960774779319763E-01         3.942579951399239E-06        -1.267036364716034E-09
         9.969525337219238E-01         3.128510115857353E-06        -1.132707594386773E-09
         9.988291859626770E-01         1.115835630116635E-06        -5.698073679560878E-10
         1.000392556190491E+00        -4.056004172525718E-07        -1.212469569189523E-10
         1.002310752868652E+00        -1.793761384760728E-06         1.223739720668249E-10
         0.000000000000000E+00         0.000000000000000E+00         0.000000000000000E+00
         0.000000000000000E+00         0.000000000000000E+00         0.000000000000000E+00
         0.000000000000000E+00         0.000000000000000E+00         0.000000000000000E+00
         9.994011521339417E-01        -1.600951577529486E-06         5.457527207930468E-10
         9.996544122695923E-01        -1.784678374860960E-06         5.923785906247758E-10
         9.994228482246399E-01        -1.217323415403371E-06         3.561976547050705E-10
         9.992524385452271E-01        -3.763484812679962E-07         2.063644255478891E-10
         9.989026188850403E-01         8.666270332469139E-07         2.586599545661983E-10
         9.993111491203308E-01        -5.470501207582856E-08         3.266308890026437E-10
         9.994368553161621E-01        -9.232343245457741E-07         4.600803626964023E-10
         9.990991950035095E-01        -9.744551334733842E-07         4.475508019741170E-10
         9.988384842872620E-01        -4.945131308886630E-07         4.080523696714522E-10
         9.992209672927856E-01        -4.120105359106674E-07         3.661465575177658E-10
         9.994580745697021E-01        -6.930258678039536E-07         4.419219989948431E-10
         9.995330572128296E-01        -1.111180722546123E-06         4.864796898651491E-10
         9.994317889213562E-01        -5.272972884995397E-07         3.953378457932644E-10
         1.000328898429871E+00        -1.321653599006822E-06         5.148236836838294E-10
         1.000649929046631E+00        -9.472719852965383E-07         3.806557569152602E-10
         1.000614762306213E+00         1.539123850591295E-08         2.154650763364074E-10
         1.000826478004456E+00         4.614419992776675E-07         1.791923553984276E-10
         1.000736832618713E+00         9.213208045366628E-07        -1.885441889420969E-12
         1.000453948974609E+00         9.255500117433257E-07         5.540271366677452E-11
         1.000087738037109E+00         1.230333168678044E-06        -1.122957768440180E-10
         1.000198245048523E+00         1.146298927778844E-06        -1.281220685100948E-10
         1.000820159912109E+00         4.254841883266636E-07        -8.300347215106640E-11
         1.000749945640564E+00         1.267946885263882E-07         5.558115426240740E-11
         1.000259757041931E+00         8.356055758440561E-08         1.187196591034834E-10
         1.000255942344666E+00         2.346926351037837E-07        -4.906194374376671E-12
         1.001022338867188E+00        -3.806052291110973E-07         9.692924414494986E-12
         1.001016497612000E+00        -5.036509378442133E-07         7.401208812485294E-11
         1.000681519508362E+00        -2.224976896059161E-07        -6.368484906094096E-11
         1.000532507896423E+00         2.690949258976616E-07        -1.424935031080210E-10
         1.000848174095154E+00         2.150630109554186E-07        -4.814601148317443E-11
         1.000900983810425E+00         1.181013544737652E-07        -1.176312432876747E-11
         1.001002788543701E+00        -1.667481654976655E-07        -3.449376548281258E-11
         1.000736236572266E+00        -1.114011638492229E-07        -1.800053509026789E-11
         1.000069499015808E+00         5.073882789474737E-07        -1.403400590183068E-10
         9.999358057975769E-01         6.023493028806115E-07        -1.362328999610085E-10
         1.000132322311401E+00         5.312953632596873E-08        -3.219231825557500E-11
         1.000241875648499E+00        -7.277702707142453E-07         1.460451065637969E-10
         1.000171899795532E+00        -1.162480657512788E-06         8.434213744079599E-11
         9.995819926261902E-01        -5.311382551553834E-07        -2.431326320828653E-11
         9.997438788414001E-01        -1.156481062025705E-06         6.445125683152142E-11
         9.997010827064514E-01        -1.091806097974768E-06         1.982162767255602E-10
         9.998763799667358E-01        -4.531190143097774E-07         7.119281553169543E-11
         9.997376203536987E-01         2.237346592437461E-07        -1.210150868402593E-10
         9.999145269393921E-01         1.936226468046698E-08        -4.196416478197129E-11
         9.996910691261292E-01         2.681482840216631E-07        -9.687234521493782E-12
         9.993959665298462E-01         4.335651624387538E-07        -1.999058557577982E-10
         9.996748566627502E-01        -2.215804641991781E-07        -7.112276045884158E-11
         9.995041489601135E-01         1.373530835735437E-07        -6.121802370584462E-11
         9.993213415145874E-01         5.941788003838155E-07        -1.471921057261127E-10
         9.993361234664917E-01         3.701034074765630E-07        -7.138172691822930E-11
         9.985510706901550E-01         1.148507749348937E-06        -2.394541231964809E-10
         9.979993700981140E-01         1.468022901462973E-06        -2.661946774118462E-10
         9.984368085861206E-01         7.180400416473276E-07        -1.103045155215199E-10
         9.986076354980469E-01         5.021227593715594E-07        -1.360033474728795E-10
         9.989968538284302E-01        -4.377886568818212E-07         6.558725784699959E-11
         9.984880089759827E-01         4.128769148792344E-07        -2.984078539824964E-10
         9.986641407012939E-01         5.803910312351945E-07        -1.734928034569094E-10
         9.987872838973999E-01         9.156718192571134E-07        -3.291104333502659E-10
         9.983549118041992E-01         1.148831984210119E-06        -2.851616720533912E-10
         9.979777932167053E-01         1.700875145616010E-06        -2.598803117148663E-10
         9.978968501091003E-01         2.038774937318522E-06        -2.594523762500245E-10
         9.982733130455017E-01         1.732820237521082E-06        -2.554259581621920E-10
         9.989067316055298E-01         9.369439908368804E-07        -1.852684811121108E-10
         9.997270703315735E-01         1.545996326512977E-07        -5.262950145135115E-11
         1.000405669212341E+00        -5.748508442593447E-07         4.012688098464778E-11
         1.000599741935730E+00        -9.067632618098287E-07         2.483949157472409E-10
         1.001062512397766E+00        -5.466932293529680E-07         7.338088470199011E-11
         1.000983715057373E+00        -1.107361811136798E-07         3.875074740256057E-12
         1.000412940979004E+00         3.803072274877195E-07        -1.049315148660135E-10
         1.000002622604370E+00         4.849363222092506E-07        -1.310838798618263E-10
         9.999790191650391E-01         1.407125012065080E-07         5.118596518860485E-11
         1.000248432159424E+00        -5.163738592273148E-07         2.225842565817260E-10
         9.999820590019226E-01        -5.332500663257633E-08         8.512516386227631E-11
         9.997085928916931E-01         5.845209898325265E-07        -1.093373447336177E-10
         9.999240636825562E-01         2.073954448178483E-07        -1.434125171048684E-12
         9.998502731323242E-01         4.725280575712532E-07        -1.428357432331495E-10
         9.999880790710449E-01         1.752804337229463E-07        -8.170095155968227E-11
         1.000119209289551E+00         1.746956712622705E-07        -4.116638627205127E-11
         1.000541567802429E+00        -2.886287688852462E-07         4.766082927626369E-12
         1.000138044357300E+00         4.967680524714524E-07        -1.111032307821169E-10
         9.999213218688965E-01         6.667454499620362E-07        -1.416317341185191E-10
         1.000092864036560E+00         5.273909664538223E-07        -1.663980619959204E-10
         9.999853372573853E-01         2.870346520467137E-07        -1.681349330595605E-11
         9.996448755264282E-01         3.490971778319363E-07         3.337324513963402E-11
         9.997311234474182E-01         4.593192670654389E-07        -1.169860736061068E-10
         9.999224543571472E-01         1.586177944545852E-07        -9.636673403701224E-12
         9.997950196266174E-01         1.027243641260611E-07        -8.483830304939488E-11
         1.000097990036011E+00        -2.985767366681102E-07        -9.306928144825477E-11
         1.000200629234314E+00        -5.035931849306508E-07         2.903091309014449E-11
         1.000125050544739E+00        -2.240790166752049E-07         3.116804384029059E-11
         1.000211358070374E+00         1.368353252928500E-07        -1.326953685820698E-10
         1.000899553298950E+00        -8.478839390591020E-07         1.616241723789713E-10
         1.000821113586426E+00        -9.121705488723819E-07         2.056783354742464E-10
         1.000332236289978E+00        -6.120611146798183E-07         1.140832914248158E-10
         1.000133037567139E+00        -8.467908401144086E-07         1.620104328470262E-10
         9.990805983543396E-01         4.281874623757176E-07        -6.105272537526574E-11
         9.987853765487671E-01         5.120180617268488E-07         9.336778745983043E-12
         9.991650581359863E-01        -2.534791576636053E-07         1.738142407781140E-10
         9.989477992057800E-01         2.086872541440243E-07         9.009498008749617E-11
         9.987722039222717E-01         6.284313940341235E-07        -1.412036321202237E-10
         9.989230036735535E-01         8.241490832006093E-07        -1.340286631679177E-10
         9.994797706604004E-01         1.795585120589749E-07        -1.040082811543108E-10
         9.998409748077393E-01        -3.615683681346127E-07         1.024368992408320E-10
         9.995630979537964E-01         1.121970143458384E-07         7.987335836137643E-13
         9.996613264083862E-01         1.824919593218510E-07        -1.304028690585213E-10
         1.000171422958374E+00        -6.299428036982135E-07         1.175622793558873E-10
         9.999498128890991E-01        -3.648333688488492E-07         1.238551067261895E-10
         9.999815225601196E-01        -1.236916347124861E-07         1.239320313040082E-10
         9.997096061706543E-01         1.877391042626186E-07         2.965118081621476E-11
         9.994680285453796E-01         5.032811714045238E-07        -1.035635674440094E-10
         9.998670220375061E-01         1.929279704881992E-07         3.500476297713107E-11
         9.996903538703918E-01         1.094223762265756E-06        -2.931448694898364E-10
         1.000617027282715E+00        -1.619810063857585E-07        -1.542014849142959E-10
         1.000851154327393E+00        -4.839278062718222E-07        -1.878426442170067E-10
         1.001055359840393E+00        -6.865277555334615E-07        -8.365187015302311E-11
         1.000838518142700E+00        -3.747520338492905E-07         4.314971123464684E-12
         1.000205636024475E+00         9.917542911352939E-07        -4.163987765704036E-10
         1.000244855880737E+00         8.486441629429464E-07        -4.358938210380359E-10
         1.000270366668701E+00         9.033337278196996E-07        -4.040200674015892E-10
         1.000597834587097E+00        -2.614820004964713E-07         6.544451092160841E-11
         1.000529170036316E+00        -4.850795676247799E-07        -9.638716907955924E-11
         9.998893141746521E-01         4.367335577626363E-07        -2.191339054657959E-10
         9.991668462753296E-01         1.685904749137990E-06        -5.154456306222244E-10
         9.990863800048828E-01         1.240056803908374E-06        -2.799235565564828E-10
         9.992241263389587E-01         7.697894943703432E-07        -1.000720825650170E-10
         9.990093111991882E-01         6.291123213486571E-07        -1.204156080403251E-10
         9.985502958297729E-01         8.952894177127746E-07        -6.851588740808268E-11
         9.981104731559753E-01         1.594174705132900E-06        -3.161374495519453E-10
         9.985413551330566E-01         7.707621989538893E-07        -7.310136523885902E-11
         9.984056949615479E-01         8.777029734119424E-07        -1.628465973180226E-10
         9.987646341323853E-01         5.495859909387946E-07        -2.067502072322647E-11
         9.993028640747070E-01        -4.001737963221785E-08         8.259701950175113E-11
         1.000001907348633E+00        -1.028149654302979E-06         1.964317736247168E-10
         1.000105738639832E+00        -6.944928827579133E-07         1.311429714823120E-10
         1.000453233718872E+00        -7.739371881143597E-07         9.747357782030619E-11
         1.000282049179077E+00        -2.051993703844346E-07         1.174109975909943E-10
         1.000606536865234E+00        -4.908291657557129E-07         1.736874949420653E-10
         9.997858405113220E-01         7.514303206335171E-07        -1.058872919901255E-10
         9.997311830520630E-01         4.707795824288041E-07        -3.883720775532673E-11
         1.000095725059509E+00        -2.043221201120105E-07         1.773973745677893E-10
         1.000216126441956E+00        -5.198447752263746E-07         2.960315048650131E-10
         1.000459671020508E+00        -1.034308638736547E-06         3.613633559051976E-10
         1.000464439392090E+00        -8.688444950166740E-07         2.139043109306016E-10
         1.000625014305115E+00        -7.544643381152127E-07         8.172747201218300E-11
         1.000591516494751E+00        -4.405843867516523E-07        -2.623091327480509E-11
         1.000834584236145E+00        -1.041958853420510E-06         1.663687659858581E-10
         1.000568628311157E+00        -1.587260811675151E-07        -2.237825202922039E-10
         1.000435233116150E+00        -4.160230275829235E-07        -8.421550783122012E-12
         1.000386238098145E+00        -5.078053391116555E-07         4.736367895108451E-11
         9.998697638511658E-01         1.295051106353640E-07        -4.709654541357189E-11
         9.994930028915405E-01         6.042092763891560E-07        -1.207151739679446E-10
         9.997059702873230E-01         5.129287501404178E-07        -2.789928704727274E-11
         9.998252987861633E-01         9.364173934045539E-07        -1.923232684220011E-10
         1.000188112258911E+00         5.998202254886564E-07        -9.146292057060634E-11
         1.000291347503662E+00         5.097396069686511E-07        -1.859512110263806E-12
         9.998692870140076E-01         5.194376626604935E-07        -4.746446638503876E-11
         9.996700882911682E-01         8.847962931213260E-07        -1.447827968625859E-10
         9.998091459274292E-01         3.171541322899429E-07        -4.752654172990312E-11
         9.996114969253540E-01         4.080070539203007E-07        -5.004683820142297E-11
         9.996877908706665E-01         5.829945948221393E-08        -3.541428955644577E-11
         1.000130295753479E+00        -4.818860475097608E-07         6.023320037185087E-11
         1.000435948371887E+00        -3.513998763082782E-07         1.487298478819454E-10
         1.000655770301819E+00        -5.173295676286216E-07         2.407707644369594E-10
         1.000487685203552E+00        -1.601164143494316E-07         2.350195871247962E-10
         1.000437974929810E+00         2.124541680359471E-07         1.672762484083989E-10
         1.000054121017456E+00         8.338165571331047E-07         8.393339495649244E-11
         9.992211461067200E-01         1.993448449866264E-06        -2.907411533747961E-10
         9.990270137786865E-01         1.411302605447418E-06        -4.619943663741743E-11
         9.989764094352722E-01         7.633244649696280E-07         1.722535863946106E-10
         9.989127516746521E-01         7.090023359523911E-07         6.735618313102876E-11
         9.992796182632446E-01        -8.779179694329287E-08         2.676721622130174E-10
         9.993336796760559E-01        -1.158943447876482E-07         2.066025406310956E-10
         9.995030760765076E-01         1.922851433633355E-09         3.071806697896307E-10
         9.993885159492493E-01         7.930590868454601E-07         1.067783916841591E-10
         9.996204376220703E-01         7.490785378649889E-07         2.254320896621920E-10
         9.991828799247742E-01         1.152767481471528E-06         1.421877199314636E-10
         9.987561106681824E-01         1.793087108126201E-06        -2.121857550774209E-11
         9.992915391921997E-01         1.894540446301107E-06        -3.326299999328874E-11
         9.965208768844604E-01         5.497475740412483E-06        -9.463990702229808E-10
         9.979749321937561E-01         3.283244041085709E-06        -3.365719092318642E-10
         9.982962608337402E-01         2.821948328346480E-06        -2.389226871901684E-10
         0.000000000000000E+00         0.000000000000000E+00         0.000000000000000E+00
         0.000000000000000E+00         0.000000000000000E+00         0.000000000000000E+00
         0.000000000000000E+00         0.000000000000000E+00         0.000000000000000E+00
         0.000000000000000E+00         0.000000000000000E+00         0.000000000000000E+00
         1.000954151153564E+00        -4.801489467354259E-06         2.461641779305523E-09
         1.000602722167969E+00        -3.454331590546644E-06         1.637568192158767E-09
         1.000642180442810E+00        -3.567214207578218E-06         1.593444487468787E-09
         1.000552058219910E+00        -1.945310259543476E-06        -1.436306074076299E-10
         1.000733613967896E+00        -1.802197516553861E-06        -7.336507790167701E-11
         1.000735402107239E+00        -1.310640186602541E-06        -1.848272923599126E-10
         1.000858783721924E+00        -1.033807620842708E-06        -3.120970981651539E-10
         1.000848293304443E+00        -8.338525958606624E-07        -3.406454285315164E-10
         1.001035094261169E+00        -9.072134616872063E-07        -3.140569748705246E-10
         1.001408815383911E+00        -1.099963355954969E-06        -2.621576566941286E-10
         1.001453399658203E+00        -8.364989980691462E-07        -2.112259117614812E-10
         1.001365303993225E+00        -1.002917770165368E-06        -1.275353156415804E-10
         1.001624822616577E+00        -2.186393885494908E-06         1.384414666238953E-10
         1.001351475715637E+00        -1.794368927221512E-06         2.719317999944071E-11
         1.001141667366028E+00        -1.048340095621825E-06        -3.060843245528133E-11
         1.000785350799561E+00        -2.554813534061395E-07        -2.341241644998604E-10
         1.000460982322693E+00         2.881259035802941E-07        -3.396565806390583E-10
         1.000531673431396E+00         1.139439049779867E-07        -4.351231042143411E-10
         1.000572323799133E+00         1.660920467827509E-08        -3.316261709684909E-10
         1.000177264213562E+00         5.245703960099490E-07        -4.044339307895939E-10
         1.000390291213989E+00         2.417458802028705E-07        -3.425774108833934E-10
         1.000459313392639E+00         3.879923724525725E-07        -3.492821309958316E-10
         1.000360488891602E+00         4.977026151209429E-07        -2.086671252454764E-10
         1.000470519065857E+00         4.389433740925597E-07         2.420063802133221E-11
         1.000501155853271E+00         1.690248154773144E-07         1.418313799739224E-10
         1.000619173049927E+00        -2.571159996023198E-07         6.175161076926727E-11
         1.000074505805969E+00        -3.013012985775276E-07         1.178215580655007E-10
         9.997549057006836E-01        -4.700429485637869E-07         1.618440104156349E-10
         9.995334148406982E-01        -6.369062930389191E-07         2.257606462885420E-10
         9.991621375083923E-01        -4.890193849860225E-07         1.290757362104600E-10
         9.985579848289490E-01         9.318306126715470E-09         3.221102551353994E-11
         9.990644454956055E-01        -3.082372188600857E-07         3.464674033781812E-11
         9.996018409729004E-01        -2.238942897747620E-07         2.877022925451556E-11
         9.997828602790833E-01        -5.903680744268058E-08         5.652572160341762E-11
         1.000041842460632E+00         8.407094043150209E-08         6.622732744154813E-12
         1.000310540199280E+00        -1.760766394909297E-07        -5.126579369352235E-11
         1.000074982643127E+00        -4.319916158124215E-08        -1.074808506085212E-10
         9.997976422309875E-01         1.036826535738555E-08        -1.258315951435662E-10
         9.996833801269531E-01         3.469184406412751E-08         2.018205481207902E-12
         9.996056556701660E-01         4.280018686131370E-07        -1.148278208629172E-10
         1.000305533409119E+00        -6.136493198027893E-07        -3.675830473337527E-11
         9.999551177024841E-01        -3.082010664456902E-07        -1.583613101763248E-11
         9.999452233314514E-01        -3.045946925794851E-07         2.032514018202036E-10
         1.000142931938171E+00        -7.510362252105551E-07         4.881614557028513E-10
         1.000558733940125E+00        -1.377348894493480E-06         8.062002732067697E-10
         1.000625491142273E+00        -1.106784452531429E-06         6.881546998904753E-10
         1.000665664672852E+00        -9.392022093379637E-07         5.881063414037158E-10
         1.001055836677551E+00        -1.189880890706263E-06         3.934600978361402E-10
         1.001586318016052E+00        -9.207026323565515E-07         2.705223545174107E-10
         1.001046180725098E+00        -3.060216045014386E-07         1.588049414191772E-10
         1.000482320785522E+00        -2.070777753715447E-07         2.732171711095077E-10
         1.000260710716248E+00        -8.633905679289455E-08         2.087172656928260E-10
         1.000039935112000E+00         7.409221325360704E-08         1.158335510842434E-10
         1.000346183776855E+00        -1.427261508979427E-07         7.418696906791311E-11
         1.000264286994934E+00        -1.300268763770873E-07         8.305924698026601E-11
         1.000702619552612E+00        -7.906656946943258E-07         4.938979433766200E-11
         1.000836253166199E+00        -1.401370013809355E-06         1.940835409053321E-10
         1.000367283821106E+00        -3.887121522438974E-07        -1.476133659750190E-10
         9.998836517333984E-01        -3.010217852761343E-08        -2.132950482902629E-10
         9.996556639671326E-01        -9.080918061954435E-08        -1.144780728545847E-10
         9.990489482879639E-01         5.523045842892316E-07        -1.920419240297733E-10
         9.987201690673828E-01         6.707044803988538E-07         1.956402262415224E-10
         9.991202950477600E-01         5.469330517371418E-07         1.583376207925369E-10
         9.995630383491516E-01         6.221588932930899E-07        -2.745017754768320E-12
         9.996063113212585E-01         6.218146495484689E-07        -1.002740512151545E-11
         9.997163414955139E-01         8.080501743279456E-07         1.300100027634699E-10
         1.000390887260437E+00         1.386565031680220E-07        -1.827211715266230E-10
         1.000303387641907E+00         3.539922133199980E-08        -8.578784904678116E-11
         1.000110864639282E+00        -2.383782060633166E-07        -6.255549550582273E-11
         9.997839331626892E-01        -1.123674309155831E-07         1.793821861884037E-11
         9.996435046195984E-01         3.081184729580855E-08        -5.948410514156066E-11
         9.993118643760681E-01         4.356376734904188E-07        -1.941803384752916E-10
         9.991867542266846E-01         3.530562935338821E-07        -1.321592696390539E-10
         9.990625381469727E-01         6.776598411306622E-07        -3.082930577491538E-10
         9.989979267120361E-01         6.345259180307039E-07        -3.384654501115136E-10
         9.990673065185547E-01         4.724729478766676E-07        -3.100475987061202E-10
         9.990940690040588E-01         5.772518534286064E-07        -2.909231189285322E-10
         9.995278716087341E-01         4.116451748359395E-07        -2.761242623439131E-10
         9.996664524078369E-01         5.021447009312396E-07        -2.503790785812754E-10
         9.996423721313477E-01         3.049578083391680E-07        -1.946087596627066E-10
         9.998678565025330E-01         2.889727852561919E-07        -1.660529769242913E-10
         1.000114321708679E+00         3.241875958792662E-07        -5.590610613337432E-11
         1.000308156013489E+00        -1.547214338870617E-07        -1.295301452902686E-11
         9.998890757560730E-01        -2.729766457321148E-08        -6.971280497314325E-11
         1.000002861022949E+00         6.554436282613096E-08        -1.356604273361484E-10
         9.999700784683228E-01         3.442820286636561E-07        -1.100824709165948E-10
         1.000399947166443E+00         1.210081101987726E-08         5.000656486120469E-11
         1.000333786010742E+00         2.721741338973516E-07         2.673039740941352E-11
         1.000128388404846E+00        -1.149872730366042E-07         5.971131922244410E-11
         1.000118374824524E+00        -2.524207047827076E-07         1.299194363202361E-10
         1.000089406967163E+00        -2.195130548443558E-07         1.940840127501176E-10
         9.998228549957275E-01         4.636507000554957E-08         1.934282768678575E-11
         9.996700286865234E-01         6.854848066950581E-08         5.415877468717412E-11
         9.992204904556274E-01         5.796529762847058E-07        -1.021652415444940E-10
         9.990500807762146E-01         6.434192982851528E-07        -1.162765803780497E-11
         9.993686676025391E-01         3.317674668323889E-07        -1.275842764769664E-10
         9.998180270195007E-01        -4.773436330651748E-07        -3.438014456458305E-11
         1.000410199165344E+00        -7.356611604336649E-07         7.058711254392946E-11
         1.000741362571716E+00        -4.290182289423683E-07         5.620670595618549E-11
         1.000430583953857E+00         7.253347700242330E-09         1.293854190453914E-10
         1.000116109848022E+00        -1.143312147178221E-07         3.657517344546335E-11
         1.000131130218506E+00        -5.636150604004797E-07         7.017995906632990E-11
         1.000422477722168E+00        -9.126745794674207E-07         1.245085562429082E-10
         0.000000000000000E+00         0.000000000000000E+00         0.000000000000000E+00
         9.998582005500793E-01        -1.350275908862386E-07        -2.708311699906041E-11
         9.998896718025208E-01         6.039403643853802E-08        -7.551509417780267E-11
         9.999572038650513E-01        -1.483427496395961E-07        -4.916010740846355E-12
         1.000005006790161E+00        -1.705943475371896E-07         6.843259986455408E-11
         1.000051021575928E+00         8.617573143965274E-08         2.653177677558460E-11
         1.000084161758423E+00        -1.354443668333261E-07        -4.640359971275210E-11
         9.998349547386169E-01         3.363811060808075E-07        -1.783162228985447E-10
         1.000138163566589E+00         4.699865314705676E-07        -1.915567843235877E-10
         1.000078320503235E+00         5.004213221582177E-07        -5.563668969976732E-11
         9.999312162399292E-01         1.470698691719008E-07        -2.902692496087322E-11
         9.996547698974609E-01         3.277136499946209E-07        -8.402718798539155E-11
         9.997429847717285E-01        -7.365496657030235E-08         2.935040405160905E-11
         9.999595284461975E-01        -4.779100777341228E-07         1.331356830336361E-10
         1.000238656997681E+00        -7.193985993581009E-07         1.958982559502331E-10
         9.999888539314270E-01        -6.002197778798291E-07         1.676027511221534E-10
         9.994488358497620E-01         1.693192785978681E-07        -8.196395819004554E-12
         9.993299245834351E-01         7.472053766832687E-07        -2.494591200274954E-10
         9.995489120483398E-01         6.429013410524931E-07        -2.276686755786628E-10
         9.994690418243408E-01         4.607817913893086E-07        -2.027805978688235E-10
         9.996526837348938E-01         2.261930660552025E-07        -1.660334647546335E-10
         9.999309778213501E-01        -1.237003459664265E-07        -1.238551761151285E-10
         9.996263980865479E-01         1.506450928445702E-07         2.361237420867024E-11
         9.994432926177979E-01         5.957096504971560E-07         1.712200520254115E-10
         9.996141791343689E-01         6.635965519308229E-07         1.580184733063206E-10
         9.995590448379517E-01         5.159204761184810E-07        -3.457817365770666E-11
         9.998678565025330E-01         1.228568606848057E-07         8.232770715155269E-11
         9.999596476554871E-01        -5.474813491446184E-08         2.421032341617946E-12
         9.998682737350464E-01        -1.613589262206006E-07         1.218382200685042E-10
         1.000106096267700E+00        -6.245746817512554E-07         1.342198435727582E-10
         9.994148015975952E-01         1.234745354850020E-07        -1.808228705657555E-10
         9.990440607070923E-01         5.832088589841078E-09        -8.718127608720039E-11
         9.993336200714111E-01        -6.215447001522989E-07         1.002313787523690E-10
         9.993086457252502E-01        -4.563475499708147E-07         6.147109904430792E-11
         9.997072815895081E-01        -3.447594849603774E-07        -4.838707559629007E-12
         9.999622702598572E-01        -2.835495820363576E-07        -2.753963376789237E-11
         9.996360540390015E-01        -9.552753965635929E-08        -6.728636398056764E-11
         9.996215105056763E-01        -1.428415714599396E-07        -4.195300704057381E-11
         9.996343851089478E-01        -3.007103543950507E-07        -5.350371621443140E-12
         1.000080943107605E+00        -2.108491941044122E-07        -4.585162544784582E-12
         1.000307559967041E+00        -1.456379123965235E-07         9.560632840965866E-11
         1.000540614128113E+00        -2.886502272758662E-07         1.038799810060276E-10
         1.000599622726440E+00        -1.555820006160502E-07         1.061214727204884E-10
         1.000780701637268E+00        -3.179634688876831E-08         1.816148620381597E-10
         1.000692725181580E+00         6.417563724880893E-08         5.391874169369260E-10
         1.000633120536804E+00         4.439684460066928E-07        -1.350456899085195E-11
         1.000295877456665E+00         2.557634672939457E-07         1.931265425358930E-10
         9.998238682746887E-01         1.931085478190653E-07        -2.296755147179752E-11
         1.000203371047974E+00        -4.356330123300722E-07         2.279969962826200E-11
         1.000392317771912E+00        -3.056593911310301E-08        -1.845766178787400E-10
         1.001169085502625E+00        -1.275419322155358E-06         2.093469148034544E-10
         1.001162886619568E+00        -1.432919816579670E-06         1.902904500639124E-10
         1.000980019569397E+00        -1.222176706505707E-06         2.459252523845379E-10
         1.000798583030701E+00        -9.286744671044289E-07         3.671625226076003E-10
         1.000976324081421E+00        -1.148414753515681E-06         5.034522243541062E-10
         1.000879287719727E+00        -9.121606012740813E-07         2.642270846564543E-10
         1.000859737396240E+00        -5.462125614030811E-07         1.636685093009405E-10
         1.000526785850525E+00        -3.705698361500254E-07         1.303316898848550E-10
         1.000418543815613E+00        -6.440289439524349E-07         7.974645249708701E-11
         1.000439643859863E+00        -9.429859915144334E-07         5.369045139036466E-11
         1.000029683113098E+00        -1.081109530787216E-06         1.551035272440160E-10
         1.000087261199951E+00        -1.341323013548390E-06         1.592399684335888E-10
         9.999276995658875E-01        -1.187552584269724E-06         1.251802689283821E-10
         9.999748468399048E-01        -1.149716467807593E-06         1.452759856857000E-10
         9.998564124107361E-01        -5.179244908504188E-07        -9.055356464671149E-11
         9.999803900718689E-01        -5.124235258335830E-07        -7.164883270016631E-11
         9.998539090156555E-01        -2.749403016366614E-08        -1.762851115083564E-10
         1.000216603279114E+00        -2.356773620704189E-07        -3.454718802697876E-11
         1.000656843185425E+00        -6.830595111750881E-07         1.917097036674420E-10
         1.000431776046753E+00        -4.770825512423471E-07         1.814322719839723E-10
         1.000536084175110E+00        -7.292086365850992E-07         2.799117049256949E-10
         1.001217842102051E+00        -1.358441750198836E-06         2.435465440431273E-10
         1.001588821411133E+00        -1.479036654927768E-06         2.723234415746845E-10
         1.000493764877319E+00        -3.160760684295383E-07        -1.278802758131192E-10
         1.001430630683899E+00        -1.543611347187834E-06         8.365953763078693E-11
         1.002579808235168E+00        -2.632569021443487E-06         4.116326723924146E-10
         1.002830028533936E+00        -3.628700824265252E-06         7.049349992627185E-10
         1.004151821136475E+00        -5.306446382746799E-06         1.107636093955477E-09
         0.000000000000000E+00         0.000000000000000E+00         0.000000000000000E+00
         0.000000000000000E+00         0.000000000000000E+00         0.000000000000000E+00
         0.000000000000000E+00         0.000000000000000E+00         0.000000000000000E+00
         0.000000000000000E+00         0.000000000000000E+00         0.000000000000000E+00
         9.991608262062073E-01         3.182118234690279E-06        -2.207765525952254E-09
         1.000445723533630E+00         8.094462486951670E-07        -8.580200439034513E-10
         9.994603991508484E-01         2.266149522256455E-06        -1.350251244147671E-09
         9.995228052139282E-01         1.720474756439216E-06        -1.234464086508069E-09
         9.996904134750366E-01         6.544060511259886E-07         4.041450507585864E-10
         9.994471669197083E-01         1.707251044535951E-06        -3.484248653484734E-11
         1.000048518180847E+00         5.336124786481378E-07         3.107024915127710E-10
         9.999080896377563E-01         4.360387322321913E-07         1.349236417036437E-10
         9.998227953910828E-01        -1.916878744623318E-07         3.152274830053869E-10
         9.989697933197021E-01         1.309911795033258E-06        -7.813336783124569E-11
         9.991003870964050E-01         6.380823265317304E-07         1.582301095703897E-10
         9.993700981140137E-01        -1.823696180736079E-07         5.295300864460728E-10
         9.998573064804077E-01        -6.538592742799665E-07         6.523782625222907E-10
         9.996961355209351E-01         2.099144751355198E-07         8.776944449007118E-11
         9.991592168807983E-01         4.563218851671991E-07         4.715291698764723E-11
         9.991074800491333E-01         6.972017558837251E-07        -5.401467901428036E-12
         9.997618198394775E-01        -1.552858819309222E-08         1.818701578226722E-10
         1.000448703765869E+00        -3.014304184034700E-07         1.941029559304752E-10
         1.000705718994141E+00        -6.502339147118619E-07         4.252279917071888E-10
         1.000762462615967E+00        -9.570934480507276E-07         5.045133755210429E-10
         1.000792026519775E+00        -8.884558155841660E-07         1.893043222178648E-10
         1.000679254531860E+00        -4.581518453505851E-07         3.769373702056100E-11
         1.000236749649048E+00         2.568098125266260E-07        -1.618812445203233E-10
         9.999244809150696E-01         5.856954317096097E-07        -1.816280181810015E-10
         9.998528957366943E-01         9.034692993736826E-07        -2.942737442612753E-10
         9.997165799140930E-01         1.375766146338719E-06        -4.469467018708428E-10
         9.996951222419739E-01         1.379899231324089E-06        -4.608450288046129E-10
         9.999559521675110E-01         1.110911398427561E-06        -4.168804190740616E-10
         1.000561714172363E+00         6.475249136883576E-08        -1.008704925142823E-10
         1.000563263893127E+00         4.086067662001369E-08        -6.300052146634982E-11
         1.000699281692505E+00        -3.003502513365675E-07         5.292370708342986E-11
         1.000597119331360E+00        -3.687669334340171E-07         1.196298754502223E-10
         1.000667572021484E+00         3.134399264581589E-07         2.110595899440515E-11
         1.001089930534363E+00        -1.918531893352338E-07         1.288554332679048E-11
         1.000982046127319E+00         2.194218922113578E-07        -1.768285240455469E-10
         1.001084566116333E+00        -3.543363646940634E-08        -1.524501774818887E-10
         1.000466108322144E+00         8.518451295458362E-07        -3.555016003797817E-10
         1.001291155815125E+00        -1.237862989000860E-06         1.878202315896971E-10
         1.001126170158386E+00        -8.295244242617628E-07         8.644642640609490E-11
         1.000984787940979E+00        -1.333133241132600E-06         2.483548366960520E-10
         1.000353932380676E+00        -1.642407141844160E-06         3.880508137044103E-10
         9.995887875556946E-01        -5.092033461551182E-07         9.979721909969541E-11
         9.993723034858704E-01         2.287936595735118E-08        -9.078839763310143E-11
         9.995757341384888E-01         1.740652066928305E-07        -8.866333361945422E-11
         9.996855258941650E-01         3.176315885866643E-07        -1.077097230850477E-10
         9.993696808815002E-01         4.853861241826962E-07        -1.551419409606680E-10
         9.996449351310730E-01        -1.238800138025908E-07         3.442198193148727E-10
         1.000055313110352E+00        -3.703459015014232E-07         3.792889058384930E-10
         1.000189781188965E+00        -7.003759492363315E-07         6.197831137200183E-10
         1.000114798545837E+00        -2.209422547139184E-07         2.773479779172305E-10
         9.997172951698303E-01         2.573636948000058E-07         5.590395854571106E-11
         1.000029444694519E+00         8.161310205423433E-08         3.806594622846049E-11
         9.999233484268188E-01         2.331474746597451E-07        -6.017822351545021E-11
         9.996270537376404E-01         4.497807708503387E-07        -1.057283861155556E-11
         9.997358322143555E-01         4.198336682748049E-07        -6.424979298591538E-11
         1.000085234642029E+00         1.594117122749594E-07        -2.549949661145856E-11
         1.000294685363770E+00        -1.514263203716837E-07        -2.053183578015760E-12
         1.000219583511353E+00        -7.890776032581925E-08        -3.467256690092846E-11
         1.000451564788818E+00        -3.222739621833171E-07         1.806849461716276E-11
         1.000197768211365E+00         3.021742429609731E-07        -1.583969622132031E-10
         9.999482631683350E-01         5.374012630454672E-07        -3.074562271443426E-10
         1.000019788742065E+00         4.389752916722500E-07        -2.798779263901707E-10
         9.997531771659851E-01         5.840918788635463E-07        -2.569992274548127E-10
         9.995161890983582E-01         1.116855628424673E-06        -3.603730369672320E-10
         9.998992085456848E-01         4.502332160427613E-07        -2.241767604882483E-10
         9.996297955513000E-01         1.371487996948417E-06        -5.221813537126252E-10
         1.000321745872498E+00         2.301577097796326E-07        -1.243271458006845E-10
         9.993539452552795E-01         2.051686124104890E-06        -5.063191532705957E-10
         9.997565150260925E-01         6.779151817681850E-07         7.176397670560775E-11
         9.990310668945312E-01         2.244127927042427E-06        -2.846408386769639E-10
         9.998229742050171E-01         6.703606345581647E-07         7.298645021691641E-11
         9.999570250511169E-01         7.996536623977590E-07        -5.554099888338548E-11
         1.000311851501465E+00         1.570318488575140E-07        -2.473506642564072E-11
         9.999712109565735E-01         2.462588213347772E-07        -1.027517168572523E-10
         1.000618100166321E+00        -8.604083063801227E-07         1.587180664675003E-10
         1.001005172729492E+00        -6.611547860302380E-07         3.559037092815132E-11
         1.001050710678101E+00        -6.668562946288148E-07         7.043751693025513E-11
         1.000729680061340E+00        -3.389643836726464E-07        -1.902184833257881E-11
         1.001152038574219E+00        -1.481129174862872E-06         2.956788147656653E-10
         1.000687718391418E+00        -8.879215442902932E-07         1.529444765280275E-10
         1.000353693962097E+00        -6.327181836240925E-07         6.334622409953639E-11
         9.996689558029175E-01         2.093209019449205E-07        -1.070356858701160E-10
         9.995188117027283E-01         2.735813176002466E-08         1.757698014914766E-10
         9.997527003288269E-01        -1.552730566345417E-07         8.247010713224867E-11
         9.999358654022217E-01        -3.217861177517989E-08        -5.401724900711002E-11
         1.000429272651672E+00        -1.178983325189620E-06         1.410730976481034E-10
         9.999482035636902E-01         2.772185609956068E-07        -1.497179047404984E-10
         9.993509650230408E-01         7.215200525934051E-07        -1.235244961872439E-10
         9.994143247604370E-01         1.105248870203468E-07         1.354603096359597E-10
         9.990872740745544E-01         2.804715961701731E-07        -9.580865961700269E-11
         9.990527033805847E-01        -1.665440123588269E-07        -1.820844343358718E-11
         9.991396665573120E-01        -8.275766738563561E-09        -4.788846055814311E-11
         1.000149369239807E+00        -8.198984460250358E-07         1.281552641785311E-10
         1.000028252601624E+00        -5.503694069375342E-07         2.575409850658072E-11
         9.996867775917053E-01         4.616132187607036E-08        -1.624294448943076E-10
         9.995039701461792E-01         7.577202723041410E-07        -2.973917501147838E-10
         9.998604655265808E-01         2.681579474028695E-07        -1.542748567784358E-10
         9.998236298561096E-01         3.476895358289767E-07        -1.366898677579442E-10
         9.998840093612671E-01         8.545322316422244E-07        -2.741643856385423E-10
         1.000087857246399E+00         3.791278970766143E-07        -1.979378744243476E-10
         0.000000000000000E+00         0.000000000000000E+00         0.000000000000000E+00
         0.000000000000000E+00         0.000000000000000E+00         0.000000000000000E+00
         9.992453455924988E-01         7.879767167651153E-07        -2.323830711192798E-10
         9.993154406547546E-01         6.327235837488843E-07        -1.710060842929906E-10
         9.992118477821350E-01         8.471558317069139E-07        -3.679982707449625E-10
         9.995840787887573E-01         7.216296182832593E-08        -1.755135065062419E-10
         9.997012615203857E-01        -8.676403595586635E-09        -1.940667904154481E-10
         1.000178813934326E+00        -3.771801004859299E-07        -1.686900792663426E-11
         1.000586748123169E+00        -8.335968004757888E-07         3.768781953183975E-10
         1.000282287597656E+00         2.699601395761420E-07        -2.080550141891901E-11
         0.000000000000000E+00         0.000000000000000E+00         0.000000000000000E+00
         9.999544024467468E-01        -9.617383511795197E-08         2.146109158440712E-11
         9.997078776359558E-01        -1.990555347219924E-07         2.150899319763866E-10
         9.998865127563477E-01        -7.904543508630013E-07         3.896439282335962E-10
         9.994593262672424E-01         4.065826431087771E-07         6.103299116100303E-11
         0.000000000000000E+00         0.000000000000000E+00         0.000000000000000E+00
         0.000000000000000E+00         0.000000000000000E+00         0.000000000000000E+00
         9.993306994438171E-01         5.371139195631258E-07         7.845561873776052E-12
         1.000179409980774E+00        -7.891233053669566E-07         4.326801694709559E-10
         9.993549585342407E-01         9.425031635146297E-07        -2.721925185245055E-10
         9.996132254600525E-01        -2.162577450448566E-09        -2.986998235560145E-12
         9.998224973678589E-01         2.931322171662032E-07        -2.526155673532315E-10
         1.000341057777405E+00        -5.920425678596075E-07         2.434749624136145E-10
         1.000404238700867E+00        -6.137087211754988E-07        -8.528378697691963E-11
         9.999915957450867E-01        -3.775239463266189E-07        -8.744712592934079E-11
         9.996896982192993E-01        -1.624963061885865E-07         1.353983036800344E-10
         9.990682601928711E-01         7.956210197335167E-07        -2.436419122009426E-10
         1.000033617019653E+00        -1.171615963357908E-06         5.441637696002033E-10
         1.000242948532104E+00        -4.440395287019783E-07         3.986501961872335E-10
         1.000445723533630E+00        -9.421835898137942E-07         4.887468763037361E-10
         9.998594522476196E-01        -2.595803891836113E-07         4.491697569442010E-10
         9.991265535354614E-01         3.074813434977841E-07         9.559453922891592E-11
         9.985823631286621E-01         6.794859359615657E-07        -2.089508774338888E-11
         9.990602135658264E-01         1.773427404927475E-09        -1.869104315765924E-10
         9.996808171272278E-01        -4.395540429413813E-07        -1.551962724999356E-10
         9.993949532508850E-01        -3.528566026034241E-07        -1.128593399291056E-10
         9.992614388465881E-01         2.078428593677017E-07        -2.406625454476341E-10
         9.995031952857971E-01         5.779342586720304E-07        -3.542966753311561E-10
         9.996420741081238E-01         1.425566438228998E-06        -6.023388454678980E-10
         9.996084570884705E-01         1.792381794984976E-06        -6.679633512973737E-10
         9.999637603759766E-01         1.048915464707534E-06        -4.748323401138066E-10
         1.000023007392883E+00         7.018051064733299E-07        -1.436626234641025E-10
         1.000069499015808E+00         1.378437559651502E-07         4.646547036024629E-11
         9.998122453689575E-01         3.199940579179383E-07         1.542585781333372E-10
         9.994338154792786E-01         7.299639719349216E-07         7.573065785582145E-11
         9.994053244590759E-01         6.449666898333817E-07        -1.475676109086166E-10
         9.995747208595276E-01         2.884551690840453E-07        -1.509859043347106E-10
         9.997137784957886E-01        -3.775245431825169E-07         6.476227193408235E-11
         1.000019192695618E+00        -5.932537305852748E-07         6.516038403292512E-11
         1.000037431716919E+00        -2.969639822936188E-08        -9.999654576597905E-11
         9.997085928916931E-01         9.057949910129537E-07        -3.116910618494728E-10
         9.995589256286621E-01         1.137415779339790E-06        -4.339046622003906E-10
         9.995051026344299E-01         1.452775450161425E-06        -3.769984047163888E-10
         9.994337558746338E-01         1.424661036253383E-06        -2.664126419471557E-10
         9.998704791069031E-01         7.990731205609336E-07        -1.879094380097257E-10
         1.000191092491150E+00         4.439401948275190E-07        -7.485008446384001E-11
         1.000458240509033E+00         3.652441016299690E-09         1.549050054894252E-10
         1.000483989715576E+00        -2.019299643052364E-07         2.448576064129071E-10
         1.000503182411194E+00        -8.393567441089544E-08         1.308027991475669E-10
         1.000406622886658E+00         2.378044854367545E-07        -1.243639913273142E-10
         9.998660683631897E-01         6.338677280837146E-07        -2.101783469488083E-10
         9.994506835937500E-01         4.915874001198972E-07        -1.678730904286496E-10
         9.994584321975708E-01         1.944881091731077E-07        -1.652393361029070E-10
         9.993276596069336E-01         1.146623844761052E-06        -3.913581958503443E-10
         9.993677735328674E-01         1.691536908765556E-06        -5.334339081564110E-10
         9.992241263389587E-01         1.874230747489491E-06        -5.834761562795165E-10
         9.994199275970459E-01         1.402241878167843E-06        -2.764520279363580E-10
         9.999575614929199E-01         1.042893927660771E-06        -2.362887108198208E-10
         1.000166535377502E+00         6.464683792728465E-07         9.595705306730817E-12
         9.999690651893616E-01         1.547925648992532E-06        -4.091100791470126E-10
         9.993896484375000E-01         2.400288394710515E-06        -6.457492318645564E-10
         9.993749856948853E-01         2.190924760725466E-06        -5.519712464874260E-10
         9.995719790458679E-01         1.779950707714306E-06        -3.931958925118550E-10
         9.998332858085632E-01         1.475437215958664E-06        -3.410201010467517E-10
         9.993687868118286E-01         1.538119931865367E-06        -2.365506401869055E-10
         9.996351599693298E-01         8.513211469107773E-07        -1.085281933765891E-10
         9.996885061264038E-01         8.483327178510081E-07        -1.094731597039988E-10
         9.984117746353149E-01         2.205708142355434E-06        -5.419459325750609E-10
         9.979799985885620E-01         2.871567630791105E-06        -6.668692820177569E-10
         9.986533522605896E-01         2.556450226620655E-06        -4.280636956011108E-10
         9.995094537734985E-01         2.161598104066798E-06        -3.198120657188497E-10
         9.991852641105652E-01         2.677802967809839E-06        -4.776911644022164E-10
         0.000000000000000E+00         0.000000000000000E+00         0.000000000000000E+00
         0.000000000000000E+00         0.000000000000000E+00         0.000000000000000E+00
         0.000000000000000E+00         0.000000000000000E+00         0.000000000000000E+00
         1.001464247703552E+00        -3.937055680580670E-06         1.959443274301975E-09
         1.001641631126404E+00        -3.862687663058750E-06         2.073646809819252E-09
         1.001188635826111E+00        -2.586856680864003E-06         1.216422629291003E-09
         1.001024007797241E+00        -1.722184833852225E-06         6.431674082207905E-10
         1.000613451004028E+00        -2.980845295041945E-07        -3.575466589467169E-10
         1.000956654548645E+00        -1.224823563461541E-06        -1.760116913329668E-10
         1.001017689704895E+00        -1.892386990220984E-06         2.394604306510395E-11
         1.001110315322876E+00        -2.022450189542724E-06         1.526258563977478E-10
         1.001276850700378E+00        -1.800191171241750E-06         9.938439654577635E-11
         1.001197814941406E+00        -1.533025510980224E-06         8.561952535846018E-11
         1.000943541526794E+00        -9.244009788744734E-07        -1.962726786652880E-10
         1.001082539558411E+00        -2.065616399704595E-06         1.840298469168999E-10
         1.000589251518250E+00        -1.774799443410302E-06         1.016792691710400E-10
         1.000511407852173E+00        -1.680451987340348E-06         1.039885955123054E-10
         1.000054478645325E+00        -9.657464943302330E-07        -2.180590430445051E-11
         9.996858835220337E-01        -5.649425816045550E-07        -1.481911121592461E-10
         9.994353652000427E-01        -2.434096018077980E-07        -1.327433163389458E-10
         9.993069171905518E-01        -3.308961424863810E-07         1.449793757268836E-10
         9.998090863227844E-01        -9.025554845720762E-07         3.667449954836144E-10
         1.000178694725037E+00        -1.329354631707247E-06         7.532955370592731E-10
         1.000924944877625E+00        -1.277117803510919E-06         4.037859213656958E-10
         1.000592827796936E+00        -8.767511303631181E-07         1.849882608206954E-10
         1.000443816184998E+00        -9.455999929741665E-07         2.840708501761213E-10
         1.000373244285583E+00        -4.613256976426783E-07         1.827927254005601E-10
         1.000353574752808E+00        -4.913950419904722E-07         1.825843781722014E-10
         1.000663876533508E+00        -8.481235340696003E-07         8.792351569031354E-11
         1.000528693199158E+00        -1.149546278611524E-06        -2.875250385003802E-12
         9.995718002319336E-01        -8.144228758055760E-08        -1.374246896834741E-11
         9.992799758911133E-01         6.008896207276848E-07        -2.125846165768053E-10
         9.990279674530029E-01         5.608455353467434E-07        -9.840069731259504E-11
         9.993899464607239E-01        -1.985245319247042E-07         3.515920055097155E-10
         9.992074370384216E-01        -3.838099971176234E-08         3.810560200712132E-10
         9.995657205581665E-01        -5.237042728367669E-07         4.862090730028967E-10
         1.000057458877563E+00        -5.523804134099919E-07         3.312270457911382E-10
         1.000152468681335E+00        -6.863701855763793E-07         1.585323955444196E-10
         1.000454068183899E+00        -1.166078845926677E-06         3.308409102231735E-10
         1.000458717346191E+00        -5.753513505624142E-07         1.317042169768357E-10
         9.999842643737793E-01        -2.153323777065452E-07         7.068527013709414E-11
         9.995449781417847E-01         4.592252480506431E-07        -4.661412315171143E-12
         9.997848868370056E-01         4.764802099543886E-07         1.788915196532237E-11
         9.999955892562866E-01         2.707778321564547E-07         5.962585460095315E-12
         9.999300241470337E-01         2.743474567523663E-07         2.338776091195816E-12
         9.997351169586182E-01         5.356303063308587E-07        -5.025711097284002E-11
         1.000214934349060E+00         9.293744938076998E-07        -2.102746310406189E-10
         1.000176072120667E+00         1.200007318402641E-06        -1.847906827556756E-10
         1.000092625617981E+00         9.469624160374224E-07        -7.069246577007249E-11
         9.999792575836182E-01         9.427463965039351E-07        -1.087000489619072E-10
         9.997336864471436E-01         6.643841174991394E-07         2.245732766414932E-10
         9.997059106826782E-01         6.099861593611422E-07         5.924825213776685E-11
         9.999274611473083E-01        -2.296591361528044E-07         1.723669262876371E-10
         1.000203609466553E+00        -9.350669927243871E-08        -4.187028501689838E-11
         1.000716686248779E+00        -9.765749098278320E-08        -1.628128742936497E-10
         1.000878572463989E+00        -2.756814581061917E-07        -2.100156715201251E-10
         1.000261545181274E+00         8.512228788504217E-08        -2.865653547790004E-10
         1.000111937522888E+00         4.178241681529471E-07        -3.043385266021659E-10
         1.000688552856445E+00        -1.840472663161563E-07        -7.585803513121547E-11
         1.000972747802734E+00        -4.604695789112156E-07        -3.356947358978957E-11
         1.001012086868286E+00        -9.927656492436654E-07         2.636043605619420E-10
         1.000650525093079E+00        -9.564450920152012E-07         2.649087893491497E-10
         1.000417351722717E+00        -7.204303642538434E-07         5.056061680441815E-10
         1.000802755355835E+00        -7.654865612494177E-07         1.918166875336524E-10
         1.001021623611450E+00        -8.615207889306475E-07         1.633154445013218E-10
         1.001618981361389E+00        -1.190288799080008E-06         2.857352132679125E-10
         1.001729846000671E+00        -1.069628410732548E-06         3.762442024601853E-10
         1.001001954078674E+00        -2.966718568586657E-07         1.629805596037315E-10
         1.000418782234192E+00         3.342208003687119E-07        -1.348584716120982E-10
         1.000090956687927E+00         8.064201892921119E-07        -4.998498281949537E-10
         9.997062683105469E-01         1.086342081180192E-06        -4.547758836181970E-10
         9.995152354240417E-01         7.185826120803540E-07        -2.662770004491222E-10
         9.991142153739929E-01         5.603227464234806E-07        -3.508059120971296E-10
         9.990363121032715E-01         6.667851835118199E-07        -3.913557533596901E-10
         9.994004368782043E-01         6.536792511724343E-07        -2.751412431223343E-10
         9.994475841522217E-01         5.184210181141680E-07        -2.091855716424007E-10
         9.994323253631592E-01         2.317291745157490E-07        -1.416864542358454E-10
         9.995046257972717E-01        -5.234386701857829E-09        -1.243493086278136E-10
         9.995548725128174E-01        -3.196089792822931E-08        -8.067889412100016E-11
         9.999967217445374E-01        -2.069574733809532E-08        -1.210011535413003E-10
         1.000284552574158E+00         8.539887019765047E-09        -1.078972675094825E-10
         1.000171065330505E+00         2.855690262038024E-08        -1.566315271928076E-10
         1.000056743621826E+00         2.884050616103195E-07        -1.688998801929742E-10
         1.000235557556152E+00         7.738933049949992E-08        -1.082204950653143E-10
         9.998238086700439E-01         1.763977905966385E-07         4.573390277595735E-11
         9.997011423110962E-01         4.367026562590581E-08         1.783999614701770E-10
         9.993371367454529E-01         8.987542514660163E-07        -1.642351532549213E-10
         9.995508193969727E-01         4.606415870966885E-07        -2.387401387693444E-11
         9.999002218246460E-01         3.802180401635269E-07        -4.510293874493421E-11
         9.999987483024597E-01         1.615268416799154E-07        -1.081976036543253E-10
         1.000322580337524E+00        -1.539059155675204E-07        -1.376545925857453E-11
         1.000438094139099E+00        -3.498488183595327E-07         4.880842258137008E-11
         1.000244855880737E+00        -6.382986157404957E-07         1.560069573525169E-10
         1.000553250312805E+00        -1.659808162912668E-06         5.106725042836047E-10
         1.000674009323120E+00        -1.672835537647188E-06         4.789361129908798E-10
         1.000473856925964E+00        -4.554026133973821E-07         2.281989042174359E-10
         1.000464916229248E+00        -2.504869485164818E-07         7.064077794938228E-11
         1.000882387161255E+00        -1.008026629278902E-06         2.427998635479156E-10
         1.001112580299377E+00        -1.492744104325539E-06         4.077026771742709E-10
         1.001145720481873E+00        -1.597020514054748E-06         7.323256445701531E-10
         1.001194715499878E+00        -1.539093545943615E-06         5.439384498373556E-10
         1.001210093498230E+00        -9.277256367568043E-07         3.789147606791943E-10
         1.001309394836426E+00        -1.406706701345684E-06         6.394335616555225E-10
         1.001496672630310E+00        -1.720630166346382E-06         4.378662710191605E-10
         1.000954866409302E+00        -1.332674742116069E-06         4.856754998172619E-10
         1.000384807586670E+00        -1.085474877982051E-06         3.926557412547993E-10
         9.999256730079651E-01        -8.701389333509724E-07         4.112545859413785E-10
         9.998304843902588E-01        -2.820439419792820E-07        -4.591901164863188E-11
         9.995483756065369E-01         4.032302456380421E-07        -2.451100988842825E-10
         9.993187785148621E-01         6.164270871522604E-07        -4.417085308627833E-10
         9.990820884704590E-01         6.569601396222424E-07        -2.340278526524742E-10
         9.994216561317444E-01        -3.907520920165553E-07         9.715038495894390E-11
         9.999428391456604E-01        -1.288533098886546E-06         5.234446209811949E-10
         9.997803568840027E-01        -7.986697596606973E-07         3.489402933265495E-10
         9.995529055595398E-01         3.932068182166404E-08         1.592791315507824E-10
         9.998343586921692E-01        -1.090625545430157E-07         2.812258759199437E-11
         9.997885227203369E-01        -9.734209527323401E-08         1.345652495682303E-11
         9.999942779541016E-01        -5.132826572662452E-07         1.665553112095708E-10
         9.996528625488281E-01        -4.763759591241978E-07         1.951197398097904E-10
         9.997854232788086E-01        -4.053080147059518E-07         2.927092596083369E-11
         9.998908638954163E-01        -2.401746144187200E-07        -5.695579424758179E-11
         9.997345209121704E-01         3.830785999525688E-07        -1.787764797311908E-10
         9.995979666709900E-01         1.110955281546921E-06        -3.929297998084280E-10
         9.999296665191650E-01         5.168998882254527E-07         8.628862901982615E-11
         1.000231027603149E+00         4.378018161332875E-07        -2.240454132981795E-12
         1.000411629676819E+00        -7.918706756981919E-08         3.471335718874258E-10
         1.000115036964417E+00         4.809166753716454E-08         1.236302726859151E-10
         9.997310042381287E-01         5.152888320480997E-07        -1.409505290261848E-10
         9.993677735328674E-01         9.783829000298283E-07        -2.626350525947174E-10
         9.987972378730774E-01         1.029398276841675E-06        -1.607728672414765E-10
         9.982838630676270E-01         9.865196943792398E-07        -7.152968495294232E-11
         9.984318614006042E-01         1.125378616961825E-06        -2.293219364402077E-10
         9.985575675964355E-01         1.282093649024318E-06        -2.547367872196560E-10
         9.989444017410278E-01         6.543215249621426E-07        -8.711913829229090E-11
         9.990951418876648E-01         8.138390512613114E-07        -2.421387257367513E-10
         9.997929930686951E-01        -6.043071598682559E-10        -1.879973607343821E-11
         9.997754096984863E-01         2.589304983757756E-07        -1.729933835070696E-10
         9.997654557228088E-01        -5.141176018241822E-08        -8.914982640995106E-11
         1.000015854835510E+00         2.985396818644404E-08        -1.563984913799388E-10
         1.000035643577576E+00         3.534457277964975E-07        -2.090315698310974E-10
         9.996311664581299E-01         7.156952506193193E-07        -2.869686155371198E-10
         9.996924400329590E-01         2.298777133091789E-07         4.350990054358128E-12
         9.995360970497131E-01         1.673094942589159E-07         7.345360431010306E-11
         9.997105598449707E-01        -1.123182542528411E-07         1.727932241735175E-10
         1.000034809112549E+00        -3.525138652094029E-07         1.897022539054660E-10
         1.000625848770142E+00        -8.808983693597838E-07         2.242898922144576E-10
         1.000207662582397E+00        -3.401971468974807E-07         9.223889707588029E-11
         9.999516606330872E-01        -1.478285156508719E-07         9.041226101125233E-11
         9.999803304672241E-01         4.557382382586184E-08         3.944594303972870E-11
         9.996747374534607E-01         1.257206918126030E-06        -4.107549855802972E-10
         9.996597766876221E-01         1.389673343510367E-06        -4.742178316696766E-10
         1.001774430274963E+00        -2.845841891030432E-06         3.700162121145212E-10
         1.000956416130066E+00        -1.768072252161801E-06         4.764026395598364E-10
         1.001160860061646E+00        -2.651514023455093E-06         9.019991420444740E-10
         1.000976681709290E+00        -2.043232598225586E-06         7.221143127900120E-10
         1.000791072845459E+00        -1.943108145496808E-06         4.355901195296497E-10
         1.000589847564697E+00        -1.822627041292435E-06         8.855676192354167E-10
         1.000165820121765E+00         2.952863553673524E-07         5.873409397727514E-11
         1.000702738761902E+00        -1.038545818232706E-07        -1.263688320651823E-10
         9.997783303260803E-01         1.471619953008485E-06        -3.688019334369130E-10
         9.996258020401001E-01         7.264540613505233E-07        -2.290042183661356E-10
         1.000721693038940E+00        -1.674389068284654E-06         5.277038250817156E-10
         1.000974178314209E+00        -3.043483957299031E-06         1.034076047012888E-09
         1.000036478042603E+00        -1.438577442058886E-06         5.053276130873030E-10
         9.995303153991699E-01        -2.945036214896390E-07         1.132647794999109E-10
         9.994924664497375E-01         2.853711009720428E-07        -1.029858490153579E-11
         9.994548559188843E-01         2.081488190697200E-07         2.170192914263680E-10
         9.990906119346619E-01         8.436410894319124E-07        -1.667113253001062E-10
         9.990504980087280E-01         1.709869820842869E-06        -3.827923811261513E-10
         9.993343353271484E-01         1.072459326678654E-06        -2.871484161559579E-10
         9.992668032646179E-01         7.473817618119938E-07        -2.780072283492530E-10
         9.999204874038696E-01         5.436105539047276E-07        -2.129984938425977E-10
         9.998824000358582E-01         9.051889833244786E-07        -4.053539170989495E-10
         1.000153183937073E+00         5.665004323418543E-07        -2.283409017422855E-10
         1.000722527503967E+00        -4.349744813225698E-07         2.107707341991727E-10
         1.001002073287964E+00        -4.117166554351570E-07         2.273181365364252E-10
         1.001212716102600E+00         1.946366801064414E-08         1.021165027537130E-10
         1.001195192337036E+00        -8.846616594837542E-08         1.474872585172093E-10
         1.000685453414917E+00         1.325118592632180E-08         4.049930668603707E-10
         1.000205636024475E+00         1.161660975412815E-06        -4.209307347124991E-10
         9.995620250701904E-01         1.986745246540522E-06        -6.966426324694908E-10
         9.991436004638672E-01         1.610978188182344E-06        -6.432852583948545E-10
         9.987114667892456E-01         1.328208441009338E-06        -4.549058907343806E-10
         9.989362359046936E-01         8.871817840372387E-07        -3.221232725003631E-10
         9.994959831237793E-01         1.324010412417920E-07        -4.087229166227502E-11
         9.995199441909790E-01         4.121985739402589E-07        -1.814975392200324E-10
         9.993659853935242E-01         2.809501609135623E-07        -1.595893417416505E-10
