         1.001134157180786E+00         2.554435525325971E-07        -1.552074024857575E-10
         1.002267360687256E+00        -1.303276690123312E-06         3.518894897691638E-10
         1.002351880073547E+00        -1.822808485485439E-06         5.143259707018899E-10
         1.001663565635681E+00        -2.955376885438454E-07        -9.468042322380299E-11
         1.001742005348206E+00        -9.999781696024002E-07         1.591467096995203E-10
         1.001932501792908E+00        -1.342963855677226E-06         3.671571380259309E-10
         1.001920580863953E+00        -1.121724039876426E-06         2.991237812999259E-10
         1.001630306243896E+00        -9.492859476267768E-07         2.453396652501993E-10
         1.001010775566101E+00        -8.946618663685513E-07         2.954025080104117E-10
         1.000316262245178E+00        -4.298139799630007E-08         6.191618051598624E-11
         9.997574687004089E-01         7.277768645508331E-07        -2.314322067320518E-10
         9.998957514762878E-01         1.656044190667672E-07        -3.562236269849528E-11
         1.000140190124512E+00        -4.479384756450600E-07         1.019760803577796E-10
         1.000539064407349E+00        -1.306383637711406E-06         4.894572525060426E-10
         1.000454425811768E+00        -1.199777443616767E-06         4.439733858330186E-10
         1.000362515449524E+00        -8.681009262545558E-07         2.816077093736880E-10
         9.998979568481445E-01        -3.555301475444139E-08        -1.147725057354387E-11
         1.000293970108032E+00        -8.006228995327547E-07         3.434112993971894E-10
         9.998295903205872E-01        -5.852272622064447E-08         1.777662184121453E-10
         1.000047922134399E+00        -8.699406350842764E-08         1.100473323578655E-10
         1.000088572502136E+00        -5.868595209790328E-08         1.003736538329747E-10
         9.999837875366211E-01         2.516564450161241E-07         1.028378354694937E-10
         1.000247359275818E+00         3.570315527667844E-07         1.806795962844276E-10
         1.000590443611145E+00         1.368807573953745E-07         1.447535008525236E-10
         1.000580191612244E+00         2.300483146200349E-07         1.527499793319009E-10
         1.001026391983032E+00        -4.148516552504589E-07         1.690972084578135E-10
         1.000874519348145E+00        -9.158755176486011E-08         9.775323606131536E-11
         1.000947475433350E+00        -4.029897304747010E-09         1.339394654215065E-11
         1.000867962837219E+00         1.686127291122830E-07         6.958808529411442E-13
         1.001034617424011E+00         5.436328365249210E-08         5.745210557295266E-11
         1.000822782516479E+00         3.306542453174188E-07         2.039923438501567E-11
         1.000880479812622E+00         2.931795695104711E-09         5.738546443589954E-11
         1.000897169113159E+00        -1.491753920390693E-07         6.154847031342170E-12
         1.000787973403931E+00        -9.596156091973285E-10         8.688613023499769E-11
         1.000763058662415E+00         2.386975381796219E-07        -4.634964634320227E-11
         1.000336766242981E+00         1.128694975705002E-06        -3.449870111804643E-10
         1.000191807746887E+00         5.987233180348994E-07        -1.842268976259831E-10
         9.999413490295410E-01         4.175688275154243E-07        -2.022388680134046E-11
         9.995639920234680E-01         4.854194344261487E-07        -7.167184207235167E-11
         9.991159439086914E-01         1.124944105868053E-06        -2.795333131633271E-10
         9.985909461975098E-01         1.691501665845863E-06        -5.496729182929982E-10
         9.990447163581848E-01         6.845603479632700E-07        -2.464224102549650E-10
         9.995177984237671E-01         2.258411910815994E-07        -6.989336887031072E-11
         9.991998076438904E-01         7.037338605186960E-07        -2.693804068698569E-10
         9.990360736846924E-01         9.523553217150038E-07        -3.172879459167888E-10
         9.989714622497559E-01         5.758190013693820E-07        -2.825225331459791E-10
         9.993165135383606E-01         5.778133171929767E-08        -1.249906983469273E-10
         9.990702271461487E-01         3.533815515766037E-07        -2.664313492051207E-10
         9.991980195045471E-01        -7.538366020298781E-08         1.025183063441126E-10
         9.991179704666138E-01         2.407531951575947E-07        -7.128687223856289E-11
         9.989098906517029E-01         1.087218379325350E-06        -3.269016168871985E-10
         9.992277622222900E-01         4.874990509051713E-07        -1.649048536611630E-10
         9.995995759963989E-01        -1.181255342430632E-07         6.332381841112067E-11
         9.995123147964478E-01         4.591659603647713E-07        -1.977191327329209E-10
         9.995537996292114E-01         7.415137019961549E-07        -3.749593135982110E-10
         9.992723464965820E-01         9.460624141865992E-07        -3.555275518429823E-10
         9.996042847633362E-01         3.859959747387620E-07        -1.503145802272954E-10
         9.998303055763245E-01         2.046030402880206E-07        -5.041092196456098E-11
         9.995588064193726E-01         6.709296940243803E-07        -1.737900795495406E-10
         9.996810555458069E-01         4.827927000405907E-07        -1.581380859594361E-10
         9.999586939811707E-01         1.263346263158382E-07         4.538516784613478E-11
         1.000126600265503E+00        -6.104939984652447E-07         2.045209140932869E-10
         9.999719262123108E-01        -1.356625034532044E-07        -7.898606768641514E-11
         9.997732043266296E-01         4.906107164970308E-08        -1.028578194839369E-10
         1.000049114227295E+00        -5.311146651365561E-07         4.875679374127806E-11
         9.999009966850281E-01        -4.363475625268620E-07        -2.817363009555152E-11
         9.998706579208374E-01        -3.739141050118633E-07         3.123354352929653E-11
         9.997560381889343E-01        -8.544311924651993E-08         8.040292390210091E-12
         9.994859695434570E-01         3.293521615432837E-07        -4.227871178152931E-11
         9.994691610336304E-01         1.940425420343672E-07        -3.034100054533084E-11
         9.994649291038513E-01         9.873057393861018E-08        -5.693228874448231E-11
         1.000200033187866E+00        -1.053379492077511E-06         3.506779311379660E-10
         1.000229597091675E+00        -1.013494511425961E-06         3.642978974038869E-10
         1.000165581703186E+00        -6.691978455819481E-07         1.886586997734696E-10
         9.993104934692383E-01         2.496542492735898E-07        -1.993117892951091E-10
         9.993500709533691E-01         2.193650772142064E-07        -1.081313996675881E-10
         9.994008541107178E-01         9.764222141939172E-08         3.067435541681540E-11
         9.999088644981384E-01        -4.404313074246602E-07         2.220316291934310E-10
         1.000086903572083E+00        -1.154356255028688E-06         4.728819558152964E-10
         1.000255346298218E+00        -1.887845542114519E-06         6.923916995305035E-10
         9.998291134834290E-01        -5.324567950992787E-07         2.413978461568433E-10
         9.997884631156921E-01        -2.320456076176924E-07         7.374807708959707E-11
         9.995511770248413E-01        -4.340247627965255E-08        -9.997042083043084E-11
         9.993489384651184E-01         4.238901283315499E-07        -3.327988162826756E-10
         9.995351433753967E-01         3.207501038104965E-07        -1.466627513879715E-10
         9.998855590820312E-01        -3.009063220815733E-07         1.587691783599965E-10
         9.998029470443726E-01        -5.659861557205659E-08         1.027491564054017E-10
         9.998673796653748E-01         3.620195698772477E-08         2.470314751368274E-11
         9.999545812606812E-01        -2.382529551425705E-08         4.876711534596012E-11
         9.999204874038696E-01         3.816593050487427E-07        -1.424011325523722E-10
         9.994129538536072E-01         9.407031598129834E-07        -2.217013517213928E-10
         9.995980262756348E-01         5.828069333801977E-07        -1.509533192889378E-10
         9.990769028663635E-01         1.599274128238903E-06        -4.213007165354554E-10
         9.993293285369873E-01         8.110105227387976E-07        -3.101674195260529E-10
         1.000018477439880E+00        -4.120577159483219E-07         2.248022254458526E-11
         9.996848702430725E-01         8.256446903942560E-08        -5.421517401682507E-11
         9.994608759880066E-01         2.342013090128603E-07        -7.081454866941783E-11
         9.994162917137146E-01         2.016925293446548E-07        -4.532127798051455E-11
         9.995774626731873E-01        -6.084811730033834E-07         2.391137565727064E-10
         9.991864562034607E-01         4.077766675436578E-07        -1.065832144764300E-10
         9.993475675582886E-01         3.167655791003199E-07        -1.459304066475653E-10
         9.989470839500427E-01         7.690317147535097E-07        -2.800185777696029E-11
         9.992494583129883E-01         4.155438375619269E-07         7.899675358302716E-11
         9.995188117027283E-01         2.841843240730668E-07        -2.843822226317183E-11
         9.999034404754639E-01        -3.953138616452634E-07         6.946117986350586E-11
         1.000560998916626E+00        -1.343573558187927E-06         3.358510136663995E-10
         1.000431180000305E+00        -1.275733325201145E-06         2.532173082325784E-10
         9.998551011085510E-01        -2.651246511220506E-08        -1.497713203457707E-10
         1.000004768371582E+00        -1.177201696123120E-07        -2.530178323800758E-11
         9.999530315399170E-01         1.459683574012161E-07        -5.213532730530268E-11
         1.000336527824402E+00        -9.762793951040294E-08        -7.933003559612573E-11
         1.000121593475342E+00         7.535338397701707E-08        -8.566559961398212E-11
         1.000122427940369E+00        -1.040629200588228E-07         1.344334643604839E-10
         1.000250697135925E+00        -5.359710257835104E-07         3.015747096490884E-10
         9.998127818107605E-01         2.631648214901361E-07        -1.805959964906734E-10
         9.995951652526855E-01         3.077410326568497E-07        -3.288276595458939E-11
         1.000118136405945E+00        -2.991526741880079E-07         1.379675262924707E-10
         9.999440312385559E-01        -1.461266236901793E-07         4.806930201106674E-11
         1.000230789184570E+00        -5.256225676930626E-07         2.260921311281194E-10
         1.000347256660461E+00        -4.607218500041199E-07         1.561334672661729E-10
         1.000146746635437E+00         3.165332174148716E-08         2.329401775635898E-11
         1.000498294830322E+00        -5.804475904369610E-07         1.238401464709327E-10
         1.000334858894348E+00        -5.774733153884881E-07         5.813524661668623E-11
         9.998164176940918E-01         1.403784892772819E-07        -4.973271447439309E-11
         9.999467730522156E-01         3.979706164614072E-08        -2.818959475570093E-11
         9.996089935302734E-01         6.329717621156306E-07        -3.089243860721069E-10
         9.993559718132019E-01         3.353244153458945E-07        -8.580504362587504E-11
         9.995633959770203E-01         1.120376396102074E-07        -5.684856752008471E-11
         9.995372295379639E-01         4.186527178262622E-07        -5.783012263504972E-11
         9.998915195465088E-01        -1.728599841044343E-07         9.194464634099120E-11
         9.996314048767090E-01         3.901269280959241E-07        -1.083251821576425E-10
         1.000027418136597E+00        -1.053259879313373E-07        -3.273815246673806E-11
         9.998991489410400E-01         8.248330374271973E-08        -1.148833181363607E-10
         9.998906254768372E-01         3.448678569384356E-07        -2.924498421208455E-10
         1.000202775001526E+00         1.667342814926087E-07        -2.373413410250436E-10
         1.000059008598328E+00         5.897592814108066E-07        -3.099889234192688E-10
         1.000015616416931E+00         1.453408202678474E-07        -2.212456190475720E-10
         1.000249862670898E+00        -2.958517484330514E-07         1.288078255168301E-10
         1.000217199325562E+00        -7.018608982889418E-08        -1.512420744198550E-11
         1.000138044357300E+00         1.246258563014635E-07        -7.907868804224449E-11
         1.000061392784119E+00        -2.677916022264526E-08         8.832875403319562E-12
         9.999820590019226E-01         4.596355154262710E-07        -1.856133580169228E-10
         9.999969601631165E-01         1.887971023961654E-07        -1.722429698869377E-10
         9.998157620429993E-01         1.935501181549171E-08        -5.797472571456019E-11
         9.999685883522034E-01        -3.674367974326742E-07         1.103949431868756E-10
         1.000256657600403E+00        -8.190856988221640E-07         2.407611332522208E-10
         9.999014139175415E-01        -3.856666808133014E-07         1.627551843297326E-10
         1.000037074089050E+00        -9.068519943866704E-07         4.206244519355806E-10
         1.000269293785095E+00        -8.442615921921970E-07         4.213347171155846E-10
         1.000529050827026E+00        -1.235820491274353E-06         5.085296073126244E-10
         1.000455260276794E+00        -8.425350870311377E-07         3.783133251111792E-10
         1.000368952751160E+00        -2.572399182554364E-07         1.905710034222352E-10
         1.000405073165894E+00         2.510615502160363E-07         6.119361267709067E-11
         1.000116348266602E+00         4.301994636080053E-07        -1.859598412756736E-11
         9.997854828834534E-01         8.596021530138387E-07        -2.432691721676594E-11
         9.998871684074402E-01         4.789652052750171E-07        -6.469521446339499E-11
         9.999994039535522E-01         1.430804701385568E-07         9.486722518659008E-11
         1.000008344650269E+00         1.725473453006998E-08         4.179033508133756E-11
         1.000138878822327E+00        -3.496774070299580E-07         1.357056689244018E-10
         9.999893307685852E-01         4.569228906348144E-08         2.723950058569624E-11
         1.000072836875916E+00        -3.124413794353131E-08         1.486221215540873E-11
         1.000000715255737E+00         1.188554605846548E-07        -5.980339140565505E-11
         9.996835589408875E-01         2.225016118018175E-07        -1.533376342566228E-10
         9.997920393943787E-01        -1.173616936966937E-07        -5.563308841383119E-11
         9.996922016143799E-01         1.508576730202549E-07        -1.589190307127453E-10
         9.994759559631348E-01         1.327811673945689E-07        -5.054668489323788E-12
         9.996281266212463E-01        -3.199924094587914E-07         4.927589933312326E-11
         9.994500279426575E-01        -4.684039467406365E-08         4.522730454037394E-11
         9.995089769363403E-01        -2.551759052948910E-07         1.413522215942820E-10
         9.993693232536316E-01        -1.006280854198849E-07         3.592568950661068E-11
         9.990922808647156E-01         1.895805468166145E-07        -3.561096903470506E-11
         9.989473819732666E-01        -4.269659470423903E-08         6.263435603504064E-11
         9.989064335823059E-01        -4.707757739197405E-08         1.041534081203110E-10
         9.988455176353455E-01        -2.007011516980128E-07         1.438895808059115E-10
         9.990645051002502E-01        -8.275135883195617E-07         2.525840370193322E-10
         9.988045692443848E-01        -7.429607649100944E-07         2.858967229624199E-10
         9.989939332008362E-01        -1.266099843633128E-06         3.957244532060145E-10
         9.926427602767944E-01         6.309956006589346E-06        -1.610077404734511E-09
         9.942465424537659E-01         4.492079824558459E-06        -1.144211947412543E-09
         9.945884943008423E-01         3.951929556933464E-06        -9.681815349438239E-10
         9.967021346092224E-01         1.927934135892428E-06        -4.462750169409446E-10
         9.983491301536560E-01         4.264796018560446E-07        -8.176546939520080E-11
         0.000000000000000E+00         0.000000000000000E+00         0.000000000000000E+00
         0.000000000000000E+00         0.000000000000000E+00         0.000000000000000E+00
         0.000000000000000E+00         0.000000000000000E+00         0.000000000000000E+00
         1.000714182853699E+00        -9.046559625858208E-07         6.324019780068468E-11
         1.001003384590149E+00        -1.270946313525201E-06         3.276058313517183E-10
         1.000828146934509E+00        -5.821926265525690E-07         1.581432727826293E-11
         1.000780820846558E+00        -4.794488859261037E-07         2.004036103731011E-10
         1.000132083892822E+00         1.334474518444040E-06        -1.765209506343624E-10
         1.000500202178955E+00         6.335600346574211E-07        -5.911751643772334E-11
         1.000977396965027E+00         1.958350850372881E-07        -9.694046260166900E-11
         1.000996828079224E+00         4.012751730897435E-07        -1.154063719588372E-10
         1.000706195831299E+00         6.139033530416782E-07        -8.746275231841238E-11
         1.000825047492981E+00         2.828933247656096E-07        -7.679105268332265E-11
         1.001030087471008E+00        -2.206615512534427E-08         3.522517694198868E-11
         1.001166462898254E+00        -5.648477099384763E-07         1.898325108218302E-10
         1.000915765762329E+00        -2.907305542976246E-07        -7.849286498551322E-11
         1.001199007034302E+00        -9.063144830179226E-07         6.006964890781230E-12
         1.001164436340332E+00        -7.401883976854151E-07        -8.936382883684146E-12
         1.000737428665161E+00         1.944605116932507E-07        -1.286960399360382E-10
         1.000625848770142E+00         5.624190748676483E-07        -9.510567333670394E-11
         1.000757455825806E+00         3.811214526194817E-07        -1.334103105765649E-10
         1.000490307807922E+00         6.067072604309942E-07         3.709526089079596E-11
         1.000341653823853E+00         1.053429627972946E-06        -1.257331877502210E-10
         1.000504612922668E+00         1.039085304910259E-06        -1.858622700190438E-10
         1.000644445419312E+00         5.468995141200139E-07        -1.817116179747558E-10
         1.000222563743591E+00         7.487190600841132E-07        -2.232683621317122E-10
         9.999634623527527E-01         8.408428584516514E-07        -2.295437728783156E-10
         9.998665452003479E-01         8.956632200352033E-07        -1.539356420110494E-10
         1.000351548194885E+00         4.878713184552907E-07        -1.388745507480138E-10
         1.000369668006897E+00         1.183801998649869E-07        -2.120836839480944E-11
         9.999861121177673E-01         4.192194751340139E-07        -1.054135390088362E-10
         9.997569918632507E-01         5.436248784462805E-07        -7.915114397238909E-11
         9.998367428779602E-01         3.506843029299489E-07        -4.991479451987857E-11
         1.000140428543091E+00         6.945821695580889E-08        -1.238560469463135E-11
         1.000175833702087E+00        -4.225240957111964E-07         1.426434942386479E-10
         1.000015854835510E+00        -1.834479377293974E-07         5.628067109575419E-11
         9.998775124549866E-01        -2.103914731321765E-08         7.697220638647195E-11
         9.998544454574585E-01         7.613718366883404E-08         3.530335052071010E-11
         9.999035596847534E-01         1.350031766378379E-07        -1.162279231192720E-10
         1.000195026397705E+00        -4.421122810072120E-07         1.154354112298250E-10
         1.000325202941895E+00        -8.683609848958440E-07         1.307733504818387E-10
         9.998195171356201E-01         1.076825455470498E-07        -1.615988037828586E-10
         1.000112414360046E+00        -5.420867523753259E-07        -1.203562640175737E-12
         1.000092625617981E+00        -8.313371608892339E-07         5.381302001228327E-11
         9.997219443321228E-01         2.593309886833595E-07        -1.791109344173591E-10
         9.997123479843140E-01         2.497429640868631E-08        -1.012761680074803E-10
         9.992471933364868E-01         5.604198918263137E-07        -2.214682742751606E-10
         9.993146657943726E-01         1.933170210577373E-07        -1.446537473137610E-10
         9.992946982383728E-01         1.483674907376553E-07        -8.396839473734374E-11
         9.997288584709167E-01        -5.373911449169100E-07        -6.015590109376134E-11
         9.995191693305969E-01         2.131661318571787E-07        -1.197897753213439E-10
         9.996644854545593E-01         2.945183439351240E-07        -2.606503207713828E-11
         9.997848868370056E-01         2.087230654979066E-07        -1.548677297513734E-10
         9.992898702621460E-01         1.055552957041073E-06        -2.475204763374705E-10
         9.990149140357971E-01         1.244012423740060E-06        -2.348066463486731E-10
         9.992583394050598E-01         7.222117233141034E-07        -1.475529559646915E-10
         9.993846416473389E-01         9.169839927380963E-07        -3.063897746624633E-10
         9.997472763061523E-01         4.314664181492844E-07        -2.611163230081814E-10
         9.997275471687317E-01         5.812782433167740E-07        -1.796914839147234E-10
         9.995500445365906E-01         6.053748506928969E-07        -1.573587787850883E-10
         9.993285536766052E-01         8.318163509102305E-07        -1.594921139602690E-10
         9.992078542709351E-01         6.869709636703192E-07        -9.058620520363547E-11
         9.993118643760681E-01         7.093091767274018E-07        -9.469201117662251E-11
         9.991363883018494E-01         1.346438921245863E-06        -1.246040215452382E-10
         9.993958473205566E-01         1.129606744143530E-06        -8.534245532487716E-11
         9.996166825294495E-01         8.514995784025814E-07        -1.081196035479515E-10
         9.999222159385681E-01         1.287260431581672E-07        -1.481319927831848E-11
         1.000259041786194E+00        -5.084368694951991E-07         1.709726804577372E-10
         1.000299692153931E+00        -4.683989800469135E-07         1.229846641193078E-10
         1.000285744667053E+00        -4.766990286952932E-07         1.204541189014918E-10
         9.999977946281433E-01         1.067902672957644E-07         2.395016476808287E-12
         9.996758699417114E-01         6.455138077399170E-07        -2.740948579216251E-10
         9.993719458580017E-01         7.495203817597940E-07        -1.086130838046095E-10
         9.998983740806580E-01        -1.666525832888510E-07         1.323498116656552E-10
         1.000037193298340E+00        -7.424070531669713E-07         2.712118030157029E-10
         9.999685287475586E-01        -5.735168429055193E-07         6.819994569084997E-11
         9.997565150260925E-01         1.447358641826213E-07        -1.033815602569099E-10
         1.000011682510376E+00        -3.910504062787368E-07         1.328227805519333E-10
         9.999729990959167E-01        -9.784838539417251E-08         3.630627742889914E-11
         1.000098705291748E+00        -4.926067376231913E-08        -3.724192482179589E-11
         9.999635219573975E-01         7.323864537056579E-08        -2.636377227638320E-11
         1.000223517417908E+00        -5.600635972768941E-07         1.201341665035827E-10
         9.997618198394775E-01         9.028261871435461E-08         5.976393858964091E-12
         9.995479583740234E-01         4.075347703746957E-07         2.422676642632737E-11
         9.997215867042542E-01         3.609261511883233E-07        -9.442875301135523E-12
         9.996796250343323E-01         2.789680593195953E-07        -1.169465496664301E-10
         9.995865225791931E-01         1.754255407604433E-08         1.727237970705620E-11
         9.997601509094238E-01        -4.292097912639292E-07         1.188240339455859E-10
         9.995734095573425E-01        -1.000195908318346E-07        -1.153935835773723E-10
         9.993173480033875E-01         3.835887696368445E-07        -2.306020652209639E-10
         9.995146989822388E-01         1.576461983177069E-07        -1.793038634234634E-10
         1.000136494636536E+00        -4.691926562827575E-07         1.557393103368554E-11
         1.000265121459961E+00        -7.811716074002106E-08        -2.047733857479805E-11
         1.000438690185547E+00        -2.199350035425596E-07         7.576964750066750E-11
         1.000543117523193E+00        -4.902438490717032E-07         2.074123511830450E-10
         1.000103473663330E+00         1.137914984461474E-09         1.973121839526915E-11
         9.997945427894592E-01         4.358686567229597E-07         5.113601816292279E-12
         9.997714757919312E-01         3.370555248238816E-07        -7.398628931731821E-11
         9.991337060928345E-01         1.469673065912502E-06        -2.762939599332270E-10
         9.992958903312683E-01         1.078398099707556E-06        -1.521244519242515E-10
         9.997755289077759E-01         2.014327264987514E-07         9.791007588022538E-11
         9.998583793640137E-01         6.917278483342670E-08         2.248331035237250E-11
         9.993712306022644E-01         8.238947089012072E-07        -1.761172457870330E-10
         9.992329478263855E-01         1.137917024607304E-06        -3.012474436570045E-10
         9.994925260543823E-01         6.453653895732714E-07        -2.269996274284480E-10
         9.999113082885742E-01        -9.722176486093304E-08        -1.154873158909497E-11
         9.997681975364685E-01         7.419453140755650E-08        -6.194196544573316E-11
         9.997951388359070E-01         2.617744314648007E-07        -1.804710270114640E-10
         1.000582575798035E+00        -5.965312084299512E-07        -2.699831330721381E-11
         1.000532031059265E+00        -4.662945514155581E-07         2.114028570254778E-11
         1.000750660896301E+00        -9.327899306299514E-07         1.319413606148956E-10
         1.000826001167297E+00        -1.097887206924497E-06         3.283966432121588E-10
         1.000259399414062E+00        -2.216046652847581E-07         3.761002273505731E-11
         1.000038027763367E+00        -2.461913197748800E-07         6.815020076045286E-11
         9.993566274642944E-01         7.700828632550838E-07        -1.482451661427575E-10
         9.998356103897095E-01        -1.624034240421679E-07        -4.816459297368736E-12
         1.000119924545288E+00        -6.001411634315446E-07         1.234025659435645E-10
         1.000121355056763E+00        -8.255851753347088E-07         1.528949189477657E-10
         1.000030636787415E+00        -5.531691158466856E-07         1.267650984182467E-10
         9.995338916778564E-01         6.044372753422067E-07        -2.391889186714735E-10
         9.997150897979736E-01         8.380417853004474E-07        -3.185232910762892E-10
         9.997016191482544E-01         6.124655556050129E-07        -2.643559815496133E-10
         1.000424385070801E+00        -8.042124477469770E-07         1.742246763525301E-10
         1.000110507011414E+00        -3.742068770407059E-07        -2.127044547439727E-11
         9.995037317276001E-01         3.788795766013209E-07        -1.261880461234099E-10
         9.990680217742920E-01         1.142804876508308E-06        -3.434023343462655E-10
         9.992908835411072E-01         1.041355972120073E-06        -2.897824480374567E-10
         9.996538758277893E-01         6.569704282810562E-07        -2.339981819421411E-10
         9.999743700027466E-01        -5.875449815562206E-08        -1.105045395466409E-11
         1.000077724456787E+00        -8.047782529274627E-08         4.846295587057625E-11
         9.998599886894226E-01         6.348901706587640E-07        -1.583760345091889E-10
         9.998382329940796E-01         4.901561396764009E-07        -1.219842976629693E-10
         9.995834231376648E-01         6.925804996171792E-07        -1.231969942727673E-10
         9.996550679206848E-01         3.651899191936536E-07         3.795363676117880E-11
         9.999401569366455E-01        -2.909563932007586E-07         1.604265192911569E-10
         1.000137925148010E+00        -4.560442050660640E-07         9.650762133883717E-11
         1.000091671943665E+00        -5.050717390986392E-07         4.175777085224652E-11
         1.000200390815735E+00        -6.779798695788486E-07         1.238403546377498E-10
         1.000048637390137E+00        -4.441316718839516E-07         1.622971063097722E-10
         9.998658895492554E-01        -1.951434001057351E-07        -3.890308561405043E-11
         9.995667338371277E-01        -4.137815778904042E-08         1.475246869109270E-10
         9.996033906936646E-01         2.197880633048044E-07         8.275460872120277E-11
         9.998819231987000E-01        -1.710633341645007E-07         1.029810889341398E-10
         9.998056292533875E-01        -3.453290275956533E-07         3.417930105609202E-10
         9.999952912330627E-01        -7.092372129591240E-07         2.519405517542594E-10
         9.999235272407532E-01        -6.906211638124660E-07         2.370700857845520E-10
         9.998022913932800E-01        -4.901889951725025E-07         1.003973154611870E-10
         9.995101094245911E-01         2.651566433087282E-07        -1.198148438102953E-11
         9.999314546585083E-01        -3.752267616619065E-07         1.268541799381850E-10
         1.000280499458313E+00        -6.431429824260704E-07         7.357612435976435E-11
         9.999091029167175E-01        -6.329509005809086E-08        -1.047979272805755E-10
         9.999598860740662E-01        -9.062095074341414E-08         1.638300606288112E-11
         9.997505545616150E-01         5.706433370278319E-08        -4.983287393844904E-11
         9.995538592338562E-01         8.442805778940965E-07        -4.052932434106538E-10
         9.998763203620911E-01         3.460657751475082E-07         1.148482437623999E-11
         1.000031352043152E+00         3.486494506432791E-07        -7.123171497092073E-11
         9.999330639839172E-01         4.576455694405013E-07         1.817163932348043E-12
         9.999123811721802E-01         4.834358833250008E-07        -6.184303069645125E-11
         9.999101161956787E-01         4.577686638640444E-07         5.466978324035476E-14
         9.996711015701294E-01         1.121213699661894E-06        -1.980752645236450E-10
         1.000020503997803E+00         5.921936008235207E-07        -1.949891498265188E-10
         1.000105023384094E+00         2.658956645973376E-07        -1.037852512264514E-10
         1.000188112258911E+00         1.154113746792973E-07        -2.568690260495998E-10
         1.000422358512878E+00        -3.323611110772617E-07        -2.182481972923256E-10
         1.000624775886536E+00        -3.466549287622911E-07         5.988803897238881E-11
         1.000789523124695E+00        -7.231003564811544E-07         9.519635080224020E-11
         1.000214457511902E+00         2.218332610937068E-07        -1.801322459249466E-11
         1.000137209892273E+00         6.239378649297578E-07        -1.151907458307733E-10
         9.997020959854126E-01         1.079760295397136E-06        -1.027789311991434E-10
         9.990094900131226E-01         1.875918542282307E-06        -1.633685686730502E-10
         9.992006421089172E-01         1.620513671696244E-06        -2.110705776825483E-10
         9.994253516197205E-01         7.090541203069733E-07         5.095943111932399E-11
         9.993405938148499E-01         9.940600875779637E-07        -1.163866850117934E-10
         9.995615482330322E-01         4.815349825548765E-07        -3.782953464370742E-11
         9.994871020317078E-01         3.230266827358719E-07        -3.223282101297298E-12
         9.991186261177063E-01         7.702563493694470E-07        -1.528726797928037E-11
         9.987460374832153E-01         1.285335656575626E-06        -1.625611034672403E-10
         9.985995292663574E-01         1.347321699540771E-06        -1.272009719777145E-10
         9.983305335044861E-01         1.579450326971710E-06        -6.855473133615675E-11
         9.981682300567627E-01         1.988511257877690E-06        -1.774260738329758E-10
         9.984712004661560E-01         1.698424739515758E-06        -1.304156366233045E-10
         9.951974153518677E-01         5.322601737134391E-06        -1.083183986949621E-09
         9.962329864501953E-01         3.542502554410021E-06        -6.180513878462079E-10
         9.974519014358521E-01         2.097064907502499E-06        -2.909860685740284E-10
         0.000000000000000E+00         0.000000000000000E+00         0.000000000000000E+00
         0.000000000000000E+00         0.000000000000000E+00         0.000000000000000E+00
         0.000000000000000E+00         0.000000000000000E+00         0.000000000000000E+00
         0.000000000000000E+00         0.000000000000000E+00         0.000000000000000E+00
         1.002210497856140E+00        -4.776924924954074E-06         2.280317934477694E-09
         1.002087354660034E+00        -4.384538442536723E-06         2.265441834126136E-09
         1.001999020576477E+00        -4.871126293437555E-06         2.840551127647473E-09
         1.001033663749695E+00        -1.340810513283941E-06         5.352637083566592E-11
         1.001267313957214E+00        -1.302348209719639E-06         5.084508508668151E-11
         1.001134157180786E+00        -1.036628646033932E-06        -4.485329468950638E-11
         1.000978589057922E+00        -1.076223497875617E-06         6.681612207959375E-11
         1.000898838043213E+00        -1.129994075199647E-06        -3.948714966117706E-11
         1.000653386116028E+00        -7.572402296318614E-07        -4.325919136793921E-11
         1.000692248344421E+00        -6.696516834381327E-07        -9.635485465064875E-11
         1.000582575798035E+00        -5.892990770917095E-07        -2.316319878958861E-11
         1.000628829002380E+00        -6.919926818227395E-07        -6.097456567433213E-11
         1.000696659088135E+00        -7.845414984331001E-07        -3.473062115677550E-12
         1.000984430313110E+00        -1.156514485955995E-06        -5.701022336504491E-14
         1.000897645950317E+00        -8.927721069085237E-07        -4.211631043915531E-11
         1.000572204589844E+00        -6.702887276333058E-07        -6.240203492824392E-11
         1.000213980674744E+00        -8.096764503306986E-08        -1.269436777917576E-10
         1.000183939933777E+00         1.414456818338294E-07        -1.904632146443319E-10
         1.000329375267029E+00        -9.185572480419069E-08        -3.831117020847152E-11
         1.000102519989014E+00         2.484896697296790E-07         5.389279300604954E-12
         9.998125433921814E-01         6.448588010243839E-07        -2.027846779384390E-10
         9.998289346694946E-01         3.973044897520595E-07        -1.261547290243303E-11
         9.999566078186035E-01         7.497733633954340E-08         1.289720691355356E-10
         9.999640583992004E-01        -3.861426378648503E-08         7.908763921538053E-12
         1.000123262405396E+00        -1.978644945666019E-07         1.063747492868750E-10
         1.000269055366516E+00        -6.935073315617046E-07         1.037946603665851E-10
         1.000158071517944E+00        -6.500272320408840E-07         2.073689830961456E-10
         1.000497102737427E+00        -8.116641652122780E-07         1.326820459057743E-10
         1.000596404075623E+00        -7.493575822081766E-07         1.139636995883819E-10
         1.000666022300720E+00        -8.368739941033709E-07         1.893241258210665E-10
         1.000505924224854E+00        -6.572295774276427E-07         2.033681695268186E-10
         1.000693798065186E+00        -8.913237934393692E-07         2.203311422199761E-10
         1.000585436820984E+00        -7.934999075587257E-07         7.334870905095769E-11
         1.000367641448975E+00        -6.238030323402199E-07         1.526369863835697E-10
         1.000390410423279E+00        -4.946027729602065E-07         8.136748913534220E-11
         1.000612735748291E+00        -5.584926725532569E-07         2.856429676123540E-11
         1.000509500503540E+00        -3.716018284194433E-07         4.107264875430339E-12
         1.000147461891174E+00         2.254667634815632E-07        -1.196126808711284E-10
         1.000254750251770E+00         4.648409657193042E-08        -3.514302390761337E-11
         1.000061273574829E+00         7.603754283991293E-07        -2.322485675998465E-10
         1.000394821166992E+00         2.486357573161513E-07        -1.034392016485697E-10
         1.000309228897095E+00         4.929270858156087E-08        -6.867447582825648E-11
         1.000312089920044E+00        -2.243175032390354E-07         3.202487580677982E-11
         1.000311970710754E+00        -3.367667886777781E-07         5.653304907538015E-11
         1.000404834747314E+00        -6.058284611754061E-07         1.742250094194375E-10
         1.000309109687805E+00        -6.126938387751579E-07         2.167126339491787E-10
         1.000371932983398E+00        -4.102300863451092E-07         2.010700911325713E-10
         1.000542044639587E+00        -5.972435701551149E-07         2.470054716319225E-10
         1.000330805778503E+00        -3.758840136924846E-07         3.123068470500812E-10
         1.000116348266602E+00        -2.146689439541660E-07         8.648948918166255E-11
         1.000346183776855E+00        -3.648599999905855E-07         1.244532116251307E-10
         1.000203013420105E+00        -9.970177217155651E-08        -4.496267941300758E-11
         1.000236034393311E+00        -2.793963460590021E-07         1.723648584972537E-10
         1.000249743461609E+00        -8.309105226089741E-08         2.712343891153601E-11
         9.999181628227234E-01         2.454487173508824E-07         5.042462974946815E-11
         1.000110387802124E+00         2.585498037888101E-09         6.920444078906129E-11
         9.999496936798096E-01         1.194354410927190E-07         3.075156448928418E-11
         9.997025728225708E-01         7.737174883004627E-07        -8.636815568285883E-11
         9.998806118965149E-01         4.082514521996927E-07        -1.116407400553188E-11
         1.000018358230591E+00         4.978809329259093E-07        -3.437360812652557E-11
         1.000190138816833E+00         2.810708394918038E-07        -1.470420313287590E-11
         1.000318408012390E+00        -1.895348162861410E-07         3.493289685296830E-11
         9.998068809509277E-01         5.516777719094534E-07        -1.189366799492220E-10
         9.993602037429810E-01         5.920364287703705E-07        -1.783437980629188E-10
         9.992602467536926E-01         3.324387307657162E-07        -9.234497888588322E-11
         9.992709159851074E-01         4.383466318813589E-07        -1.226960338884808E-10
         9.995704293251038E-01        -1.448129864911607E-07        -3.395678876971786E-11
         9.997445940971375E-01        -2.634279212543333E-07         1.659055184899394E-11
         9.997361302375793E-01        -3.920026756532025E-07         9.722403437883997E-12
         9.993079900741577E-01         6.663305640586259E-08        -1.058541379550526E-10
         9.992032051086426E-01         4.428423494573508E-08        -1.258829325501143E-11
         9.990324974060059E-01         2.023367784431684E-07        -9.831949143723762E-11
         9.989111423492432E-01         7.238535317810602E-07        -2.267262072530585E-10
         9.990527033805847E-01         6.915053063494270E-07        -1.043503061737283E-10
         9.993163347244263E-01         4.884592499365681E-07        -1.466824578466586E-10
         9.996260404586792E-01         5.370031317397661E-07        -2.156547718179525E-10
         9.999749660491943E-01         2.120016944218150E-07        -9.724988869752593E-11
         1.000227212905884E+00        -2.178848745870710E-07         2.478806916672571E-11
         1.000043511390686E+00         6.144534836494131E-08        -6.361244170305369E-11
         1.000045180320740E+00         3.493226330419930E-08        -8.102278570287780E-11
         1.000085473060608E+00        -6.992619461243521E-08         7.175656770164185E-12
         9.999198317527771E-01         9.316502058709375E-08        -4.907223585814968E-11
         9.999008774757385E-01         6.584044420776536E-09        -5.558500534852406E-11
         9.996662139892578E-01         3.726916588675522E-07        -1.003979607783201E-10
         9.995265603065491E-01         5.060037437942810E-07        -1.087951118083907E-10
         9.993202686309814E-01         8.004997766875022E-07        -1.849990299840343E-10
         9.993942975997925E-01         4.330481147007958E-07        -5.963435301126196E-11
         9.995037317276001E-01         4.879624384557246E-07        -4.079939164292057E-11
         9.997328519821167E-01         1.868263126425518E-07        -7.092852694068341E-11
         9.998499751091003E-01        -1.627358017231018E-07        -7.268716878394699E-11
         9.999195337295532E-01        -1.105959839264870E-07         2.794771532255158E-11
         9.999102950096130E-01        -1.145412511505128E-07        -1.273716288691107E-11
         9.997749328613281E-01         1.509247766762201E-07        -1.049813361242435E-10
         9.997706413269043E-01         3.632351308624493E-07        -1.539316313303729E-10
         1.000024080276489E+00        -1.904580955169877E-07        -3.959095898342646E-11
         1.000265955924988E+00        -2.275861845646432E-07        -3.311949325901509E-11
         1.000210046768188E+00        -2.725280126014695E-07        -1.135201915108963E-11
         9.999261498451233E-01         5.289362903226902E-08        -9.676343754039252E-11
         9.997784495353699E-01         2.871319395580940E-07        -1.962768697572059E-10
         9.999302625656128E-01        -1.022940097072933E-07        -4.682644202946840E-11
         9.999247193336487E-01        -5.099609623471224E-08         1.748068703677497E-11
         9.999436736106873E-01         4.708185485924332E-08         2.971683663033353E-11
         9.998313188552856E-01        -8.517538674368552E-08         9.256191646489498E-11
         0.000000000000000E+00         0.000000000000000E+00         0.000000000000000E+00
         9.999338984489441E-01         1.823148210178260E-07        -1.061574508853802E-10
         1.000364303588867E+00        -1.874939528079267E-07         1.070939725789088E-10
         1.000294923782349E+00        -7.026267923038176E-08         1.438876517934062E-10
         1.000189185142517E+00         2.549029147758120E-07         1.181348491252621E-10
         9.999962449073792E-01         1.370318329918518E-07         9.529476513447932E-11
         9.998608827590942E-01        -6.755979775618925E-09         6.884825348718593E-11
         9.996991157531738E-01         4.758338434385223E-07        -1.621438400212227E-11
         9.996911287307739E-01         5.199903512220772E-07        -5.071717351645688E-11
         9.998278021812439E-01         3.760833067190106E-07         3.838109571916576E-14
         1.000077605247498E+00        -3.299601871731284E-07         1.664050564009756E-10
         9.999004602432251E-01        -2.560628615810856E-07         1.010140304735785E-10
         1.000233411788940E+00        -6.698344918731891E-07         1.462722581946352E-10
         1.000335574150085E+00        -7.820435712346807E-07         1.489078582661563E-10
         1.000331878662109E+00        -9.964244327420602E-07         2.646630414826490E-10
         1.000325679779053E+00        -1.055119582815678E-06         3.051286723287916E-10
         9.999659061431885E-01        -3.383351270258572E-07         6.120407999854471E-12
         9.997102618217468E-01         2.738608486652083E-07        -5.585324910906131E-11
         9.997256994247437E-01         5.214080829318846E-07        -2.509875120237925E-11
         9.999381899833679E-01         1.809447525147334E-07        -1.191222901569811E-11
         1.000018835067749E+00        -1.573942824961705E-07         9.519852961492603E-11
         1.000257253646851E+00        -5.193706442696566E-07         1.155462600599400E-10
         1.000092387199402E+00        -2.107916685645250E-07         5.466127550590727E-12
         9.999430775642395E-01         8.707898047077833E-08        -1.398397630331116E-11
         9.999015927314758E-01         1.681261352359797E-07        -3.638388548776739E-11
         9.999800920486450E-01         5.694980487191970E-09         4.243047926899557E-11
         9.999576210975647E-01        -5.882196063566880E-08         2.118531391981371E-11
         1.000099420547485E+00        -1.687316313336851E-07        -5.640249031713118E-11
         9.998500943183899E-01        -1.189444986948729E-08        -7.052102651838865E-11
         9.999782443046570E-01        -2.408922625818377E-07        -2.810631588578971E-11
         9.995249509811401E-01         5.681575316884846E-07        -1.055933257498864E-10
         9.990959167480469E-01         8.129613320306817E-07        -2.341663252192205E-10
         9.993694424629211E-01         2.239050758134908E-07        -3.080449437198318E-11
         9.994711875915527E-01         2.152628439944237E-07         3.954207794532039E-11
         9.995905756950378E-01         2.117042328109164E-07        -6.532209495535568E-11
         9.994650483131409E-01         2.940896308700758E-07        -9.822366878187161E-12
         9.997291564941406E-01        -1.650319347845652E-07         2.509202221001594E-11
         9.996580481529236E-01         2.030213437365092E-07        -8.139855976752042E-12
         9.997753500938416E-01         8.572285281616132E-08        -1.458043928648234E-11
         9.999650716781616E-01        -1.712902708561614E-08         8.910450849386464E-11
         1.000316858291626E+00        -3.033298128229944E-07         1.665858770372175E-11
         1.000388860702515E+00        -2.603816540158732E-07         1.763652765496282E-11
         1.000374436378479E+00        -2.140375983117337E-07         9.338361334210177E-11
         1.000526666641235E+00        -5.235273761172721E-07         1.911646813068657E-10
         1.000411152839661E+00        -6.505622707209113E-09        -2.355158255917811E-11
         1.000499606132507E+00        -1.838828751488109E-07         1.107079150575174E-10
         1.000248193740845E+00        -1.742333921583850E-07         1.872369898014981E-10
         1.000491976737976E+00        -6.931744565008557E-07         2.139775578946512E-10
         1.000674486160278E+00        -7.563124313492153E-07         7.565201243231456E-11
         1.000677943229675E+00        -8.510270959050104E-07         2.177742569609009E-10
         1.000604867935181E+00        -1.054466110872454E-06         2.781100905124845E-10
         1.000867366790771E+00        -1.538712467663572E-06         2.463154957776936E-10
         1.001107335090637E+00        -1.630490714887856E-06         3.367138790011381E-10
         1.001287937164307E+00        -1.697269226497156E-06         3.382945312768726E-10
         1.001168131828308E+00        -1.528062512079487E-06         3.177521301633845E-10
         1.000789999961853E+00        -1.082248331840674E-06         2.960383604921901E-10
         1.000676751136780E+00        -9.234731237484084E-07         3.613422894233054E-10
         1.000385522842407E+00        -4.316338220178295E-07         2.473370119826512E-10
         1.000373482704163E+00        -5.698684617527761E-07         2.442000768265729E-10
         1.000363945960999E+00        -6.659461746494344E-07         2.909550100849145E-10
         1.000406980514526E+00        -7.667924819543259E-07         2.081682326515732E-10
         1.000219821929932E+00        -7.921830160739773E-07         2.989960501409428E-10
         1.000225543975830E+00        -7.267432238222682E-07         2.585394121012996E-10
         1.000266790390015E+00        -5.554639983529341E-07         2.276781263521599E-10
         1.000288248062134E+00        -7.058800974846235E-07         3.333343601141792E-10
         1.000039577484131E+00        -4.467804615160276E-07         2.991057679313514E-10
         9.996777176856995E-01        -1.750402986999688E-07         2.252780184619496E-10
         9.997802376747131E-01        -5.231085538071056E-07         3.005851678672400E-10
         9.999898076057434E-01        -1.151385845332697E-06         4.592030644623435E-10
         1.000020623207092E+00        -1.030544694913260E-06         4.582974555411568E-10
         1.000113487243652E+00        -1.249266574632202E-06         4.565249844823427E-10
         1.000620245933533E+00        -1.760204895617790E-06         6.524214501979486E-10
         1.000805616378784E+00        -1.813357357605128E-06         6.736071145319045E-10
         9.994388818740845E-01         3.450693242257330E-08         2.884887467802244E-11
         9.993364810943604E-01         1.479321554143098E-07        -3.518531646595768E-11
         9.993391633033752E-01        -6.122900408911391E-09         5.797203342372548E-11
         9.998432993888855E-01        -1.080641823136830E-06         4.444262735603388E-10
         1.001573920249939E+00        -2.943438630609307E-06         9.137345324816692E-10
         0.000000000000000E+00         0.000000000000000E+00         0.000000000000000E+00
         0.000000000000000E+00         0.000000000000000E+00         0.000000000000000E+00
         0.000000000000000E+00         0.000000000000000E+00         0.000000000000000E+00
         0.000000000000000E+00         0.000000000000000E+00         0.000000000000000E+00
         9.978890419006348E-01         4.081775841768831E-06        -2.505891050219589E-09
         9.993274211883545E-01         1.191043224935129E-06        -8.370437121207885E-10
         9.986760020256042E-01         3.906911842932459E-06        -2.657857489651860E-09
         9.991762638092041E-01         2.902849701058585E-06        -2.386622899308577E-09
         9.997161626815796E-01         7.538362751802197E-07        -2.412397226425611E-10
         9.992918968200684E-01         2.045075689238729E-06        -6.040492550596355E-10
         9.996543526649475E-01         1.275058139071916E-06        -4.760583593999002E-10
         9.995950460433960E-01         1.125822564063128E-06        -2.931345166601318E-10
         9.995993375778198E-01         7.353959290412604E-07         4.358840371976314E-11
         9.989328384399414E-01         2.355176093260525E-06        -4.946735243649414E-10
         9.994299411773682E-01         1.373056534248462E-06        -6.093094084835826E-11
         1.000019431114197E+00         5.274823706713505E-07        -3.981804903158137E-12
         1.000353693962097E+00        -5.953163650929127E-08         9.949483598115094E-11
         1.000200390815735E+00         6.236931540115620E-07        -3.342023047192555E-10
         1.000174403190613E+00         8.083336524578044E-07        -4.384903273813023E-10
         1.000030040740967E+00         5.388761792346486E-07        -2.867180659560375E-10
         9.999771714210510E-01         3.047177798976008E-08        -8.132729906185077E-11
         1.000058174133301E+00         4.752437021693368E-08        -1.593589843418286E-10
         1.000694870948792E+00        -8.965492384049867E-07         4.493963534635270E-11
         1.000646233558655E+00        -9.585791076460737E-07         1.080997791280680E-10
         1.000368952751160E+00        -2.700135155464523E-07        -5.036580527639778E-11
         1.000315070152283E+00        -1.752442102542773E-07        -3.975739182315863E-11
         9.999415278434753E-01         4.961700028616178E-07        -3.724509867186754E-10
         9.998343586921692E-01         7.492679401366331E-07        -2.991387693107583E-10
         9.996540546417236E-01         9.674439525042544E-07        -3.117199554036887E-10
         9.993674755096436E-01         1.448267994419439E-06        -4.399651754027900E-10
         9.994556903839111E-01         1.234634055435890E-06        -3.309832130593549E-10
         9.995866417884827E-01         9.747208196131396E-07        -2.801681941999590E-10
         1.000263214111328E+00        -1.186878009207248E-07         8.579541938003032E-11
         1.000146746635437E+00         9.028313030512436E-08        -1.844464468311879E-12
         1.000468611717224E+00        -7.469718070751696E-07         2.131866627674839E-10
         1.000375747680664E+00        -7.169182936195284E-07         2.808371868390225E-10
         1.000070571899414E+00         1.584898079443064E-08         8.748575475170384E-11
         1.000056743621826E+00         1.931113189357347E-07        -5.558074833711402E-11
         9.996153116226196E-01         9.600300927559147E-07        -3.175394946985932E-10
         9.995971918106079E-01         6.604401505683200E-07        -1.703534396879647E-10
         9.994215369224548E-01         1.046596139531175E-06        -2.635187068555922E-10
         1.000364422798157E+00        -8.869311614034814E-07         1.929467557948428E-10
         1.000359654426575E+00        -6.046056455488724E-07         6.100647764739620E-12
         1.000580549240112E+00        -7.594477438033209E-07         5.375356843667634E-12
         1.000622749328613E+00        -9.901948487822665E-07         2.628110229441205E-10
         1.000315785408020E+00        -1.892625789423619E-07         6.601582475118661E-11
         1.000022053718567E+00         1.451855951017933E-07        -1.321774634188699E-10
         9.999601840972900E-01         1.100818920463098E-07        -1.055261225624271E-10
         9.998219609260559E-01         3.557035768153582E-07        -1.654690412467019E-10
         9.998813867568970E-01         3.873637410833908E-07        -1.490367274037396E-10
         1.000212311744690E+00        -2.085679255969808E-07         1.072191502249353E-10
         1.000411272048950E+00        -2.934633300810674E-07        -7.330418390349980E-12
         1.000331759452820E+00        -3.751220845060743E-07         3.201877096792316E-10
         1.000315785408020E+00        -2.212649832245006E-07         5.288647991763540E-11
         1.000093698501587E+00         3.984915224464203E-07        -1.308393116072892E-10
         1.000179290771484E+00         1.415351675859711E-07        -1.846933300742037E-10
         9.998731017112732E-01         5.585652615991421E-07        -1.144897371352371E-10
         9.999821186065674E-01         3.806300128417206E-07        -1.135640748106681E-10
         9.999136328697205E-01         4.578079426664772E-07        -1.830931795065993E-10
         1.000005722045898E+00         2.899390381116973E-07        -1.555316431200993E-10
         1.000148415565491E+00         4.228745353884733E-07        -6.599986529520763E-11
         1.000437498092651E+00        -2.599622916932276E-07         8.604754409002879E-11
         1.000502824783325E+00        -8.654053473833301E-09        -3.392436678795185E-11
         1.000377416610718E+00         1.139072267619667E-07        -5.410863423982448E-11
         1.000382065773010E+00         1.027402447562054E-07        -1.831890333869879E-10
         1.000341176986694E+00        -1.871029020605874E-08        -1.496199969475143E-10
         1.000279903411865E+00         8.498906112208715E-08        -1.216569345263707E-10
         1.000044822692871E+00         6.261178100430698E-07        -3.131382653176473E-10
         1.000208377838135E+00        -3.028364403689920E-07        -4.661521169069260E-12
         9.994434118270874E-01         1.139088453783188E-06        -4.851068990952001E-10
         9.998501539230347E-01         1.103051303630309E-07         3.949244056777879E-11
         9.989901185035706E-01         1.818870373426762E-06        -4.426344568653207E-10
         9.992933869361877E-01         4.168359737377614E-07         2.000495047393969E-10
         9.986823201179504E-01         1.943627012224169E-06        -4.076860515844771E-10
         9.991928339004517E-01         4.024791167012154E-07         3.724633379498243E-10
         9.988858699798584E-01         1.064407797457534E-06        -7.424685172230383E-11
         9.993846416473389E-01         4.856114514950605E-07        -6.100606131376196E-11
         9.996480941772461E-01         6.393395324266749E-07        -2.176323149472026E-10
         1.000014185905457E+00        -1.297703846603326E-07        -1.160693763324616E-10
         9.999338984489441E-01         3.688533070089761E-07        -2.288839950903565E-10
         1.000080943107605E+00        -1.582480564366051E-07        -4.903864120331392E-11
         9.998599290847778E-01         6.638231297984021E-07        -3.748986399099152E-10
         1.000324487686157E+00        -3.251973623719095E-07         3.723894456686416E-12
         1.000024795532227E+00         1.573146022337824E-07        -1.645966002383759E-10
         9.999467730522156E-01        -5.705729222427181E-09        -4.522385937955065E-11
         9.996156096458435E-01         4.678942673308484E-07         4.242112217056615E-11
         9.998114109039307E-01         5.223632015827206E-08         1.755030704098104E-10
         9.998587369918823E-01        -1.708178984927144E-07         1.906909907756216E-10
         9.999496340751648E-01        -1.797790183388770E-08        -6.613570802116442E-11
         1.000341057777405E+00        -6.885703669468057E-07         1.326609178411986E-12
         9.998820424079895E-01         5.178989681553503E-07        -2.497154150127301E-10
         9.998695254325867E-01         4.838181553168397E-07        -2.103968249622667E-10
         1.000113725662231E+00        -2.151167564079515E-07         6.438861249735695E-11
         9.997936487197876E-01         3.031881306014839E-07         1.099982951946465E-10
         9.998567700386047E-01        -1.738076704782543E-08         2.044393127009769E-11
         9.996571540832520E-01         3.784710713716777E-07        -1.283358558312742E-10
         1.000311613082886E+00        -7.957116849865997E-07         1.679957145617195E-10
         1.000378489494324E+00        -5.675877901012427E-07         1.136663679845995E-10
         1.000458836555481E+00        -1.008657832812787E-07        -7.930109346965253E-11
         1.000345826148987E+00         4.171948830844485E-07        -1.938472993234797E-10
         1.000497817993164E+00        -1.254877730616499E-07        -2.911088037294007E-11
         1.000492572784424E+00        -2.179614142505670E-07        -4.030518540448780E-12
         1.000137567520142E+00         4.719765911431750E-07        -2.034920287830033E-10
         1.000054240226746E+00         4.542366127679998E-08        -1.216999140352115E-10
         0.000000000000000E+00         0.000000000000000E+00         0.000000000000000E+00
         0.000000000000000E+00         0.000000000000000E+00         0.000000000000000E+00
         9.996237754821777E-01         1.490398915393598E-07         1.936502624921843E-10
         9.998350739479065E-01         5.880990272544295E-08         1.274290672981238E-10
         9.997208118438721E-01         5.911850919915196E-08         8.920608696172394E-11
         9.995370507240295E-01         1.914141449788076E-07        -6.723781253992200E-11
         9.997584223747253E-01        -2.504505971501203E-07         9.043826798560417E-11
         9.997661113739014E-01        -6.187541146118747E-08        -1.321632647072191E-11
         9.999034404754639E-01        -3.168959210597677E-07         4.980754697569978E-11
         9.994054436683655E-01         8.235888344643172E-07        -1.954438832996175E-10
         0.000000000000000E+00         0.000000000000000E+00         0.000000000000000E+00
         9.994818568229675E-01         3.632585503510199E-07         4.662349326056692E-11
         9.996887445449829E-01        -1.032180350080125E-07         2.011532052037523E-10
         9.998568296432495E-01        -5.235062303654558E-07         3.239214452221972E-10
         9.996758699417114E-01         3.281839724422753E-07         1.353934603320894E-10
         0.000000000000000E+00         0.000000000000000E+00         0.000000000000000E+00
         0.000000000000000E+00         0.000000000000000E+00         0.000000000000000E+00
         9.994449019432068E-01         3.385900129160291E-07         4.761128991059849E-11
         1.000190973281860E+00        -8.958219268606626E-07         4.291127453370791E-10
         9.996734261512756E-01         8.028688966987829E-07        -2.757787331830741E-10
         1.000038743019104E+00        -2.556707272560743E-07         1.164401075559596E-10
         9.998127818107605E-01         5.598223538072489E-07        -2.856132830242331E-10
         1.000192523002625E+00        -4.021344182092434E-07        -4.881964971170660E-11
         1.000141263008118E+00        -4.813963414562750E-07        -6.715480255214956E-11
         1.000026345252991E+00        -5.027648057875922E-07         3.385951241607899E-11
         9.998079538345337E-01        -4.612844861640042E-07         1.351287970408066E-10
         9.991945028305054E-01         8.654260454932228E-07        -1.688383599596222E-10
         1.000003814697266E+00        -1.037151605487452E-06         4.391150776328345E-10
         9.998584985733032E-01        -4.216080924379639E-07         3.588314922975400E-10
         1.000038027763367E+00        -4.470125531952363E-07         2.594850445625241E-10
         9.997380375862122E-01         2.715829054977803E-07        -1.040555350217964E-10
         9.994619488716125E-01         7.208452643681085E-07        -2.519891795227380E-10
         9.993506073951721E-01         1.004510068014497E-06        -2.981018487613341E-10
         9.996558427810669E-01         3.167385784763610E-07        -2.638345097949468E-10
         9.998844861984253E-01        -4.045118462414621E-09        -2.360956430358385E-10
         9.996575117111206E-01         3.060736162296962E-07        -2.492373529783265E-10
         9.995034337043762E-01         4.057687590375281E-07        -2.985373892538945E-10
         9.993603825569153E-01         7.039251954665815E-07        -3.636281276087061E-10
         9.990379810333252E-01         1.348281216451142E-06        -5.971023675499509E-10
         9.989099502563477E-01         1.380681510454451E-06        -4.980936774146016E-10
         9.993506669998169E-01         6.507665375465876E-07        -3.536600179376848E-10
         9.995594620704651E-01        -2.111880270661004E-08        -1.375725228180968E-10
         9.998120069503784E-01        -5.833205705130240E-07        -5.450012663388293E-11
         9.996451139450073E-01        -1.805589278092157E-07        -6.304168298498780E-11
         9.995250105857849E-01         2.829422385275393E-07        -1.216639150536380E-10
         9.995708465576172E-01         7.887356332503259E-07        -3.513331570115241E-10
         9.998344182968140E-01         7.651750593140605E-07        -3.137671233943706E-10
         9.999960660934448E-01         5.260368585169317E-09         2.764996044624102E-11
         1.000067710876465E+00        -5.408115271166025E-07         1.152482415056610E-10
         9.998391866683960E-01        -1.343649902452171E-08        -7.080681527216193E-12
         9.991753697395325E-01         1.292489969273447E-06        -3.085698918603441E-10
         9.992325305938721E-01         1.184975076284900E-06        -2.488512451659375E-10
         9.990606307983398E-01         1.346158342130366E-06        -2.067434140551327E-10
         9.992250204086304E-01         9.287202260566119E-07        -3.114564856021573E-11
         9.995865821838379E-01         4.876106345363951E-07         4.827003380336592E-12
         9.997563362121582E-01         2.073281422099171E-07         1.461820803294600E-10
         9.999809861183167E-01         1.275803924727370E-07         2.295631601478831E-10
         1.000355362892151E+00        -5.947060230937495E-07         4.021302180134967E-10
         1.000158071517944E+00        -4.430028184287949E-07         3.639793466625463E-10
         9.996795654296875E-01         4.706513152541447E-07        -5.713508138827095E-11
         9.994841217994690E-01         8.810427516436903E-07        -2.198987936186114E-10
         9.999052882194519E-01         2.921905490893550E-07        -5.744372338911674E-11
         9.999389648437500E-01         3.693582755204261E-07        -1.098575952429570E-10
         9.994792938232422E-01         1.155170366473612E-06        -3.121544689399514E-10
         9.992154836654663E-01         1.667827291385038E-06        -4.773993422801937E-10
         9.991940855979919E-01         1.673507313171285E-06        -4.347767978973849E-10
         9.997804164886475E-01         9.865731271929690E-07        -3.776243762132481E-10
         9.999349713325500E-01         7.598729325763998E-07        -1.595943655008369E-10
         1.000267386436462E+00         4.080638760228794E-08        -8.452164662609007E-11
         9.997718334197998E-01         8.263190238722018E-07        -1.733077154009166E-10
         9.994974136352539E-01         1.569125743117183E-06        -5.511828771176397E-10
         9.996742606163025E-01         1.164459035862819E-06        -3.765298350888457E-10
         9.997645020484924E-01         1.010568212223006E-06        -3.238549706185978E-10
         9.998919367790222E-01         8.884739486347826E-07        -4.318073676401468E-10
         9.994876384735107E-01         1.199471512336459E-06        -3.710955154279105E-10
         9.994869232177734E-01         7.098121272974822E-07        -1.963204737664981E-10
         9.997195601463318E-01         3.012422666870407E-07        -1.260406085057397E-10
         9.976487159729004E-01         2.484588321749470E-06        -7.609124441643189E-10
         9.970973134040833E-01         3.187045422237134E-06        -9.930514188738471E-10
         9.977372884750366E-01         2.778986299745156E-06        -8.055251465854951E-10
         9.956339001655579E-01         5.430152214103146E-06        -1.336913024729824E-09
         9.974461793899536E-01         3.464247129159048E-06        -8.486923941397606E-10
         0.000000000000000E+00         0.000000000000000E+00         0.000000000000000E+00
         0.000000000000000E+00         0.000000000000000E+00         0.000000000000000E+00
         0.000000000000000E+00         0.000000000000000E+00         0.000000000000000E+00
         1.000953674316406E+00        -4.023446763312677E-06         2.071787408297610E-09
         1.001121044158936E+00        -4.166676717431983E-06         2.301873136545396E-09
         1.000924587249756E+00        -2.727823357417947E-06         1.321573517287788E-09
         1.001099824905396E+00        -3.095541615039110E-06         1.806446991992061E-09
         1.000358223915100E+00        -2.548049167216959E-07        -1.209292527226680E-10
         1.000832915306091E+00        -9.684424639999634E-07         8.668807859046890E-12
         1.000991821289062E+00        -1.523169885331299E-06         3.030869652476120E-11
         1.001150965690613E+00        -1.709012167339097E-06         2.020073414099599E-10
         1.000850200653076E+00        -1.413699123986589E-06         1.806661070746785E-10
         1.000538706779480E+00        -7.294302122318186E-07        -1.284387179945057E-10
         1.000715136528015E+00        -7.818735525688680E-07        -5.813088205242067E-11
         1.001134157180786E+00        -1.424604533895035E-06         1.053677284312826E-10
         1.000802159309387E+00        -5.627903192362282E-07        -1.258432073825144E-11
         1.000881314277649E+00        -1.328490384366887E-06         1.910149260986316E-10
         1.000762104988098E+00        -1.080350784832262E-06         1.324378384737201E-10
         1.000692725181580E+00        -1.003532815957442E-06         1.574089747435892E-10
         1.000501751899719E+00        -5.101209694657882E-07         1.211738626105685E-10
         1.000342011451721E+00        -5.437830736809701E-07         3.757312239116573E-10
         1.000483632087708E+00        -9.239138307748362E-07         5.324842233811466E-10
         1.000303149223328E+00        -8.027841431612615E-07         5.572827199706865E-10
         1.000462889671326E+00        -6.941972401364183E-07         4.964239019855654E-10
         1.000571608543396E+00        -8.081544820015552E-07         2.981569990900823E-10
         1.000413179397583E+00        -6.304356361397367E-07         2.881150873434990E-10
         1.000301599502563E+00        -2.712412481287174E-07         3.062024245270578E-10
         1.000290513038635E+00        -2.135466843355971E-07         3.575058304949863E-10
         1.000297546386719E+00        -1.416427153344557E-08        -3.092149106209696E-11
         1.000453352928162E+00        -4.555487862489827E-07         1.106944050310865E-10
         1.000345468521118E+00        -1.327070293655197E-07        -5.695721325138514E-11
         1.000207304954529E+00         2.199081450271478E-07         2.995092021618184E-11
         1.000045657157898E+00         3.786536240113492E-07         3.845837884264292E-11
         1.000165820121765E+00        -1.240599374341400E-07         2.632262741109059E-10
         1.000002861022949E+00         1.711770494239317E-07        -1.092889181930623E-10
         1.000360846519470E+00        -6.773249197067344E-07         2.167516444107065E-10
         1.000421762466431E+00        -8.484588533974602E-07         1.930275522754599E-10
         1.000678658485413E+00        -1.328119424215402E-06         2.942454890852986E-10
         1.000811696052551E+00        -1.332660303887678E-06         1.510622044120780E-10
         1.000675678253174E+00        -8.398722570746031E-07         1.117838530073634E-10
         1.000248432159424E+00        -3.459234392266808E-07         2.089078077194273E-10
         9.998230338096619E-01         3.165782516134641E-07         6.618827708138042E-11
         1.000052690505981E+00         1.681598291725095E-07        -1.465739057904258E-10
         9.998736977577209E-01         3.731685467300849E-07         5.070439901277979E-11
         9.997351765632629E-01         5.743659130530432E-07        -2.390278808217516E-10
         9.998393058776855E-01         9.586222660118437E-08         2.096423382114132E-11
         9.995709061622620E-01         4.298121609735972E-07         7.206319568853203E-11
         9.991386532783508E-01         1.229174245054310E-06        -3.396176395664696E-11
         9.992554187774658E-01         8.158823447956820E-07         2.128160425662884E-10
         9.993745684623718E-01         7.159891879382485E-07         2.019761302651801E-10
         9.998664855957031E-01         2.544877020227432E-07         7.718202812978525E-12
         1.000033259391785E+00        -1.566193503776958E-07         4.390762406436544E-11
         1.000213861465454E+00        -5.909437277296092E-07         3.853127192310346E-11
         1.000437259674072E+00        -8.524280019628350E-07         2.024528183985908E-10
         1.000269293785095E+00        -6.640712513217295E-07        -3.079258723004408E-11
         1.000190734863281E+00        -4.900735461887962E-07        -1.226941603871268E-10
         1.000184416770935E+00        -2.009220878562701E-07        -1.724295983773771E-10
         9.999639987945557E-01         6.525209528263076E-08         1.469676463861092E-11
         1.000405311584473E+00        -6.045788722985890E-07         7.062209844699296E-11
         1.000615954399109E+00        -5.566757295127900E-07         7.854014660857445E-11
         1.000741958618164E+00        -6.431684482777200E-07         1.241115266115145E-10
         1.000458717346191E+00        -8.142015985868056E-07         3.848245055948496E-10
         1.000210762023926E+00        -5.683906465492328E-07         3.759946243242496E-10
         1.000344753265381E+00        -6.914835353200033E-07         2.127989451317092E-10
         1.000775456428528E+00        -1.572163455421105E-06         3.288606054141496E-10
         1.000609874725342E+00        -1.213957375512109E-06         3.134626447298672E-10
         1.000455260276794E+00        -1.001413124868122E-06         3.519746716307282E-10
         1.000168323516846E+00        -6.559419318818982E-08         5.817149886788719E-11
         1.000005006790161E+00         2.665845784122212E-07        -1.653254616540423E-10
         9.997866153717041E-01         2.903127267472883E-07        -3.175363860741243E-10
         9.996349215507507E-01         4.690658670369885E-07        -3.574826268337716E-10
         9.999858140945435E-01         3.897107205830252E-07        -2.721035896602331E-10
         9.997650384902954E-01         7.201745120255509E-07        -3.531317738225681E-10
         9.995729327201843E-01         9.214028864334978E-07        -2.865629400439218E-10
         9.999797344207764E-01         3.867843929583614E-07        -2.258867953797150E-10
         9.999971985816956E-01         4.652688119222148E-07        -2.671282917088291E-10
         9.998070001602173E-01         7.444393759215018E-07        -3.188238006934796E-10
         9.997726678848267E-01         6.981483124945953E-07        -4.117197693886965E-10
         9.996768832206726E-01         4.134025743951497E-07        -1.551984651904093E-10
         9.996467232704163E-01         7.339165222219890E-07        -9.686947077813812E-11
         9.998171329498291E-01         6.867788329145696E-07        -1.087440831826214E-10
         1.000043034553528E+00         8.643630877713804E-08        -1.556965251170439E-10
         9.999229311943054E-01         3.598029252316337E-07        -2.786706976287689E-10
         9.997857213020325E-01         3.065502767185535E-07         6.001357397145135E-12
         9.998147487640381E-01         1.922573176216247E-07        -1.264140788576062E-11
         9.998940825462341E-01         2.834577799148974E-07         9.124546951344570E-11
         9.998188614845276E-01         3.678398741158162E-07         1.806872290677219E-10
         9.999442100524902E-01         3.786506397318590E-07         2.493604489561818E-10
         1.000438094139099E+00        -1.987638569289629E-07         1.040658462181376E-10
         1.000248789787292E+00         5.600105978942338E-08         9.313280008305114E-11
         1.000696539878845E+00        -6.553592584168655E-07         3.373786666704959E-11
         1.000482797622681E+00        -5.840998369421868E-07         7.249217198745939E-11
         1.000438809394836E+00        -1.187174007100111E-06         2.676177335292351E-10
         1.000443816184998E+00        -1.156209236796713E-06         3.185201824518202E-10
         1.000483989715576E+00        -9.221984100804548E-07         1.957913692285373E-10
         1.000160813331604E+00        -1.124587143408462E-07         1.020902112847111E-10
         1.000322580337524E+00        -2.526546722947387E-07         1.825987971937337E-11
         1.000822782516479E+00        -1.344347879239649E-06         3.505827572691800E-10
         1.000984668731689E+00        -1.456833047086548E-06         4.637565331755411E-10
         1.000795006752014E+00        -1.366095716548443E-06         5.732169738870141E-10
         1.000920295715332E+00        -1.621611204427609E-06         5.101578048893884E-10
         1.000763058662415E+00        -1.321154400102387E-06         4.409002885008562E-10
         1.000852108001709E+00        -1.792445004866750E-06         7.349309494308898E-10
         1.000927805900574E+00        -1.857244228631316E-06         6.820140563412735E-10
         1.000622391700745E+00        -1.344882321063778E-06         5.184084272968903E-10
         1.000590205192566E+00        -1.214304802488186E-06         4.817079513053102E-10
         9.999565482139587E-01        -3.477533141449385E-07         3.052793851043845E-10
         9.999019503593445E-01        -2.458806989125151E-07        -1.410774969068385E-10
         9.995021820068359E-01         5.736769708164502E-07        -2.505061713620194E-10
         9.991330504417419E-01         1.028423412208213E-06        -3.619410049449101E-10
         9.990448355674744E-01         1.235941795130202E-06        -4.759531657683169E-10
         9.993921518325806E-01         2.627683670652914E-07        -1.475405353446035E-10
         9.998488426208496E-01        -6.535441912092210E-07         1.642600361284607E-10
         9.995419383049011E-01        -1.849052182478772E-07         1.315225983677948E-10
         9.995133280754089E-01         2.434121313399373E-07        -6.290762355476431E-11
         9.997509717941284E-01        -1.161300247076724E-07         2.708202368958967E-12
         9.997428059577942E-01        -3.305353004634526E-07         2.276571015036311E-10
         9.998046159744263E-01        -1.856233353692005E-07         1.017319978258158E-10
         9.995560050010681E-01         1.277966674706477E-07         2.319059180799776E-11
         9.995595812797546E-01         7.165424165123113E-08         9.497064246133391E-11
         9.995521306991577E-01         9.697046721157676E-08         8.469916434883373E-11
         9.995546936988831E-01         4.288662580620439E-07        -7.721732975252138E-11
         9.990384578704834E-01         1.275095883102040E-06        -2.006565746892619E-10
         9.993230700492859E-01         8.002032814147242E-07         4.490403188173175E-11
         9.994413256645203E-01         6.577742510671669E-07        -4.457743896235655E-11
         9.996581673622131E-01         2.664902183369122E-07         1.180196079753060E-10
         9.998146295547485E-01         4.452883786143502E-07        -2.139989990768143E-10
         9.999222755432129E-01         2.872884294902178E-07        -1.621593415102041E-10
         9.998301267623901E-01         4.933106083626626E-07        -1.939402943795798E-10
         1.000202536582947E+00         8.868342860068879E-08        -1.020003873031250E-10
         9.997287988662720E-01         6.925153570591647E-07        -3.241470702963767E-10
         9.996811151504517E-01         7.149738507905568E-07        -1.708146402101818E-10
         9.995175600051880E-01         9.420956530448166E-07        -2.427543721594816E-10
         9.998764991760254E-01         3.667328769552114E-07        -7.831945508796068E-11
         9.998247623443604E-01         3.402323329737555E-07        -1.514985914496947E-10
         9.998173713684082E-01         1.929175823534024E-07        -5.996204921476789E-11
         9.995624423027039E-01         4.075966728578351E-07        -1.506851865507031E-10
         9.996962547302246E-01        -7.170731919359241E-08        -1.339683312201467E-11
         9.997143149375916E-01        -2.151057714172566E-07         1.031856891597904E-11
         9.996576905250549E-01         3.042374316919449E-07        -1.451317122036500E-10
         9.994837641716003E-01         9.560275202602497E-07        -3.545307103447470E-10
         9.997078180313110E-01         3.319131280932197E-07        -9.083300778200964E-11
         9.995414018630981E-01         2.564995895681932E-07         1.217920816282136E-11
         9.994381070137024E-01         8.956610599852866E-07        -3.492393041426567E-10
         9.998422265052795E-01        -1.303321823797887E-07         2.541701293878873E-10
         1.000399947166443E+00        -5.466526431519014E-07         1.827839685164534E-10
         9.999091029167175E-01        -6.243528360982964E-08         8.410438318007252E-11
         9.999863505363464E-01        -3.350951089942100E-07         2.836287593677156E-10
         9.997603297233582E-01        -1.649857210850314E-07         7.440496829769216E-11
         9.992943406105042E-01         8.064270673457941E-07        -1.395297211104207E-10
         9.992437958717346E-01         6.170680535433348E-07        -1.711606550935940E-10
         1.000801920890808E+00        -2.918539848906221E-06         3.564562534030813E-10
         1.000439882278442E+00        -2.280944045196520E-06         5.709316908131257E-10
         1.000640988349915E+00        -2.644435653564869E-06         8.061706302520122E-10
         1.000379085540771E+00        -1.363105866403203E-06         4.857279023440242E-10
         1.000640034675598E+00        -1.674492182246468E-06         3.683959526323832E-10
         1.000284671783447E+00        -1.047544515131449E-06         6.034689969958151E-10
         9.999560117721558E-01         1.121574086937471E-07         1.179334824241707E-10
         1.000610232353210E+00        -8.875595085555688E-07         1.324667597835116E-10
         1.000021219253540E+00         6.640883043473877E-07        -1.922497855355587E-10
         1.000255942344666E+00        -2.205383538012029E-07         9.688574942323669E-11
         1.000993490219116E+00        -1.910808350658044E-06         6.007312980393920E-10
         1.001007914543152E+00        -2.251403429909260E-06         9.778140519500766E-10
         1.000805974006653E+00        -1.558561734782415E-06         5.094327737431570E-10
         1.000572681427002E+00        -8.815393925942772E-07         2.020199840746528E-10
         1.000504612922668E+00        -3.425185752803372E-07         7.127683859797784E-12
         1.000369429588318E+00        -1.024473093025335E-07         8.392762179676438E-11
         9.996691346168518E-01         6.359872486427776E-07        -9.674477191579101E-11
         9.994342327117920E-01         1.622381432753173E-06        -4.108107742872846E-10
         9.997043609619141E-01         1.223028448293917E-06        -4.894858407489266E-10
         1.000157952308655E+00        -2.436327974919550E-07        -1.597504906136749E-10
         1.000137329101562E+00         2.178096423222087E-07        -2.533906695578736E-10
         9.998423457145691E-01         1.112220161303412E-06        -4.354881733004135E-10
         9.999246597290039E-01         9.537345704302425E-07        -3.900692824299057E-10
         1.000035285949707E+00         7.274715585481317E-07        -2.077888416884832E-10
         1.000276923179626E+00         4.544747582713171E-07        -1.978842506522582E-10
         1.000460386276245E+00         7.316244250432646E-07        -2.507373475513219E-10
         1.000836133956909E+00        -9.526398514481116E-08         8.837690995688874E-12
         1.000653982162476E+00         1.666420672563618E-07        -3.580251720092242E-11
         1.000372409820557E+00         6.995801413722802E-07        -3.803162229587542E-10
         9.996235370635986E-01         1.461551505599346E-06        -4.893339622391579E-10
         9.994505643844604E-01         1.214085727951897E-06        -4.508871886965693E-10
         9.993919134140015E-01         1.187342036246264E-06        -3.946027671286600E-10
         9.994303584098816E-01         9.326674330623064E-07        -3.221875544134889E-10
         9.997541904449463E-01         4.317884929605498E-07        -1.920551911949175E-10
         9.996401071548462E-01         9.340420774606173E-07        -3.741621457109545E-10
         9.995127916336060E-01         6.614227459067479E-07        -2.039697855060751E-10
