         1.001450538635254E+00         1.577652710693656E-07        -1.613014860568640E-10
         1.002344489097595E+00        -1.303195858781692E-06         4.244600226854800E-10
         1.002275824546814E+00        -1.786147549864836E-06         6.342961711425232E-10
         1.001603841781616E+00        -2.686686002562055E-07        -2.104762024390805E-11
         1.001727581024170E+00        -1.267790707970562E-06         3.651520197323066E-10
         1.002159237861633E+00        -2.050289822363993E-06         6.922783457596893E-10
         1.002121448516846E+00        -1.952218099177117E-06         6.803377861075433E-10
         1.001636266708374E+00        -1.544232986816496E-06         5.673938541228551E-10
         1.001518845558167E+00        -1.646585019443592E-06         6.286721698778308E-10
         1.001234650611877E+00        -1.018035732158751E-06         4.009275411664959E-10
         1.000180363655090E+00         4.421200401338865E-07        -5.059425448039612E-11
         1.000302195549011E+00        -3.165822022310749E-07         2.324879178061678E-10
         1.000297546386719E+00        -4.663987169806205E-07         2.404171028924651E-10
         1.000771045684814E+00        -1.439086531718203E-06         5.948347370221541E-10
         1.000418305397034E+00        -8.941078135649150E-07         4.251320961934368E-10
         1.000239253044128E+00        -3.727664079633541E-07         2.109678265416193E-10
         9.996190071105957E-01         6.641167829002370E-07        -1.372765096041562E-10
         9.998736381530762E-01        -1.892253891355722E-07         2.175495200651412E-10
         9.995484352111816E-01         1.101586306617719E-07         1.491911733042528E-10
         9.998489618301392E-01         1.578627149001477E-07         2.755709202495460E-11
         9.998363852500916E-01         2.870243918096094E-07        -7.180116917693269E-11
         1.000040292739868E+00         5.312017137271141E-08         1.387593338841864E-11
         1.000291943550110E+00        -1.311151720528869E-07         9.367063374954299E-11
         1.000355482101440E+00        -1.400064775225474E-07         6.336502156312207E-11
         1.000343918800354E+00        -7.223859910254760E-08         6.891719833701515E-11
         1.000553250312805E+00        -1.973009062794517E-07         6.595973767176133E-11
         1.000350594520569E+00        -3.537015658139353E-08         5.382340059756352E-11
         1.000274896621704E+00         2.385137349847355E-07        -8.226590242355059E-11
         1.000134944915771E+00         1.917066470014106E-07        -3.346496343925587E-11
         1.000258564949036E+00         1.933031086309711E-07        -6.282447478911379E-11
         1.000498533248901E+00        -2.192912091913968E-07         4.409212925327033E-11
         1.000606894493103E+00        -2.636464273564343E-07         3.880468169015217E-11
         1.000105977058411E+00         4.955303438691772E-07        -2.318347180896296E-10
         1.000120401382446E+00         3.633740561781451E-07        -1.506660768368917E-10
         1.000145792961121E+00         1.031139049700869E-06        -3.970714868017922E-10
         1.000103473663330E+00         1.481479898757243E-06        -5.657676549475354E-10
         1.000187873840332E+00         7.753391741971427E-07        -3.041796259317664E-10
         9.997860193252563E-01         5.747832574343192E-07        -1.820662648421845E-10
         9.994288682937622E-01         8.058224807427905E-07        -2.634065465745294E-10
         9.987279772758484E-01         1.767333287716610E-06        -5.499500299599447E-10
         9.978747963905334E-01         2.759783683359274E-06        -8.697458864226348E-10
         9.982622861862183E-01         1.710939841359504E-06        -4.996416058666853E-10
         9.993211030960083E-01         3.907847769824002E-07        -1.377933322999070E-10
         9.990416765213013E-01         8.330648597620893E-07        -2.713620439465103E-10
         9.985498189926147E-01         1.356918573947041E-06        -3.771069012614703E-10
         9.982448220252991E-01         1.363514229524299E-06        -3.516756608146210E-10
         9.988605380058289E-01         6.322119929791370E-07        -1.319717529701947E-10
         9.985439777374268E-01         9.246620038538822E-07        -2.547827782084511E-10
         9.990237355232239E-01        -1.925254622392458E-07         1.660482445986489E-10
         9.987410902976990E-01         5.737980472986237E-07        -1.421771589349419E-10
         9.990106821060181E-01         8.780472171565634E-07        -3.160296191406786E-10
         9.992347955703735E-01         3.996903217284853E-07        -1.656123155280298E-10
         9.996081590652466E-01        -6.496983218085006E-08        -1.141390714581858E-11
         9.991762042045593E-01         6.660608278252766E-07        -2.752150451978963E-10
         9.992777705192566E-01         7.498931040572643E-07        -3.124440706159248E-10
         9.992856979370117E-01         5.450918934002402E-07        -1.743785671415310E-10
         9.994446635246277E-01         2.682418198673986E-07        -4.089469388124378E-11
         9.996219277381897E-01         1.306127757061404E-07        -1.621823161879199E-11
         9.996111989021301E-01         3.646650270638929E-07        -1.204144978173005E-10
         9.997016787528992E-01         2.254095363696251E-07        -8.450667943193935E-11
         1.000022053718567E+00        -5.358912176234298E-07         1.934278015536250E-10
         1.000015139579773E+00        -8.319764788211614E-07         2.655667907802695E-10
         9.995920062065125E-01         8.516878580167031E-08        -5.665268948407132E-11
         9.992712736129761E-01         2.380097612331156E-07        -4.810986678482898E-11
         9.993488788604736E-01         4.543808529433591E-08         1.513470945790907E-11
         9.993689656257629E-01         1.109778366981118E-07        -7.057208289973360E-11
         9.995446801185608E-01        -3.915342006166611E-08         2.769153396170454E-12
         9.995181560516357E-01        -1.596273477844079E-07         8.105089516208253E-11
         9.996117949485779E-01        -3.062293387756654E-07         1.258200349463223E-10
         9.995610117912292E-01        -1.172105257296607E-07         1.074901279096707E-10
         9.996786117553711E-01        -6.479798031477912E-08         6.621193177069884E-11
         1.000422477722168E+00        -1.277819251299661E-06         4.955145738172462E-10
         1.000157713890076E+00        -1.138479547080351E-06         4.632190186981688E-10
         1.000145912170410E+00        -9.697786254037055E-07         3.473257792485640E-10
         9.998326301574707E-01        -3.179042664669396E-07         8.887190289241786E-11
         1.000029444694519E+00        -4.856676127928949E-07         1.748644007371070E-10
         9.998120069503784E-01        -4.767348684708850E-07         2.330798609673224E-10
         1.000065922737122E+00        -9.301822387897118E-07         3.779153656680023E-10
         1.000167369842529E+00        -1.471636778660468E-06         6.023205267879916E-10
         1.000302910804749E+00        -2.083431581922923E-06         8.464378087325031E-10
         1.000080347061157E+00        -1.116752628149698E-06         4.588493474066979E-10
         9.997323751449585E-01        -3.897439739830588E-07         1.907811825185846E-10
         9.995448589324951E-01         1.519807852901067E-07        -3.363352304996958E-11
         9.994429945945740E-01         7.312985417229356E-07        -2.650560604333663E-10
         9.999012351036072E-01         3.728128916691276E-10        -1.141683102223734E-11
         1.000403046607971E+00        -7.877952157286927E-07         2.773796470290080E-10
         1.000603556632996E+00        -6.515394943562569E-07         2.106931018541758E-10
         1.000336527824402E+00        -1.290681694854356E-07         9.348434353018131E-12
         1.000283718109131E+00        -2.926240085798781E-07         5.192172386481175E-11
         1.000167369842529E+00         5.711934392138573E-08        -7.451807226832585E-11
         9.997962117195129E-01         5.045600346420542E-07        -1.675916627696949E-10
         9.999773502349854E-01         2.482816228166485E-07        -1.237880631332899E-10
         9.999280571937561E-01         6.112106234468229E-07        -2.774122320747807E-10
         1.000085234642029E+00         4.623490781341388E-07        -2.358424844306484E-10
         1.000487804412842E+00         7.674788804479249E-08        -1.102210545056437E-10
         1.000250816345215E+00         3.322300869967876E-07        -1.761247814258127E-10
         1.000301957130432E+00        -9.505775722118415E-08        -2.578931339314305E-11
         1.000367283821106E+00        -2.787457162867213E-07         2.573423765750427E-11
         1.000470519065857E+00        -1.031632109516067E-06         3.607260046223359E-10
         1.000141263008118E+00        -1.773932041260196E-07         1.909550295664530E-11
         9.999810457229614E-01         1.735194530283479E-07        -1.290652723584529E-10
         9.998170733451843E-01         4.839416689605969E-08         1.070490918131384E-11
         1.000058054924011E+00        -3.726037434148566E-08         4.049326846056189E-11
         1.000067353248596E+00         1.339712270009841E-07        -5.586421256142948E-11
         1.000358939170837E+00        -2.188334207176013E-07         6.944836372646535E-11
         1.000664830207825E+00        -5.965509330962959E-07         2.022043088523162E-10
         1.000593543052673E+00        -5.518071475307806E-07         1.782541059203169E-10
         1.000220298767090E+00         3.238642420910764E-07        -1.243845026976942E-10
         1.000436782836914E+00        -2.035774882003238E-09        -7.805780327663214E-12
         1.000286936759949E+00         4.240564877022734E-08        -4.210226611789381E-11
         1.000069499015808E+00         3.707891664816998E-07        -2.084367262122910E-10
         1.000030994415283E+00         4.359324066172121E-07        -2.033361534703459E-10
         1.000103235244751E+00         1.546198120649933E-07        -6.320452494712470E-11
         1.000414490699768E+00        -4.435907499100722E-07         1.573802477228270E-10
         1.000079631805420E+00         3.192098176896252E-07        -1.693195722518581E-10
         1.000227332115173E+00        -4.477818151826796E-07         1.962989631953960E-10
         1.000339746475220E+00        -8.159234425875184E-07         3.063410358716823E-10
         1.000207662582397E+00        -9.381271866004681E-07         3.311880492073982E-10
         1.000365853309631E+00        -1.214770122714981E-06         4.414818788323061E-10
         1.000040531158447E+00        -3.352830333369639E-07         1.429792811924457E-10
         1.000058054924011E+00        -1.713777351142198E-07         5.268317379569787E-11
         1.000005722045898E+00         8.367572945644497E-08        -6.294230414649604E-11
         1.000005602836609E+00         2.965964824852563E-07        -1.263249088667706E-10
         9.999570846557617E-01         3.453385488683125E-07        -1.385352527139005E-10
         9.999926090240479E-01         4.224275755859708E-07        -1.803056176585827E-10
         9.997773766517639E-01         9.193141181640385E-07        -3.905081813471156E-10
         9.999224543571472E-01         2.877714848636970E-07        -1.125106258159647E-10
         9.997542500495911E-01         3.842574756163231E-07        -1.479955047400949E-10
         9.999650120735168E-01         1.761334686989358E-07        -6.296679844197683E-11
         1.000011324882507E+00         1.050381115419441E-07        -3.454253896806314E-11
         9.998835325241089E-01         4.554695181013813E-07        -1.600590909811572E-10
         1.000033855438232E+00         2.758657444701385E-07        -9.037703224690219E-11
         1.000117897987366E+00         2.489917605430492E-08        -1.448665232911539E-11
         1.000040769577026E+00         3.255747742514359E-07        -1.752738232330131E-10
         9.999858140945435E-01         4.092890151241591E-07        -1.985790837322199E-10
         1.000030636787415E+00         4.854840653933934E-07        -2.227590334413776E-10
         1.000110745429993E+00         1.935327560431688E-07        -1.154389986379734E-10
         1.000305414199829E+00        -5.681474135599274E-07         1.731210036437503E-10
         1.000121355056763E+00        -1.774785403085843E-07        -3.314004235963064E-12
         1.000105738639832E+00        -1.634063266919838E-07        -1.205124281616898E-11
         1.000064849853516E+00        -3.224358238185232E-07         5.763436949912659E-11
         9.999911189079285E-01         1.611805515722153E-07        -1.181543890504955E-10
         9.998776912689209E-01         1.842333574586519E-07        -1.011633901648601E-10
         9.998231530189514E-01         1.687795148086479E-08        -2.228923816349759E-11
         9.998289346694946E-01        -1.993031162328407E-07         8.413481716873505E-11
         9.997637867927551E-01        -1.261783566519625E-09         5.558917562376031E-11
         9.996594786643982E-01         1.412868186889682E-07         8.516124437585315E-12
         9.999217391014099E-01        -6.076730301174393E-07         2.920861330579783E-10
         1.000012278556824E+00        -5.428924509942590E-07         2.357251616125211E-10
         1.000160574913025E+00        -8.131157755997265E-07         3.681965565771605E-10
         1.000062465667725E+00        -6.705013788632641E-07         3.135285919775299E-10
         1.000020980834961E+00        -4.464019411898335E-07         1.901288432248904E-10
         1.000062584877014E+00        -2.458818642026017E-07         9.483607649185544E-11
         9.999300837516785E-01        -1.834959704183348E-07         6.640415300962488E-11
         9.997888803482056E-01        -2.366236770967589E-07         1.080827372046400E-10
         9.994932413101196E-01         2.477051452842716E-07        -6.036015437471676E-11
         9.997311830520630E-01        -9.192916650135885E-08         5.945895859005290E-11
         9.996448159217834E-01         1.060610657077632E-07        -4.863905458951656E-11
         9.996840953826904E-01        -2.750610406110354E-07         8.954149921525101E-11
         9.995604753494263E-01        -3.656822400444071E-08        -5.376289691216840E-12
         9.995102882385254E-01         5.616599452196169E-08        -1.457449785857712E-11
         9.994559288024902E-01         1.352846794588913E-07        -6.054037826608294E-11
         9.990996718406677E-01         5.108299774292391E-07        -1.868449422959273E-10
         9.991117119789124E-01         2.268420331574816E-07        -9.006032725134006E-11
         9.988852143287659E-01         5.309491939442523E-07        -2.112397895492890E-10
         9.989763498306274E-01         1.536573179805600E-08         2.042642270605466E-11
         9.988726973533630E-01        -9.306100423600583E-08         4.077446366657078E-11
         9.988161325454712E-01        -1.400622409164498E-07         5.706371486446926E-11
         9.989596605300903E-01        -3.921035727216804E-07         1.524532444729942E-10
         9.988130927085876E-01        -2.359800816975621E-07         8.462529288433274E-11
         9.986682534217834E-01        -1.100969129197438E-07         1.287149640344376E-11
         9.985680580139160E-01        -2.882151477479056E-07         7.962112219539463E-11
         9.984953403472900E-01        -4.042983619001461E-07         1.165053747920197E-10
         9.986068606376648E-01        -5.824430218126508E-07         1.703664709307162E-10
         9.986466765403748E-01        -7.723447765783931E-07         2.458841186214755E-10
         9.984388351440430E-01        -8.616463560429111E-07         3.132767656399693E-10
         9.981572628021240E-01        -9.153231985692400E-07         3.367681689070423E-10
         9.979389309883118E-01        -8.489580523018958E-07         3.234851830846708E-10
         9.978684186935425E-01        -7.769766057208471E-07         3.161094996873004E-10
         9.979119896888733E-01        -9.916375347529538E-07         3.921100111270448E-10
         9.978280663490295E-01        -1.052005131896294E-06         3.780675772446784E-10
         9.976252317428589E-01        -9.952582331607118E-07         3.483839883244855E-10
         0.000000000000000E+00         0.000000000000000E+00         0.000000000000000E+00
         0.000000000000000E+00         0.000000000000000E+00         0.000000000000000E+00
         0.000000000000000E+00         0.000000000000000E+00         0.000000000000000E+00
         0.000000000000000E+00         0.000000000000000E+00         0.000000000000000E+00
         0.000000000000000E+00         0.000000000000000E+00         0.000000000000000E+00
         0.000000000000000E+00         0.000000000000000E+00         0.000000000000000E+00
         0.000000000000000E+00         0.000000000000000E+00         0.000000000000000E+00
         1.003235697746277E+00        -1.998942451564290E-07         3.841362644640967E-11
         1.003166317939758E+00        -2.193247468085247E-07         4.284981050539649E-11
         1.003055453300476E+00        -4.891777649618234E-08        -2.773282471724148E-11
         1.002778530120850E+00        -6.693461074291918E-08         6.275682691613341E-14
         1.002635359764099E+00        -7.498371701331052E-08         9.859047606086691E-12
         1.002467036247253E+00         6.593569423785084E-08        -3.601408754549951E-11
         1.002462387084961E+00        -1.541247769409892E-07         3.750079413666896E-11
         1.002240777015686E+00        -3.849538643407868E-07         1.521816977989587E-10
         1.001618385314941E+00         4.188813989003393E-07        -1.530305326902237E-10
         1.001432538032532E+00         4.751395294988470E-07        -1.641770885907334E-10
         1.001467943191528E+00         4.474572676826938E-07        -1.704942576008506E-10
         1.001352548599243E+00         6.452634693232540E-07        -2.365390938674494E-10
         1.001435995101929E+00         2.942555568097305E-07        -1.091080489845631E-10
         1.001390457153320E+00         2.161174705861413E-07        -8.232890758019806E-11
         1.001454353332520E+00        -2.604780320325517E-07         1.590876735901858E-10
         1.001433014869690E+00        -7.479394525944372E-08         6.051817380559044E-11
         1.001332283020020E+00         2.012100850379284E-07        -5.518451320907225E-11
         1.000948786735535E+00         4.220519258524291E-07        -1.207326738583703E-10
         1.000651240348816E+00         5.351204777070961E-07        -1.574880226229425E-10
         1.000501036643982E+00         5.065530785941519E-07        -1.726572773641522E-10
         1.000582575798035E+00         1.378644753913250E-07        -5.012973369744600E-11
         1.000539302825928E+00         2.799606590997428E-07        -1.302142144110618E-10
         1.000552892684937E+00        -9.950221624421829E-08         2.588100740663624E-11
         1.000261664390564E+00         1.937354170422623E-07        -5.785379467160290E-11
         1.000255584716797E+00        -5.135748892826086E-08         3.516216137700034E-11
         1.000178217887878E+00        -8.050046318430759E-08         3.370348444775573E-11
         1.000288128852844E+00        -1.371835907093555E-07         4.435722622542215E-11
         1.000378131866455E+00        -5.459028784571274E-07         2.120023184781772E-10
         1.000279903411865E+00        -3.314123659947654E-07         1.070013869175490E-10
         1.000393867492676E+00        -5.230866122474254E-07         1.717604253270721E-10
         1.000339746475220E+00        -4.539602116437891E-07         1.052998313544329E-10
         1.000132083892822E+00         7.043322369781890E-08        -1.205896910105864E-10
         1.000396370887756E+00        -2.924253976743785E-07         4.606460005107671E-11
         1.000169754028320E+00        -1.159568725483950E-07         1.185034709250132E-11
         9.995454549789429E-01         9.205050446325913E-07        -3.540315818284512E-10
         9.996367096900940E-01         5.308294248607126E-07        -2.304880453163349E-10
         9.995864629745483E-01         3.156119987579586E-07        -1.603957938689504E-10
         9.993196129798889E-01         8.358921377293882E-07        -3.419594052367358E-10
         9.996272325515747E-01         5.385168719840294E-07        -2.504167984085370E-10
         9.994108676910400E-01         8.771494321990758E-07        -3.684562099870448E-10
         9.992772936820984E-01         8.782000691098801E-07        -3.468210163504182E-10
         9.992854595184326E-01         6.884719709887577E-07        -2.753581807013461E-10
         9.995122551918030E-01         3.735895859335869E-07        -2.239672475257137E-10
         9.998331665992737E-01         3.224589661954269E-08        -1.071490465798242E-10
         9.999721646308899E-01        -9.361992070466840E-09        -4.145912779751626E-11
         9.996047616004944E-01         5.251030756880937E-07        -2.212958427616485E-10
         9.995731711387634E-01         5.748511284764390E-07        -2.280479000082991E-10
         9.995255470275879E-01         5.531665578928369E-07        -1.916846681382367E-10
         9.996547698974609E-01         3.606219536322897E-07        -9.562534097895536E-11
         9.995107054710388E-01         6.508280989692139E-07        -2.228217471644811E-10
         9.997552633285522E-01         5.545023213926470E-07        -2.044794611411049E-10
         1.000011086463928E+00         2.988047924645798E-07        -1.065549801171350E-10
         1.000009536743164E+00         3.087612867602729E-07        -1.118219961071532E-10
         9.998771548271179E-01         2.273644525985219E-07        -5.715396211858348E-11
         9.998620748519897E-01         1.360999224431225E-08         2.471684489024906E-11
         9.998046159744263E-01         1.343876476767036E-07        -2.304422104526527E-11
         9.997594356536865E-01         6.628559390264854E-08         4.371976738970496E-12
         9.996652603149414E-01         8.644622795372925E-08         2.368836550525888E-11
         9.995293021202087E-01         1.981687489660544E-07        -1.557442369515272E-11
         9.995370507240295E-01         1.181787112614074E-07         1.527523420252752E-11
         9.995203018188477E-01         2.745915708146640E-07        -8.158322628570858E-11
         9.996215701103210E-01        -8.585519140069664E-08         5.972029815115576E-11
         9.996463060379028E-01        -1.685440764731538E-07         8.411731033941550E-11
         9.995228648185730E-01         1.964566394008216E-07        -6.095397797611923E-11
         9.993094205856323E-01         8.352836289304832E-07        -2.996687342715632E-10
         9.994810819625854E-01         3.777912240821024E-07        -7.713068378434329E-11
         9.996854662895203E-01        -1.565946234904914E-07         1.021640966269999E-10
         9.996686577796936E-01        -3.396228009933111E-07         1.678240185709612E-10
         9.994194507598877E-01         3.013436185028695E-07        -9.455404514913113E-11
         9.993935823440552E-01         5.223266725806752E-07        -2.158852263622890E-10
         9.998435974121094E-01        -1.282570423200013E-07         1.538488780816749E-11
         9.998419880867004E-01        -4.733629666020533E-08        -2.805183342557971E-11
         9.998040199279785E-01         1.115536107931803E-07        -8.664377548761593E-11
         9.997489452362061E-01        -1.426452911346132E-07         2.299641206626735E-11
         9.997270107269287E-01        -2.424087881536252E-07         4.804182052176031E-11
         9.996413588523865E-01        -1.497299990660395E-07         2.334490066535633E-11
         9.995324015617371E-01        -1.683851991174379E-07         7.892239639595289E-11
         9.996340870857239E-01         1.459065970266238E-07        -3.794487293817816E-11
         9.998046755790710E-01         1.461585270590149E-07        -5.726937327144022E-11
         9.999543428421021E-01        -2.839216222128016E-07         1.384488773625847E-10
         9.998893141746521E-01        -2.891939487881245E-08        -8.259264583018733E-13
         9.998527169227600E-01         1.445596780058622E-07        -6.830074700259203E-11
         9.998347759246826E-01         3.502227343687991E-07        -1.590519937977319E-10
         9.998505115509033E-01         2.130600762484391E-07        -1.194330745413197E-10
         1.000061631202698E+00        -1.423776581077618E-07         2.573944876682610E-11
         1.000113010406494E+00         1.096300792369220E-07        -5.085153131911824E-11
         1.000336647033691E+00        -2.323360774880712E-07         8.219233627038136E-11
         1.000426650047302E+00        -4.419096626406827E-07         1.561912543746047E-10
         1.000083088874817E+00        -1.750651534848657E-08        -3.719317388795051E-12
         9.998499751091003E-01         1.626593046921698E-07        -3.408932511272944E-11
         9.999847412109375E-01         1.391196207123357E-07        -3.680891008661646E-11
         9.999896883964539E-01         2.464590522777144E-07        -8.183700245245618E-11
         9.999305009841919E-01         2.764274853461757E-08         2.427434555446473E-12
         1.000054836273193E+00        -2.605702889013628E-07         1.132575352946752E-10
         9.997057914733887E-01         3.891873632255738E-07        -1.192095033797358E-10
         9.997040033340454E-01         3.091512894570769E-07        -6.503362431908855E-11
         9.995245933532715E-01         6.200015150170657E-07        -1.886098499603861E-10
         9.995496273040771E-01         6.196409572112316E-07        -2.214578520565169E-10
         9.998849630355835E-01         1.204806299170968E-08        -4.904784044190702E-12
         9.997003674507141E-01         7.089654019409863E-08        -1.175035069245212E-11
         9.995237588882446E-01         3.756001945021126E-07        -1.374824420974363E-10
         9.997215867042542E-01         2.033592352290725E-07        -8.552092367608566E-11
         9.998198747634888E-01         8.246351512752881E-08        -1.921084298583953E-11
         9.999108910560608E-01        -5.625953036769715E-08         5.693096688519361E-11
         1.000328063964844E+00        -7.441456091328291E-07         3.061907116741480E-10
         1.000115633010864E+00        -1.423729401039964E-07         6.179471517819835E-11
         1.000268340110779E+00        -4.816224645765033E-07         1.735485366527456E-10
         9.999822974205017E-01        -1.000272789042356E-07         5.098862651542468E-11
         1.000102639198303E+00        -2.342608524941170E-07         9.308080695102916E-11
         1.000234484672546E+00        -4.377297955215909E-07         1.712930908226440E-10
         1.000414729118347E+00        -5.401550993155979E-07         2.019385908491600E-10
         1.000338912010193E+00        -4.633232322248659E-07         1.735380450451629E-10
         9.999573826789856E-01         2.745377116752934E-07        -1.251159731374685E-10
         9.999433159828186E-01         5.219459922045644E-07        -2.371991214555891E-10
         9.999986290931702E-01         4.408151141888084E-07        -2.087249678650593E-10
         1.000527977943420E+00        -5.495000436894770E-07         1.234212593237416E-10
         1.000229239463806E+00        -1.346049458561538E-07        -2.605489825627250E-12
         1.000204205513000E+00        -1.510025526840764E-07         6.422393433042073E-12
         9.999364018440247E-01         3.012454499184969E-07        -1.397603699437866E-10
         9.999558329582214E-01         3.113747197858174E-07        -1.409580230316010E-10
         9.999583363533020E-01         3.564299220215617E-07        -1.469938337717025E-10
         1.000082969665527E+00        -1.119192560850024E-07         4.824046370699442E-11
         1.000177383422852E+00        -1.426469253829055E-07         4.915028800622778E-11
         1.000189661979675E+00         6.901566251826807E-08        -2.495520630418913E-11
         1.000313520431519E+00        -3.762965050668754E-08         1.997054605018533E-11
         1.000222563743591E+00        -4.664688546540674E-08         2.857071003392608E-11
         1.000539898872375E+00        -4.637039694443956E-07         1.825120193865715E-10
         1.000621318817139E+00        -5.290619924380735E-07         2.197623472088850E-10
         1.000437974929810E+00        -7.659991752007045E-08         3.881198487598603E-11
         1.000313282012939E+00         1.770357727082228E-07        -5.649208184577148E-11
         1.000227451324463E+00        -4.249419660595777E-08         3.955009583722635E-11
         1.000167727470398E+00        -2.371249934185471E-07         1.193801862919841E-10
         9.998089075088501E-01         3.789935476561368E-07        -1.213241174191637E-10
         1.000166773796082E+00        -1.176941708536106E-07         7.574832427970080E-11
         1.000383377075195E+00        -2.924485613675643E-07         1.187018539017259E-10
         9.999181032180786E-01        -3.674652759855235E-08         3.125309386287078E-11
         1.000028967857361E+00        -5.700848078049603E-07         2.650828723194110E-10
         9.999920129776001E-01        -3.805965036463022E-07         1.881495098610131E-10
         9.998902678489685E-01        -3.432881783282937E-07         1.731775833846427E-10
         9.997731447219849E-01        -1.544723033930495E-07         8.922961675095209E-11
         9.996874332427979E-01        -1.816430006407188E-09         2.947568578104409E-11
         9.997799396514893E-01        -1.512440661599612E-07         6.934348928400169E-11
         9.996886849403381E-01        -6.137356933777482E-08         1.280627513755572E-11
         9.991894960403442E-01         4.755833629133122E-07        -1.805182114900106E-10
         9.994979500770569E-01         2.027944745464083E-08        -2.682889327365601E-11
         9.993084073066711E-01         2.001380039473588E-07        -7.898635218106520E-11
         9.990898370742798E-01         1.045104568220268E-06        -4.442270995497211E-10
         9.998148679733276E-01        -8.072851187534980E-08         1.128083043644423E-11
         9.997791647911072E-01         2.994974863668176E-07        -1.262959320458279E-10
         1.000052690505981E+00         3.984585994487588E-10        -4.844769984496677E-12
         1.000001549720764E+00         1.919628118685068E-07        -6.759395126954004E-11
         1.000188946723938E+00        -1.034548731126961E-07         3.963172498511192E-11
         9.997650384902954E-01         3.305857489976916E-07        -1.108083486078826E-10
         9.995536804199219E-01         4.411305098983576E-07        -1.444848130027765E-10
         9.994739890098572E-01         2.709199122818973E-07        -8.228476233718141E-11
         9.992579221725464E-01         6.519089197354333E-07        -2.587953740196269E-10
         9.991033077239990E-01         6.144061330815020E-07        -2.404209331619001E-10
         9.993206262588501E-01        -1.901462525211173E-07         5.729201141280171E-11
         9.992492794990540E-01        -3.682752094391617E-07         1.116345904605964E-10
         9.990334510803223E-01        -2.587962342204264E-07         8.730542677692910E-11
         9.987764358520508E-01         3.681235227759316E-08        -9.879261471390510E-12
         9.988636970520020E-01        -1.785175527402316E-07         7.262311585432002E-11
         9.987674355506897E-01        -4.400811803861870E-07         1.728026749470146E-10
         9.984265565872192E-01        -2.433257861866878E-07         7.150317143933549E-11
         9.985260963439941E-01        -9.555075166645111E-07         3.599358866512858E-10
         9.982920885086060E-01        -5.854116693626565E-07         2.115271846570010E-10
         9.982680082321167E-01        -8.609564474681974E-07         2.918514874217237E-10
         9.980900883674622E-01        -9.068752433449845E-07         3.390554781379507E-10
         9.977615475654602E-01        -9.220018455380341E-07         3.497447609301929E-10
         9.974063038825989E-01        -6.394576530510676E-07         2.271607901782602E-10
         9.973681569099426E-01        -8.265743076663057E-07         2.784166786007347E-10
         9.972658157348633E-01        -9.977394483939861E-07         3.628683742373795E-10
         9.971503019332886E-01        -8.818179253466951E-07         3.068013065821162E-10
         9.970628023147583E-01        -9.862475280897343E-07         3.486445299127894E-10
         9.967648983001709E-01        -7.979805332070100E-07         2.753960670620614E-10
         9.965936541557312E-01        -8.972734235612734E-07         3.275542614922244E-10
         9.963450431823730E-01        -7.653019338249578E-07         2.969778867267792E-10
         0.000000000000000E+00         0.000000000000000E+00         0.000000000000000E+00
         0.000000000000000E+00         0.000000000000000E+00         0.000000000000000E+00
         0.000000000000000E+00         0.000000000000000E+00         0.000000000000000E+00
         0.000000000000000E+00         0.000000000000000E+00         0.000000000000000E+00
         0.000000000000000E+00         0.000000000000000E+00         0.000000000000000E+00
         0.000000000000000E+00         0.000000000000000E+00         0.000000000000000E+00
         0.000000000000000E+00         0.000000000000000E+00         0.000000000000000E+00
         1.003541707992554E+00         6.020490559421887E-07        -2.205739063620982E-10
         1.003588676452637E+00         3.644178718786861E-07        -1.234194829669022E-10
         1.003366947174072E+00         4.146302501339960E-07        -1.394435539259220E-10
         1.003249526023865E+00         5.393881679083279E-07        -2.180628455583644E-10
         1.003060936927795E+00         6.473474059021100E-07        -2.450055158753628E-10
         1.002869963645935E+00         6.546615054503491E-07        -2.490459505288811E-10
         1.002535223960876E+00         8.280178462882759E-07        -3.158204253672636E-10
         1.002392530441284E+00         7.401109201055078E-07        -2.801548992792391E-10
         1.002311944961548E+00         7.419994858537393E-07        -2.671719789848481E-10
         1.002306342124939E+00         6.469952609222673E-07        -2.433264145729197E-10
         1.002360820770264E+00         4.296798863379081E-07        -1.636812074767846E-10
         1.002247333526611E+00         4.268207476343377E-07        -1.887858619431526E-10
         1.002101898193359E+00         4.333632261932507E-07        -1.765992907465375E-10
         1.001948118209839E+00         4.397705879455316E-07        -1.668874344273874E-10
         1.001737236976624E+00         4.521082814790134E-07        -1.712767705441820E-10
         1.001597642898560E+00         1.783306657898720E-07        -5.427517810185911E-11
         1.001340031623840E+00         2.777852330382302E-07        -9.087674363028597E-11
         1.001028418540955E+00         5.180529569770442E-07        -1.640511199108019E-10
         1.000923633575439E+00         3.771515366679523E-07        -1.256331844112779E-10
         1.001000046730042E+00         4.019751642658775E-08        -1.783639100132184E-12
         1.000940084457397E+00        -1.402922436000154E-07         6.636011185001678E-11
         1.000860095024109E+00        -1.868359333911940E-07         9.537173828455536E-11
         1.000713229179382E+00        -3.964893267038860E-07         1.859925824465591E-10
         1.000542163848877E+00        -4.185326076822093E-07         2.088988981796547E-10
         1.000479340553284E+00        -4.747968205265352E-07         2.154297157330731E-10
         1.000339150428772E+00        -4.876951038568222E-07         2.054138525942051E-10
         1.000311255455017E+00        -4.553719179511972E-07         1.849660702379907E-10
         1.000149607658386E+00        -1.599560874865347E-07         9.960426927690946E-11
         1.000057458877563E+00        -6.223240944791542E-08         6.171337746385674E-11
         9.999662637710571E-01        -3.712172258474311E-08         4.654645766044574E-11
         9.997909665107727E-01         1.244355445351175E-07        -1.370416887608306E-11
         9.996891617774963E-01         2.027672820759108E-07        -4.419405119637787E-11
         9.995201826095581E-01         2.876953999475518E-07        -6.909690875023244E-11
         9.993445873260498E-01         5.170319354874664E-07        -1.466265997507321E-10
         9.994221329689026E-01         5.435798584585427E-07        -1.799411175618104E-10
         9.996548295021057E-01         1.906262525608327E-07        -5.959496091056948E-11
         9.995893836021423E-01         5.448134174912411E-07        -2.053250069966595E-10
         9.997887015342712E-01         4.389589207676181E-07        -1.700367069368269E-10
         9.999180436134338E-01         2.574794848442252E-07        -8.953759261798311E-11
         1.000264525413513E+00        -7.818915293000828E-08         4.766310957027287E-11
         1.000357151031494E+00        -9.376069698419087E-08         5.439572750565169E-11
         1.000466346740723E+00        -1.607084385568669E-07         7.049349298737795E-11
         1.000467419624329E+00        -2.484699166416249E-07         1.104128455331477E-10
         1.000209212303162E+00         1.642932900836058E-08         1.408695469301557E-11
         1.000376343727112E+00        -1.786216188293110E-07         6.208699526721873E-11
         1.000547885894775E+00        -4.995265499019297E-07         1.747630651305343E-10
         1.000584840774536E+00        -6.377750310093688E-07         2.145083832783001E-10
         1.000597000122070E+00        -7.836977147235302E-07         2.665109244404107E-10
         1.000430345535278E+00        -4.187924673715315E-07         1.023286178014615E-10
         1.000413894653320E+00        -6.454282583945314E-07         2.365015960847927E-10
         1.000092983245850E+00        -2.763229645097454E-07         8.611064639119093E-11
         1.000028848648071E+00        -3.483923762814811E-07         1.207542121850480E-10
         1.000025391578674E+00        -2.732806763106055E-07         1.173631469786329E-10
         1.000122785568237E+00        -3.005614246376354E-07         1.191108461862100E-10
         1.000302910804749E+00        -1.807672447284858E-07         6.477594155507305E-11
         1.000458598136902E+00        -3.465825670900813E-07         1.175361891148086E-10
         1.000234365463257E+00        -5.282345227897167E-08         8.233823345360491E-12
         1.000068306922913E+00         4.830712896364275E-08        -1.142706415602213E-11
         9.999782443046570E-01         3.148706539946033E-08        -1.568998837103708E-12
         9.997458457946777E-01         4.139748170928215E-07        -1.645964337049222E-10
         9.996382594108582E-01         4.056200282320788E-07        -1.364346136067951E-10
         9.996712803840637E-01         2.491744339749857E-07        -8.826157860131190E-11
         9.996775388717651E-01         1.235023461276796E-07        -5.031730587745642E-11
         9.995521306991577E-01         4.997602331968665E-08        -9.220073489413227E-12
         9.994997978210449E-01        -5.076023867900403E-08         2.544445210084234E-11
         9.994652271270752E-01         1.932391171521886E-07        -7.763594628285020E-11
         9.993860721588135E-01         3.854765964206308E-07        -1.447400255205622E-10
         9.992536902427673E-01         6.110126378189307E-07        -2.248529140658206E-10
         9.993948340415955E-01         6.988928475948342E-07        -2.441534197039630E-10
         9.993990063667297E-01         8.792313792582718E-07        -3.081612187649796E-10
         9.996218085289001E-01         6.756523021067551E-07        -2.284749195391456E-10
         9.996455311775208E-01         5.483333325173589E-07        -1.746390254631081E-10
         9.995592236518860E-01         5.349185698833026E-07        -1.803371341146942E-10
         9.996827244758606E-01         3.188748678439879E-07        -1.056297271873063E-10
         9.998227953910828E-01        -1.114246916955608E-08        -5.646593435881808E-12
         9.999906420707703E-01        -1.389211323754580E-08        -1.201434351311148E-11
         1.000040769577026E+00        -6.347742953494162E-08         1.040971042004513E-11
         9.999700188636780E-01         8.816464713845562E-08        -6.064537760863686E-11
         9.998723268508911E-01         2.103124074892548E-08        -4.384579505023467E-11
         9.998497962951660E-01        -1.531590498871083E-08        -1.537758115288668E-11
         9.998034834861755E-01         5.559282101330609E-08        -3.890802610651001E-11
         9.997111558914185E-01         1.565996257113511E-07        -7.294031351134933E-11
         9.997535943984985E-01         1.467384151965234E-07        -8.244686877656449E-11
         9.996213912963867E-01         4.280925338662200E-07        -1.628862461577896E-10
         9.997702836990356E-01         2.128833216374915E-07        -9.129953043585104E-11
         9.996981024742126E-01         2.299218238022149E-07        -9.284042284951610E-11
         9.996481537818909E-01         1.211381430721303E-07        -2.812646296423971E-11
         9.996883869171143E-01         1.613185247606452E-07        -3.937161360823005E-11
         9.997025728225708E-01         1.437735193121625E-07        -2.212927063816039E-11
         9.995056986808777E-01         4.413815304360469E-07        -1.496949925128277E-10
         9.996048808097839E-01         2.527465028379083E-07        -8.382358002156920E-11
         9.998291730880737E-01        -1.769675890272993E-07         5.296877866878269E-11
         9.995804429054260E-01         6.822182285759482E-08        -3.104144719046076E-11
         9.994946718215942E-01         2.692975087370542E-08        -2.732411692740744E-11
         9.994041323661804E-01         1.249082259846546E-07        -4.530713998418534E-11
         9.992288351058960E-01         4.048275741297402E-07        -1.388870407570408E-10
         9.995271563529968E-01         1.269423393068791E-07        -4.768896041951187E-11
         9.995012283325195E-01         3.319169934457022E-07        -1.241544644869919E-10
         9.996289610862732E-01         2.709988962124044E-07        -7.143692581923489E-11
         9.996401667594910E-01         3.044235086235858E-07        -8.679077595497020E-11
         0.000000000000000E+00         0.000000000000000E+00         0.000000000000000E+00
         9.996368288993835E-01         1.886330807110426E-07        -4.432856165470511E-11
         1.000177860260010E+00        -1.250136563157866E-07         4.641171127972576E-11
         1.000225305557251E+00        -8.793413286412033E-08         2.839730534054397E-11
         1.000259995460510E+00         1.223419019424909E-07        -5.770608643707043E-11
         1.000524282455444E+00        -2.798918217195023E-07         1.032862961825032E-10
         1.000606060028076E+00        -4.779419668921037E-07         1.737742727492275E-10
         1.000368714332581E+00        -5.260941904339234E-08         2.715738918468436E-11
         1.000275850296021E+00         1.142236349949144E-08         1.887501786812518E-11
         1.000381112098694E+00        -9.026201297501757E-08         4.642273371269212E-11
         1.000551342964172E+00        -3.733641165126755E-07         1.362011059491408E-10
         1.000544548034668E+00        -3.602147273795708E-07         1.098297980339780E-10
         1.000548601150513E+00        -3.667715020583273E-07         1.057862339393090E-10
         1.000376105308533E+00        -2.511607135602389E-07         5.822331505811462E-11
         1.000339746475220E+00        -4.666076449666434E-07         1.420656231543305E-10
         1.000054597854614E+00        -2.038287050254439E-07         5.638532002416596E-11
         9.999632835388184E-01        -1.426116114089382E-07         5.434505623291841E-11
         1.000039815902710E+00         2.098934182015455E-08        -3.583620206137894E-11
         9.999714493751526E-01         8.646284754831868E-08        -4.754249077754125E-11
         9.999475479125977E-01         1.485942213719227E-08        -4.834601902842239E-12
         9.998242855072021E-01         8.525920236479578E-08        -3.055683830965883E-11
         9.998658299446106E-01        -9.810041490254662E-08         5.242534878435734E-11
         9.998372793197632E-01         4.914304341241404E-08        -1.867024763957392E-11
         9.999043345451355E-01         1.048466415909388E-07        -4.159160169048270E-11
         9.999359846115112E-01         6.275225672425222E-08        -2.322177346247845E-11
         9.998160004615784E-01        -8.403655726851866E-08         4.267288605808162E-11
         9.996792078018188E-01         4.301177014554014E-08        -1.602347421414407E-11
         9.997784495353699E-01        -9.008460466475299E-08         2.178010202746883E-11
         9.996908307075500E-01        -1.520657235687395E-07         3.917914950801737E-11
         9.995694756507874E-01        -1.510950227157082E-07         5.070876357704535E-11
         9.994283318519592E-01         3.196397813098883E-07        -1.183727560416514E-10
         9.992278218269348E-01         4.528939996362169E-07        -1.421852358074460E-10
         9.994021058082581E-01         3.183210139923176E-07        -8.810212975829401E-11
         9.997133016586304E-01         5.176334383349968E-08        -7.908038807125095E-12
         9.997600913047791E-01         1.916181560090990E-07        -4.797693839431183E-11
         9.997550845146179E-01         2.114533970143384E-07        -7.324121864549227E-11
         9.998280405998230E-01        -3.251885516419861E-08         2.296149728686636E-11
         1.000052452087402E+00        -3.143859714782593E-07         1.078026973244661E-10
         1.000028848648071E+00        -1.435895029544554E-07         4.873343742439751E-11
         1.000075459480286E+00        -2.206259637205221E-07         7.411525559941623E-11
         1.000216603279114E+00        -5.052590381637856E-07         1.942312144453950E-10
         1.000295996665955E+00        -2.819607232140697E-07         9.110912718712783E-11
         1.000297188758850E+00        -2.681584021502204E-07         9.141607609786107E-11
         1.000505328178406E+00        -4.759352520977700E-07         1.723148429499943E-10
         1.000359416007996E+00        -1.349080491763743E-07         6.119452167219208E-11
         1.000487685203552E+00        -3.536995620834205E-07         1.230111706940207E-10
         1.000408530235291E+00        -2.730321000399272E-07         7.767354814891547E-11
         1.000412106513977E+00        -4.669720965466695E-07         1.751806755212471E-10
         1.000392675399780E+00        -4.782701807926060E-07         1.718315073562238E-10
         1.000674486160278E+00        -8.375592415177380E-07         2.909386342953013E-10
         1.000663995742798E+00        -8.118822734104469E-07         2.697506384929937E-10
         1.000830769538879E+00        -1.038901814354176E-06         3.516774371714604E-10
         1.000852704048157E+00        -1.043401425704360E-06         3.545023719020435E-10
         1.000621914863586E+00        -8.846562877806718E-07         2.939565812987155E-10
         1.000295639038086E+00        -6.427923722185369E-07         2.248956992856321E-10
         9.999319911003113E-01        -3.628531146659952E-07         1.318024855923028E-10
         9.998471736907959E-01        -3.509728969675052E-07         1.182565156909732E-10
         9.994528889656067E-01        -1.473138269147967E-07         5.285640328200891E-11
         9.990996718406677E-01         3.465497755428260E-08        -8.170695023346219E-12
         9.989532232284546E-01        -4.201245218382610E-08         9.812498036332329E-12
         9.986667037010193E-01         9.422073787845875E-08        -3.041427179550915E-11
         9.985389709472656E-01         1.045399713461848E-07        -3.040913701402026E-11
         9.984654188156128E-01        -9.541537338009221E-09         1.604663624199532E-11
         9.983049631118774E-01         7.161326465165985E-08        -3.372848181304455E-11
         9.982835054397583E-01        -5.640290012820515E-08         5.526532790428584E-12
         9.978703856468201E-01         4.366609402950417E-07        -1.741142924283068E-10
         9.976425170898438E-01         4.657813974517921E-07        -1.783026226664930E-10
         9.975057244300842E-01         3.786365141422721E-07        -1.414485750750316E-10
         9.973525404930115E-01         4.496569090406410E-07        -1.597645349349364E-10
         9.970273971557617E-01         6.270454377954593E-07        -2.295815065833651E-10
         9.966255426406860E-01         8.190353355530533E-07        -2.985527380872099E-10
         9.965825080871582E-01         7.146580855987850E-07        -2.650349939514740E-10
         9.963287711143494E-01         6.309531386250455E-07        -2.279572502983385E-10
         9.962311387062073E-01         4.967430413671536E-07        -1.998078924536628E-10
         9.960045814514160E-01         5.023160269956861E-07        -2.051202541153430E-10
         9.958752989768982E-01         4.193955476239353E-07        -1.705801888629566E-10
         9.956300854682922E-01         8.201069334745625E-08        -4.410763768114556E-11
         9.954026341438293E-01        -5.649217271752605E-08         1.422310186294240E-11
         0.000000000000000E+00         0.000000000000000E+00         0.000000000000000E+00
         0.000000000000000E+00         0.000000000000000E+00         0.000000000000000E+00
         0.000000000000000E+00         0.000000000000000E+00         0.000000000000000E+00
         0.000000000000000E+00         0.000000000000000E+00         0.000000000000000E+00
         0.000000000000000E+00         0.000000000000000E+00         0.000000000000000E+00
         0.000000000000000E+00         0.000000000000000E+00         0.000000000000000E+00
         0.000000000000000E+00         0.000000000000000E+00         0.000000000000000E+00
         0.000000000000000E+00         0.000000000000000E+00         0.000000000000000E+00
         1.003996014595032E+00        -1.165134051461791E-07         9.494994374081855E-11
         1.004115939140320E+00        -6.659732321168121E-07         2.898597195599706E-10
         1.003832340240479E+00        -3.147299025840766E-07         1.361749046857597E-10
         1.003680944442749E+00        -3.534959773787705E-07         1.394515336539115E-10
         1.003656029701233E+00        -6.353860726449057E-07         2.454608738489128E-10
         1.003358602523804E+00        -3.099042089615978E-07         1.217012046694776E-10
         1.003489613533020E+00        -8.339902706211433E-07         2.858018266493900E-10
         1.003368616104126E+00        -1.029606323754706E-06         3.652174951351839E-10
         1.003161072731018E+00        -1.038910568240681E-06         3.696164763145049E-10
         1.002682209014893E+00        -5.542981966755178E-07         2.047884500866459E-10
         1.002818226814270E+00        -1.189125214295927E-06         4.331975056448556E-10
         1.002573609352112E+00        -1.102768919736263E-06         3.847017149283261E-10
         1.002320051193237E+00        -1.036110347740760E-06         3.516391067215352E-10
         1.002241015434265E+00        -1.006536308523209E-06         3.487688193803962E-10
         1.001901865005493E+00        -3.673646347124304E-07         1.238077973475527E-10
         1.001792669296265E+00        -2.798644693768892E-08        -3.718340739478077E-12
         1.001705288887024E+00         2.074348088854094E-07        -8.695585917983806E-11
         1.001465439796448E+00         3.717650542967021E-07        -1.347794376105327E-10
         1.001136541366577E+00         5.647080456583353E-07        -1.905287455583604E-10
         1.000945091247559E+00         5.063049570708245E-07        -1.491712864343242E-10
         1.000657677650452E+00         5.059210934632574E-07        -1.355824896798197E-10
         1.000606179237366E+00        -1.075284359330908E-07         1.026092752431929E-10
         1.000049471855164E+00         4.126506780721684E-07        -8.316886068726603E-11
         9.999153017997742E-01         5.097914481666521E-07        -1.292356222037938E-10
         9.999153614044189E-01         3.201226661531109E-07        -7.868197759997031E-11
         9.997555613517761E-01         2.927753826043045E-07        -7.013768038577339E-11
         1.000139117240906E+00        -3.022569501354155E-07         1.507155789060022E-10
         9.997985363006592E-01         3.642569481598912E-07        -9.100607073486700E-11
         9.997616410255432E-01         5.180374955671141E-07        -1.556579587447260E-10
         1.000058531761169E+00         1.892751413379301E-07        -5.427190294393647E-11
         1.000083327293396E+00         1.943487006883515E-07        -6.504725924560972E-11
         1.000016331672668E+00         4.114531577670277E-07        -1.473891564351959E-10
         9.999501109123230E-01         5.545932708628243E-07        -1.885895606346111E-10
         1.000096917152405E+00         2.171132820194543E-07        -7.169863314171465E-11
         1.000154852867126E+00         1.743815118970815E-07        -5.375722089695500E-11
         9.999402761459351E-01         5.717487283618539E-07        -1.974162222584397E-10
         1.000137686729431E+00         1.865106327159083E-07        -4.895250177439081E-11
         1.000081896781921E+00         2.004559860324662E-07        -6.120779577623026E-11
         1.000238895416260E+00        -2.130357188434573E-07         7.361303233643923E-11
         1.000202536582947E+00        -2.142364650126183E-07         5.642985037579429E-11
         1.000148892402649E+00        -4.297472457892582E-07         1.215408607091462E-10
         1.000045299530029E+00        -1.823507602694008E-07         2.812380016370408E-11
         1.000189781188965E+00        -2.603007089874154E-07         3.053348199277828E-11
         1.000442266464233E+00        -6.826664957770845E-07         1.729934112626452E-10
         1.000325322151184E+00        -2.185779379715314E-07        -5.776386747397000E-12
         1.000385284423828E+00        -5.184836027183337E-07         1.175546465725930E-10
         1.000146508216858E+00        -4.309611512098854E-08        -3.157703959422165E-11
         1.000050425529480E+00        -4.409891118939413E-08        -1.483043549077578E-11
         9.999445676803589E-01         4.455546331882942E-08        -9.930651787004585E-12
         9.998360276222229E-01        -6.780439321119047E-08         3.396757528029148E-11
         9.997878670692444E-01         6.728648571652229E-08        -3.056183084382269E-11
         9.998435974121094E-01        -2.881131244691915E-08         2.565833136236595E-11
         1.000082731246948E+00        -1.190678844409376E-07         6.657165096957129E-11
         1.000451564788818E+00        -2.497373827736737E-07         1.346429079340794E-10
         1.000556468963623E+00        -1.842659713702233E-07         8.201687246023326E-11
         1.000215649604797E+00         3.562022357073147E-07        -1.165825214144434E-10
         1.000373601913452E+00         2.700401182664791E-07        -1.110762246070429E-10
         1.000484466552734E+00         2.791926760892238E-07        -1.100873420201154E-10
         1.000417351722717E+00         2.444546112201351E-07        -8.181125915607268E-11
         1.000195622444153E+00         2.991837959598342E-07        -7.261944517944485E-11
         1.000182986259460E+00         1.351523621906381E-07        -2.413935197564943E-11
         1.000527024269104E+00        -6.879054126329720E-07         2.413448607629931E-10
         9.999266266822815E-01         1.681429040445437E-07        -5.117241699825748E-11
         9.999313950538635E-01         2.012203736967422E-07        -6.266576840774363E-11
         1.000063538551331E+00         2.017638820461798E-07        -6.710047101288197E-11
         1.000052571296692E+00         4.495514929203637E-07        -1.605895555423231E-10
         1.000100374221802E+00         2.383915500558942E-07        -8.430696418759709E-11
         1.000005722045898E+00         2.964472685107467E-07        -1.214965489326758E-10
         1.000025987625122E+00         3.568190365399460E-08        -3.048402502647818E-11
         9.998908638954163E-01         3.186616837069778E-08        -3.543998775001889E-11
         9.998860359191895E-01         4.055635827171500E-08        -2.869144331840712E-11
         9.998942613601685E-01         3.946987447989159E-08        -2.500638064673044E-11
         9.998628497123718E-01         1.110278091687178E-07        -6.047998213354333E-11
         9.997321963310242E-01         2.538186549827515E-07        -9.954428947800409E-11
         9.997833967208862E-01         2.053620704600689E-07        -6.127409690748209E-11
         9.998880028724670E-01         1.150563448959474E-07        -5.797012175845495E-12
         9.998633861541748E-01         9.024136460311638E-08        -3.342969347522318E-12
         9.998943805694580E-01         4.720857305073878E-08         4.366686266049635E-12
         9.998239874839783E-01        -4.049768076441751E-09         3.138631715637885E-11
         9.999673962593079E-01        -2.448325346904312E-07         1.086211606771137E-10
         1.000030279159546E+00        -2.341789837601027E-07         9.574669529444080E-11
         1.000015854835510E+00        -2.106059682205341E-08        -5.768866721128640E-12
         9.999591112136841E-01         7.087665210292471E-08        -4.304581344150016E-11
         1.000012278556824E+00        -3.609692100781103E-08         4.453084168770660E-12
         9.999620318412781E-01         3.428093009461008E-08        -2.211315505706857E-11
         9.998016357421875E-01         1.498146104950138E-07        -6.808965197224737E-11
         9.997683763504028E-01         1.725284022313645E-07        -6.602566410274235E-11
         9.998571872711182E-01         1.248819359034314E-07        -6.472204716612140E-11
         9.999893903732300E-01        -6.884299352805101E-08         1.055150151280104E-11
         1.000192761421204E+00        -2.963265330890863E-07         9.397826961077271E-11
         1.000320911407471E+00        -1.254114181392652E-07         9.624532941454600E-12
         1.000354886054993E+00        -1.021159619085665E-07         2.238309147403750E-12
         1.000223398208618E+00        -4.030446234537521E-07         9.641744347366199E-11
         1.000279188156128E+00        -3.988475612004549E-07         1.074419095359325E-10
         1.000099420547485E+00        -4.231848720337439E-07         1.331205423671378E-10
         9.999723434448242E-01        -5.550417085942172E-07         1.893590839685544E-10
         0.000000000000000E+00         0.000000000000000E+00         0.000000000000000E+00
         0.000000000000000E+00         0.000000000000000E+00         0.000000000000000E+00
         9.996953606605530E-01        -2.648180839059933E-07         1.064569404851667E-10
         9.998413920402527E-01         8.038608001470493E-08        -2.551200396772035E-11
         9.998658895492554E-01        -6.289231357925473E-09         1.290510124977995E-12
         9.996551275253296E-01         5.557376994147489E-07        -2.198854709423159E-10
         9.999154806137085E-01         8.778473414849941E-08        -4.763975325339231E-11
         1.000008821487427E+00        -1.039827921545111E-07         3.715068183640646E-11
         1.000193834304810E+00        -3.736542453225411E-07         1.560161999591969E-10
         1.000071883201599E+00         4.473686754380424E-09         1.109577100338877E-11
         0.000000000000000E+00         0.000000000000000E+00         0.000000000000000E+00
         9.997960329055786E-01        -2.236954657064416E-07         8.642037085948573E-11
         9.999554753303528E-01        -1.544497223449071E-07         7.249793820829353E-11
         9.998283386230469E-01         6.351250192437874E-08         1.320609637270320E-12
         9.998402595520020E-01         1.127843773929271E-07        -1.781550254542630E-11
         0.000000000000000E+00         0.000000000000000E+00         0.000000000000000E+00
         0.000000000000000E+00         0.000000000000000E+00         0.000000000000000E+00
         9.995126128196716E-01         2.193759627289182E-07        -6.005265035247120E-11
         9.996592402458191E-01         4.747428477003268E-07        -1.538243560306185E-10
         9.996051788330078E-01         5.131461193741416E-07        -1.846053726550778E-10
         9.998284578323364E-01        -3.640925072545542E-08        -9.921923525835208E-12
         9.998680949211121E-01        -5.006040737498552E-08        -5.971920440800416E-12
         9.995558261871338E-01         5.821263471261773E-07        -2.154283279542923E-10
         9.995782375335693E-01         5.555289703806920E-07        -1.894416568060109E-10
         9.994739890098572E-01         5.287686803967517E-07        -1.735372956446213E-10
         9.998300075531006E-01        -6.502017413367867E-08         3.182232602427781E-11
         9.994988441467285E-01         3.324884687572194E-07        -9.103988396486073E-11
         9.997661709785461E-01        -2.355386072849797E-07         9.074799939279288E-11
         9.994174838066101E-01         2.710371518332977E-07        -9.275333279212816E-11
         9.994535446166992E-01         3.962369135024346E-07        -1.410701278015125E-10
         9.994097352027893E-01         4.783282179232629E-07        -1.772839514080360E-10
         9.993091821670532E-01         7.205234737739374E-07        -2.620048067392133E-10
         9.994450807571411E-01         6.283660241024336E-07        -2.262336706859713E-10
         9.994748830795288E-01         6.819538498348265E-07        -2.501360230056093E-10
         9.995712041854858E-01         5.696099378837971E-07        -2.107691937647260E-10
         9.996032118797302E-01         6.319220346995280E-07        -2.514597141622943E-10
         9.997110366821289E-01         4.771212047671725E-07        -1.927250997679764E-10
         9.997562170028687E-01         5.837670187247568E-07        -2.505447238565495E-10
         9.997132420539856E-01         5.309049129209598E-07        -2.263662729484750E-10
         9.996443986892700E-01         5.421027822194446E-07        -2.244348318303224E-10
         9.995609521865845E-01         6.311209972409415E-07        -2.399208054448820E-10
         9.995681643486023E-01         6.344382086354017E-07        -2.162060253052545E-10
         9.996894598007202E-01         5.770293682871852E-07        -1.706996766159818E-10
         9.994941949844360E-01         6.363031275213871E-07        -1.781984976245710E-10
         9.994543790817261E-01         5.153709707883536E-07        -1.189774390120135E-10
         9.993712902069092E-01         5.989895726088434E-07        -1.529394805244166E-10
         9.994186758995056E-01         6.056691290723393E-07        -1.641864005863525E-10
         9.997151494026184E-01         3.608955125855573E-07        -1.024602000465613E-10
         9.997454881668091E-01         3.476738470453711E-07        -7.674581109506917E-11
         9.997020363807678E-01         4.810794962395448E-07        -1.351442985297879E-10
         9.994894266128540E-01         7.280523846020515E-07        -2.292146611404533E-10
         9.996463656425476E-01         3.452043131346727E-07        -8.812723467643835E-11
         1.000220417976379E+00        -8.331953154083749E-07         3.296206363412324E-10
         9.997666478157043E-01         1.371317726039933E-08         5.575052919315482E-11
         9.998305439949036E-01         5.172142536480351E-08         1.982237464448477E-11
         9.998782873153687E-01         2.925817987886603E-08         4.101532308231626E-11
         1.000169873237610E+00        -3.260596770360280E-07         1.544830513511286E-10
         9.997435808181763E-01         6.560446053072155E-08         3.044894891779393E-11
         9.997302293777466E-01        -1.252382588745604E-07         7.655147349350244E-11
         9.995198845863342E-01         3.625436661991444E-08        -6.384213036697561E-12
         9.993594288825989E-01         2.188505376921057E-08        -2.463262580021386E-11
         9.991677403450012E-01        -6.371529970294887E-09        -3.252531924347046E-11
         9.989225268363953E-01         7.077875352479168E-08        -8.701376424946616E-11
         9.987404942512512E-01         2.014948741191347E-08        -7.464028700665537E-11
         9.986615180969238E-01        -2.614974903281109E-08        -6.633825433421947E-11
         9.984491467475891E-01         1.217728566871301E-07        -1.092168022687190E-10
         9.981446862220764E-01         3.215945980628021E-07        -1.915898828475093E-10
         9.978192448616028E-01         5.172742021386512E-07        -2.558311895661802E-10
         9.976097345352173E-01         4.401004787268903E-07        -2.083298811239587E-10
         9.975121021270752E-01         3.783495117204438E-07        -1.822562933906369E-10
         9.973706007003784E-01         2.629462585446163E-07        -1.235669067067846E-10
         9.971297383308411E-01         2.247544301781090E-07        -9.820295965301540E-11
         9.967709183692932E-01         3.635394989487395E-07        -1.372562202783811E-10
         9.966574907302856E-01         2.269933645493438E-07        -8.740370927018404E-11
         9.964815974235535E-01         2.756197261533089E-07        -1.081923509116400E-10
         9.964351058006287E-01         1.069709743006797E-08        -1.302382854340145E-11
         9.961380958557129E-01         2.031654418033213E-07        -7.535989193785397E-11
         9.957921504974365E-01         4.285543866444641E-07        -1.437122643110911E-10
         9.957991242408752E-01         3.906091592398298E-07        -1.535387511575337E-10
         9.958408474922180E-01         3.336139116072445E-07        -1.545731459495769E-10
         9.958746433258057E-01         1.193658931697428E-07        -8.460387945774528E-11
         9.956955909729004E-01        -1.474931732303730E-08        -6.471725239043380E-11
         0.000000000000000E+00         0.000000000000000E+00         0.000000000000000E+00
         0.000000000000000E+00         0.000000000000000E+00         0.000000000000000E+00
         0.000000000000000E+00         0.000000000000000E+00         0.000000000000000E+00
         0.000000000000000E+00         0.000000000000000E+00         0.000000000000000E+00
         0.000000000000000E+00         0.000000000000000E+00         0.000000000000000E+00
         0.000000000000000E+00         0.000000000000000E+00         0.000000000000000E+00
         0.000000000000000E+00         0.000000000000000E+00         0.000000000000000E+00
         1.004670619964600E+00         4.142022476116836E-07        -1.904425922516495E-10
         1.004507780075073E+00         1.660117732171784E-07        -9.105268622411344E-11
         1.004098534584045E+00         3.376376014330162E-07        -1.270229338379281E-10
         1.004024863243103E+00         2.084883199415799E-08         8.393930515937509E-12
         1.003909349441528E+00        -1.489620249373047E-08         2.786822161926494E-11
         1.003559589385986E+00         3.612901480209985E-07        -8.334109791174882E-11
         1.003495573997498E+00         1.812095007380776E-07        -5.278419715204485E-11
         1.003483414649963E+00         3.922549751678162E-08        -2.884052024976214E-11
         1.003339052200317E+00         8.891354497109205E-08        -8.516309879524897E-11
         1.003268718719482E+00        -3.351470070356299E-07         1.001837848790821E-10
         1.002762556076050E+00        -3.854112584633640E-09        -4.699385412060275E-12
         1.002447962760925E+00        -7.892104747497797E-09        -4.433878611487252E-12
         1.002302527427673E+00        -6.854115497390012E-08         4.201693160066355E-11
         1.002335190773010E+00        -1.710731964976731E-07         9.044738569219390E-11
         1.002319812774658E+00        -3.854386534385412E-07         1.918962766467303E-10
         1.002204418182373E+00        -3.292765313744894E-07         1.610322430956046E-10
         1.002291560173035E+00        -4.929152055410668E-07         2.173203283994951E-10
         1.002084016799927E+00        -4.817747480956314E-07         1.790797093947916E-10
         1.001811385154724E+00        -4.895104552815610E-07         1.474243921384399E-10
         1.001486659049988E+00        -3.041037075490749E-07         4.989348517669967E-11
         1.001351833343506E+00        -3.442766569605737E-07         5.712458978068824E-11
         1.001121282577515E+00        -2.257901456914624E-07         9.165368984598299E-12
         1.000934004783630E+00        -2.357219273108058E-07         6.693168588811638E-12
         1.000493407249451E+00         1.832856497685498E-07        -1.309952701866735E-10
         1.000276923179626E+00         4.209605108940195E-08        -6.474548674972880E-11
         9.998068213462830E-01         3.795830707531422E-07        -1.787022196886312E-10
         9.996751546859741E-01         1.634326167732070E-07        -5.850721990219299E-11
         9.993029236793518E-01         4.297326654523204E-07        -1.343782446427966E-10
         9.997656941413879E-01        -7.637835608420573E-08         6.813107716885369E-11
         9.999597668647766E-01        -2.193153676444126E-07         1.176213848541607E-10
         9.999388456344604E-01        -4.493582537179464E-07         1.990743264679296E-10
         9.997364282608032E-01        -4.907995343472749E-09         2.958840464306611E-11
         9.999136328697205E-01        -8.716443034018084E-08         7.628545017901445E-11
         9.998970627784729E-01        -6.830499188481554E-08         9.022971259042833E-11
         9.997861981391907E-01         7.678549707179627E-08         3.830484887612506E-11
         9.999111294746399E-01        -8.305589460633200E-08         1.051954634512242E-10
         1.000130653381348E+00        -1.078373728091719E-07         7.492975684364467E-11
         9.998659491539001E-01         2.821594193846977E-07        -9.027219943780196E-11
         9.999238848686218E-01        -1.002616798473355E-07         3.766573164476483E-11
         9.999724030494690E-01        -1.553645887497623E-07         5.931417162985397E-11
         9.999527931213379E-01         1.446456110443251E-07        -6.625119897130105E-11
         1.000048518180847E+00        -8.210218283011272E-08         1.338849864307434E-11
         1.000105977058411E+00        -8.011137708763272E-08         2.121350491102181E-11
         1.000434994697571E+00        -1.221797703010452E-07        -1.217219207372278E-11
         1.000723004341125E+00        -6.453653327298525E-07         1.515122888262610E-10
         1.000736474990845E+00        -8.527402428626374E-07         2.150288558322444E-10
         1.001025438308716E+00        -1.192028435070824E-06         3.420160821221430E-10
         1.000939011573792E+00        -8.496367058796750E-07         1.984862552095734E-10
         1.000756263732910E+00        -4.745022863517079E-07         5.939984615288552E-11
         1.000470042228699E+00        -1.182362154850125E-07        -5.064877336979912E-11
         1.000468134880066E+00        -3.085164621552394E-07         6.274922942361982E-11
         1.000497579574585E+00        -3.983507497196115E-07         8.304395365810180E-11
         1.000612735748291E+00        -5.383952270676673E-07         1.594453319375688E-10
         1.000422120094299E+00        -4.186096305147657E-07         1.403986371606436E-10
         1.000267982482910E+00        -5.742379016737686E-07         2.274274796265630E-10
         1.000249981880188E+00        -5.861377871951845E-07         2.722986558456597E-10
         1.000293374061584E+00        -4.483370048546931E-07         2.185636255314094E-10
         1.000557422637939E+00        -1.075457817023562E-06         4.507240691786762E-10
         1.000557065010071E+00        -1.037962192640407E-06         3.884463306569330E-10
         1.000709891319275E+00        -1.090711066353833E-06         4.043420043231549E-10
         1.000334620475769E+00        -4.850725758842600E-07         1.866464899302755E-10
         9.997607469558716E-01         2.523815680888220E-07        -3.019982874885585E-11
         9.995039105415344E-01         6.322146646198235E-07        -1.481008093939806E-10
         9.994592666625977E-01         7.881009764787450E-07        -2.414870525768720E-10
         9.995229840278625E-01         7.208290639937331E-07        -2.153784234293354E-10
         9.995833635330200E-01         8.451975759271591E-07        -2.552446864978464E-10
         9.994558095932007E-01         8.415925094595877E-07        -2.167249435469643E-10
         9.996383786201477E-01         6.394069487214438E-07        -1.463446447358407E-10
         9.997400641441345E-01         7.010215199443337E-07        -1.701001561826843E-10
         9.995966553688049E-01         8.678774179315951E-07        -2.453383329825698E-10
         9.997027516365051E-01         7.031693485259893E-07        -1.935239468675576E-10
         9.999936819076538E-01         3.095195495461667E-07        -8.453883426629005E-11
         1.000071048736572E+00         3.816157914116047E-07        -1.556179213269004E-10
         1.000260829925537E+00         2.907169971422263E-07        -1.372616603712018E-10
         1.000153660774231E+00         3.274380730999837E-07        -1.555042483669666E-10
         9.999948143959045E-01         5.607593038803316E-07        -2.682032651524224E-10
         1.000339627265930E+00         2.139519921229294E-07        -1.479662781189717E-10
         1.000277638435364E+00         2.242668699636852E-07        -1.325829029896752E-10
         1.000203251838684E+00         1.618099787492611E-07        -1.137032135112293E-10
         1.000357508659363E+00        -1.328652530219188E-07         9.708435444455432E-12
         1.000352025032043E+00        -1.255292829682730E-07        -2.269395955878384E-11
         1.000390410423279E+00        -2.289668117327892E-07         1.248830379385613E-11
         1.000361800193787E+00        -2.428756715744385E-07         2.038547282368075E-11
         1.000273704528809E+00        -4.217833406983118E-07         9.578738496829331E-11
         1.000443458557129E+00        -7.188386916823220E-07         2.298698870140115E-10
         1.000284194946289E+00        -6.993865895310591E-07         2.506914398292537E-10
         1.000115036964417E+00        -6.173963811306749E-07         2.424612732809805E-10
         9.999309778213501E-01        -2.497151001534803E-07         1.023275283951186E-10
         1.000004887580872E+00        -2.466373700826807E-07         8.048946231742349E-11
         1.000095248222351E+00        -7.934441725865327E-08         4.935902489684729E-13
         1.000282406806946E+00        -3.259096956753638E-07         7.954849973179634E-11
         1.000328660011292E+00        -4.908621349386522E-07         1.626359741324634E-10
         1.000364184379578E+00        -4.649134268674970E-07         1.577551422826673E-10
         1.000309586524963E+00        -4.488273930292053E-07         1.245848008091244E-10
         1.000389337539673E+00        -3.613722014961240E-07         9.695530489572945E-11
         1.000347018241882E+00        -7.468250373676710E-07         2.688292088937061E-10
         1.000349640846252E+00        -8.478218092022871E-07         3.284841010309236E-10
         1.000259757041931E+00        -7.202542633422127E-07         3.049262231602512E-10
         1.000013709068298E+00        -4.885798716713907E-07         2.320097725050374E-10
         9.999100565910339E-01        -6.511132966124933E-08         5.111983059080671E-11
         9.995129704475403E-01         4.687556725002651E-07        -1.706755986541353E-10
         9.994910359382629E-01         4.751121878143749E-07        -1.708950897461037E-10
         9.992586970329285E-01         9.076561582332943E-07        -3.183759922364970E-10
         9.992916584014893E-01         9.643842986406526E-07        -3.318333663404616E-10
         9.997513890266418E-01         3.653325677532848E-07        -1.252268705398407E-10
         1.000151753425598E+00        -6.403985253200517E-07         2.468955873080603E-10
         1.000110864639282E+00        -7.661619179089030E-07         3.557913408336333E-10
         9.998468756675720E-01        -3.257832474901079E-07         1.926604847879432E-10
         1.000025153160095E+00        -4.075257322710968E-07         1.941889010703690E-10
         1.000021100044250E+00        -6.131329541858577E-07         2.726830983235118E-10
         9.997121691703796E-01        -1.245430638618927E-07         8.282211721999388E-11
         9.996997117996216E-01         3.580225893529132E-08         8.774895957422424E-13
         9.997655749320984E-01        -4.486895477384678E-08         6.381068850397353E-12
         9.996579885482788E-01         4.585409101309779E-07        -1.693061107976845E-10
         9.996420145034790E-01         6.247408350645856E-07        -2.300907658847606E-10
         9.996388554573059E-01         9.056200269697001E-07        -3.545480020683556E-10
         9.999738335609436E-01         2.951892099645193E-07        -1.319476056194091E-10
         1.000229239463806E+00        -9.298164371784878E-08        -3.453681568163502E-13
         9.999652504920959E-01        -2.684005835362768E-07         5.683561607461307E-11
         9.999486207962036E-01        -1.136201461804376E-07        -7.857830358615203E-11
         1.000048398971558E+00        -3.076515611155628E-07         3.528013298170762E-11
         9.999526143074036E-01        -8.047420152479390E-08         1.839503029066325E-11
         9.999061226844788E-01        -1.869704249202186E-07         9.630100883395443E-11
         9.998027086257935E-01        -2.391392683875893E-07         1.024421450446233E-10
         9.997763037681580E-01        -3.840804652099905E-07         1.601389021388400E-10
         9.998293519020081E-01        -2.859584924408409E-07         1.199973731491610E-10
         1.000033140182495E+00        -5.436426135929651E-07         1.657143866573563E-10
         1.000196933746338E+00        -6.023410037414578E-07         1.515691044895462E-10
         1.000275731086731E+00        -6.126555831542646E-07         1.293542217783994E-10
         1.000429868698120E+00        -6.480468073277734E-07         1.630375695560460E-10
         1.000207781791687E+00        -4.774902890858357E-07         1.134889543452644E-10
         1.000217914581299E+00        -4.042280181693059E-07         1.278592509645904E-10
         1.000012516975403E+00        -4.140300546850995E-08        -3.968513018204334E-12
         1.000289201736450E+00        -1.447222786055136E-07         1.131838373025218E-11
         1.000286221504211E+00        -2.358329567186956E-07         9.537696327166501E-11
         1.000272154808044E+00        -3.361830636094965E-07         1.759840190240780E-10
         1.000195145606995E+00        -3.142521620702610E-07         1.616599770715155E-10
         1.000714659690857E+00        -1.048079298016091E-06         4.257179053723803E-10
         1.000948667526245E+00        -1.522376351204002E-06         6.285304499087374E-10
         1.000341892242432E+00        -8.292778375107446E-07         4.325405589256093E-10
         1.000197649002075E+00        -1.086362885871495E-06         5.445563999728620E-10
         9.998223781585693E-01        -5.604756552202161E-07         3.606890619511915E-10
         9.994948506355286E-01         3.616608168499624E-08         1.388001380497883E-10
         9.994444251060486E-01         3.166642557062005E-07         2.789262917857194E-11
         9.991967678070068E-01         9.796029871722567E-07        -2.325811210290851E-10
         9.989725947380066E-01         1.452457354389480E-06        -3.758600097825138E-10
         9.992399215698242E-01         9.204549087371561E-07        -1.474992350480875E-10
         9.996658563613892E-01         1.177380326566890E-07         1.095005960904949E-10
         1.000047087669373E+00        -3.482723229808471E-07         2.412479382929433E-10
         1.000228881835938E+00        -7.882973704909091E-07         3.972392415008130E-10
         1.000652909278870E+00        -9.958968121281941E-07         4.189273927757142E-10
         1.000003337860107E+00        -4.051316864206456E-07         1.570391455762987E-10
         9.999942779541016E-01        -2.471076356869162E-07         4.243262685665883E-11
         1.000189542770386E+00        -9.812000598685700E-07         3.244320367912223E-10
         1.000654816627502E+00        -2.183571041314281E-06         7.644133104278694E-10
         1.001178503036499E+00        -2.932242750830483E-06         1.042135933104760E-09
         1.000488758087158E+00        -1.955464085767744E-06         7.091531251113281E-10
         1.000337481498718E+00        -1.311673145210079E-06         4.164766587155810E-10
         1.000363588333130E+00        -1.060597810464969E-06         3.159625339144156E-10
         1.000111818313599E+00        -3.744185335108341E-07         9.558519253882736E-11
         9.997339844703674E-01         1.051032967325227E-07        -1.371077296835610E-11
         9.990419149398804E-01         1.615996893633564E-06        -5.870126607021575E-10
         9.994990229606628E-01         1.123564857152815E-06        -4.747698345575202E-10
         9.991196393966675E-01         1.829974962674896E-06        -7.717790295735938E-10
         1.000321269035339E+00         1.783940177801924E-07        -2.369150986503143E-10
         1.000754714012146E+00        -1.463250924871318E-07        -1.589418041625379E-10
         1.000715494155884E+00        -1.915398541996183E-07        -1.391294718322555E-10
         1.000686287879944E+00        -3.123662111192971E-07        -6.236544614068862E-11
         1.000646352767944E+00        -2.898593720601639E-07        -5.468828861987518E-11
         1.000781893730164E+00        -3.628054514592804E-07        -2.560691589326147E-11
         1.001383781433105E+00        -1.188469241242274E-06         2.253158076781503E-10
         1.001227498054504E+00        -1.120318074754323E-06         1.928815995810851E-10
         1.000541567802429E+00        -1.226788413077884E-07        -1.322876669318518E-10
         9.997642636299133E-01         8.901027968022390E-07        -3.873483200855787E-10
         9.989646673202515E-01         1.394924652231566E-06        -4.564303657250690E-10
         9.984475374221802E-01         1.689286136752344E-06        -4.823150767663265E-10
         9.984354376792908E-01         1.520563728263369E-06        -3.810172732876538E-10
         9.985751509666443E-01         1.290368231821049E-06        -3.166882311944619E-10
         9.986532330513000E-01         1.631154077585961E-06        -4.957051991105743E-10
         9.990414977073669E-01         1.143244844570290E-06        -3.554847805009587E-10
