         1.001115918159485E+00         4.943923954670026E-07        -2.153043993091686E-10
         1.001792550086975E+00        -1.640830618043765E-07         2.727151490744539E-11
         1.001788973808289E+00        -3.553107035259018E-07         9.779561188638652E-11
         1.001432299613953E+00         2.038716075958291E-07        -1.384792697178838E-10
         1.001460313796997E+00        -4.155197359523299E-07         1.306240948739656E-10
         1.001679897308350E+00        -8.545347895960731E-07         3.150427974052405E-10
         1.001686692237854E+00        -9.292328400078986E-07         3.552983740551241E-10
         1.001009225845337E+00        -1.568459708778391E-07         1.143186101337790E-10
         1.000852942466736E+00         9.874879935978242E-08         6.048058755203645E-12
         1.000747799873352E+00         2.957011986381985E-07        -6.614412489946986E-11
         1.000319123268127E+00         7.915594437690743E-07        -2.235438084641217E-10
         1.000206828117371E+00         8.843493333188235E-07        -2.709052981941795E-10
         1.000220894813538E+00         4.889673164143460E-07        -1.401926769117878E-10
         1.000510334968567E+00        -3.196971931629378E-07         1.890088363598608E-10
         1.000299930572510E+00        -1.922010710586619E-07         1.551928308085593E-10
         1.000049114227295E+00         3.058799791233469E-07        -5.202319477981554E-11
         9.997494816780090E-01         8.904418677957437E-07        -2.992402714507847E-10
         9.996612071990967E-01         8.057616014411906E-07        -2.406430610335519E-10
         9.997873306274414E-01         4.564162736642174E-07        -1.009379108074526E-10
         1.000007271766663E+00         2.634891131947370E-07        -5.483001205841553E-11
         9.998832941055298E-01         5.344181772670709E-07        -1.961092122026997E-10
         1.000115036964417E+00         1.005089842465168E-07        -2.090029364854029E-11
         1.000413656234741E+00        -2.979166993100080E-07         1.172419245021317E-10
         1.000491261482239E+00        -1.895149779329586E-07         1.885472160345625E-11
         1.000495433807373E+00        -3.683643683416449E-07         1.189078419061573E-10
         1.000317335128784E+00        -4.204540005048329E-08        -3.232645748307839E-11
         1.000248312950134E+00         1.170285415241779E-07        -6.765447924106383E-11
         1.000345230102539E+00        -1.707310701704046E-07         1.806065019760439E-11
         1.000243306159973E+00        -7.043662009209584E-08         1.863573358129589E-11
         1.000360012054443E+00        -4.011070586784626E-07         1.400233540227447E-10
         1.000382661819458E+00        -6.613662435484002E-07         2.410976418509847E-10
         1.000760793685913E+00        -1.168187282019062E-06         3.905730461273293E-10
         1.000572681427002E+00        -8.381525162803882E-07         2.601507065325137E-10
         1.000370621681213E+00        -6.712987214996247E-07         2.524982445351043E-10
         1.000493884086609E+00        -4.037735834572231E-07         1.346126682344462E-10
         1.000388383865356E+00         3.090402458383323E-07        -1.580325453831577E-10
         1.000445961952209E+00         1.569211320884278E-07        -1.324234055744000E-10
         1.000218272209167E+00        -3.094742169196252E-07         9.301278497408916E-11
         1.000020146369934E+00        -3.683059048853465E-07         1.356665196849960E-10
         9.997851848602295E-01        -1.336685784281144E-07         8.260003098170543E-11
         9.993781447410583E-01         3.905926746483601E-07        -1.144375080808224E-10
         9.993642568588257E-01         1.055257836668488E-08         3.853941124565274E-11
         9.996898174285889E-01        -3.297787429801247E-07         1.418242884243526E-10
         9.995412230491638E-01        -1.799023010562451E-07         1.086415540862973E-10
         9.993414878845215E-01         1.402947304995905E-07         1.890950243610412E-11
         9.990885257720947E-01         2.668546699169383E-07        -5.502119593270294E-11
         9.992191791534424E-01        -9.351253993372666E-09         5.770229780099889E-11
         9.985942244529724E-01         8.467636121167743E-07        -2.570071377938632E-10
         9.991136789321899E-01        -1.863927963086098E-07         1.266177163117277E-10
         9.987568855285645E-01         6.175563953547680E-07        -1.615145100997140E-10
         9.990163445472717E-01         7.461613904524711E-07        -2.469472126787053E-10
         9.988080263137817E-01         1.028859287544037E-06        -3.433595352486662E-10
         9.993102550506592E-01         2.649597661275038E-07        -8.206108709218896E-11
         9.991484880447388E-01         5.645147211907897E-07        -1.930784560011389E-10
         9.993166327476501E-01         6.388796123246721E-07        -2.459052683700946E-10
         9.991561770439148E-01         7.943519335640303E-07        -2.360525108713318E-10
         9.992838501930237E-01         6.296284595919133E-07        -1.351467965315933E-10
         9.991023540496826E-01         9.984306643673335E-07        -2.854914360472804E-10
         9.990407228469849E-01         1.351340301880555E-06        -4.422890387267842E-10
         9.991167187690735E-01         1.250805553354439E-06        -4.361356831239505E-10
         9.993953108787537E-01         6.762494422218879E-07        -2.351916439380375E-10
         9.991521835327148E-01         7.759644518046116E-07        -2.697840839616106E-10
         9.990068078041077E-01         1.025035658130946E-06        -3.447438168269201E-10
         9.991002082824707E-01         5.730844350182451E-07        -1.572936225713306E-10
         9.993448257446289E-01         1.896673467172150E-07        -2.599263859703882E-11
         9.990579485893250E-01         5.837582648382522E-07        -1.635964558266423E-10
         9.992235898971558E-01         2.833988617112482E-07        -1.073533102691204E-11
         9.991584420204163E-01         5.418235105025815E-07        -1.178842162774529E-10
         9.992359280586243E-01         4.752927225126768E-07        -1.144859346213778E-10
         9.993314743041992E-01         4.885013709099439E-07        -1.043010053325411E-10
         9.995285272598267E-01         5.004066565561516E-07        -1.386420145355061E-10
         1.000074982643127E+00        -3.709941722718213E-07         1.595945736676541E-10
         9.998721480369568E-01        -3.791689096033224E-07         1.872896698840165E-10
         9.998365640640259E-01        -2.123161806366625E-07         8.103719084662231E-11
         9.996173381805420E-01         3.704640505475254E-07        -1.552461909026803E-10
         9.997755885124207E-01         1.413528138982656E-07        -3.552207833434906E-11
         9.995967149734497E-01         1.502220783322628E-07        -1.056963457729543E-11
         9.997137784957886E-01        -1.220402907620155E-07         6.513749262193613E-11
         9.998309016227722E-01        -5.538514642466907E-07         2.359865081125179E-10
         9.996992349624634E-01        -4.099963746284629E-07         1.974973518059642E-10
         9.999577999114990E-01        -4.539706992545689E-07         1.720534270610585E-10
         9.997862577438354E-01        -7.774129784365869E-08         1.083496920656346E-11
         9.995784163475037E-01         3.552547411800333E-07        -1.565233498368457E-10
         9.994951486587524E-01         6.779428076697513E-07        -2.574955249023958E-10
         9.999750852584839E-01        -2.167218724480335E-07         7.943719293468376E-11
         1.000401616096497E+00        -8.275691243397887E-07         2.874424587240298E-10
         1.000633597373962E+00        -7.900052878540009E-07         2.457015702006515E-10
         1.000366926193237E+00        -2.338109084121243E-07         2.578320196233719E-11
         1.000137805938721E+00        -1.075892370749898E-07        -1.343313394547296E-11
         1.000109195709229E+00         4.434089007077091E-08        -5.385202353491714E-11
         9.998332262039185E-01         4.961974582329276E-07        -1.658141263183310E-10
         9.998683333396912E-01         1.730286101064848E-07        -5.655085774658453E-11
         9.998155236244202E-01         4.267731412710418E-07        -1.613323225013730E-10
         9.995723366737366E-01         9.428986231796443E-07        -3.675708903916330E-10
         9.998805522918701E-01         6.988651648498490E-07        -2.751895100683299E-10
         9.999290108680725E-01         5.876312911823334E-07        -2.271458438007912E-10
         9.999350309371948E-01         2.725288084093336E-07        -1.214048306330540E-10
         1.000107526779175E+00        -2.989220870830422E-09        -5.894240651116434E-11
         1.000289559364319E+00        -8.302181413455401E-07         2.850391866981994E-10
         9.999658465385437E-01        -7.472574736766546E-08        -7.332943280369264E-12
         9.997537136077881E-01         3.343569972003024E-07        -1.615686195943766E-10
         9.998154044151306E-01         1.376627523086427E-08         8.368499469779689E-12
         1.000162363052368E+00        -2.294113841116996E-07         8.756800146114685E-11
         1.000128626823425E+00        -6.639728322710425E-09        -1.331446151248139E-11
         1.000440120697021E+00        -3.486488822090905E-07         1.095301419007377E-10
         1.000676989555359E+00        -6.038653168616293E-07         2.124563164285220E-10
         1.000689268112183E+00        -8.381511520383356E-07         3.065862841378220E-10
         1.000519990921021E+00        -4.802557214134140E-07         1.848693004236068E-10
         1.000470638275146E+00        -4.457154716419609E-07         1.981932951089505E-10
         1.000388383865356E+00        -5.678720071955468E-07         2.207700827705494E-10
         1.000284194946289E+00        -3.677019435599505E-07         9.609908008245682E-11
         1.000216245651245E+00        -1.437084762301311E-07         2.706271491625944E-11
         1.000217676162720E+00        -2.484921139966900E-07         9.898334235591832E-11
         1.000335097312927E+00        -3.814129172496905E-07         1.638213731336435E-10
         1.000124216079712E+00         2.106512795307935E-07        -1.125212978347889E-10
         1.000252962112427E+00        -5.869966344107524E-07         2.462683390547227E-10
         1.000116825103760E+00        -3.275929998380889E-07         1.455860709764778E-10
         1.000000238418579E+00        -3.645906758720230E-07         1.354600875913547E-10
         1.000302672386169E+00        -9.611898121875129E-07         3.577837470736256E-10
         9.999501109123230E-01        -2.355956070232423E-07         1.289224976774861E-10
         9.999996423721313E-01        -1.373527567238852E-07         5.772941499837536E-11
         9.997572898864746E-01         3.067864895456296E-07        -8.136943202563529E-11
         9.998810887336731E-01         3.774795800381980E-07        -1.045352138184796E-10
         1.000029087066650E+00         2.163853878300870E-07        -6.601139079798202E-11
         1.000119328498840E+00         2.031577963634845E-07        -8.554265629179270E-11
         1.000021934509277E+00         5.153910365152115E-07        -2.410485699932963E-10
         1.000278592109680E+00        -1.413873462752235E-07         9.582668859808852E-12
         1.000157713890076E+00        -4.506104644974585E-08        -4.863810049160477E-11
         1.000278592109680E+00        -3.054336445984518E-07         7.883155239696293E-11
         1.000178337097168E+00        -1.319618547768187E-07         3.433858405954560E-11
         1.000165224075317E+00        -8.738219592352436E-10        -2.630060232100551E-11
         1.000254869461060E+00        -9.042199877740131E-08         1.468345410537975E-11
         1.000161886215210E+00         1.818630690486600E-09        -1.057829778633446E-11
         9.999709129333496E-01         4.785262603945739E-07        -2.318208125462462E-10
         9.998821616172791E-01         5.988341627016780E-07        -2.640543339538226E-10
         1.000028610229492E+00         4.506840127760370E-07        -1.991104781051689E-10
         1.000182032585144E+00         3.420091232442246E-08        -4.512680853996365E-11
         1.000342726707458E+00        -6.939699801478127E-07         2.482037353424005E-10
         1.000205397605896E+00        -3.345011805322429E-07         7.741048774212445E-11
         1.000292778015137E+00        -4.881667905465292E-07         1.257937920495777E-10
         1.000134229660034E+00        -3.291488894774375E-07         8.118359456910085E-11
         1.000019669532776E+00         1.179285717967105E-07        -7.747245900358024E-11
         9.998627305030823E-01         2.566566479345056E-07        -1.104591557110624E-10
         9.997808337211609E-01         5.709379635732148E-08        -2.180782290861494E-11
         9.998185634613037E-01        -1.692658599949937E-07         7.110282501665566E-11
         9.999317526817322E-01        -1.898242061315614E-07         9.957561164508633E-11
         9.997869133949280E-01         3.164531747756882E-08         3.514784296942963E-11
         9.999679923057556E-01        -6.013015081407502E-07         2.917177333028320E-10
         1.000116348266602E+00        -6.578489433195500E-07         2.760300876758492E-10
         1.000213980674744E+00        -7.142194817788550E-07         3.078171328940726E-10
         1.000106453895569E+00        -5.621403715849738E-07         2.546582666962394E-10
         1.000068783760071E+00        -4.274698142125999E-07         1.749519418225987E-10
         1.000122904777527E+00        -3.173347806750826E-07         1.147247782884442E-10
         9.998781085014343E-01         1.777858642526553E-07        -7.004737068161404E-11
         9.998092055320740E-01        -2.368267004726476E-08         1.453913205107238E-11
         9.995409846305847E-01         3.847846699045476E-07        -1.337402411039079E-10
         9.997620582580566E-01         1.377582492523288E-08         2.628356733647141E-12
         9.997139573097229E-01         2.563888124029745E-08        -2.674792505541479E-11
         9.996787309646606E-01        -1.960324311767181E-07         5.188386525967204E-11
         9.995131492614746E-01         1.002886484968712E-08        -1.132935065206730E-11
         9.994277358055115E-01         2.063219994852261E-07        -6.614334080445872E-11
         9.994264841079712E-01         2.595166392893589E-07        -1.126825160957523E-10
         9.991796016693115E-01         4.644965372335719E-07        -1.726509907262752E-10
         9.991798400878906E-01         2.126650713307754E-07        -8.369271942143541E-11
         9.989753961563110E-01         4.038221845803491E-07        -1.592274784245618E-10
         9.989583492279053E-01         7.410416458242253E-08        -1.069838878944851E-12
         9.988486766815186E-01        -4.315218404826737E-08         3.300761400315544E-11
         9.988223314285278E-01        -1.339313087100891E-07         6.110634220846123E-11
         9.989811182022095E-01        -3.995571944415133E-07         1.606824950872721E-10
         9.987853169441223E-01        -1.610861204426328E-07         6.571341387706653E-11
         9.987326860427856E-01        -3.316089589588955E-07         1.092895218768319E-10
         9.986440539360046E-01        -6.420229965442559E-07         2.347615712938733E-10
         9.985573887825012E-01        -7.761451570331701E-07         2.880420624240543E-10
         9.985930919647217E-01        -8.260885806521401E-07         3.050401042870021E-10
         9.985532164573669E-01        -8.637392170385283E-07         3.292996986203889E-10
         9.983875155448914E-01        -8.883342275112227E-07         3.636011491892077E-10
         9.980919361114502E-01        -7.498949798900867E-07         2.984032743125198E-10
         9.978565573692322E-01        -5.961120450592716E-07         2.484454308948614E-10
         9.978535771369934E-01        -6.145553470560117E-07         2.519743302897837E-10
         9.978142380714417E-01        -8.189817322090676E-07         3.337512211043503E-10
         9.976461529731750E-01        -7.983397836142103E-07         3.110203761202968E-10
         9.974609017372131E-01        -8.029073796933517E-07         3.068028608943507E-10
         0.000000000000000E+00         0.000000000000000E+00         0.000000000000000E+00
         0.000000000000000E+00         0.000000000000000E+00         0.000000000000000E+00
         0.000000000000000E+00         0.000000000000000E+00         0.000000000000000E+00
         0.000000000000000E+00         0.000000000000000E+00         0.000000000000000E+00
         0.000000000000000E+00         0.000000000000000E+00         0.000000000000000E+00
         0.000000000000000E+00         0.000000000000000E+00         0.000000000000000E+00
         0.000000000000000E+00         0.000000000000000E+00         0.000000000000000E+00
         1.003026485443115E+00        -8.293441311479910E-08         4.859349728159046E-11
         1.002999544143677E+00        -1.848491706368804E-07         8.393469252965247E-11
         1.002797365188599E+00         3.082774640006392E-07        -1.183320663677989E-10
         1.002622246742249E+00         2.737386921580764E-07        -1.122412718324028E-10
         1.002655386924744E+00        -1.007991556889465E-07         1.307274254125357E-11
         1.002520322799683E+00        -7.209640529026728E-08         5.133172099186512E-12
         1.002452492713928E+00        -2.401462779744179E-07         7.050982714362775E-11
         1.002293348312378E+00        -4.944329816680693E-07         1.793526160920322E-10
         1.001711845397949E+00         2.627667186061444E-07        -1.238971009120959E-10
         1.001459717750549E+00         5.514141321327770E-07        -2.313687574861945E-10
         1.001632332801819E+00         2.632222901866044E-07        -1.369652308236269E-10
         1.001576304435730E+00         3.254668001773098E-07        -1.414494216200879E-10
         1.001556992530823E+00         1.891734910941523E-07        -8.624605196683177E-11
         1.001469731330872E+00         2.004577339675961E-07        -1.061287585590875E-10
         1.001567244529724E+00        -3.204572749382351E-07         1.406059851882802E-10
         1.001391530036926E+00         1.521476207244632E-07        -5.279801248980753E-11
         1.001368165016174E+00         1.736619168468678E-07        -6.535155749887167E-11
         1.001090168952942E+00         2.818858035880112E-07        -1.121613149579481E-10
         1.000868439674377E+00         3.331594768951618E-07        -1.279370914764044E-10
         1.000710725784302E+00         2.852317493307055E-07        -1.287857043230645E-10
         1.000731110572815E+00        -2.237874952015773E-08        -1.640923161239094E-11
         1.000676989555359E+00         4.343725734656800E-08        -6.691756870846888E-11
         1.000477313995361E+00         9.533721367915859E-08        -6.727105678061562E-11
         1.000274658203125E+00         1.916162659654219E-07        -9.048090748864368E-11
         1.000134706497192E+00         1.785461023473545E-07        -8.382924909788869E-11
         9.999703764915466E-01         2.855489640296582E-07        -1.195166882128618E-10
         9.999624490737915E-01         3.775846550979622E-07        -1.387914783101962E-10
         9.999235868453979E-01         1.945595329289063E-07        -3.752179816851609E-11
         9.998543858528137E-01         2.536103806960455E-07        -7.217431513550920E-11
         9.999082684516907E-01         3.214309742816113E-07        -1.159622120550097E-10
         9.998442530632019E-01         3.735724192210910E-07        -1.624171769298854E-10
         9.996951222419739E-01         7.620579367539904E-07        -3.376609547522946E-10
         1.000088691711426E+00         2.204623967827501E-07        -1.136762975417760E-10
         9.999679327011108E-01         2.395431408785953E-07        -9.728612360149214E-11
         9.997034668922424E-01         5.866751280336757E-07        -2.188287329119021E-10
         9.997628927230835E-01         2.977220958655380E-07        -1.431214591285368E-10
         9.996817111968994E-01         1.845016299739655E-07        -1.125054494011124E-10
         9.993656277656555E-01         7.479225132556166E-07        -2.922296848950623E-10
         9.995579123497009E-01         5.608052333627711E-07        -2.363407802796758E-10
         9.993919730186462E-01         8.515681315657275E-07        -3.328161080062841E-10
         9.992890954017639E-01         8.735658525438339E-07        -3.298780693050674E-10
         9.993766546249390E-01         4.923664391753846E-07        -1.791242015825034E-10
         9.993739724159241E-01         5.492411219165660E-07        -2.338315652217204E-10
         9.995869994163513E-01         4.822678647542489E-07        -2.177470148634342E-10
         9.997565150260925E-01         2.235604910083566E-07        -8.579045807088903E-11
         9.995133876800537E-01         6.420470413104340E-07        -2.430235179762263E-10
         9.996005296707153E-01         3.935431607260398E-07        -1.308030073143840E-10
         9.995709061622620E-01         4.085094928996114E-07        -1.319222647788720E-10
         9.996839165687561E-01         3.747512948848453E-07        -1.215261641318577E-10
         9.995813369750977E-01         6.975677138143510E-07        -2.684742150815822E-10
         9.999097585678101E-01         3.301818765066855E-07        -1.479535105541885E-10
         1.000222444534302E+00        -1.994932041782249E-08        -3.409218393701785E-11
         1.000252723693848E+00         9.021076330384403E-09        -5.661541721546648E-11
         1.000091671943665E+00         1.153336270931504E-07        -6.861426704585227E-11
         9.999922513961792E-01        -6.773090888145816E-08         2.670080823108378E-11
         9.999555349349976E-01        -1.170454737575710E-07         5.416310108752320E-11
         9.999729394912720E-01        -2.138151842245861E-07         9.599081945976806E-11
         9.998462796211243E-01        -1.702226484212588E-07         7.811222502152049E-11
         9.996815919876099E-01         9.719811089325958E-08        -2.852086448956737E-11
         9.997169971466064E-01        -7.660788270413832E-08         4.461098504493499E-11
         9.996496438980103E-01         4.705621137190974E-08        -9.472898160334253E-12
         9.997064471244812E-01        -2.015478770545087E-07         8.423410580160606E-11
         9.996405839920044E-01        -7.861449802248899E-08         2.957331948771902E-11
         9.995563626289368E-01         1.492061727503824E-07        -5.459426660747724E-11
         9.994365572929382E-01         6.399686753866263E-07        -2.409920318857672E-10
         9.996172189712524E-01         1.970820875385471E-07        -3.083359609301617E-11
         9.996350407600403E-01        -1.090537882220133E-08         4.049508992021167E-11
         9.996294379234314E-01        -2.216927725839923E-07         1.277035838187501E-10
         9.994004368782043E-01         3.632895015925897E-07        -1.233394913979780E-10
         9.993630051612854E-01         5.933458169238293E-07        -2.301713403207728E-10
         9.996863603591919E-01         1.315392381684433E-07        -5.902514588207453E-11
         9.998161792755127E-01        -8.049109112562292E-08        -7.854325696776687E-12
         9.997788071632385E-01         8.126371398020638E-08        -7.473303226257499E-11
         9.997087717056274E-01        -5.459791729833796E-09        -3.421688973825887E-11
         9.995915889739990E-01        -7.449968819628339E-08        -1.809965588864260E-12
         9.995288252830505E-01        -3.360994682566343E-08        -4.151969133087130E-12
         9.994934797286987E-01        -7.679003211080726E-09         1.894685970615928E-11
         9.995556473731995E-01         3.317055927709589E-07        -9.361711406086215E-11
         9.997093081474304E-01         3.327663478103204E-07        -1.107937491751088E-10
         9.998738169670105E-01        -3.747403809484240E-08         5.077069320513772E-11
         9.997196197509766E-01         3.088845801357820E-07        -1.036312910485115E-10
         9.996753931045532E-01         4.619141122930159E-07        -1.660365872568903E-10
         9.997556805610657E-01         5.330010139914521E-07        -2.152574646308025E-10
         9.997822642326355E-01         3.945006312733312E-07        -1.739359906105520E-10
         1.000003933906555E+00         5.151806092840161E-09        -1.297119529841684E-11
         1.000099658966064E+00         1.846739223765326E-07        -6.840510102801289E-11
         1.000286936759949E+00        -1.412950751955577E-07         6.571892335882623E-11
         1.000308275222778E+00        -2.011400397350371E-07         8.099487053270238E-11
         9.999793767929077E-01         1.529176216763517E-07        -4.860634117420659E-11
         9.998785257339478E-01         1.234154325402415E-07        -9.615776924709607E-12
         1.000007271766663E+00         1.066117434334046E-07        -1.399927656436928E-11
         1.000066518783569E+00         1.435940077954001E-07        -4.471131451189159E-11
         9.999804496765137E-01        -6.688400588927834E-08         4.341908430016694E-11
         1.000031709671021E+00        -2.225039992254096E-07         1.107871849814757E-10
         9.997457265853882E-01         3.275927440427040E-07        -8.274273627373319E-11
         9.998338222503662E-01         7.039835736577515E-08         3.312815646805412E-11
         9.996191263198853E-01         4.314403554417368E-07        -1.068050856090075E-10
         9.996297359466553E-01         3.977995106652088E-07        -1.122766879468884E-10
         9.998368620872498E-01         9.272683065830734E-09         2.536012198850468E-11
         9.997168779373169E-01        -7.266311286002747E-08         7.074432706311029E-11
         9.997059702873230E-01         6.823231757380199E-09         1.424628470747535E-11
         9.996942877769470E-01         2.232035996030390E-07        -7.334726576102568E-11
         9.997762441635132E-01         1.712384261054467E-07        -4.645165155303665E-11
         9.999403357505798E-01        -1.405246621288825E-07         9.205493312069990E-11
         1.000219225883484E+00        -5.376494982556324E-07         2.466305493165066E-10
         1.000221371650696E+00        -3.080488681916904E-07         1.300416163640961E-10
         1.000299096107483E+00        -4.388081151773804E-07         1.619188116919190E-10
         1.000164151191711E+00        -3.370342938069371E-07         1.275268224354420E-10
         1.000118136405945E+00        -1.742500046475470E-07         6.997061957614292E-11
         1.000175833702087E+00        -2.479653460341069E-07         1.048969036632208E-10
         1.000407218933105E+00        -5.007138952350942E-07         1.966400237085608E-10
         1.000378131866455E+00        -4.873428451901418E-07         1.887738299011232E-10
         1.000137329101562E+00         9.480131346606413E-09        -3.024626729630775E-11
         1.000089645385742E+00         2.440411321913416E-07        -1.335329069540592E-10
         1.000070571899414E+00         2.839315129676834E-07        -1.396095877792547E-10
         1.000266551971436E+00        -9.776300657904358E-08        -1.657522209763673E-11
         1.000014781951904E+00         1.706142143120815E-07        -8.824714570199177E-11
         1.000097155570984E+00         7.036084070932702E-08        -5.367980365766911E-11
         1.000103116035461E+00         1.162637346396878E-07        -7.031710630434063E-11
         9.999344944953918E-01         3.571609568098211E-07        -1.542376365515352E-10
         9.999631643295288E-01         3.899508840277122E-07        -1.495034929188677E-10
         9.999749660491943E-01         1.038163475186593E-07        -1.727487250469117E-11
         1.000023365020752E+00         1.649015501925533E-07        -5.024820837196131E-11
         1.000229716300964E+00         6.217047854306657E-08        -2.831701539918186E-11
         1.000220179557800E+00         1.507787885657308E-07        -4.508328779739834E-11
         1.000093460083008E+00         2.463443991018721E-07        -7.227753118232982E-11
         1.000371217727661E+00        -6.015278586346540E-08         4.277354512249865E-11
         1.000448703765869E+00        -1.424828610652185E-07         8.027885300965210E-11
         1.000375747680664E+00         7.234715582171702E-08        -1.230317497186162E-11
         1.000314712524414E+00         2.526257674162480E-07        -9.759513336371484E-11
         1.000262498855591E+00         1.108471536781508E-08         9.834820674861633E-13
         1.000232458114624E+00        -2.216559380485705E-07         8.926012706744757E-11
         9.998500347137451E-01         4.518722107604844E-07        -1.678836930585348E-10
         1.000200629234314E+00        -7.612977981352742E-08         4.371619385934444E-11
         1.000371932983398E+00        -1.474460873396310E-07         5.634668426290901E-11
         9.998672008514404E-01         2.152190461401915E-07        -7.273937008278608E-11
         1.000008821487427E+00        -3.497124794193951E-07         1.681737110681425E-10
         9.999394416809082E-01        -7.410615410208266E-08         6.408693020709677E-11
         9.998782873153687E-01        -1.536729712370288E-07         9.109616533331533E-11
         9.997680187225342E-01        -3.749507371253458E-08         4.028216996077028E-11
         9.997679591178894E-01        -8.601654855056040E-08         5.364597308044061E-11
         9.998693466186523E-01        -2.804886776175408E-07         1.165709334616238E-10
         9.997511506080627E-01        -1.993877702943792E-07         7.374107574564803E-11
         9.993125796318054E-01         2.201451394512333E-07        -7.470391666375420E-11
         9.995333552360535E-01        -6.939941243899739E-08         2.242063826263241E-11
         9.993616342544556E-01         3.143752280720946E-08         1.897249284760205E-12
         9.991109967231750E-01         9.530079978503636E-07        -3.807709980652163E-10
         9.998502135276794E-01        -2.292539704740193E-07         1.008731570495414E-10
         9.998362064361572E-01         2.972053358973881E-08         6.965555736371254E-12
         1.000072002410889E+00        -2.357079864623302E-07         1.184994463665490E-10
         1.000112175941467E+00        -1.764855426245049E-07         9.358652741653373E-11
         1.000194311141968E+00        -3.107365671439766E-07         1.491264334241293E-10
         9.997882843017578E-01         1.622046426064117E-07        -2.889324196564402E-11
         9.995531439781189E-01         3.250904399010324E-07        -7.936056672930292E-11
         9.995037317276001E-01         1.095220980573686E-07        -2.201679160165892E-12
         9.992948770523071E-01         4.931420676257403E-07        -1.851180042589107E-10
         9.991463422775269E-01         4.400599493692425E-07        -1.648882003157937E-10
         9.993790984153748E-01        -3.613925514400762E-07         1.276220656931670E-10
         9.992470741271973E-01        -3.731387607786019E-07         1.264968824132851E-10
         9.990093708038330E-01        -1.874496859954888E-07         6.472618968578203E-11
         9.988209605216980E-01        -1.294881144531246E-07         5.670523078871170E-11
         9.989432692527771E-01        -4.551179983991460E-07         1.844219360558341E-10
         9.988793134689331E-01        -7.377170732070226E-07         2.788292929878367E-10
         9.984641671180725E-01        -3.717335914643627E-07         1.132401741821276E-10
         9.985308051109314E-01        -9.364711672787962E-07         3.452035046702662E-10
         9.982469677925110E-01        -4.820790877602121E-07         1.799781434996817E-10
         9.981288313865662E-01        -5.334712227522687E-07         1.798191040514041E-10
         9.980838298797607E-01        -7.422073053930944E-07         2.743609228694766E-10
         9.977233409881592E-01        -7.219244935185998E-07         2.738562709936332E-10
         9.973684549331665E-01        -4.580761014949530E-07         1.613541938949581E-10
         9.973369240760803E-01        -6.797274636483053E-07         2.261969639372197E-10
         9.972400069236755E-01        -8.770654176259995E-07         3.255993807904645E-10
         9.970490336418152E-01        -6.743100016137760E-07         2.473091176291575E-10
         9.969126582145691E-01        -7.020747148089868E-07         2.561747203255749E-10
         9.966562390327454E-01        -6.083643597776245E-07         2.229438855749777E-10
         9.965173006057739E-01        -7.663978749405942E-07         2.926938413860825E-10
         9.962264895439148E-01        -5.477478453030926E-07         2.307679602964186E-10
         0.000000000000000E+00         0.000000000000000E+00         0.000000000000000E+00
         0.000000000000000E+00         0.000000000000000E+00         0.000000000000000E+00
         0.000000000000000E+00         0.000000000000000E+00         0.000000000000000E+00
         0.000000000000000E+00         0.000000000000000E+00         0.000000000000000E+00
         0.000000000000000E+00         0.000000000000000E+00         0.000000000000000E+00
         0.000000000000000E+00         0.000000000000000E+00         0.000000000000000E+00
         0.000000000000000E+00         0.000000000000000E+00         0.000000000000000E+00
         1.003422975540161E+00         8.279922667497885E-07        -2.935880150101156E-10
         1.003490686416626E+00         5.431584213511087E-07        -1.780846858867591E-10
         1.003337025642395E+00         4.906132176074607E-07        -1.618141731718481E-10
         1.003234982490540E+00         6.196792696755438E-07        -2.404878796102849E-10
         1.003087401390076E+00         6.204513738339301E-07        -2.252589087481383E-10
         1.002849102020264E+00         6.763344799765036E-07        -2.401338294877320E-10
         1.002549171447754E+00         7.804459869475977E-07        -2.783273889139792E-10
         1.002426266670227E+00         6.843010282864270E-07        -2.420674216629948E-10
         1.002403020858765E+00         5.861941190232756E-07        -2.038007401727882E-10
         1.002372145652771E+00         5.536563207897416E-07        -2.068802351651300E-10
         1.002404212951660E+00         3.232257768104319E-07        -1.236307167751249E-10
         1.002231717109680E+00         4.091406538009323E-07        -1.767746088399136E-10
         1.002131462097168E+00         3.263679104748007E-07        -1.361307178093796E-10
         1.001920223236084E+00         4.885674798060791E-07        -1.914726988072601E-10
         1.001681447029114E+00         5.743262931900972E-07        -2.246602487376848E-10
         1.001524925231934E+00         3.448057270816207E-07        -1.249716580220550E-10
         1.001336812973022E+00         3.037510509784624E-07        -1.024852078201910E-10
         1.001144170761108E+00         3.008047997354879E-07        -9.192918648537329E-11
         1.001007199287415E+00         2.430390679819538E-07        -8.587326683073826E-11
         1.001029729843140E+00         1.713783959189641E-08        -4.917238057705609E-12
         1.000955820083618E+00        -1.251066947816071E-07         5.380983505998138E-11
         1.000925898551941E+00        -2.852062550573464E-07         1.208581290601529E-10
         1.000767230987549E+00        -4.782122573487868E-07         2.002281812574225E-10
         1.000617623329163E+00        -4.975687488695257E-07         2.095232876087039E-10
         1.000525474548340E+00        -5.296088829709333E-07         2.135899096478155E-10
         1.000319480895996E+00        -3.892001529948175E-07         1.533168592082745E-10
         1.000218749046326E+00        -2.206520832714887E-07         9.172817366787100E-11
         1.000140190124512E+00        -4.410966525369986E-08         4.324532398847225E-11
         1.000056028366089E+00         3.200816678372576E-08         1.424275541256348E-11
         9.999973773956299E-01         2.915396102309842E-08         7.007668750835805E-12
         9.998906850814819E-01         1.037220656030513E-07        -1.804559626727986E-11
         9.998117685317993E-01         1.721795968023798E-07        -4.669536979307054E-11
         9.996990561485291E-01         1.653403955970134E-07        -4.652400686921965E-11
         9.995482563972473E-01         3.068550142870663E-07        -8.983727650679896E-11
         9.995222687721252E-01         5.160383125257795E-07        -1.780962877173664E-10
         9.997062087059021E-01         1.844462218514309E-07        -5.965902771798426E-11
         9.996325969696045E-01         5.117393016007554E-07        -1.967751100950821E-10
         9.998300671577454E-01         4.020787969238881E-07        -1.465185334170727E-10
         9.999211430549622E-01         3.031051676316565E-07        -8.977319582159637E-11
         1.000145196914673E+00         1.814089785057149E-07        -3.055729627665649E-11
         1.000264167785645E+00         2.037186135339653E-07        -5.045905707157239E-11
         1.000370025634766E+00         1.757857575057642E-07        -5.565634758619709E-11
         1.000375390052795E+00         1.010960559710838E-07        -3.055094371928746E-11
         1.000191807746887E+00         2.093821365178883E-07        -6.747254838179728E-11
         1.000346541404724E+00         3.449326868576463E-08        -2.474498037030592E-11
         1.000443100929260E+00        -1.476384596799107E-07         4.442890153000256E-11
         1.000434160232544E+00        -2.431276300285390E-07         7.910998939264502E-11
         1.000419378280640E+00        -4.060879632561409E-07         1.359670015466108E-10
         1.000252485275269E+00        -7.075594510297378E-08        -1.241063155021926E-11
         1.000265240669250E+00        -3.617270749600721E-07         1.389138248875099E-10
         1.000006198883057E+00        -9.150066659913136E-08         2.119008961354307E-11
         9.999843239784241E-01        -1.978442725203422E-07         5.714965306546915E-11
         9.999729990959167E-01        -7.476629804159529E-08         2.742320433235523E-11
         9.999747276306152E-01         1.804462890220293E-08         8.309141135559583E-13
         1.000127911567688E+00         1.013588999398962E-07        -2.831720795348769E-11
         1.000285625457764E+00        -1.012369281738756E-07         4.072110704189669E-11
         1.000066637992859E+00         1.975054857439318E-07        -7.594731094018314E-11
         9.999576807022095E-01         1.790931918321803E-07        -5.522142465519408E-11
         9.999118447303772E-01         6.610082436964149E-08        -1.520274184318993E-11
         9.996967911720276E-01         3.978154552441993E-07        -1.475496530511933E-10
         9.995892047882080E-01         3.892479298883700E-07        -1.158673018641920E-10
         9.996219873428345E-01         2.557524965141056E-07        -7.020886649833358E-11
         9.996260404586792E-01         1.811044825217323E-07        -5.697911240054587E-11
         9.994732141494751E-01         1.559982507615132E-07        -3.846943250063184E-11
         9.994581937789917E-01         1.149224715391028E-08         1.306180771182275E-11
         9.994176030158997E-01         2.892802228871005E-07        -9.710170167931409E-11
         9.993118643760681E-01         5.738558002121863E-07        -2.047942926353130E-10
         9.992278814315796E-01         7.266532406902115E-07        -2.642389640428178E-10
         9.994368553161621E-01         7.160261930039269E-07        -2.605149984624688E-10
         9.994413256645203E-01         8.766068049226305E-07        -3.132118175930287E-10
         9.998123049736023E-01         4.798868644684262E-07        -1.796046922297734E-10
         9.998292922973633E-01         3.457252546468226E-07        -1.167202584584359E-10
         9.997084140777588E-01         3.500419438751123E-07        -1.338141819573480E-10
         9.997476935386658E-01         2.037705257862399E-07        -7.845037813813960E-11
         9.998400211334229E-01        -2.224736128653149E-08        -8.595243440601141E-12
         1.000040411949158E+00        -1.252461743206368E-07         2.539413644642163E-11
         1.000027179718018E+00        -6.802218166512830E-08         1.219460730311761E-11
         9.999768137931824E-01         3.416300486946966E-08        -3.496084324816628E-11
         9.998357892036438E-01         4.538735254300263E-08        -4.628770283732209E-11
         9.997894167900085E-01         5.880600895125099E-08        -4.130914013633635E-11
         9.997346997261047E-01         1.191382068554958E-07        -6.114268119583599E-11
         9.997043013572693E-01         1.300600160902832E-07        -6.064891644452786E-11
         9.997090101242065E-01         1.875996957778625E-07        -8.910324561517413E-11
         9.996524453163147E-01         3.337046052820369E-07        -1.315416942038183E-10
         9.997816085815430E-01         1.280824761806798E-07        -6.080503461847186E-11
         9.997184872627258E-01         1.749081519619722E-07        -6.750420361578691E-11
         9.995998740196228E-01         1.452419269298844E-07        -2.385620000155964E-11
         9.996238350868225E-01         1.647417064987167E-07        -2.189740576363786E-11
         9.996518492698669E-01         1.423178161985561E-07        -8.356032879519582E-12
         9.995006322860718E-01         3.710715645866003E-07        -1.128764859359421E-10
         9.995680451393127E-01         2.616523033793783E-07        -7.716235289612072E-11
         9.997747540473938E-01        -1.543165808470803E-07         6.287843162811058E-11
         9.995407462120056E-01         8.774250659371319E-08        -3.125576186757684E-11
         9.993848204612732E-01         1.406678080684287E-07        -5.329765448425228E-11
         9.992697238922119E-01         2.913561445438972E-07        -9.300537423539978E-11
         9.991168975830078E-01         5.033424486100557E-07        -1.603719101961332E-10
         9.994226098060608E-01         2.230074329645504E-07        -6.410885017293921E-11
         9.994670748710632E-01         3.133819745926303E-07        -9.873044742869652E-11
         9.996804594993591E-01         1.647284051387032E-07        -2.940357679559469E-11
         9.997153878211975E-01         1.518027659130894E-07        -3.675331913810531E-11
         0.000000000000000E+00         0.000000000000000E+00         0.000000000000000E+00
         9.995905160903931E-01         3.083348758536886E-07        -8.965620607037650E-11
         1.000010251998901E+00         1.692997244617800E-07        -4.635054146051587E-11
         1.000004172325134E+00         3.128338903479744E-07        -1.027963408839483E-10
         1.000099301338196E+00         4.545820218027075E-07        -1.746486150144833E-10
         1.000265836715698E+00         1.918695176073015E-07        -4.734619987734057E-11
         1.000276923179626E+00         1.453306168741619E-07        -2.878142862927646E-11
         1.000161886215210E+00         3.461522908310144E-07        -1.034300145530409E-10
         1.000169396400452E+00         2.531852771880949E-07        -5.895217647378104E-11
         1.000275969505310E+00         1.418451063273096E-07        -2.496378624650131E-11
         1.000436544418335E+00        -1.362036528007593E-07         6.006622976784115E-11
         1.000413417816162E+00        -1.491414423071546E-07         5.311703854538052E-11
         1.000392317771912E+00        -1.537528220296736E-07         5.175756004338616E-11
         1.000276207923889E+00        -1.551640451680214E-07         4.723795313243961E-11
         1.000161290168762E+00        -2.530107110487734E-07         9.445054460766045E-11
         9.999226331710815E-01        -2.615517935566913E-08         2.114225981786344E-11
         9.998345971107483E-01         7.342817553990244E-08        -3.831399173620520E-13
         9.998809099197388E-01         2.715932794217224E-07        -1.073212144153679E-10
         9.998689293861389E-01         2.562415204465651E-07        -9.758075597554594E-11
         9.998691082000732E-01         1.533060896008465E-07        -5.110491890780722E-11
         9.998689293861389E-01         5.994762464212045E-09        -5.038599745765815E-12
         9.999306797981262E-01        -2.377014851617787E-07         1.022524773186539E-10
         9.999794363975525E-01        -2.195624517753458E-07         7.458611506194757E-11
         1.000056028366089E+00        -1.736992487622047E-07         5.910976569323267E-11
         1.000090718269348E+00        -2.466658770572394E-07         9.060373978853065E-11
         9.998910427093506E-01        -2.012870368162112E-07         8.604139623002993E-11
         9.997929334640503E-01        -1.444116151105845E-07         4.772926498475272E-11
         9.998760819435120E-01        -2.324155587984933E-07         6.530460200382393E-11
         9.997339248657227E-01        -1.855097906400260E-07         4.713071946604863E-11
         9.995689988136292E-01        -6.442136424311684E-08         9.802697716054798E-12
         9.995322823524475E-01         2.201181530381291E-07        -9.512336057726500E-11
         9.994494915008545E-01         2.422498539544904E-07        -9.244459364676771E-11
         9.996367096900940E-01         3.768285239402758E-08        -1.564004481480197E-11
         9.998850226402283E-01        -1.432887302144081E-07         3.733443762476973E-11
         9.999276399612427E-01         2.197543258475321E-10        -1.761570598592110E-12
         9.998447895050049E-01         1.443012394020116E-07        -6.129442786662054E-11
         9.998963475227356E-01        -8.392221673148015E-08         3.480610244466220E-11
         9.999797344207764E-01        -1.012973456226973E-07         3.563459943789482E-11
         1.000102400779724E+00        -2.036736646005011E-07         6.806398500369681E-11
         1.000098705291748E+00        -2.359922177674889E-07         7.954053388159465E-11
         1.000189304351807E+00        -4.070038812642451E-07         1.581730441069240E-10
         1.000288009643555E+00        -3.003775645993301E-07         1.036940394660846E-10
         1.000232577323914E+00        -1.834842748849042E-07         6.715642625332308E-11
         1.000446200370789E+00        -3.403220318887179E-07         1.251928283263481E-10
         1.000323653221130E+00        -2.702852830438474E-09         1.057800288334354E-11
         1.000379800796509E+00        -1.747772557791905E-07         6.832214655139168E-11
         1.000328063964844E+00        -1.033834209351880E-07         2.340654579879864E-11
         1.000411748886108E+00        -4.095955148386565E-07         1.572122154680500E-10
         1.000407695770264E+00        -3.983963665632473E-07         1.480067457482193E-10
         1.000594139099121E+00        -6.669119443358795E-07         2.463738102420621E-10
         1.000524997711182E+00        -6.170755568746245E-07         2.321549757988706E-10
         1.000723600387573E+00        -8.942253657551191E-07         3.301403594946350E-10
         1.000769376754761E+00        -9.517850116935733E-07         3.418060279258839E-10
         1.000518798828125E+00        -8.009192242752761E-07         2.819933730968671E-10
         1.000295281410217E+00        -7.031231348264555E-07         2.612071947627470E-10
         9.999514222145081E-01        -3.669354384783219E-07         1.389244969063341E-10
         9.999555945396423E-01        -5.419149715635285E-07         1.884496586557205E-10
         9.995049238204956E-01        -2.236341742900549E-07         8.678330970512960E-11
         9.991544485092163E-01        -4.929416164145550E-08         2.712627518441924E-11
         9.989031553268433E-01         6.731972490570115E-08        -1.967303923933184E-11
         9.986614584922791E-01         8.911403881484148E-08        -1.649911110512825E-11
         9.985186457633972E-01         1.025972622414884E-07        -9.862821497008678E-12
         9.985301494598389E-01        -6.918850203874172E-08         3.815770616144576E-11
         9.983283281326294E-01         3.521149594121198E-08        -1.403512549236208E-11
         9.983146786689758E-01        -2.184144847205971E-07         7.828264425580045E-11
         9.980048537254333E-01         1.221774681425813E-07        -5.705274447320718E-11
         9.978187680244446E-01         1.325403076180010E-07        -5.999192115302421E-11
         9.976540207862854E-01         1.718370583603246E-07        -7.931755946488650E-11
         9.974740743637085E-01         2.644106587013084E-07        -1.028563206828537E-10
         9.972097873687744E-01         3.118167626325885E-07        -1.259959081512108E-10
         9.968462586402893E-01         3.584807757306407E-07        -1.379004826995711E-10
         9.968483448028564E-01         1.120904897788932E-07        -5.249499446247086E-11
         9.965822696685791E-01         1.536370035637447E-07        -6.926208911961496E-11
         9.964055418968201E-01         1.275989518489951E-07        -7.519829203772588E-11
         9.961079359054565E-01         2.710750095502590E-07        -1.283350092862179E-10
         9.959355592727661E-01         2.114470447622807E-07        -9.462598760112684E-11
         9.956087470054626E-01         7.422067938023247E-08        -4.824191740526729E-11
         9.953390955924988E-01         1.518867946970204E-07        -7.884693592474790E-11
         0.000000000000000E+00         0.000000000000000E+00         0.000000000000000E+00
         0.000000000000000E+00         0.000000000000000E+00         0.000000000000000E+00
         0.000000000000000E+00         0.000000000000000E+00         0.000000000000000E+00
         0.000000000000000E+00         0.000000000000000E+00         0.000000000000000E+00
         0.000000000000000E+00         0.000000000000000E+00         0.000000000000000E+00
         0.000000000000000E+00         0.000000000000000E+00         0.000000000000000E+00
         0.000000000000000E+00         0.000000000000000E+00         0.000000000000000E+00
         0.000000000000000E+00         0.000000000000000E+00         0.000000000000000E+00
         1.004003643989563E+00        -9.537999545727871E-08         7.654681749569292E-11
         1.004084348678589E+00        -6.351153842842905E-07         2.762815809465025E-10
         1.003792285919189E+00        -3.414635045828618E-07         1.545339689545955E-10
         1.003640055656433E+00        -3.655866009921738E-07         1.509978947433765E-10
         1.003625512123108E+00        -6.449196234825649E-07         2.542641652780731E-10
         1.003263950347900E+00        -2.086795802824781E-07         9.449980381548428E-11
         1.003377437591553E+00        -6.229997211448790E-07         2.151029215857747E-10
         1.003208041191101E+00        -6.168338586576283E-07         2.207381361030158E-10
         1.002994537353516E+00        -5.883641733817058E-07         2.128585918637071E-10
         1.002497553825378E+00        -5.023935045755934E-08         2.983562008562757E-11
         1.002690792083740E+00        -7.777969130984275E-07         2.904303741946279E-10
         1.002422928810120E+00        -6.898499123053625E-07         2.489012884687725E-10
         1.002126097679138E+00        -5.729636427531659E-07         1.985042824559358E-10
         1.002040624618530E+00        -5.051367111263971E-07         1.771916779969018E-10
         1.001769900321960E+00        -3.707940399166887E-09         4.295789418629070E-12
         1.001760005950928E+00         1.289269420112760E-07        -5.040416695134553E-11
         1.001738905906677E+00         2.081465169112562E-07        -7.757808284658552E-11
         1.001495122909546E+00         3.205845473530644E-07        -1.045008940492309E-10
         1.001204013824463E+00         4.430553133261128E-07        -1.417897049771355E-10
         1.000980138778687E+00         4.564017785924079E-07        -1.238328606323336E-10
         1.000710964202881E+00         4.678983884787158E-07        -1.205895105993449E-10
         1.000671386718750E+00        -1.303403962538141E-07         1.005897101724607E-10
         1.000175952911377E+00         2.802270273605245E-07        -4.895348709732517E-11
         1.000025391578674E+00         3.642849151219707E-07        -8.259402189958465E-11
         9.999977946281433E-01         1.557284292630357E-07        -1.721691018918836E-11
         9.997940063476562E-01         2.605244731057610E-07        -5.972575906065813E-11
         1.000159978866577E+00        -3.172007438934088E-07         1.589190307127453E-10
         9.998711347579956E-01         2.503090286154475E-07        -4.770754277738654E-11
         9.998103380203247E-01         4.503694412960613E-07        -1.257839249424464E-10
         1.000070452690125E+00         2.044305347226327E-07        -4.557589028397757E-11
         1.000145673751831E+00         1.551229473761850E-07        -4.530742794828235E-11
         1.000151395797729E+00         2.124060785035908E-07        -7.586040823293061E-11
         1.000156402587891E+00         2.419758118321624E-07        -8.446548321883185E-11
         1.000258564949036E+00        -3.200348075438342E-08         9.518984558920529E-12
         1.000297427177429E+00         1.132122129376967E-08        -9.275514384343708E-12
         1.000022649765015E+00         5.304090109348181E-07        -1.921335590626683E-10
         1.000214457511902E+00         1.397306590433800E-07        -3.945053311804614E-11
         1.000169396400452E+00         1.141616010613689E-07        -3.428431150087619E-11
         1.000287652015686E+00        -2.770038349808601E-07         9.860218891377670E-11
         1.000232696533203E+00        -2.320640959396769E-07         6.547210690266425E-11
         1.000128149986267E+00        -3.500474861084513E-07         9.807813589057801E-11
         1.000058650970459E+00        -1.294214087010914E-07         1.039186792173297E-11
         1.000150561332703E+00        -1.633225394925830E-07         5.285504672825070E-12
         1.000402331352234E+00        -5.522844617189548E-07         1.298895713208736E-10
         1.000251293182373E+00        -6.143139330561098E-08        -5.519883161664296E-11
         1.000302314758301E+00        -3.887766695243045E-07         8.053081118619687E-11
         1.000040411949158E+00         1.220015661829166E-07        -7.987219219351971E-11
         9.999925494194031E-01         6.697040078051941E-08        -5.385085780074128E-11
         9.999384880065918E-01         9.138775425299173E-08        -2.783253141847020E-11
         9.997628927230835E-01         7.782297473113431E-08        -1.750699238356468E-11
         9.997464418411255E-01         1.086151115714529E-07        -4.061348479744709E-11
         9.997997283935547E-01         1.877722866083786E-08         1.461688062254218E-11
         1.000034809112549E+00        -5.558032611929775E-08         4.873662931559331E-11
         1.000390291213989E+00        -2.203717883730860E-07         1.352336992388459E-10
         1.000514149665833E+00        -1.754407890075527E-07         8.693108038970720E-11
         1.000172615051270E+00         4.102285231510905E-07        -1.311191571984338E-10
         1.000441908836365E+00         1.909752000983644E-07        -8.984742810858037E-11
         1.000508069992065E+00         2.993198506828776E-07        -1.266527160925790E-10
         1.000437021255493E+00         2.280333148974023E-07        -8.169143139724611E-11
         1.000233769416809E+00         2.283025963834007E-07        -5.122330684614873E-11
         1.000284910202026E+00        -2.998486081651208E-08         2.543400559607001E-11
         1.000535130500793E+00        -6.968809316276747E-07         2.369253404577165E-10
         9.999405145645142E-01         1.939297220587832E-07        -6.795160267802913E-11
         9.999045133590698E-01         3.140125670597627E-07        -1.090735071707094E-10
         1.000002503395081E+00         3.155600722948293E-07        -1.072852154337944E-10
         9.999747276306152E-01         5.879234663552779E-07        -2.103370949635419E-10
         1.000010132789612E+00         4.288666559659760E-07        -1.546268668661810E-10
         9.998715519905090E-01         5.913671543567034E-07        -2.308393060035385E-10
         9.998520612716675E-01         3.461443895957927E-07        -1.409868055635144E-10
         9.997947216033936E-01         2.506968712623348E-07        -1.178223768549813E-10
         9.997586011886597E-01         3.148241205508384E-07        -1.286865891625411E-10
         9.998185634613037E-01         2.765440569874045E-07        -1.160117973908470E-10
         9.997786879539490E-01         3.414579339278134E-07        -1.400389387784529E-10
         9.996738433837891E-01         4.038602980926953E-07        -1.493973139643501E-10
         9.997094869613647E-01         3.904898733253503E-07        -1.271167199279333E-10
         9.997622966766357E-01         3.786907711855747E-07        -9.900023162368043E-11
         9.997313022613525E-01         3.932641448045615E-07        -1.102381935735863E-10
         9.997018575668335E-01         4.261736705757357E-07        -1.203298155560972E-10
         9.996464848518372E-01         3.246572930493130E-07        -7.520808281702429E-11
         9.997543692588806E-01         1.190879856949323E-07        -1.232624158992168E-11
         9.998466968536377E-01         9.636088549314081E-08        -1.842111359284804E-11
         9.998722672462463E-01         2.414701611996861E-07        -9.289282537627841E-11
         9.999185800552368E-01         1.147638215570623E-07        -4.818254475957851E-11
         1.000020503997803E+00        -1.007983883027919E-07         3.643654475360414E-11
         9.999983310699463E-01        -1.209213849051594E-07         5.016457388373752E-11
         9.998530745506287E-01        -6.139229924428946E-08         3.066508505455978E-11
         9.998594522476196E-01        -7.931714662845479E-08         4.193695044008017E-11
         9.998818635940552E-01         1.388971715421405E-10        -4.478824863068942E-12
         9.999684095382690E-01        -1.099354633993244E-07         4.354773833203929E-11
         1.000158786773682E+00        -2.495697515314532E-07         8.576600540877166E-11
         1.000308871269226E+00        -1.695308213811586E-07         4.908129458414123E-11
         1.000335931777954E+00        -1.292777227490660E-07         3.612123447571669E-11
         1.000240445137024E+00        -4.257124999185180E-07         1.205717192753752E-10
         1.000276207923889E+00        -3.797299541474786E-07         1.098311927516527E-10
         1.000121712684631E+00        -4.399414024192083E-07         1.468078436595022E-10
         1.000036001205444E+00        -6.071441021049395E-07         2.052986253220368E-10
         0.000000000000000E+00         0.000000000000000E+00         0.000000000000000E+00
         0.000000000000000E+00         0.000000000000000E+00         0.000000000000000E+00
         9.997771978378296E-01        -3.624791986567288E-07         1.453297066023040E-10
         9.999343752861023E-01        -9.129941247465467E-08         3.727049571744523E-11
         9.999379515647888E-01        -1.546416541486906E-07         5.825074450571677E-11
         9.997393488883972E-01         3.763591394090327E-07        -1.484400657947305E-10
         9.999807476997375E-01        -7.731357953844054E-08         1.747592869028036E-11
         1.000050067901611E+00        -2.197735824438496E-07         7.893215941967568E-11
         1.000233292579651E+00        -4.414104637362470E-07         1.747882810709811E-10
         1.000129103660583E+00        -4.654430085793138E-08         2.559768889909275E-11
         0.000000000000000E+00         0.000000000000000E+00         0.000000000000000E+00
         9.997249245643616E-01         3.493103861718083E-10         1.809947049007110E-12
         9.998351931571960E-01         1.213537075273052E-07        -2.120892524104523E-11
         9.997449517250061E-01         2.591657732864405E-07        -6.017991660556277E-11
         9.997968077659607E-01         1.936709566052741E-07        -3.237410339806956E-11
         0.000000000000000E+00         0.000000000000000E+00         0.000000000000000E+00
         0.000000000000000E+00         0.000000000000000E+00         0.000000000000000E+00
         9.993401169776917E-01         4.121602330542373E-07        -1.086758738555460E-10
         9.996106624603271E-01         4.356363945134945E-07        -1.176097552679778E-10
         9.996101260185242E-01         4.085684679466794E-07        -1.333641252987405E-10
         9.997925162315369E-01        -6.482218850578647E-08         1.444028143587905E-11
         9.997892379760742E-01         3.868747544544249E-09        -1.639000393738321E-11
         9.994725584983826E-01         7.606472536281217E-07        -2.901217877049334E-10
         9.995537996292114E-01         6.592453019038658E-07        -2.398098664091464E-10
         9.995172023773193E-01         5.281948460833519E-07        -1.871611199355527E-10
         9.998711943626404E-01        -2.548474853369953E-08        -1.348539661015502E-12
         9.996119141578674E-01         2.442798461288476E-07        -7.612391966782539E-11
         9.998838305473328E-01        -3.232610197301256E-07         1.033342161838036E-10
         9.994872212409973E-01         2.379982504407963E-07        -9.610979373464446E-11
         9.994990229606628E-01         4.271382749720942E-07        -1.652224052017814E-10
         9.994161725044250E-01         5.645718488267448E-07        -2.142468980004253E-10
         9.993199706077576E-01         8.268199280792032E-07        -3.098192258299548E-10
         9.994308352470398E-01         8.401831905757717E-07        -3.315573093853885E-10
         9.994342923164368E-01         9.224471568813897E-07        -3.603335962942822E-10
         9.994963407516479E-01         8.844384637995972E-07        -3.520521651978470E-10
         9.995920658111572E-01         8.556586408303701E-07        -3.601794418273130E-10
         9.996925592422485E-01         7.062142799441062E-07        -3.021807248870800E-10
         9.998010396957397E-01         6.049908165550733E-07        -2.706447010947244E-10
         9.997848868370056E-01         5.079826337350823E-07        -2.322377429253564E-10
         9.997263550758362E-01         4.906830781692406E-07        -2.260930609399026E-10
         9.996432065963745E-01         5.667561140398902E-07        -2.394188181042978E-10
         9.996864795684814E-01         5.301731675899646E-07        -2.092381823359801E-10
         9.998332262039185E-01         4.285909369627916E-07        -1.505997965223216E-10
         9.996693730354309E-01         4.320037874094851E-07        -1.352692263756339E-10
         9.996917247772217E-01         1.754668943476645E-07        -3.134138434890410E-11
         9.995529055595398E-01         3.548959455201839E-07        -8.849346255779267E-11
         9.996399283409119E-01         3.642561523520271E-07        -1.029424601117768E-10
         9.999654293060303E-01         4.158057720360375E-08        -6.040020046615968E-12
         9.999892711639404E-01        -3.115212621196406E-08         4.823135640874554E-11
         9.998909831047058E-01         8.666042816685149E-08         1.074509752008179E-11
         9.996251463890076E-01         3.781742350383865E-07        -9.428951369683247E-11
         9.997823834419250E-01         2.901524132070676E-09         3.968510589591467E-11
         1.000373125076294E+00        -1.146158865594771E-06         4.421991661729407E-10
         9.998862743377686E-01        -2.633377675920201E-07         1.639160196464928E-10
         9.999344944953918E-01        -2.573237338765466E-07         1.475803784733998E-10
         9.999737739562988E-01        -2.818420057337789E-07         1.668733207171869E-10
         1.000241875648499E+00        -5.705012426915346E-07         2.456695402663911E-10
         9.997851848602295E-01        -6.637466754000343E-08         6.675868191585721E-11
         9.997125267982483E-01        -1.163527656444785E-07         6.339124364318494E-11
         9.994562864303589E-01         1.304820358427605E-07        -4.210616924571475E-11
         9.992579221725464E-01         2.329780812715398E-07        -9.945547857492798E-11
         9.990075826644897E-01         3.181764895998640E-07        -1.452594711182087E-10
         9.987044930458069E-01         5.388595241129224E-07        -2.529779996596204E-10
         9.985205531120300E-01         4.944899956171867E-07        -2.353425510026597E-10
         9.984608888626099E-01         3.548446727563714E-07        -1.870350541111065E-10
         9.982853531837463E-01         4.628487033642159E-07        -2.303032209383105E-10
         9.980596899986267E-01         5.475903890328482E-07        -2.771406992785330E-10
         9.978330731391907E-01         6.031909265402646E-07        -2.970834411808454E-10
         9.977552294731140E-01         3.902681839917932E-07        -2.156876760528448E-10
         9.976912736892700E-01         1.659886379457021E-07        -1.174212671539721E-10
         9.974333643913269E-01         2.112790582486923E-07        -1.153195039460542E-10
         9.971401095390320E-01         1.797669426650828E-07        -8.113765909145698E-11
         9.967979192733765E-01         2.791772431010031E-07        -1.012309194803329E-10
         9.967268705368042E-01         1.090072316856094E-07        -4.312701237796368E-11
         9.966037273406982E-01         9.990213811761350E-08        -4.461614411255255E-11
         9.966269135475159E-01        -1.885966867121169E-07         4.803718534063250E-11
         9.963777661323547E-01        -9.394865685408149E-08         2.430479602300029E-11
         9.960504770278931E-01         6.375149297355165E-08        -1.848431650797178E-11
         9.959891438484192E-01         1.121502535283980E-07        -4.897596911357383E-11
         9.959771037101746E-01         1.307860912902470E-07        -8.173642318531904E-11
         9.959717988967896E-01        -4.204544623576112E-08        -2.465572884746692E-11
         9.957973957061768E-01        -1.580928170596962E-07        -2.791467404450465E-11
         0.000000000000000E+00         0.000000000000000E+00         0.000000000000000E+00
         0.000000000000000E+00         0.000000000000000E+00         0.000000000000000E+00
         0.000000000000000E+00         0.000000000000000E+00         0.000000000000000E+00
         0.000000000000000E+00         0.000000000000000E+00         0.000000000000000E+00
         0.000000000000000E+00         0.000000000000000E+00         0.000000000000000E+00
         0.000000000000000E+00         0.000000000000000E+00         0.000000000000000E+00
         0.000000000000000E+00         0.000000000000000E+00         0.000000000000000E+00
         1.004858732223511E+00         5.877379294361162E-08        -6.887930503740591E-11
         1.004640698432922E+00        -3.761284261827313E-08        -3.152402644479579E-11
         1.004245281219482E+00         2.257275326655872E-07        -1.194649656977020E-10
         1.004102826118469E+00         2.572516422105764E-08        -1.984811100197437E-11
         1.003940463066101E+00         6.404749797184195E-08        -2.733220247352897E-11
         1.003732442855835E+00         2.660246707364422E-07        -9.177514997960046E-11
         1.003633022308350E+00         1.599991037437576E-07        -8.063127249213764E-11
         1.003554821014404E+00         1.547142147728664E-07        -9.069054535126853E-11
         1.003427624702454E+00         1.834341674111784E-07        -1.368881952235057E-10
         1.003211259841919E+00        -2.211521810124850E-08        -3.470392029303326E-11
         1.002674221992493E+00         3.988340608884755E-07        -1.869753241123817E-10
         1.002355337142944E+00         4.426874795626645E-07        -2.170907897891539E-10
         1.002218723297119E+00         3.224202771434648E-07        -1.541547028915957E-10
         1.002319693565369E+00         1.404705063379197E-08        -2.482479673215909E-11
         1.002265334129333E+00        -1.505397619894211E-07         5.884782244836018E-11
         1.002133965492249E+00        -1.089965522282910E-07         4.262470931770679E-11
         1.002216935157776E+00        -2.823516069838661E-07         1.095527280003949E-10
         1.001999139785767E+00        -3.647916742011148E-07         1.281867390012792E-10
         1.001678824424744E+00        -3.730863511464122E-07         1.151490569561986E-10
         1.001391053199768E+00        -3.264588883666875E-07         8.350793667677436E-11
         1.001308202743530E+00        -4.361573644473538E-07         1.129600787908025E-10
         1.001064181327820E+00        -3.536424344474653E-07         8.771779136385049E-11
         1.000918984413147E+00        -4.284373176233203E-07         1.113069289515600E-10
         1.000551104545593E+00        -1.489765821816036E-07         3.189501787681515E-11
         1.000364065170288E+00        -3.092490317158081E-07         9.781953025367329E-11
         9.998763799667358E-01         1.187948583947218E-08        -3.035828749844982E-12
         9.996851086616516E-01        -1.444850852294621E-07         1.020562731546271E-10
         9.992638230323792E-01         2.165857182490072E-07        -1.622045379956472E-11
         9.997633099555969E-01        -3.663242864604399E-07         2.118970970910183E-10
         9.998958706855774E-01        -3.526151317601034E-07         1.913148389709463E-10
         9.998999834060669E-01        -6.104203862378199E-07         2.888863037675549E-10
         9.997813701629639E-01        -3.061182667352114E-07         1.634566787478420E-10
         9.999364614486694E-01        -3.009429292433197E-07         1.735450533280058E-10
         9.999095201492310E-01        -2.558732887791848E-07         1.656015463646909E-10
         9.997577667236328E-01        -3.008830518069772E-08         6.928992796195743E-11
         9.998633861541748E-01        -1.440010350961529E-07         1.194151166838964E-10
         1.000094771385193E+00        -2.954176352432114E-07         1.613135736100446E-10
         9.998397231101990E-01         4.913837869935378E-08         2.765636851476128E-11
         9.998753666877747E-01        -2.315077409775768E-07         1.078516581598521E-10
         9.998756051063538E-01        -3.352201005668576E-08         1.471316991852323E-11
         9.998139739036560E-01         3.577787026642909E-07        -1.423183793036742E-10
         9.998053908348083E-01         3.433005701936054E-07        -1.415827871609210E-10
         9.999112486839294E-01         3.130552386210184E-07        -1.182778042174704E-10
         1.000199317932129E+00         2.649454415859509E-07        -1.291449863716210E-10
         1.000462174415588E+00        -2.289648222131291E-07         2.956165173761960E-11
         1.000505805015564E+00        -4.985168402527052E-07         1.199961241482583E-10
         1.000782132148743E+00        -8.699821023583354E-07         2.539287113911826E-10
         1.000724434852600E+00        -6.734997555213340E-07         1.773740043731209E-10
         1.000671505928040E+00        -4.938150368616334E-07         1.052709100446414E-10
         1.000562071800232E+00        -3.117595781532145E-07         4.219872021260507E-11
         1.000545501708984E+00        -4.607584855875757E-07         1.394796778075857E-10
         1.000429630279541E+00        -2.616406789002212E-07         4.571283629406508E-11
         1.000590562820435E+00        -3.768140572901757E-07         1.025936419152274E-10
         1.000430941581726E+00        -2.366942766229840E-07         5.314362491737334E-11
         1.000192403793335E+00        -2.271210632898146E-07         7.018256115154387E-11
         1.000150203704834E+00        -1.705159462517258E-07         8.537260481888964E-11
         1.000187635421753E+00        -1.324312108863523E-07         7.796508577628813E-11
         1.000262498855591E+00        -4.657089789361635E-07         2.124855291718575E-10
         1.000076532363892E+00        -5.150940296516637E-08         1.898208847050942E-11
         1.000041604042053E+00         1.309776109792438E-07        -4.641528134063932E-11
         9.996517896652222E-01         7.695638259974658E-07        -2.864520842749130E-10
         9.993494749069214E-01         1.172411202787771E-06        -4.232378059132458E-10
         9.993898868560791E-01         1.006506408884889E-06        -3.421453120822093E-10
         9.993515014648438E-01         1.035449713526759E-06        -3.614051835576504E-10
         9.995853304862976E-01         6.031962129782187E-07        -1.835426532981188E-10
         9.998827576637268E-01         3.585204240152962E-07        -1.082161929510939E-10
         9.999636411666870E-01         5.521102153238644E-08         1.317011343732188E-11
         1.000130891799927E+00         3.347644650375514E-08         1.554850519169815E-11
         1.000075697898865E+00         2.450321119340515E-07        -4.415068657892540E-11
         9.998680353164673E-01         4.914675741929386E-07        -1.437698987638569E-10
         9.999343752861023E-01         3.492961866413680E-07        -7.925151507270911E-11
         1.000173687934875E+00        -6.254870044131167E-08         6.154875914488045E-11
         1.000358819961548E+00        -2.459102859120321E-07         9.833393127545165E-11
         1.000536322593689E+00        -3.052626880162279E-07         1.061679841263263E-10
         1.000306248664856E+00        -1.266889597673071E-07         5.025014432336050E-11
         9.999600052833557E-01         4.751035760364175E-07        -2.063316600908749E-10
         1.000290036201477E+00         2.018035019091258E-07        -1.203645100256168E-10
         1.000246763229370E+00         6.903861304863312E-08        -3.664900327660092E-11
         1.000155687332153E+00        -3.487710031890856E-08         1.838557431299570E-11
         1.000170350074768E+00        -1.382961158924445E-07         7.130498969054599E-11
         1.000151634216309E+00        -7.868383278264446E-08         1.018232633626104E-11
         1.000343441963196E+00        -2.652193700214411E-07         5.347386075604810E-11
         1.000193834304810E+00        -2.055799974698402E-08        -4.577287507356864E-11
         1.000028848648071E+00        -1.606400132914132E-07         2.801747549241451E-11
         1.000136137008667E+00        -3.545330855558859E-07         1.159045151521987E-10
         1.000017166137695E+00        -3.581655221296387E-07         1.334755639348373E-10
         9.999094009399414E-01        -7.817105540652847E-08         1.200794845501729E-11
         9.998673796653748E-01         1.530310811403979E-07        -9.914005727473807E-11
         9.999583363533020E-01         5.562860749819265E-08        -7.842928390067172E-11
         1.000013351440430E+00         1.674985981026111E-07        -1.190206683210349E-10
         1.000149726867676E+00        -1.280858015206832E-07        -7.538573172823082E-13
         1.000212073326111E+00        -1.956956054982584E-07         3.411697313548956E-11
         1.000237584114075E+00        -2.113827264338397E-07         4.269184658567404E-11
         1.000221371650696E+00        -3.209928252090322E-07         5.195353869336117E-11
         1.000301599502563E+00        -1.900168200563712E-07        -1.878955162033097E-13
         1.000066280364990E+00        -1.703017744603130E-07         9.868147965441665E-12
         1.000047922134399E+00        -1.261691835452439E-07        -4.026537783752282E-12
         9.999969601631165E-01        -7.257572320895633E-08        -8.377050789154517E-12
         9.999640583992004E-01        -1.729944756334589E-07         3.985582003318555E-11
         9.999088048934937E-01        -1.072447233241292E-07         4.467611697256402E-11
         9.995036721229553E-01         3.029880133453844E-07        -9.390611899195989E-11
         9.995356798171997E-01         1.623498633307463E-07        -4.090271871204365E-11
         9.992718100547791E-01         5.405734668784135E-07        -1.619692158172370E-10
         9.994075298309326E-01         6.797316700613010E-07        -2.330466097877348E-10
         9.998453855514526E-01         4.696672917248179E-08         9.742948635371729E-12
         1.000049233436584E+00        -5.694119522559049E-07         2.298079088136618E-10
         1.000091075897217E+00        -8.538449378647783E-07         3.804192238998638E-10
         9.999993443489075E-01        -7.446448080372647E-07         3.482105992436146E-10
         1.000231981277466E+00        -7.662571874789137E-07         3.129863312967274E-10
         1.000239968299866E+00        -9.329488648290862E-07         3.602654008449946E-10
         1.000070333480835E+00        -5.806006697639532E-07         2.048082953232111E-10
         9.999641180038452E-01        -3.664261498670385E-07         1.190231663228403E-10
         9.999456405639648E-01        -3.175727272264339E-07         9.496239905537607E-11
         9.998995065689087E-01        -9.982890247783871E-08         1.276231204050404E-11
         9.998511075973511E-01         1.379260652356606E-07        -9.617492219282653E-11
         9.996901750564575E-01         6.010190531924309E-07        -2.940635512871381E-10
         9.998854398727417E-01         2.583290950042283E-07        -1.637191493486512E-10
         1.000147342681885E+00        -5.621469512107069E-08        -5.560628346668040E-11
         1.000003099441528E+00        -2.220548083187168E-07         5.814913437915403E-13
         9.999161362648010E-01         1.360132273475756E-07        -1.521252845915200E-10
         9.997535943984985E-01         4.183908401955705E-07        -2.275906407778194E-10
         9.996669888496399E-01         4.380754319299740E-07        -1.624368833885725E-10
         9.996961951255798E-01         1.741910296004789E-07        -5.064511310326480E-11
         9.999160766601562E-01        -2.209725238344618E-07         5.622035129104752E-11
         9.999119639396667E-01        -3.615977846038732E-07         1.098563670587360E-10
         9.999252557754517E-01        -3.248038922265550E-07         1.060783266781939E-10
         9.998925924301147E-01        -3.227590923415846E-07         9.072660678288713E-11
         9.999641776084900E-01        -2.468214290729520E-07         6.823171888603596E-11
         9.999830126762390E-01        -3.047683776458143E-07         9.585446325566238E-11
         9.999769330024719E-01        -7.184038963714556E-08         5.446319437107938E-11
         9.995920062065125E-01         2.945554911093495E-07        -6.759443699211332E-11
         9.997467994689941E-01         2.399320919721504E-07        -1.059929314456420E-11
         9.997211694717407E-01         3.112194519871991E-07        -7.058886808408715E-11
         9.999886155128479E-01         7.055898976204844E-08        -9.020844835005981E-12
         9.998496174812317E-01         9.169679060505587E-08         2.342687155376666E-11
         9.996884465217590E-01         2.593145893570181E-07        -2.522268418431173E-13
         9.993918538093567E-01         7.642742048119544E-07        -2.230800127955845E-10
         9.998694062232971E-01         5.360375965324238E-08         3.603528933582290E-11
         1.000031113624573E+00        -2.791589395201299E-07         1.659988951852043E-10
         9.999299645423889E-01        -2.408162060874020E-07         1.646580510827889E-10
         1.000064849853516E+00        -7.162248039094266E-07         3.310146601265274E-10
         9.998396039009094E-01        -3.839774933567242E-07         1.920390929610605E-10
         9.995870590209961E-01         1.180967714731196E-07         2.050715326717967E-11
         9.995951056480408E-01         2.052868808277708E-07        -2.406936976118157E-11
         9.991828799247742E-01         1.125111111832666E-06        -3.852586583086293E-10
         9.989095330238342E-01         1.449154979127343E-06        -4.576730383565319E-10
         9.991201758384705E-01         1.423723688276368E-06        -4.630715255693474E-10
         9.997134208679199E-01         5.023346716370725E-07        -1.574079616650792E-10
         1.000066995620728E+00         3.388728231357163E-08         1.285857444827121E-11
         9.998345971107483E-01         5.802223199680157E-07        -1.534218863064041E-10
         1.000805854797363E+00        -1.065590709004027E-06         4.133977604681149E-10
         1.000384092330933E+00        -8.334461085723888E-07         2.388661213270638E-10
         1.000380277633667E+00        -8.086311709121219E-07         2.029618278998058E-10
         1.000535488128662E+00        -1.060649196915620E-06         2.668738563471607E-10
         1.000648975372314E+00        -1.436726620340778E-06         4.085801141862078E-10
         1.000819802284241E+00        -1.495910055382410E-06         4.369315187435774E-10
         9.997394680976868E-01        -4.839218448182692E-08        -4.839300835057792E-11
         9.998469948768616E-01        -1.075987228205122E-07        -3.623817218523229E-11
         1.000350236892700E+00        -6.250028263821150E-07         1.479477651500360E-10
         1.000197291374207E+00        -1.957494930593384E-07         3.991301386618851E-11
         1.000081539154053E+00         7.195032480922237E-08        -5.276635725581791E-11
         9.996674656867981E-01         1.030267753776570E-06        -4.079131199485886E-10
         1.000164270401001E+00         3.881959287355130E-07        -2.228745937804533E-10
         9.993755221366882E-01         1.554835534989252E-06        -6.542927311059543E-10
         9.998636245727539E-01         7.222628255476593E-07        -3.447059027106292E-10
         1.000127077102661E+00         3.740401268714777E-07        -2.239170654450007E-10
         1.000258684158325E+00         2.031703694171938E-08        -8.986852928494216E-11
         1.000384092330933E+00        -1.784823240313926E-07        -4.146618757996240E-13
         1.000549554824829E+00        -4.925236112285347E-07         1.178476899399428E-10
         1.000332117080688E+00         1.795247612790263E-07        -1.378482189506869E-10
         1.000516057014465E+00        -1.156671913804530E-07        -2.961707962212401E-11
         1.000129342079163E+00         2.584239098268881E-07        -1.445739084005027E-10
         9.998329877853394E-01         5.665341973326576E-07        -2.201284293734673E-10
         9.998568892478943E-01         4.674740239352104E-07        -1.541197863774713E-10
         9.994487762451172E-01         7.247143685162882E-07        -2.132865134507611E-10
         9.993649125099182E-01         5.315254725246632E-07        -8.753152369589401E-11
         9.997293353080750E-01        -5.751667586650910E-08         1.304920060896109E-10
         9.996544122695923E-01         1.244661831378835E-07         4.749900472944546E-11
         9.996296763420105E-01         5.312318762662471E-08         9.364592434835117E-11
         9.995996952056885E-01         1.728859189142895E-07         5.080577972216282E-11
