         1.000332713127136E+00         4.633211005966587E-07        -1.987693343252772E-10
         1.001169681549072E+00        -1.705838599264098E-07         2.059019274525120E-11
         1.001341581344604E+00        -2.674198071872524E-07        -2.108794389110713E-11
         1.001431107521057E+00        -2.757900006145064E-07        -1.068150984329108E-10
         1.001299738883972E+00        -4.505076844907308E-07        -1.290773737894213E-11
         1.001028656959534E+00        -4.027557167773921E-07         5.100822542125627E-11
         1.000892162322998E+00        -4.001416016308212E-07         2.586339996335507E-12
         1.000945448875427E+00        -5.608872015727684E-07         1.375033698014505E-10
         1.001047253608704E+00        -4.050176301007014E-07         2.159276646374053E-10
         1.000362634658813E+00         6.726448873450863E-07        -1.568341012614383E-10
         1.000310540199280E+00         5.659742896568787E-07        -1.095953189311771E-10
         1.000114202499390E+00         9.304496870754519E-07        -1.991942444323769E-10
         1.000368714332581E+00         2.342717095871194E-07        -8.598854267516387E-11
         1.000532150268555E+00        -2.874523943319218E-07         7.768197890500872E-11
         1.000401616096497E+00        -1.455755125334690E-07         1.173416086519552E-10
         9.999450445175171E-01         7.945825473143486E-07        -2.500496754098691E-10
         9.995903968811035E-01         1.321557874689461E-06        -3.939000237096479E-10
         1.000095486640930E+00         5.132805540597474E-07        -2.022919609601104E-10
         1.000274419784546E+00         6.525343110297399E-07        -2.327879417007850E-10
         1.000622868537903E+00         1.889826535261818E-07        -9.365345304823691E-11
         1.000588536262512E+00         3.211256398572004E-07        -9.513406035166483E-11
         1.000552654266357E+00         5.157401687938545E-07        -8.068210682887766E-11
         1.000645399093628E+00         5.483807967721077E-07         1.127548488605301E-11
         1.000939488410950E+00         1.439718317897132E-07         7.223116549326392E-11
         1.000700712203979E+00         3.957543697197252E-07         8.282522584446284E-11
         1.001262545585632E+00        -3.617736581418285E-07         2.028024553846208E-10
         1.001128196716309E+00         1.842876784508007E-08         2.190819053948800E-11
         1.001142024993896E+00        -3.833567632227641E-07         1.930573340080954E-10
         1.001254916191101E+00        -1.780295093567474E-07         1.439362934396726E-10
         1.001066088676453E+00        -2.031275698755053E-07         2.682584154811707E-10
         1.000972747802734E+00        -7.964702319895878E-08        -1.595967802359155E-11
         1.001263260841370E+00        -3.528251397710847E-07         9.027808361983247E-11
         1.001256704330444E+00        -6.794380738028849E-07         2.452055503088246E-10
         1.000669717788696E+00        -1.391133679362611E-07         1.449555753207932E-10
         1.000714898109436E+00        -3.700664592543035E-07         1.524782661244117E-10
         1.000100970268250E+00         1.092136471925187E-06        -2.633507301119664E-10
         1.000407695770264E+00         7.338663010614255E-08         1.625520204551201E-11
         1.000519037246704E+00        -1.740111343906392E-07         7.000200419327030E-11
         1.000381827354431E+00        -3.914422563866538E-07         1.546502925720006E-10
         9.998731613159180E-01         1.583526341164543E-07         2.606225998902367E-11
         9.996011257171631E-01         1.688401454202904E-07        -8.705768744787790E-11
         9.997035264968872E-01        -4.975706815457670E-07         7.433095111641919E-11
         9.995841979980469E-01        -5.302795216266531E-07         1.371677632588941E-10
         9.989468455314636E-01        -8.280667884719151E-08         3.616827323749128E-11
         9.984965324401855E-01         4.198575993541453E-07        -1.304471253238404E-10
         9.986630678176880E-01        -2.015601552329827E-07        -1.328087292917779E-11
         9.984926581382751E-01         6.195657533680787E-07        -3.097731515744329E-10
         9.988631606101990E-01         1.651206673614070E-07        -1.342039118723548E-10
         9.993293881416321E-01        -1.946656169593552E-07         7.549148112184767E-11
         9.994421601295471E-01         1.773390323478452E-07        -2.160605201695365E-11
         9.993148446083069E-01         6.438339710257424E-07        -1.710095537399425E-10
         9.994313716888428E-01         3.389619678273448E-07        -9.996738159490093E-11
         9.994766116142273E-01         4.268521820449678E-07        -1.947655231537837E-10
         9.995710253715515E-01         3.375253641024756E-07        -1.177747066538615E-10
         9.994660615921021E-01         4.662539367927820E-07        -1.324065995733648E-10
         9.991493225097656E-01         5.741905511058576E-07        -1.668454124859053E-10
         9.992235302925110E-01         6.801358267694013E-07        -2.224377210202633E-10
         9.993132352828979E-01         7.054467801026476E-07        -1.634079677126365E-10
         9.995567798614502E-01         8.055096145653806E-07        -2.427824608020046E-10
         9.997135996818542E-01         4.787003149431257E-07        -1.423431789104868E-10
         9.996104836463928E-01         6.060633950255578E-07        -1.984913761132745E-10
         9.997028708457947E-01         4.161485378517682E-07        -2.246854508003437E-10
         9.997264742851257E-01         1.481214884080373E-08         2.124443329587500E-11
         9.994963407516479E-01         4.121445584814865E-08        -9.166625097867254E-11
         9.997230768203735E-01        -4.051421456097160E-07         7.236270176819160E-12
         9.997287392616272E-01        -4.444658543434343E-07         8.974537779593561E-11
         9.997547864913940E-01        -3.556136505267204E-07         7.153279357741127E-11
         9.997572302818298E-01        -1.586261220154483E-07         9.738371220535669E-11
         9.995324611663818E-01         2.749370366927906E-07        -2.280345400354489E-12
         9.996262788772583E-01         2.450928775488137E-07        -3.372397153200701E-11
         9.998224973678589E-01         2.144642223811388E-07         1.625580919872860E-11
         1.000262260437012E+00        -6.287987162068021E-07         1.292033563471406E-10
         1.000099539756775E+00        -7.947522817630670E-07         1.720651815473317E-10
         9.998289942741394E-01        -2.756716810381477E-07         1.526529076756322E-11
         9.990078210830688E-01         3.774644596887811E-07        -1.108144895289875E-10
         9.991067051887512E-01         3.699112482991040E-07         3.018827549050584E-11
         9.989832043647766E-01         7.417255005748302E-07        -2.100965790230447E-10
         9.990646243095398E-01         5.600076065093162E-07        -4.039464943095261E-11
         9.995688796043396E-01        -5.494198944688833E-07         2.623576633720148E-10
         9.995636940002441E-01        -5.944804684077098E-07         3.026116024429371E-10
         9.994055628776550E-01        -4.437201184259720E-08        -5.963417260002046E-12
         9.992756247520447E-01         2.347679384229195E-07        -1.707279179141707E-10
         9.991527199745178E-01         5.456669214254362E-07        -2.729993453520763E-10
         9.991639256477356E-01         5.156443307896552E-07        -2.885130467866759E-10
         9.994748234748840E-01        -1.844025518948911E-07         2.114841808620316E-11
         9.995887875556946E-01         6.970410737494603E-08        -4.356525210025275E-11
         9.996572732925415E-01         9.001178113976493E-08        -2.528350619146469E-11
         9.997310042381287E-01         1.998420913196242E-07        -7.934972817702501E-11
         9.999110698699951E-01         2.792320819011707E-09        -2.936575461964797E-12
         1.000059962272644E+00         5.392772450818484E-09        -3.465551109971265E-11
         9.997276067733765E-01         6.142110464679718E-07        -1.574000652038166E-10
         9.996988177299500E-01         7.106621069397079E-07        -2.132852228164950E-10
         9.994509816169739E-01         1.027818939292047E-06        -2.136931742668935E-10
         9.993075728416443E-01         1.189940462609229E-06        -4.470534775702362E-10
         9.998818635940552E-01         7.624914246662229E-07        -3.756351341088759E-10
         9.999630451202393E-01         7.260048846546852E-07        -2.046629393737120E-10
         1.000040650367737E+00         7.107998385436076E-07        -2.271612759008335E-10
         1.000435590744019E+00         1.062482795077813E-07        -5.082238015846618E-12
         1.000203967094421E+00        -4.638442874238535E-08         1.568691704312286E-10
         1.000209689140320E+00         4.386770413589147E-08         9.967324882120820E-11
         1.000089168548584E+00         2.393577744896902E-07        -6.555287996451442E-12
         9.996123313903809E-01         4.134160178637103E-07         2.363186556164631E-11
         9.997553229331970E-01         1.696801632533607E-07         4.139897799571024E-11
         1.000157475471497E+00        -4.189028572909592E-07         1.061293067317060E-10
         1.000338315963745E+00        -6.311454399110517E-07         1.403353128148765E-10
         1.000680923461914E+00        -1.066581262421096E-06         2.631967144228753E-10
         1.000632643699646E+00        -1.302274085901445E-06         2.965395706766571E-10
         1.000215172767639E+00        -8.883525879355147E-07         2.767064355424509E-10
         1.000083804130554E+00        -7.708997600275325E-07         2.176731989100844E-10
         1.000180959701538E+00        -1.037154675032070E-06         2.791055997430902E-10
         1.000160455703735E+00        -1.250898662874533E-06         4.229382399856263E-10
         9.995827078819275E-01        -8.624721203887020E-08        -6.902897697891319E-11
         9.994068741798401E-01         1.173218109329355E-07        -5.812053616160995E-11
         9.993399977684021E-01         8.146137702169653E-07        -2.382466168793229E-10
         9.999094605445862E-01         1.450745514830487E-07         8.043038457472562E-12
         1.000362277030945E+00        -6.094231252973259E-07         1.989113457279146E-10
         1.000234484672546E+00        -3.780084796289884E-07         1.637749103000630E-10
         1.000178217887878E+00        -4.397220436658245E-07         1.890917283864368E-10
         1.000179409980774E+00        -3.745026049273292E-07         1.359124202071627E-10
         9.998182058334351E-01         2.714835716233210E-07         4.752819318665225E-11
         9.998384714126587E-01         1.179766115910752E-07        -1.423429984992453E-10
         9.996805191040039E-01         3.131712134063491E-08        -4.347598669962593E-11
         9.999336004257202E-01        -2.771811296042870E-07         2.851923211477647E-11
         9.997756481170654E-01         2.715466678182565E-07        -1.844008973295175E-10
         9.999859333038330E-01        -9.610732654152798E-09        -1.285237472004042E-10
         1.000150561332703E+00        -2.251058077717971E-07        -3.410484394894553E-11
         1.000270605087280E+00        -1.266688514078851E-07        -5.449331524215451E-12
         1.000580787658691E+00        -4.390526839870290E-07         4.555117394389185E-11
         1.000476241111755E+00        -5.387867929584900E-08         6.816166381318212E-11
         1.000147223472595E+00         1.496079136131812E-07         4.745910955894495E-11
         1.000105857849121E+00         2.358645474487275E-07         3.411923174545528E-11
         1.000381588935852E+00         4.464607172849355E-08        -1.096613980178240E-10
         1.000218629837036E+00         1.802816882445768E-07        -1.210518352223744E-10
         1.000210642814636E+00         2.298284869084455E-07        -1.401524035715696E-10
         1.000564932823181E+00        -1.388532524515540E-07        -1.059624610277865E-10
         1.000221371650696E+00         2.426067453598080E-07        -1.435463831134243E-10
         1.000094771385193E+00         9.354018004614773E-08        -1.416033956758156E-10
         1.000263571739197E+00        -2.482217276167376E-08         3.273002355252963E-11
         1.000236392021179E+00        -3.178380669766057E-09         5.911987913109762E-12
         1.000061511993408E+00         1.524773693972747E-07        -5.929158553019676E-11
         9.997255206108093E-01         4.141940905810770E-07        -2.308567573217069E-11
         1.000025153160095E+00         1.096219435225976E-07        -6.424438758756423E-11
         9.998969435691833E-01         9.577533433002827E-08        -6.627602633368923E-11
         9.997302889823914E-01        -1.679205325899602E-07         5.679413189740856E-11
         9.997322559356689E-01        -3.495956377719267E-07        -1.516180410388035E-11
         9.993965029716492E-01         2.448337568239367E-07        -1.394777071617170E-10
         9.993195533752441E-01        -1.348879123952429E-07         1.018520424250768E-11
         9.994907975196838E-01        -7.474214953617775E-07         2.152916594999610E-10
         9.998312592506409E-01        -9.680823040980613E-07         3.818129146182514E-10
         1.000113368034363E+00        -7.336122394008271E-07         2.837461654525697E-10
         1.000128149986267E+00        -5.386277166508080E-07         3.675564019811617E-10
         9.996048212051392E-01         3.385828222235432E-07         6.736024238396254E-11
         1.000248432159424E+00        -1.456276947919832E-07         1.749465849965048E-10
         1.000269532203674E+00         4.576431251734903E-07         4.084392112718715E-12
         1.000209093093872E+00         6.438943955799914E-07        -1.005796418374061E-10
         1.000359296798706E+00         2.832068446423364E-07        -6.401967844738010E-11
         1.000656127929688E+00        -8.812308749384101E-08         1.065844981718023E-10
         1.000730395317078E+00        -2.437592456772109E-07         1.049415623843863E-10
         1.000893712043762E+00        -7.009135742919170E-07         2.522896613843528E-10
         1.000683426856995E+00        -2.208359859423581E-07         3.045303592630333E-11
         1.001011252403259E+00        -9.676489298726665E-07         2.407481158872571E-10
         1.000890135765076E+00        -6.320871648313187E-07         1.728854698290760E-10
         1.001229643821716E+00        -1.024132643578923E-06         2.511187646714319E-10
         1.001602053642273E+00        -1.286894416807627E-06         2.617689398576317E-10
         1.001719117164612E+00        -1.312593212787760E-06         2.073991117734764E-10
         1.001475691795349E+00        -9.764725064087543E-07         2.832674650399269E-10
         1.001801013946533E+00        -1.386069811815105E-06         2.241922758550174E-10
         1.001895666122437E+00        -1.206600131808955E-06         3.199469300607660E-10
         1.002089500427246E+00        -1.336879336122365E-06         2.603112170262989E-10
         1.002317190170288E+00        -1.504283773101633E-06         2.622629891035899E-10
         1.002331137657166E+00        -1.538051947136410E-06         3.336047826874022E-10
         1.002453804016113E+00        -1.724178559925349E-06         3.067570086834337E-10
         1.002443671226501E+00        -1.592013177287299E-06         4.621893423539802E-10
         1.002467870712280E+00        -1.470342112952494E-06         4.314525681170522E-10
         1.002586960792542E+00        -1.826474203880935E-06         4.463724112557799E-10
         1.002465724945068E+00        -1.607651142876421E-06         4.154217247975822E-10
         1.003020286560059E+00        -2.081969114442472E-06         5.807945790969882E-10
         1.000755548477173E+00         6.025626930750150E-07        -5.799123334315759E-11
         1.000460743904114E+00         1.336137188445718E-06        -3.829030981172821E-10
         1.002247214317322E+00        -7.640603598702000E-07         2.242476621061584E-10
         1.004458069801331E+00        -3.233431243643281E-06         8.661929506992294E-10
         1.005530357360840E+00        -4.423272912390530E-06         1.189414122748644E-09
         0.000000000000000E+00         0.000000000000000E+00         0.000000000000000E+00
         0.000000000000000E+00         0.000000000000000E+00         0.000000000000000E+00
         0.000000000000000E+00         0.000000000000000E+00         0.000000000000000E+00
         9.975011944770813E-01         2.061045506707160E-06        -2.101045115665556E-09
         9.976097345352173E-01         2.351514467591187E-06        -2.368235385574735E-09
         9.973807334899902E-01         3.417517746129306E-06        -3.249273738958891E-09
         9.971144199371338E-01         3.485765773802996E-06        -2.772672091921891E-09
         9.974065423011780E-01         1.175360125671432E-06        -4.182715285239169E-11
         9.979068636894226E-01         2.826071181516454E-07        -6.099275251525427E-11
         9.983786940574646E-01        -2.926564093286288E-07         2.505603363678333E-11
         9.985990524291992E-01        -6.130491669864568E-08        -1.042434610853959E-10
         9.986210465431213E-01         5.368557154383780E-08        -1.027148366361530E-10
         9.988052845001221E-01        -2.969207457681478E-07         1.527392275157968E-11
         9.989676475524902E-01        -4.209304051983054E-07         2.153568122442717E-11
         9.994194507598877E-01        -1.130239752455964E-06         1.672062488466963E-10
         9.993004798889160E-01        -9.002058618534647E-07         2.078582028719467E-10
         9.995599985122681E-01        -9.983498330257135E-07         6.958527504208334E-11
         9.999294877052307E-01        -1.079333287634654E-06         1.663239407312389E-10
         9.997667074203491E-01        -2.873192386232404E-07         5.460974381032990E-11
         9.995997548103333E-01         2.082944234871320E-07        -1.729391456428697E-11
         9.993935823440552E-01         4.754175222387858E-07        -1.200947952195719E-10
         9.991930127143860E-01         5.606054287454754E-07         1.592037612851982E-11
         9.992541074752808E-01         5.340824031918601E-07        -5.223200691406582E-11
         9.995017647743225E-01         6.446151132877276E-07        -8.839323717424463E-11
         1.000169396400452E+00        -3.028542607808049E-07         1.136655006228615E-11
         1.000320553779602E+00        -2.387735094089294E-07        -4.730094441129928E-11
         1.000131487846375E+00        -2.143961808087624E-07         5.886428844359415E-11
         1.000189781188965E+00        -5.937051739124399E-08        -3.294063632974797E-11
         1.000860810279846E+00        -5.829517704114551E-07         1.597861842839166E-10
         1.001024484634399E+00        -7.151622298806615E-07         2.695090157989188E-11
         1.001041531562805E+00        -6.906840326337260E-07         8.867587913963249E-11
         1.001006603240967E+00        -7.933709866847494E-08         9.714010845707222E-12
         1.001249909400940E+00        -1.180294972868978E-07        -1.838887549177048E-11
         1.001077532768250E+00         1.100574280599176E-07         9.374941101203405E-11
         1.000809192657471E+00         1.682568324667955E-07        -8.704355985988954E-11
         1.000385761260986E+00         3.372819037394947E-07        -1.305999752787557E-10
         9.999491572380066E-01         6.608196940760536E-07        -9.602368206129697E-11
         9.997704625129700E-01         6.916596362316341E-07        -1.640956953652406E-10
         9.997081756591797E-01         5.546898478314688E-07        -4.313201532046840E-11
         1.000147104263306E+00        -2.262762990312694E-07         7.548551193836683E-12
         1.000092387199402E+00        -4.858339366364817E-07        -1.246369847607287E-11
         9.997537732124329E-01         2.298864565375425E-08        -1.452513196525951E-11
         1.000106215476990E+00        -3.489957975943980E-07        -4.690574751525789E-12
         1.000239253044128E+00        -3.731811943907815E-07        -1.047820302746416E-10
         1.000020742416382E+00        -5.176379502813688E-08        -7.769546811475792E-11
         9.999708533287048E-01         2.622762451665039E-07        -1.112766961908207E-10
         9.998988509178162E-01         2.619397143632796E-08        -1.069983407431252E-10
         9.995466470718384E-01         3.453456258739607E-07        -1.895257006889750E-10
         9.994719028472900E-01         4.236638062593556E-07        -2.427895939849378E-10
         9.998351931571960E-01        -3.397045418296329E-07        -1.291034640305000E-10
         9.995750188827515E-01         4.367953749806475E-07        -2.380046437711059E-10
         9.994550943374634E-01         6.196964363880397E-07        -1.257888793126938E-10
         9.997023344039917E-01         2.593208705548022E-07        -1.279196609749178E-10
         9.993063807487488E-01         1.045384692588414E-06        -2.012300326370564E-10
         9.991977214813232E-01         8.361250820598798E-07        -1.937779242622284E-10
         9.991379380226135E-01         6.533614964610024E-07        -1.067122779030427E-10
         9.995582699775696E-01         3.518153164350224E-07        -5.784868764568962E-11
         1.000041127204895E+00        -3.192078850133839E-07         4.240015283318854E-11
         1.000052332878113E+00        -4.132263313749718E-07         4.234064140962168E-11
         9.996272325515747E-01         2.071867442055009E-07         5.837358374449764E-11
         9.994108676910400E-01         4.535822029083647E-07        -1.355552475823529E-10
         9.994158744812012E-01         1.799290174631096E-07         5.958807232364638E-12
         9.991557002067566E-01         9.391230264554906E-07        -1.505431751480657E-10
         9.992702603340149E-01         1.012533743960375E-06        -1.235169605484643E-10
         9.995791316032410E-01         7.201862786132551E-07         1.127302071135539E-11
         9.997770786285400E-01         4.805007733921229E-07        -2.829948254901016E-11
         1.000072836875916E+00        -1.402634524083624E-07         1.092268428481979E-10
         1.000389695167542E+00        -9.606548019291949E-07         3.226151013002720E-10
         1.000369906425476E+00        -5.527982125386188E-07         6.368740257389760E-11
         1.000421762466431E+00        -7.192074917838909E-07         1.372908037255982E-10
         1.000039219856262E+00        -1.627693961836485E-07         7.178599381596484E-11
         9.997381567955017E-01         1.271705940553147E-07        -1.310023201028798E-10
         9.994006156921387E-01         4.355537157607614E-07        -2.014302787067823E-11
         9.993994832038879E-01         4.746542572320323E-07        -3.905331960596392E-11
         9.995075464248657E-01         3.375260746452113E-07         1.916485199704443E-11
         9.995530247688293E-01         2.505545353415073E-07         4.242681553301431E-11
         9.997546672821045E-01         5.129486453370191E-07        -1.128213980572390E-10
         9.997919201850891E-01         4.417415766511112E-07         5.950354792227941E-11
         9.999099373817444E-01         3.108511350546905E-07         4.526479885358370E-11
         9.999823570251465E-01         2.995743386691174E-07        -1.415686179395692E-10
         9.997892975807190E-01         3.171758464759478E-07        -1.517188735755681E-10
         9.998698234558105E-01        -6.407766761640232E-08        -5.492560226083576E-11
         9.996061325073242E-01         1.548533532513829E-07        -3.670001802458245E-11
         9.995512366294861E-01         1.737007266910950E-07         3.503504777957467E-11
         9.996988773345947E-01         1.677175163194988E-07        -7.253408290663899E-11
         9.997889995574951E-01        -5.966868599216468E-08         7.133548612925367E-11
         9.999223947525024E-01        -1.409787415695973E-07         4.532725583761277E-11
         1.000002026557922E+00        -2.612964635773096E-07         8.440107640561578E-11
         9.996180534362793E-01         3.377786583769193E-07        -1.298731538978970E-10
         9.993333816528320E-01         4.531648301053792E-07        -2.345013627724768E-10
         9.994544982910156E-01         4.776836703968002E-07        -2.162119372428606E-10
         9.998779296875000E-01         1.110334082454756E-07        -7.829356607480520E-11
         9.999456405639648E-01         3.305096356598369E-07        -1.883774108923930E-10
         1.000108003616333E+00         1.405207115112717E-07        -1.009543212915354E-10
         1.000430345535278E+00        -7.260929919539194E-07         1.142796829389781E-10
         1.000108122825623E+00        -1.654648400517544E-07        -2.997469286669663E-11
         9.998011589050293E-01         3.211306420780602E-07        -9.386602606298311E-11
         9.998314976692200E-01         3.323255270970549E-07        -1.919806535966018E-10
         9.994790554046631E-01         8.390663310819946E-07        -1.626401235910180E-10
         9.992793798446655E-01         8.803682476354879E-07        -4.516531593168338E-11
         9.994254708290100E-01         5.818890258524334E-07        -1.104433211551736E-10
         9.994579553604126E-01         3.236940813167166E-07        -1.415639133695024E-10
         9.992402195930481E-01         2.131910150637850E-07        -3.601680412246289E-11
         9.991755485534668E-01         6.052902676856320E-07        -2.378070795838738E-10
         9.995316267013550E-01         1.981980233267677E-07        -1.396635029848881E-10
         9.998195171356201E-01        -2.349037941939969E-07         1.200105824179093E-13
         9.999185800552368E-01        -5.252471346750553E-09        -1.114420222769752E-10
         1.000063061714172E+00        -4.164598692568688E-07         8.698872872026087E-11
         1.000469088554382E+00        -8.026225941648590E-07         2.087027772823546E-10
         1.000137209892273E+00        -1.298708838248785E-07         1.668181912051203E-11
         1.000207424163818E+00        -5.654559913637058E-07         5.496731542153910E-11
         9.998587369918823E-01        -2.045321991772653E-07         1.788582337791667E-10
         1.000179648399353E+00        -3.418958556267171E-07         2.324428843847315E-11
         1.000157594680786E+00        -1.874057318218547E-07        -3.151518629396222E-11
         9.998254179954529E-01         3.418790228693069E-08         1.967850188355769E-10
         9.999232888221741E-01        -2.745894107647473E-07         6.956817760750411E-11
         9.999817013740540E-01        -4.032510219076357E-07         8.336412810061589E-11
         1.000425219535828E+00        -1.038083041748905E-06         3.554803951200114E-10
         1.000193715095520E+00        -3.962146877256600E-07         1.333451682405951E-10
         9.999665617942810E-01         3.207892405043822E-07        -9.702391667865129E-11
         1.000000834465027E+00         2.102770793044328E-07        -4.539175632589654E-11
         1.000058054924011E+00         2.775232701424102E-07        -1.002947933037568E-10
         9.999603033065796E-01         4.792796062247362E-07        -1.748317046690318E-10
         1.000210046768188E+00        -4.878303982991383E-08        -8.011202812241436E-11
         1.000249743461609E+00         1.607393684821545E-08         1.362048755032541E-11
         1.000012516975403E+00         6.639469347646809E-07        -2.865842840815702E-10
         9.998943805694580E-01         4.867823690801742E-07        -4.699904094379592E-12
         9.999210834503174E-01         5.465353751787916E-07        -7.106509825050011E-11
         9.999857544898987E-01         4.423775123996165E-07        -2.631011797316063E-10
         9.998442530632019E-01         6.669729373243172E-07        -2.753661187959722E-10
         9.999815225601196E-01         1.738802808404216E-07        -3.064934417373877E-11
         9.996858239173889E-01         4.571021747779014E-07        -9.037506853992738E-11
         9.993081092834473E-01         9.408191203874594E-07        -2.329977599746513E-10
         9.995571374893188E-01         7.572128311039705E-07        -7.535856660911833E-11
         9.997544288635254E-01         6.102879979152931E-07        -5.301963382220443E-11
         1.000012755393982E+00         2.554833429257997E-07        -1.775381230917361E-10
         1.000036835670471E+00         1.514572431915440E-07        -1.587957890181180E-11
         1.000285387039185E+00        -3.654863576230127E-07         7.631854349876566E-12
         1.000075697898865E+00         3.347563648503638E-08        -1.077052683151614E-10
         1.000092267990112E+00        -4.513096314440190E-07        -2.240317653612323E-11
         9.997596144676208E-01        -2.496651951844342E-08        -3.811547952259353E-11
         9.995408654212952E-01         2.619717109908493E-09         6.495782384208226E-11
         9.997103810310364E-01        -6.195651991447448E-09        -6.733449908757905E-11
         9.998555183410645E-01        -5.591912710656288E-08        -3.091288509893264E-12
         9.999747872352600E-01        -1.003550380573870E-07        -3.694434341783293E-11
         9.996983408927917E-01        -1.502943689501990E-07         6.653393808120356E-11
         9.996330142021179E-01        -1.515873293556069E-07         5.978289391306291E-11
         9.996222853660583E-01        -1.063334593709442E-07         9.428109681852703E-11
         9.994423985481262E-01         2.023186453925518E-07        -1.130183238662319E-10
         1.000042080879211E+00        -5.656352755067928E-07         7.081986386214822E-11
         1.000361084938049E+00        -6.927097047082498E-07         1.105037450432889E-10
         1.000414609909058E+00        -3.729397803908796E-07        -3.565964190599402E-11
         1.000485777854919E+00        -3.018083702954755E-07         6.647880163024311E-11
         1.000206708908081E+00         6.007660431350814E-07        -1.565023527438925E-10
         1.000384926795959E+00         2.685069375729654E-07         2.049702942097387E-11
         1.000048160552979E+00         6.071726375012076E-07        -2.672252003010911E-11
         9.997141361236572E-01         1.066895151780045E-06        -1.987724290719584E-10
         1.000208258628845E+00         1.060039167555260E-07         1.447295200351917E-10
         1.000106573104858E+00         6.347001999529311E-07         1.865403838341440E-11
         1.000250935554504E+00         7.323385489144130E-07        -7.075180025184480E-11
         1.000477433204651E+00         4.185651789612166E-07        -7.664164441978372E-11
         1.000317335128784E+00         2.540744219459157E-07        -1.101996133234806E-10
         1.000571370124817E+00        -4.111701059628103E-07        -1.022913490023036E-10
         1.000789642333984E+00        -1.047479145199759E-06         1.135488161829734E-10
         1.000617980957031E+00        -8.495727570334566E-07         1.490843837270717E-10
         1.000654458999634E+00        -1.093757987291610E-06         1.923087661337419E-10
         9.999074935913086E-01        -5.568836769498375E-08         6.761223525497684E-11
         1.000060439109802E+00        -2.004656494136725E-07         7.023303466580089E-11
         9.998666644096375E-01         6.529408551614324E-07        -1.584069958537881E-10
         9.996396303176880E-01         1.506066951151297E-06        -4.457346713948596E-10
         9.999755024909973E-01         1.148345290857833E-06        -1.665196869282681E-10
         1.000236153602600E+00         9.078733000933426E-07        -1.150058520638098E-10
         1.000341534614563E+00         6.324544870039972E-07        -8.163694546758915E-12
         1.000661849975586E+00         3.243118555928959E-07        -1.063835408654512E-10
         1.000701308250427E+00         6.106297689711937E-08         4.303691431006840E-11
         1.000684261322021E+00         5.012678343518928E-07        -5.828353077941273E-11
         1.000639200210571E+00         8.129848083626712E-07        -5.929427088213757E-11
         1.000381827354431E+00         1.196884227283590E-06        -1.717942177403842E-10
         9.999977350234985E-01         1.602752490725834E-06        -2.158211664937681E-10
         9.998237490653992E-01         2.155602714992710E-06        -3.053307884304246E-10
         1.000052332878113E+00         1.949329544004286E-06        -3.048909735792193E-10
         1.000934958457947E+00         8.840007126309501E-07        -1.241699538329089E-11
         1.000286459922791E+00         1.506505554971227E-06        -3.883726396036735E-10
         1.000473380088806E+00         8.132568609653390E-07        -6.329151785999798E-11
         0.000000000000000E+00         0.000000000000000E+00         0.000000000000000E+00
         0.000000000000000E+00         0.000000000000000E+00         0.000000000000000E+00
         0.000000000000000E+00         0.000000000000000E+00         0.000000000000000E+00
         0.000000000000000E+00         0.000000000000000E+00         0.000000000000000E+00
         9.998926520347595E-01        -2.739262072282145E-06         8.122205685801021E-10
         1.000098228454590E+00        -3.316453557999921E-06         1.543140837334533E-09
         1.000382184982300E+00        -4.103956598555669E-06         2.284663569440681E-09
         1.000011205673218E+00        -1.715957182568673E-06         2.438912960478490E-10
         1.000077843666077E+00        -1.683301093180489E-06         3.174113472059759E-10
         1.000100612640381E+00        -1.334676994702022E-06         2.784933950117363E-10
         1.000111699104309E+00        -1.071144311026728E-06         1.892094814159861E-10
         1.000023841857910E+00        -1.132716192842054E-06         1.734219018389993E-10
         9.997487664222717E-01        -8.593348752583552E-07         1.341558530931763E-10
         9.998434185981750E-01        -1.336650484518032E-06         2.302323470759760E-10
         9.998404383659363E-01        -1.241879203917051E-06         1.897423329566550E-10
         9.996306300163269E-01        -9.691309514892055E-07         8.602033668703157E-11
         9.997587203979492E-01        -1.132156398853112E-06         1.576136027248154E-10
         1.000086069107056E+00        -1.308217861151206E-06         2.028265194686796E-10
         1.000207662582397E+00        -1.177460376311501E-06         1.629486962029247E-10
         1.000171184539795E+00        -9.202420869769412E-07         7.002759483398791E-11
         9.999385476112366E-01        -4.125679993194353E-07        -4.689342664176976E-11
         9.999043941497803E-01        -2.433590964301402E-07        -4.583600166085944E-11
         1.000135660171509E+00         2.319749548007621E-08        -1.208513150663393E-10
         1.000146746635437E+00         1.033490875101961E-07        -7.810080360215466E-11
         1.000042557716370E+00         3.172581841681676E-07        -4.122817365281861E-11
         9.999894499778748E-01         1.991472800000338E-07         1.990847764421488E-11
         1.000026583671570E+00         3.494001816761738E-07         4.479999270862178E-12
         1.000100851058960E+00         8.386425776052420E-09         1.228374069128790E-10
         1.000128388404846E+00        -1.254413604101501E-07         1.029895335680209E-10
         1.000407099723816E+00        -2.919260850831051E-07         1.319435394275814E-10
         1.000411868095398E+00        -3.500281877677480E-07         1.751190026322291E-10
         1.000511884689331E+00        -4.627279963642650E-07         1.292835560828820E-10
         1.000432729721069E+00        -8.829338327132064E-08        -3.493404177046244E-11
         1.000360846519470E+00        -1.699678335853605E-07        -3.886157368127030E-11
         1.000382184982300E+00        -4.227510714827076E-07         7.965016667055291E-12
         1.000343322753906E+00        -5.358497787710803E-07        -3.264317635642833E-11
         1.000179171562195E+00        -5.272592034089030E-07        -2.206237796620325E-11
         1.000331163406372E+00        -9.129642535299354E-07         2.019876349512728E-10
         1.000136971473694E+00        -2.409346393505984E-07        -6.434189986359584E-11
         1.000492930412292E+00        -6.476687417489302E-07         6.887981851555480E-11
         1.000443816184998E+00        -3.462383801888791E-07         1.513188012391975E-11
         1.000332236289978E+00        -8.049201305482256E-09        -6.293839754922814E-11
         1.000322818756104E+00         3.326329363062541E-07        -1.161270662963787E-10
         1.000509262084961E+00         2.346371132944114E-07        -4.109450627010069E-11
         1.000774621963501E+00        -1.946300045574390E-07         3.323586848444360E-12
         1.000505089759827E+00         1.778005520591819E-09        -4.108340057040749E-11
         1.000435590744019E+00        -1.308898731622321E-07         7.164250442892595E-11
         1.000582456588745E+00        -4.461880678263697E-07         1.007892797000309E-10
         1.000656127929688E+00        -3.724009900452074E-07         5.144207629315112E-11
         1.000686764717102E+00        -5.984913968859473E-07         1.845294056446178E-10
         1.000532865524292E+00        -6.196215736054000E-07         1.606524357988803E-10
         1.000307917594910E+00        -4.536889264272759E-07         3.538378617884419E-11
         1.000353813171387E+00        -1.593156184753752E-07         8.028570169793525E-11
         1.000142693519592E+00        -1.322479619147998E-07         4.466018180271369E-11
         9.999794960021973E-01        -1.096717667792291E-07         3.909321824591139E-11
         9.998462796211243E-01         2.338363458420645E-07        -7.522186346031745E-11
         9.996413588523865E-01         4.657175054489926E-07        -1.145218225806488E-10
         9.999756217002869E-01        -2.066899469355121E-07         6.634184868126169E-11
         9.997377991676331E-01         6.867362003504240E-07        -1.083046291538992E-10
         9.999244213104248E-01         5.323520326783182E-07        -1.480341682569275E-10
         9.997552037239075E-01         4.860950753027282E-07        -9.094034553180919E-11
         9.994155168533325E-01         1.211784251609060E-06        -2.996697334722853E-10
         9.995518922805786E-01         7.523050271629472E-07        -8.006540569427401E-11
         9.994294643402100E-01         6.310035018941562E-07        -1.170975677533548E-10
         9.992687106132507E-01         6.318525151982612E-07        -1.544182282042783E-10
         9.993866086006165E-01         2.697107106541807E-07        -6.006899838650881E-11
         9.994090795516968E-01         2.094461279966708E-07        -5.879827180699237E-11
         9.992851018905640E-01         5.823460469400743E-07        -1.316263764650216E-10
         9.993897080421448E-01         5.131669240654446E-07        -1.834939700184890E-10
         9.990621209144592E-01         1.137985009336262E-06        -2.852080516202449E-10
         9.992603063583374E-01         5.492699415299285E-07        -1.645426572771669E-10
         9.997112751007080E-01         1.056748573091681E-07        -4.250556850937670E-11
         9.998614192008972E-01        -2.572749906448735E-07         2.699478973688940E-10
         9.996285438537598E-01        -1.171647596720504E-07        -1.365733220959342E-10
         9.997979402542114E-01        -5.143371595295321E-07         2.016778584412737E-11
         9.995803236961365E-01         1.611694528946828E-07        -4.779681511690725E-11
         9.994387626647949E-01         3.502384515741142E-07        -1.253740028461792E-10
         9.994634985923767E-01         4.867775373895711E-07        -1.944201188930350E-10
         9.996123313903809E-01         2.559373228905315E-07        -5.493604182671419E-11
         9.998561143875122E-01         8.946149421262817E-08        -1.587396707136701E-11
         9.999752044677734E-01        -8.626238212627868E-08        -6.094837134984488E-11
         1.000126719474792E+00        -2.142607087307624E-07        -1.993848142145538E-11
         9.997122883796692E-01         4.203809282898874E-07        -1.683605616031869E-10
         9.995576739311218E-01         2.074767451176740E-07        -5.341802000735640E-11
         9.994921088218689E-01         2.509147236651188E-07        -8.330058171024390E-11
         9.995965361595154E-01         4.359179683888215E-07        -9.151575330879069E-11
         9.997505545616150E-01         2.999391313096567E-07        -3.833969253186353E-11
         9.996632337570190E-01         2.663657028278976E-07        -9.628159380881129E-11
         9.998707175254822E-01         3.066532201501104E-07        -8.260235551116324E-11
         9.998530149459839E-01         3.503176060348778E-07        -6.719474976435436E-11
         9.998401403427124E-01         3.790667335579201E-07        -1.815837341601068E-10
         9.999899268150330E-01         1.203891741852203E-07        -3.375873885991254E-11
         1.000208258628845E+00        -5.476575282159502E-08         2.541077699820538E-13
         1.000052928924561E+00         9.299582615085455E-08        -1.335785301814774E-11
         1.000046610832214E+00        -1.425003972599370E-07         1.869692421718749E-11
         1.000018954277039E+00        -1.422624222868762E-07         5.141296069433032E-11
         9.999238848686218E-01         5.286330306830678E-08        -1.084997109518371E-11
         9.998524785041809E-01         2.399553409304644E-07        -3.598464234921828E-11
         9.997877478599548E-01         2.643479604103049E-07        -5.647624035098886E-11
         1.000031471252441E+00        -1.918888017371501E-07        -2.435136640943636E-11
         1.000247955322266E+00        -1.048380582346908E-07        -7.367323417994953E-11
         1.000325322151184E+00        -2.387597817232745E-07        -9.178197785120190E-11
         1.000290393829346E+00        -8.930929595862835E-08        -1.145797207113830E-10
         1.000160217285156E+00        -5.398134916845265E-08        -1.037627414546272E-10
         1.000415444374084E+00        -3.471670879662270E-07         6.331535989945181E-11
         1.000222682952881E+00        -9.760526609170483E-08        -5.123864180167637E-11
         9.999148845672607E-01        -2.576688418187700E-09        -3.660456052850813E-12
         0.000000000000000E+00         0.000000000000000E+00         0.000000000000000E+00
         9.993975162506104E-01         2.553072420141689E-08        -7.365216075916337E-12
         9.994267821311951E-01         1.562007554412048E-07        -5.090786299455363E-12
         9.992135167121887E-01         5.966670642010286E-07        -1.205618799238195E-10
         9.991542696952820E-01         8.012012244762445E-07        -1.594159387829919E-10
         9.992896318435669E-01         9.728295253808028E-07        -1.345328293211878E-10
         9.996756315231323E-01         9.508709695182915E-07        -2.617047412112328E-10
         9.998668432235718E-01         9.193537380269845E-07        -1.371638219671567E-10
         1.000033378601074E+00         7.013516665210773E-07        -2.052048669876072E-10
         1.000155806541443E+00         3.724227610746311E-07        -4.651937168809184E-11
         1.000046491622925E+00         1.149991035731546E-07         5.701994432172341E-11
         9.997264146804810E-01         3.102892378592514E-07        -7.912072386151436E-11
         9.998571872711182E-01        -2.020425000637260E-07         6.705765109860096E-11
         9.999037384986877E-01        -3.401321748697228E-07         1.131409341215139E-10
         9.996512532234192E-01        -3.070420291351184E-07         1.270371446926433E-10
         9.998234510421753E-01        -2.956402340714703E-07         1.109134867283146E-10
         9.996894001960754E-01         1.176147605974620E-07         4.641813669548078E-11
         9.993833303451538E-01         1.022180072141055E-06        -1.171497204799365E-10
         9.995214939117432E-01         9.197174790642748E-07        -1.577384056705711E-10
         9.994365572929382E-01         7.396446335405926E-07        -7.990550061898194E-12
         9.995824694633484E-01         1.768161013160352E-07        -3.280090088431109E-11
         9.997704625129700E-01        -1.814385797160867E-07         3.754663940869207E-11
         9.997767806053162E-01        -2.853951173165115E-07         1.487534123656431E-10
         9.997824430465698E-01        -2.353632879703582E-07         1.737115590261240E-10
         9.998627305030823E-01        -2.110117804932088E-07         3.170827142517929E-11
         9.998405575752258E-01        -5.647149805554363E-07         1.829237594730415E-10
         9.998699426651001E-01        -4.346094328866457E-07         9.548971335870959E-11
         1.000080823898315E+00        -2.689605480554746E-07         6.877869367788447E-12
         1.000029921531677E+00        -1.748111913002504E-07         7.289900627593937E-11
         1.000058770179749E+00        -1.109551845956958E-07        -1.612490349578444E-11
         9.999021887779236E-01         4.483715940750699E-07        -1.710610403327095E-10
         9.998237490653992E-01         2.424313265692035E-07        -6.176832656468179E-11
         9.999173879623413E-01         1.431002942808846E-07        -5.689601914604658E-11
         1.000121831893921E+00        -6.053414836060256E-08         3.104213067151029E-11
         1.000203490257263E+00        -1.354367356043440E-07        -3.992019562137905E-11
         1.000217199325562E+00        -2.915868435593438E-07         9.232021397354018E-11
         1.000200390815735E+00        -2.804204939366173E-07        -1.789987082168043E-11
         9.998387098312378E-01         3.410604563214292E-07        -1.093721363476519E-10
         9.999572634696960E-01         3.932114367444228E-08        -4.933674649376663E-11
         9.998921155929565E-01        -2.082282293258686E-07         4.883382240250533E-11
         9.999690651893616E-01        -2.907106306793139E-07         4.306738299320045E-11
         1.000150322914124E+00        -3.349701103161351E-07         7.084680758717710E-11
         1.000268340110779E+00        -5.355046255317575E-07         1.320097225976369E-10
         1.000260949134827E+00        -1.967234339872448E-07         8.471332142712118E-12
         1.000354409217834E+00        -3.378905546469468E-07         1.057211956867476E-10
         1.000178575515747E+00         1.480735676295808E-07        -3.098378498211929E-11
         1.000247001647949E+00         1.622465646278215E-07        -2.185793213094200E-12
         1.000635862350464E+00        -3.899494345205312E-07         9.076952384168280E-11
         1.000578761100769E+00        -6.426819254556904E-07         9.578102200258343E-11
         1.000583648681641E+00        -7.192402335931547E-07         1.973055191450968E-10
         1.000824809074402E+00        -9.900325039780000E-07         2.400628862364584E-10
         1.000870823860168E+00        -1.039337121255812E-06         1.838883212368358E-10
         1.000822186470032E+00        -9.630462045606691E-07         1.885382683308734E-10
         1.001111865043640E+00        -1.560683813295327E-06         3.476401388979866E-10
         1.001075387001038E+00        -1.566647711115365E-06         4.142526599526519E-10
         1.001053571701050E+00        -9.332409831586119E-07         2.271791643693177E-10
         1.000939130783081E+00        -7.404088933071762E-07         3.701844386583275E-10
         1.000797271728516E+00        -7.462274425051874E-07         3.439116769143880E-10
         1.000400304794312E+00        -5.381695586947899E-07         3.271002912974552E-10
         1.000331044197083E+00        -6.810699346715410E-07         2.533754872580118E-10
         1.000310182571411E+00        -7.562675818917342E-07         2.852366121075534E-10
         1.000394940376282E+00        -9.552993560646428E-07         3.833434680799996E-10
         1.000426888465881E+00        -9.488934438195429E-07         3.984032548309813E-10
         1.000233411788940E+00        -7.476795076399867E-07         3.356009359301027E-10
         1.000196933746338E+00        -8.182051942640101E-07         4.532532127399236E-10
         1.000168323516846E+00        -7.059599056447041E-07         4.044688473037183E-10
         1.000063776969910E+00        -4.466109544409846E-07         3.581200891389358E-10
         1.000123381614685E+00        -6.470647235801152E-07         3.583141561236403E-10
         1.000073313713074E+00        -8.650976042190450E-07         4.298389144619108E-10
         1.000206589698792E+00        -9.499340194452088E-07         4.639568174091835E-10
         1.000451803207397E+00        -1.306795070377120E-06         5.301808436719568E-10
         1.000803947448730E+00        -1.617315547264297E-06         5.952201509451527E-10
         1.000764250755310E+00        -1.691268266768020E-06         6.998017720860616E-10
         9.971734285354614E-01         2.350933073103079E-06        -4.407944287354582E-10
         9.991672039031982E-01        -1.391541104567295E-07         2.165065904335961E-10
         9.990889430046082E-01         5.903929718442669E-07         5.187186617738870E-12
         9.994020462036133E-01         1.713644195433517E-07         1.790525921974151E-10
         1.000607967376709E+00        -1.352382582808787E-06         6.138051733550753E-10
         0.000000000000000E+00         0.000000000000000E+00         0.000000000000000E+00
         0.000000000000000E+00         0.000000000000000E+00         0.000000000000000E+00
         0.000000000000000E+00         0.000000000000000E+00         0.000000000000000E+00
         0.000000000000000E+00         0.000000000000000E+00         0.000000000000000E+00
         9.981629848480225E-01         4.158462616032921E-06        -3.020143690690702E-09
         9.988917708396912E-01         2.531633072067052E-06        -2.405197596644371E-09
         9.986077547073364E-01         3.536249096214306E-06        -2.609783500417961E-09
         9.992483854293823E-01         1.983924221349298E-06        -1.725446341360737E-09
         9.994394183158875E-01         6.485098538178136E-07        -3.993375630173546E-10
         9.990029335021973E-01         1.782530603122723E-06        -6.463614088403347E-10
         9.995348453521729E-01         9.104256264436117E-07        -4.068217707153821E-10
         9.996539950370789E-01         6.144106805550109E-07        -1.970191787492581E-10
         9.998645186424255E-01         4.774207127411501E-07        -1.277575406577469E-10
         9.993982911109924E-01         1.948783165062196E-06        -5.590975460378900E-10
         9.995383620262146E-01         1.345483383374813E-06        -3.698231165749633E-10
         9.998599886894226E-01         7.925484624138335E-07        -3.339782339573105E-10
         1.000240921974182E+00         7.980511895766540E-08        -1.513563024913012E-10
         1.000032901763916E+00         9.895761650113855E-07        -3.757573419083116E-10
         9.999907016754150E-01         1.098929601539567E-06        -4.612594473041298E-10
         9.998207688331604E-01         1.256235009350348E-06        -3.722157304597573E-10
         1.000171303749084E+00         6.177642148941231E-07        -2.906899998489365E-10
         1.000541210174561E+00         1.694457552048334E-07        -1.642804364765382E-10
         1.000955224037170E+00        -7.097115712895175E-07        -4.140932735596792E-11
         1.000959992408752E+00        -9.867806056718109E-07         1.210735539602936E-10
         1.000651001930237E+00        -6.937285661479109E-07         1.151557529888159E-10
         1.000436067581177E+00        -4.701520595062902E-07         2.683606462050570E-11
         1.000157237052917E+00         1.290784865659589E-07        -2.100192658671673E-10
         1.000055551528931E+00         4.410348992678337E-07        -2.093900747235367E-10
         9.999531507492065E-01         6.789661597395025E-07        -3.086484123837607E-10
         9.998580813407898E-01         1.281348545489891E-06        -5.169659145209948E-10
         9.996554851531982E-01         1.505220097897109E-06        -4.251905494356834E-10
         9.997285604476929E-01         1.314889004788711E-06        -3.161023665043672E-10
         1.000021815299988E+00         4.027025966024667E-07        -1.081060727048389E-10
         9.998737573623657E-01         5.118087074151845E-07        -1.691151246818734E-10
         1.000061631202698E+00        -3.014947651536204E-07         5.195870816931958E-11
         1.000139713287354E+00        -6.381606567629206E-07         1.735361715438088E-10
         1.000026226043701E+00         5.164891447861919E-08         1.700001944771046E-11
         1.000331997871399E+00         1.089610321969303E-07        -1.054674750311513E-10
         1.000174999237061E+00         6.748782652721275E-07        -2.430558254662429E-10
         1.000269770622253E+00         3.212101660210465E-07        -1.253521175748062E-10
         1.000331878662109E+00         4.531302977284213E-07        -1.307102759362522E-10
         1.001013159751892E+00        -1.576049385221268E-06         3.914195634280304E-10
         1.000422120094299E+00        -1.074337433237815E-06         1.968980117839081E-10
         1.000559329986572E+00        -1.705701720311481E-06         3.600365561240437E-10
         1.000572085380554E+00        -1.424015522388800E-06         3.443269558367490E-10
         1.000088453292847E+00        -4.466249379220244E-07         1.307730174149313E-10
         9.997788667678833E-01         8.047922506193572E-08        -6.199282059915490E-11
         9.997227191925049E-01         4.428547129009530E-07        -1.566271973230116E-10
         9.998250603675842E-01         1.522133743492304E-07        -1.179655765431997E-11
         9.996553063392639E-01         4.426521513778425E-07        -1.120518747232957E-10
         9.996975064277649E-01        -1.124191513213191E-07         2.514261021602238E-10
         9.996748566627502E-01        -2.739185447353520E-07         2.892830697209803E-10
         9.997326731681824E-01        -6.374231134032016E-07         5.382867485081988E-10
         9.997643232345581E-01        -1.543305216955559E-07         1.376150721155156E-10
         9.997101426124573E-01         2.287318210392186E-07        -1.257891013572987E-10
         1.000031352043152E+00         2.308122581951011E-08        -1.561002577199488E-10
         1.000049471855164E+00         3.931106107302185E-07        -1.707422953023396E-10
         9.999618530273438E-01         1.002227918434073E-06        -3.310961227409592E-10
         1.000193834304810E+00         8.909463531381334E-07        -2.700563661583999E-10
         1.000303983688354E+00         3.153962495616724E-07        -1.728450542415327E-11
         1.000503182411194E+00         2.176151525645764E-07        -8.071054241609588E-11
         1.000624895095825E+00        -1.858119658137980E-09        -3.684899260725238E-11
         1.000892400741577E+00        -4.453362691947405E-07         4.828631938735839E-11
         1.000443100929260E+00         2.482994148067519E-07        -2.019626410554309E-10
         1.000389099121094E+00         9.304775971941126E-08        -2.147973326982466E-10
         1.000260114669800E+00         2.645022334490932E-07        -2.758309136652315E-10
         1.000198721885681E+00        -1.086212506606898E-07        -1.867954124712412E-10
         1.000065565109253E+00         4.245078173426009E-07        -3.005711235459785E-10
         1.000477075576782E+00        -5.327630105966819E-07         3.467715004035199E-11
         9.997962713241577E-01         7.536108341810177E-07        -3.820861405046116E-10
         1.000102996826172E+00        -1.907140472212632E-07        -1.310487968142482E-10
         9.990653395652771E-01         1.469485710003937E-06        -3.360699774024312E-10
         9.994037747383118E-01         3.676849189560016E-07        -4.033148121029839E-11
         9.989682435989380E-01         1.678936428106681E-06        -4.397015807011684E-10
         9.993641376495361E-01         5.670895006915089E-07         2.671827481481870E-10
         9.992285370826721E-01         1.101644443224359E-06        -8.125836115091545E-11
         9.994434714317322E-01         8.619217055638728E-07        -1.971439123060748E-10
         9.994141459465027E-01         1.046249053615611E-06        -3.714481222605315E-10
         9.999222755432129E-01         1.741170621016863E-07        -2.479409212663430E-11
         1.000134348869324E+00         4.993530069441476E-07        -1.893322582047219E-10
         1.000532865524292E+00        -2.684689945908758E-07         5.709354863880911E-11
         1.000399112701416E+00         3.927991087948612E-07        -2.579731150920139E-10
         1.000897526741028E+00        -6.167875312712567E-07        -5.004834047195317E-11
         1.000647902488708E+00        -2.340185005778039E-07        -1.215108569319057E-10
         1.000403761863708E+00        -1.841476375830098E-07        -7.257758283252258E-11
         1.000205516815186E+00         1.177592139356420E-07        -5.269019595632862E-11
         1.000063896179199E+00         1.452432769610823E-07         1.123723475382477E-10
         1.000135540962219E+00         1.075815561080162E-07         9.420803720461279E-11
         9.999994039535522E-01         5.224063102104992E-07        -1.535882671044320E-10
         1.000384449958801E+00        -4.633039907275815E-07         9.082488233724817E-11
         9.998471736907959E-01         7.162198016885668E-07        -1.875277849672230E-10
         9.999017119407654E-01         5.861903673576307E-07        -1.069697871947106E-10
         1.000131607055664E+00        -2.376873169396276E-07         1.398273719033227E-10
         9.997883439064026E-01         8.399280915227791E-08         1.748008821023106E-10
         9.998870491981506E-01        -4.679065455093223E-07         4.026408373380974E-10
         9.994291067123413E-01         6.096980200709368E-07        -9.573146962649215E-12
         1.000197768211365E+00        -6.554832907568198E-07         2.184068759181201E-10
         1.000266313552856E+00        -6.514109145427938E-07         1.642279506830491E-10
         1.000040411949158E+00         6.849550260312753E-08        -1.172365676760379E-10
         9.997935295104980E-01         5.300015004650049E-07        -1.597014603893498E-10
         1.000077009201050E+00         2.538606622692896E-07        -7.268199236909467E-11
         1.000059366226196E+00         2.214123213661878E-07        -1.667448817910255E-10
         9.998531341552734E-01         4.034367862004729E-07        -1.354682199750101E-10
         9.997608661651611E-01         1.222371679432399E-07        -1.687399699135117E-11
         0.000000000000000E+00         0.000000000000000E+00         0.000000000000000E+00
         0.000000000000000E+00         0.000000000000000E+00         0.000000000000000E+00
         9.988790154457092E-01         4.221513734137261E-07        -2.145442573597833E-10
         9.990521669387817E-01         3.474282834758924E-07        -8.572360182812488E-11
         9.991313815116882E-01         3.383522653166438E-07        -8.369560600129944E-11
         9.991053938865662E-01         2.758423534032772E-07        -2.234966933745142E-10
         9.993835687637329E-01        -2.735285704602575E-07         1.615119843423329E-11
         9.992490410804749E-01         5.685333093197187E-08        -5.887480780675247E-11
         9.996702075004578E-01        -6.648349426541245E-07         2.501905349561184E-10
         9.991809725761414E-01         5.156257429916877E-07        -2.890400072064203E-11
         0.000000000000000E+00         0.000000000000000E+00         0.000000000000000E+00
         9.993815422058105E-01         1.986794160302452E-07        -2.847726611812651E-12
         9.996243119239807E-01         5.346463893829423E-08         1.442920435912320E-11
         1.000146150588989E+00        -7.042999641271308E-07         2.124999759489654E-10
         9.999157190322876E-01         6.760239301684123E-08         5.999128277478505E-11
         0.000000000000000E+00         0.000000000000000E+00         0.000000000000000E+00
         0.000000000000000E+00         0.000000000000000E+00         0.000000000000000E+00
         9.993876814842224E-01         3.583357965908363E-07        -1.073496014303288E-10
         1.000366449356079E+00        -1.269739072995435E-06         4.278950249680946E-10
         9.998872876167297E-01         3.750518828837812E-07        -6.600112123500423E-11
         1.000120520591736E+00        -1.832574128002307E-07         2.396855491859640E-10
         9.998188614845276E-01         6.265794922910572E-07        -2.017614408877932E-10
         1.000109195709229E+00        -2.531780580738996E-07         1.144585745627147E-10
         1.000118851661682E+00        -1.735822223736250E-07        -1.548006028917470E-10
         9.999977350234985E-01        -1.126807731566259E-07        -1.079308031837201E-10
         1.000080466270447E+00        -3.577900145046442E-07        -4.484800378290466E-11
         9.993343949317932E-01         8.673657703184290E-07        -1.809423860743564E-10
         1.000232815742493E+00        -1.305812702412368E-06         6.614140901639587E-10
         1.000275254249573E+00        -8.282930252789811E-07         5.082500531550238E-10
         1.000401377677917E+00        -6.375366865540855E-07         3.592467434643254E-10
         1.000244617462158E+00         1.466171966058027E-07         1.536765575904653E-10
         1.000027656555176E+00         4.730315481538128E-07         2.587062855607947E-11
         9.995329976081848E-01         1.303642534367100E-06        -2.347744221253834E-10
         9.998276829719543E-01         1.007394757834845E-06        -4.211513360274921E-10
         1.000192761421204E+00         3.750919574940781E-07        -2.659134856752843E-10
         9.998468756675720E-01         7.686596745770657E-07        -2.928521869449696E-10
         9.996318221092224E-01         1.068876827048371E-06        -4.817286014535682E-10
         9.997019767761230E-01         5.920070407228195E-07        -3.146379545793110E-10
         9.991242289543152E-01         1.713998244667891E-06        -6.409281438912728E-10
         9.995210170745850E-01         1.291468493036518E-06        -4.065187630963862E-10
         1.000005841255188E+00         6.603374913538573E-07        -3.515858715275044E-10
         1.000192880630493E+00        -1.538001392908939E-09        -2.104430102400912E-10
         1.000493884086609E+00        -4.995458766643424E-07        -1.091139678610631E-10
         1.000113010406494E+00        -6.172381006308569E-08        -6.371207728061989E-11
         9.997889399528503E-01         5.470524797601684E-07        -2.513191044162255E-10
         9.996384382247925E-01         6.063126534172625E-07        -2.790122854978705E-10
         9.998196959495544E-01         3.488798583362041E-08        -1.487658884968823E-10
         1.000024318695068E+00        -4.897058261121856E-07        -1.442779142685202E-11
         1.000169157981873E+00        -1.180189656224684E-06         2.320665881683226E-10
         9.997527003288269E-01        -7.365392775682267E-07         1.927407261570480E-10
         9.991469979286194E-01         5.131607281327888E-07        -1.720956294137821E-10
         9.991748929023743E-01         8.820758239380666E-07        -2.587552949684380E-10
         9.990263581275940E-01         1.162806370302860E-06        -2.198465992586662E-10
         9.991778135299683E-01         8.323384577124671E-07        -2.335301119149591E-10
         9.995468258857727E-01         1.517694840913464E-07        -7.825181475018539E-12
         9.996975064277649E-01        -2.426718594961130E-07         6.232651200699380E-11
         9.993851780891418E-01         8.373119086968472E-09        -1.460842558032027E-11
         9.999809265136719E-01        -6.417066060748766E-07         3.491930078425298E-10
         9.998019933700562E-01        -2.263436300609101E-07         1.156999218654420E-10
         9.995199441909790E-01         8.014174568415910E-07        -2.766382123375877E-10
         9.994757175445557E-01         8.679563165969739E-07        -3.041090435029759E-10
         9.994797706604004E-01         9.594192533768364E-07        -4.927909746932357E-10
         9.998422265052795E-01         9.167849839286646E-07        -4.488739657748653E-10
         9.998095631599426E-01         1.410422214576101E-06        -5.938985414566389E-10
         9.996994137763977E-01         1.831026793297497E-06        -6.880797043251619E-10
         9.999769926071167E-01         1.374052885694255E-06        -6.344725300699849E-10
         1.000236988067627E+00         1.012751909001963E-06        -4.434233258354681E-10
         1.000707626342773E+00         7.367449939010839E-07        -3.741656706690577E-10
         1.000980019569397E+00         2.631586255574803E-07        -4.110498330600620E-10
         1.000414133071899E+00         1.082061316992622E-06        -6.016998010949237E-10
         9.998562932014465E-01         1.969210416064016E-06        -8.429999476256000E-10
         9.999560117721558E-01         1.586795747243741E-06        -7.566681725634794E-10
         9.999063014984131E-01         1.429723056389776E-06        -5.838770023025575E-10
         9.999494552612305E-01         1.238068534803460E-06        -5.932338509317958E-10
         9.998310208320618E-01         1.421420620317804E-06        -5.399089508806298E-10
         1.000011444091797E+00         8.264153734671709E-07        -4.683503029845326E-10
         1.000425338745117E+00         3.563415305052331E-07        -3.528361769422617E-10
         9.985037446022034E-01         2.409338776487857E-06        -9.270570422437174E-10
         9.995279312133789E-01         1.151135393229197E-06        -6.193185964065151E-10
         1.000069737434387E+00         1.291678927373141E-06        -7.835255777521866E-10
         1.002241969108582E+00        -7.364401994891523E-07        -1.200788496413807E-10
         1.001203775405884E+00         3.298438286947203E-07        -3.802856363144258E-10
         0.000000000000000E+00         0.000000000000000E+00         0.000000000000000E+00
         0.000000000000000E+00         0.000000000000000E+00         0.000000000000000E+00
         0.000000000000000E+00         0.000000000000000E+00         0.000000000000000E+00
         9.993715882301331E-01        -1.635994749449310E-06         9.719752780412705E-10
         9.996122121810913E-01        -1.392515059706056E-06         9.069620054980021E-10
         9.999940991401672E-01        -1.357556470793497E-06         9.985322568795141E-10
         9.999788999557495E-01        -2.631900315464009E-07        -2.663501797589563E-12
         1.000028371810913E+00        -6.454169465541781E-07         4.991096980155874E-10
         1.000317096710205E+00        -8.532669539818016E-07         3.979891138872205E-10
         1.000720858573914E+00        -1.244484792550793E-06         4.357104399499434E-10
         1.000806212425232E+00        -1.349530975858215E-06         5.579118278475903E-10
         1.000368833541870E+00        -9.468067787565815E-07         5.256168278400253E-10
         1.000172376632690E+00        -1.039556877913128E-06         5.421579296616130E-10
         1.000070929527283E+00        -8.292761890515976E-07         4.286608290549054E-10
         1.000474572181702E+00        -1.230225620929559E-06         5.310867301488997E-10
         1.000364184379578E+00        -9.989345244321157E-07         4.958228272400333E-10
         1.000366210937500E+00        -1.283038045585272E-06         4.302399547739810E-10
         1.000279903411865E+00        -9.575271633366356E-07         3.333603670885310E-10
         1.000444054603577E+00        -1.044498162627860E-06         4.069887205027101E-10
         1.000391840934753E+00        -1.062563455889176E-06         4.912685258595673E-10
         1.000398635864258E+00        -7.020726116024889E-07         2.395713072367300E-10
         1.000752568244934E+00        -1.581243623149930E-06         4.888895954735517E-10
         1.000728011131287E+00        -1.288633370677417E-06         4.441598477900044E-10
         1.001151919364929E+00        -1.501788574387319E-06         5.299135574787783E-10
         1.000877380371094E+00        -1.057728582054551E-06         3.541595627876148E-10
         1.000862717628479E+00        -9.730142664921004E-07         3.011685345555293E-10
         1.001122117042542E+00        -1.258999077435874E-06         4.170347400744845E-10
         1.000907778739929E+00        -6.749655199200788E-07         1.842686142561334E-10
         1.000797986984253E+00        -6.846134397164860E-07         2.811937904745321E-10
         1.000463604927063E+00        -7.693457177992968E-07         2.300199059002139E-10
         1.000008225440979E+00        -1.866651899717908E-07         5.373161984789654E-11
         9.998543858528137E-01         3.559263461738738E-07        -1.287927126059074E-10
         9.998752474784851E-01        -3.884634836026635E-08        -1.364825526900537E-11
         9.998211860656738E-01        -3.595987720927951E-07         6.649222838994717E-11
         9.996472001075745E-01        -1.968833487353550E-07         1.501006263726623E-10
         9.998333454132080E-01        -6.163929242575250E-07         2.670066945320571E-10
         9.998772740364075E-01        -7.984418743944843E-07         2.552431599411875E-10
         9.997284412384033E-01        -6.799559741921257E-07         3.610853838154071E-10
         1.000290274620056E+00        -1.191463979921537E-06         4.084037552587461E-10
         1.000083327293396E+00        -7.158143375818327E-07         3.376719459602384E-10
         9.997010231018066E-01        -1.098819240041848E-07         2.055813852486210E-10
         9.994586110115051E-01         4.383486995607200E-08         9.108685333769628E-11
         9.995135068893433E-01         1.660224739907790E-07         7.901147097699734E-11
         9.994659423828125E-01         3.797483429934800E-07        -3.374177673376444E-11
         9.998000264167786E-01        -1.401803899625520E-07         2.294962275772860E-10
         9.999135136604309E-01        -1.382761638524244E-07         5.438994046813583E-11
         9.999451637268066E-01         1.275364667208123E-07         3.675821366039278E-12
         9.998654127120972E-01         7.448227847817179E-07        -2.033222062935991E-10
         1.000089526176453E+00         6.605072826459946E-07        -1.686053657801168E-10
         1.000280737876892E+00        -9.047176341425711E-09         1.062552060226984E-10
         9.999752044677734E-01         2.061369173134153E-07        -2.709775633047418E-11
         1.000345110893250E+00        -2.077466660921345E-07         1.381126740751526E-10
         1.000633716583252E+00        -3.692070436045469E-07         1.969038959659386E-10
         1.000554323196411E+00        -1.335081520892345E-07         1.657163295476494E-10
         1.000682950019836E+00        -7.632216352249088E-07         2.609971405664879E-10
         1.000395894050598E+00        -1.589405513868769E-07         1.609032906912944E-10
         1.000685930252075E+00        -2.479745120353982E-08        -7.160118609128574E-10
         1.000115394592285E+00        -4.496660821473597E-08         2.048753111605350E-10
         1.000104665756226E+00        -2.788353015148459E-07         4.993726265833942E-11
         1.000102519989014E+00        -1.333280437165740E-07         5.590495427698627E-11
         1.000213265419006E+00        -4.255628880400764E-07         7.818328623399040E-11
         1.000479102134705E+00        -1.010288428915374E-06         2.051455116891532E-10
         1.000437378883362E+00        -5.367528501665220E-07         1.331123128389677E-10
         1.000459551811218E+00        -5.553966957450029E-07         1.997725179725407E-10
         1.000160217285156E+00        -2.862630310573877E-07         1.530944260252909E-10
         1.000338435173035E+00        -4.197598855171236E-07         1.468852539598942E-10
         1.000112533569336E+00         2.570232027210295E-08         3.962508446364588E-11
         9.997699856758118E-01         3.562346364560653E-07        -1.080159434119210E-10
         9.997197389602661E-01         9.759481827131822E-07        -4.252813656790977E-10
         9.998342990875244E-01         5.973280394755420E-07        -2.904288753935447E-10
         9.999045133590698E-01         3.144503466501192E-07        -1.137308788812241E-10
         1.000114560127258E+00         5.382942731557705E-07        -2.243026042680896E-10
         1.000269532203674E+00         9.228342179312676E-08        -4.388377161657075E-11
         1.000114917755127E+00         6.091639193073206E-07        -8.242964644189499E-10
         1.000038743019104E+00         7.184285522043865E-08         9.827817032403985E-11
         1.000118613243103E+00         8.474616208786756E-08        -1.831058082935044E-10
         1.000061988830566E+00         2.682655875219098E-08        -2.937622714527244E-11
         9.999690055847168E-01         2.456499430536496E-07        -2.272827065441518E-11
         9.998433589935303E-01         4.249679363965697E-07        -4.691237329157438E-11
         1.000257968902588E+00        -4.970715394847502E-08         4.220001431631815E-11
         1.000228047370911E+00        -2.334484747734678E-07         9.764044434090735E-11
         9.999774098396301E-01         1.195715810808906E-07        -1.471774958849981E-11
         1.000024199485779E+00         2.170231709897052E-07        -2.207667104681121E-10
         1.000122904777527E+00         1.125598956264184E-07        -4.826548882785886E-11
         1.000204563140869E+00        -2.392842475273937E-07         1.467530610921308E-11
         1.000283122062683E+00        -3.581323824164429E-07         1.583393832715885E-10
         9.999426007270813E-01         4.296346673982043E-07         8.827294906317562E-13
         9.998418092727661E-01         4.747281820982607E-07        -5.326065977140360E-11
         1.000072479248047E+00         4.275473770576355E-07        -1.132847635143541E-10
         9.997379183769226E-01         5.755437086918391E-07        -1.628049500768114E-10
         1.000102519989014E+00        -8.888692804021048E-08         7.807444274421371E-11
         9.997398257255554E-01         6.651814743463547E-08         7.678541136257877E-11
         9.996474981307983E-01        -5.806793623719386E-08         8.930740175161489E-11
         1.000112414360046E+00        -4.992675712855998E-07         2.417094024931288E-10
         1.000208258628845E+00        -5.631208068734850E-07         1.988113146333959E-10
         9.998900294303894E-01         1.853886999469978E-07         7.984108513214849E-11
         9.998440146446228E-01         4.197622729407158E-07        -1.465465526706566E-10
         1.000390291213989E+00        -6.709423701067863E-07         2.289770179020323E-10
         1.000735282897949E+00        -1.173026021206169E-06         2.995738934696845E-10
         1.000583052635193E+00        -9.589869023329811E-07         1.278070149712818E-10
         1.000890970230103E+00        -1.811144329622039E-06         4.823492716354849E-10
         1.000873088836670E+00        -1.643692712605116E-06         3.169708384653802E-10
         1.000792622566223E+00        -1.360636474601051E-06         3.768528544778604E-10
         1.000404000282288E+00        -6.418260340979032E-07         3.538335596742215E-11
         1.000051736831665E+00        -5.082071652395825E-07         7.957831442417795E-12
         1.000413179397583E+00        -9.179386779578635E-07         1.636501073543073E-10
         1.000187039375305E+00        -7.562895234514144E-07         2.713244073859755E-10
         1.000249862670898E+00        -6.616827477046172E-07         4.480846943488714E-11
         1.000052332878113E+00        -4.213414115383785E-07         2.005836642615666E-11
         9.995576143264771E-01         5.919666818954283E-07        -2.812133859109167E-10
         9.996836781501770E-01         5.341641440281819E-07        -1.803373422815113E-11
         1.000212311744690E+00        -3.964553911828261E-07         1.318074538403380E-10
         1.000441193580627E+00        -9.265867220165092E-07         4.009440002228359E-10
         9.998787045478821E-01        -4.053733846376417E-07         2.859030512336602E-10
         9.997397065162659E-01        -3.274157620580809E-07         2.410316113365951E-10
         9.998243451118469E-01        -2.907373755078879E-07         2.384868136307006E-10
         9.998179078102112E-01        -2.516646020467306E-07         2.600023252252726E-10
         9.998567700386047E-01        -5.920898047406808E-07         3.404939108442306E-10
         1.000043392181396E+00        -8.698221449776611E-07         3.330196951534248E-10
         9.998021125793457E-01        -3.356131230702886E-07         1.990802800388991E-10
         9.999757409095764E-01        -4.406816174196138E-07         9.742909951038214E-11
         1.000032067298889E+00        -1.306092798358804E-07         2.533369694579513E-11
         9.997624158859253E-01         3.978270513016469E-07        -1.640522023782509E-10
         9.998590946197510E-01         5.937359901508898E-07        -2.576964752698530E-10
         9.998119473457336E-01         6.319612566585420E-07        -2.517943631374919E-10
         1.000213146209717E+00        -4.763325733847523E-08        -5.242685105488754E-11
         9.996970295906067E-01         9.230367368218140E-07        -2.901006379563142E-10
         9.997219443321228E-01         8.257375156972557E-07        -2.748200278457347E-10
         9.995614886283875E-01         8.029867899495002E-07        -2.371271234924421E-10
         9.995444416999817E-01         9.686860948932008E-07        -2.532625220652562E-10
         9.995004534721375E-01         8.023916393540276E-07        -1.925988257767131E-10
         9.995919466018677E-01         6.456489813899680E-07        -1.651984105066617E-10
         9.994778633117676E-01         6.192008186189923E-07        -1.618588076068850E-11
         9.999564290046692E-01        -3.076448535921372E-07         3.084021926724745E-10
         9.999160170555115E-01         5.310945994096983E-07        -1.764788731817291E-10
         1.000381946563721E+00        -4.644045077384362E-07         1.779847519367550E-10
         9.997977018356323E-01         4.580886638905213E-07        -1.180265329914221E-10
         9.995720982551575E-01         5.121762569615385E-07        -1.423782619580649E-10
         9.992514848709106E-01         8.578239203416160E-07        -1.369021649516577E-12
         9.994937777519226E-01         8.489929541610763E-07        -2.749484528941082E-10
         9.995987415313721E-01         9.757362704476691E-07        -2.130282616974455E-10
         9.998656511306763E-01         7.318485018004139E-07        -2.410963373389308E-10
         9.995250105857849E-01         6.134442287475395E-07        -5.214834813971336E-11
         9.994900822639465E-01         9.047385560734256E-07        -2.292944029091970E-10
         9.992510080337524E-01         9.473105251345260E-07        -1.804487947953959E-10
         9.994791746139526E-01         3.852408099191962E-07         1.562276696898124E-10
         9.994585514068604E-01         9.998579031389454E-08         1.366979723860240E-10
         9.995741248130798E-01         1.091316264023590E-07         1.770323609928681E-10
         9.995317459106445E-01         6.785396635677898E-07        -9.296653030732571E-11
         9.995753169059753E-01         6.238848868633795E-07        -7.658651490771717E-11
         9.996450543403625E-01         3.242007267090230E-07         2.799468469538713E-11
         1.000838994979858E+00        -2.385299467277946E-06         5.562491023347604E-10
         1.001069426536560E+00        -2.482781383150723E-06        -1.539876975931165E-10
         1.000747799873352E+00        -2.105748080794001E-06        -1.350672074185155E-10
         9.996867179870605E-01        -1.697606251127581E-07         3.022485317583090E-10
         9.999761581420898E-01        -1.134871126851067E-06         4.412981646773062E-10
         9.988757967948914E-01         1.166166839539073E-06        -6.331174473572787E-11
         9.990484714508057E-01         8.063977361416619E-07         4.145701837376947E-11
         9.998733997344971E-01        -8.679960501467576E-07         3.222905553545985E-10
         9.997461438179016E-01         8.943462148636172E-08        -5.402062911580297E-12
         1.000277638435364E+00        -5.791888497697073E-07         1.545003291969493E-10
         1.000911831855774E+00        -1.406026058248244E-06         3.451447461166879E-10
         1.000360131263733E+00        -9.501791282673366E-07         1.856119424825664E-10
         9.996306300163269E-01         9.543015266899602E-08        -1.262321774886388E-10
         9.994132518768311E-01         6.703581902911537E-07        -2.754123040737966E-10
         9.998386502265930E-01         1.466192856014459E-07        -7.777462007751978E-11
         1.000453948974609E+00        -6.694480703117733E-07         2.492766826289738E-10
         1.000497698783875E+00        -6.537308081533411E-07         1.119205284005886E-10
         1.000412940979004E+00         1.327768188730261E-07         1.346662642509600E-10
         1.000687003135681E+00        -1.175388604224281E-07         4.387431390417973E-11
         1.001436233520508E+00        -9.318887350673322E-07        -5.755350085401290E-10
         1.001006484031677E+00        -2.235722149634967E-07        -5.975099581778665E-11
         1.000745296478271E+00        -1.798661770635590E-07        -7.108663657717784E-11
         1.000912427902222E+00        -6.707211923639989E-07         2.976858690106887E-11
         1.000986099243164E+00        -1.196353764498781E-06         1.591117654298202E-10
         1.001113057136536E+00        -1.405812213306490E-06         3.258118497218021E-10
         1.000748753547668E+00        -1.980079531449519E-07        -6.790675660672818E-11
         1.000920176506042E+00        -3.583069769774738E-07         6.429048265976789E-11
         1.000460028648376E+00         4.420515722358687E-07        -1.568935259488313E-10
         1.000020027160645E+00         7.592694259983546E-07        -3.514736557352904E-10
         9.997946023941040E-01         8.014596346583858E-07        -6.162318572089376E-11
         9.997306466102600E-01         5.682232426806877E-07        -1.016688677690780E-10
         9.995814561843872E-01         7.105392683115497E-07        -1.395666915371407E-10
         9.998066425323486E-01         3.779685471272387E-07         1.157762774539606E-11
         9.999420642852783E-01         2.193830823671306E-07        -5.439556791109190E-11
         9.996374845504761E-01        -6.510082783961479E-08         1.271107663569637E-10
         9.989498257637024E-01         7.609342560499499E-07        -1.501881397025784E-10
