         1.000932335853577E+00        -1.233308211112671E-07         2.136355328752337E-11
         1.001619577407837E+00        -6.267472940635344E-07         2.242810104302606E-10
         1.001737713813782E+00        -9.652477501731482E-07         3.411767535155263E-10
         1.001384615898132E+00        -1.857660123505411E-07        -4.588750560086119E-11
         1.001291394233704E+00        -3.675617392673303E-07        -9.398549646877363E-12
         1.001482844352722E+00        -7.496989269384358E-07         1.691412149229521E-10
         1.001427412033081E+00        -3.246711628435150E-07         7.274492640207963E-12
         1.001173734664917E+00        -1.330752610329000E-07        -2.435215223917098E-11
         1.001275300979614E+00        -9.051649954017194E-07         3.320688723995602E-10
         1.000866651535034E+00        -1.560268287903455E-07         3.426415054463838E-11
         1.000437259674072E+00         4.567281735035067E-07        -1.358469725598610E-10
         1.000637054443359E+00         3.305806828279856E-08         5.110884805648030E-12
         1.000640153884888E+00        -1.914927878488015E-07         7.128712897763734E-11
         1.000954389572144E+00        -6.501922484858369E-07         2.313013114374485E-10
         1.000853061676025E+00        -4.799197199645278E-07         1.960021589475502E-10
         1.000552296638489E+00        -4.931912656047643E-08         6.437402000347703E-11
         1.000007510185242E+00         8.968440283751988E-07        -2.510877894490449E-10
         1.000226020812988E+00         3.025629666808527E-07        -1.908392020799621E-11
         1.000088095664978E+00         4.326408031829487E-07        -4.241853743258694E-11
         1.000168800354004E+00         3.615826358327467E-07        -7.715226374438444E-11
         1.000202178955078E+00         6.034119337527954E-08         3.208450172209609E-11
         1.000225782394409E+00         5.735531871664534E-08         3.884559340860960E-11
         1.000378847122192E+00        -4.866663516622793E-08         8.597037665092344E-11
         1.000495910644531E+00        -3.772950663005759E-07         1.988665065955075E-10
         1.000343918800354E+00        -3.500156253721798E-08         7.025230397417204E-11
         1.000464320182800E+00        -2.798223590616544E-07         1.624027579083531E-10
         1.000469923019409E+00        -2.283430404759201E-07         1.641644459260405E-10
         1.000348567962646E+00        -7.346277186570660E-08         8.283468355685386E-11
         1.000484824180603E+00        -3.609246448377235E-07         1.856607367844987E-10
         1.000306725502014E+00         3.709842388843754E-08         1.346620037701030E-11
         1.000518679618835E+00        -2.831890810739424E-07         8.102522819353197E-11
         1.000500798225403E+00        -2.618778580654180E-07         3.795885133994759E-11
         1.000551581382751E+00        -6.519717317132745E-07         1.774423108447110E-10
         1.000457644462585E+00        -5.231971158536908E-07         1.550465589250649E-10
         1.000316977500916E+00        -1.087844267999571E-07         4.260445121695433E-11
         1.000346302986145E+00         3.119930980233221E-08        -3.888352747422053E-12
         1.000245094299316E+00        -2.149270272866488E-07         1.111812655829603E-10
         9.998359084129333E-01        -1.094131718559765E-07         6.715528827472284E-11
         9.996436238288879E-01         1.956015580617532E-07        -3.956573957353271E-11
         9.992836713790894E-01         7.896564966358710E-07        -2.264110149363674E-10
         9.988512396812439E-01         1.504328565715696E-06        -4.684477250549435E-10
         9.987543821334839E-01         1.773373128344247E-06        -6.391035478614526E-10
         9.995318651199341E-01         4.238210067342152E-07        -1.609843092165164E-10
         9.993115067481995E-01         6.709815352223814E-07        -2.083522659956927E-10
         9.992073178291321E-01         6.984298579482129E-07        -1.866100468594922E-10
         9.990739226341248E-01         7.474654921679758E-07        -1.894756712639278E-10
         9.993149638175964E-01         6.607955356230377E-07        -2.023434197973017E-10
         9.992374777793884E-01         5.265819140731764E-07        -1.466558541274310E-10
         9.993624091148376E-01         5.502273552338011E-07        -2.240305579936930E-10
         9.993982911109924E-01         3.437758380187006E-07        -1.199750715441539E-10
         9.995773434638977E-01         2.997338413024409E-07        -1.259171517054014E-10
         9.996318221092224E-01         1.153621624894186E-07        -8.187778233192944E-11
         9.997628331184387E-01        -8.120210992501598E-08        -1.809034866351311E-11
         9.994927048683167E-01         3.953681755319849E-07        -1.961186490984090E-10
         9.994143843650818E-01         4.355763394414680E-07        -1.769203117341078E-10
         9.990078210830688E-01         8.474733590446704E-07        -3.188509734020073E-10
         9.990221261978149E-01         6.946287385289907E-07        -2.494680295672680E-10
         9.991323947906494E-01         3.678923690131342E-07        -1.290900997208411E-10
         9.991914629936218E-01         5.144732995177037E-07        -1.767903740068633E-10
         9.992098808288574E-01         5.562059754993243E-07        -1.863635357146620E-10
         9.994546771049500E-01         1.955821460342122E-07        -5.200976802011148E-11
         9.996077418327332E-01        -8.608542856336499E-08         2.391814871161024E-11
         9.995245337486267E-01         1.699320364423329E-07        -3.803136278124342E-11
         9.993920326232910E-01         1.789378529792884E-07        -1.556339258856898E-11
         9.993182420730591E-01         1.425537163868285E-07        -8.716577806766601E-12
         9.991935491561890E-01         1.457838862961580E-07        -3.346419322203253E-11
         9.991842508316040E-01         3.454510135725286E-07        -1.222717205262569E-10
         9.994265437126160E-01        -3.830455952424927E-08         3.405493595454168E-11
         9.994580149650574E-01        -2.802581775540602E-07         1.343619243643346E-10
         9.994178414344788E-01        -3.311199066047266E-07         1.723945430853746E-10
         9.996306300163269E-01        -5.513807650459057E-07         2.367710194572936E-10
         9.998766183853149E-01        -7.820722203177866E-07         3.137539117403776E-10
         9.997561573982239E-01        -4.424968267358054E-07         1.725617149173075E-10
         9.996725320816040E-01        -1.029064335966723E-07         2.464246341704612E-11
         9.995502829551697E-01        -1.364282695703878E-07         3.874005977122508E-11
         9.996902942657471E-01        -2.617961456508056E-07         9.590440247508880E-11
         9.996360540390015E-01        -1.974193679643577E-07         1.068289762207186E-10
         9.998943805694580E-01        -5.452670848171692E-07         2.418217570632208E-10
         9.998621344566345E-01        -5.764692900811497E-07         2.607859483916286E-10
         9.999213218688965E-01        -9.303080332756508E-07         4.010981546898051E-10
         9.999849200248718E-01        -6.822870659561886E-07         2.841997470692803E-10
         9.997479915618896E-01        -1.196151657723021E-07         6.477238190250034E-11
         9.997720122337341E-01         8.733849199415999E-08        -7.136745621555418E-12
         9.999055266380310E-01        -9.732168138043562E-08         6.028878091202117E-11
         1.000111699104309E+00        -3.043028016236349E-07         1.214725958709195E-10
         1.000261783599854E+00        -4.418598109623417E-07         1.567123653067881E-10
         1.000322818756104E+00        -2.947128621144657E-07         9.165943698485890E-11
         1.000361442565918E+00        -2.469898277013272E-07         6.665926838289593E-11
         1.000446200370789E+00        -4.315789965403383E-07         1.280477113230205E-10
         1.000505089759827E+00        -2.748009251263284E-07         6.910132188675533E-11
         1.000092387199402E+00         1.396245465912216E-07        -4.540008299858123E-11
         1.000122427940369E+00         1.049875706371495E-07        -5.350001344717192E-11
         1.000001430511475E+00         3.130369918835640E-07        -1.070220301269131E-10
         9.998859167098999E-01         2.939315493222239E-07        -9.952243890110068E-11
         1.000070214271545E+00         8.692396136211755E-08        -3.986538529843209E-11
         9.998675584793091E-01         3.634957010945072E-07        -1.427586521218771E-10
         1.000027418136597E+00         1.003780241148888E-07        -7.952294378554825E-11
         1.000179886817932E+00        -6.252194850731030E-08        -2.017151029543029E-11
         1.000007867813110E+00        -9.912034926173874E-08         3.649885602086123E-11
         1.000127315521240E+00        -2.295099506000042E-07         9.566780007075337E-11
         1.000112533569336E+00        -1.380634842007566E-07         5.017431956022556E-11
         9.998212456703186E-01         2.769044442629820E-07        -8.445388832711842E-11
         1.000001788139343E+00         2.495896467280545E-07        -9.133874212530202E-11
         1.000167846679688E+00        -5.354262455625758E-08         4.837747823865923E-12
         9.998517036437988E-01         4.448168908766092E-07        -1.792107573450608E-10
         1.000228047370911E+00        -7.307028226932744E-08         1.131048119745737E-11
         1.000334739685059E+00        -3.407785982290079E-07         1.200464588846373E-10
         1.000311493873596E+00         3.447270557899174E-08        -1.203350006445669E-11
         1.000459790229797E+00        -1.043737825057178E-07         3.703300513469010E-11
         1.000476956367493E+00        -1.488003817939898E-07         3.626107400456213E-11
         1.000451564788818E+00        -4.750689797106133E-08        -2.830308903911671E-11
         1.000274181365967E+00         1.410383845268370E-07        -8.398043371826702E-11
         1.000004053115845E+00         6.455410925809701E-07        -2.590394287960152E-10
         1.000324845314026E+00         1.092802648372526E-07        -8.588894179206719E-11
         1.000447154045105E+00        -4.699474516201008E-07         1.420023681975024E-10
         1.000136613845825E+00        -1.949630501485444E-07         4.576370185582768E-11
         1.000242114067078E+00        -5.506016123035806E-07         1.659979792512090E-10
         1.000099301338196E+00        -4.864720608566131E-07         1.508807523364908E-10
         9.999641776084900E-01        -1.763046952873992E-07         3.227946382411417E-11
         9.998621940612793E-01        -6.488232173751385E-08         1.512628911015668E-11
         9.998670220375061E-01        -1.403699627644528E-07         3.973111770139148E-11
         9.997797608375549E-01         2.288861224997163E-07        -1.226167223311592E-10
         9.999144673347473E-01         2.513832555450790E-07        -1.365996205038300E-10
         9.997866153717041E-01         2.704769599404244E-07        -1.292762286109195E-10
         9.998631477355957E-01         1.066533101834466E-07        -7.607970503586969E-11
         9.999673962593079E-01         1.794213346784090E-07        -1.138946367773563E-10
         9.999142885208130E-01         1.354746785864336E-07        -7.870732537940128E-11
         9.998910427093506E-01         1.296664891015098E-07        -5.619005954971001E-11
         9.998457431793213E-01         2.212993734929114E-07        -8.561146236374384E-11
         9.997891783714294E-01         1.097218529366728E-07        -2.742662000287943E-11
         9.998052716255188E-01         1.843962564862522E-07        -6.478208941507191E-11
         9.998556375503540E-01         2.203564264391389E-07        -8.441564114392008E-11
         1.000074148178101E+00        -4.126743391452692E-08         3.859382865373240E-12
         1.000081419944763E+00        -8.245667970641080E-08         2.424542511203498E-11
         1.000090599060059E+00         5.735562425002172E-08        -4.564034913889792E-11
         1.000245571136475E+00        -1.265512139525526E-07         2.771674209589570E-11
         1.000215291976929E+00        -1.632117516692233E-07         3.473820536781247E-11
         1.000205993652344E+00        -1.529750335294011E-07         7.924881454193788E-13
         1.000409722328186E+00        -4.203579351269582E-07         9.564522090999006E-11
         1.000215530395508E+00        -2.734058739406464E-07         4.573437115129586E-11
         9.999806880950928E-01        -9.361299646570842E-08        -1.216993433111879E-11
         9.999278187751770E-01         3.599712172785985E-08        -3.438986595494242E-11
         9.999282360076904E-01        -2.702549650734909E-08         1.015138754306699E-11
         9.999114871025085E-01        -5.678968051370248E-08         2.144920005497930E-11
         9.999414682388306E-01        -2.401993981493433E-07         9.590386124136430E-11
         9.998371601104736E-01        -6.909748151429085E-08         5.670262523405079E-11
         9.997661113739014E-01         1.154379969392494E-08         1.218565612998157E-11
         9.998282790184021E-01        -2.380257910772343E-07         8.734025308543281E-11
         1.000083565711975E+00        -6.097437790231197E-07         2.228052603525654E-10
         1.000006556510925E+00        -4.971185489921481E-07         2.122711173502267E-10
         9.999692440032959E-01        -4.177551033990312E-07         1.864882831492665E-10
         1.000010132789612E+00        -3.080123178733629E-07         1.184877612692148E-10
         1.000144124031067E+00        -1.955059616420840E-07         5.772289243810569E-11
         1.000140666961670E+00        -9.991987326429808E-08         3.153459091076449E-11
         1.000000476837158E+00         1.500415010013967E-07        -4.997392777372767E-11
         9.999557733535767E-01         1.623828040919761E-07        -4.678449641581928E-11
         1.000084996223450E+00         1.305099317505665E-08         1.043424374680413E-11
         1.000068783760071E+00        -9.661540190109008E-08         4.344251694488044E-11
         9.999520182609558E-01        -1.764715591434651E-07         7.788845263201338E-11
         9.998837113380432E-01        -3.465662246071588E-07         1.407891719873433E-10
         9.998309016227722E-01        -1.585946591831089E-07         6.328974150315858E-11
         9.999172687530518E-01        -3.694545682719763E-07         1.359597989747385E-10
         9.998553395271301E-01        -3.878299992265966E-07         1.353363393574725E-10
         9.996113181114197E-01        -1.586361548788773E-07         3.488675667795427E-11
         9.995744228363037E-01        -1.999872409896852E-07         4.638408407364736E-11
         9.994440078735352E-01        -3.928527974039753E-07         1.297201929206793E-10
         9.994444847106934E-01        -8.328511285071727E-07         2.865395698492534E-10
         9.991244077682495E-01        -6.333925171020383E-07         2.129808412965062E-10
         9.991079568862915E-01        -6.219814849828254E-07         2.010226152204808E-10
         9.992170333862305E-01        -8.437478982159519E-07         2.700848433789815E-10
         9.992021322250366E-01        -1.040145548358851E-06         3.326126318814460E-10
         9.991693496704102E-01        -1.099604219234607E-06         3.470055354171109E-10
         9.991769790649414E-01        -1.030955331771111E-06         3.095518563700494E-10
         9.992134571075439E-01        -1.326638653154077E-06         4.220964133772043E-10
         9.991674423217773E-01        -1.549824446556158E-06         5.090662336115770E-10
         9.989122748374939E-01        -1.529720293547143E-06         5.154932591899808E-10
         9.991571307182312E-01        -2.266594492539298E-06         7.866406415146798E-10
         9.991106390953064E-01        -2.282943569298368E-06         7.911263866233753E-10
         9.989901781082153E-01        -2.305951511516469E-06         8.129719675231684E-10
         9.988873600959778E-01        -2.307033810211578E-06         8.164337539362521E-10
         9.988042712211609E-01        -2.155092261091340E-06         7.263664669743264E-10
         9.988025426864624E-01        -2.287932829858619E-06         7.565766901862503E-10
         0.000000000000000E+00         0.000000000000000E+00         0.000000000000000E+00
         0.000000000000000E+00         0.000000000000000E+00         0.000000000000000E+00
         0.000000000000000E+00         0.000000000000000E+00         0.000000000000000E+00
         0.000000000000000E+00         0.000000000000000E+00         0.000000000000000E+00
         0.000000000000000E+00         0.000000000000000E+00         0.000000000000000E+00
         0.000000000000000E+00         0.000000000000000E+00         0.000000000000000E+00
         0.000000000000000E+00         0.000000000000000E+00         0.000000000000000E+00
         1.001767635345459E+00         1.015011434901680E-06        -3.454881936093557E-10
         1.001775860786438E+00         1.216129703607294E-06        -4.253309093815716E-10
         1.001774072647095E+00         1.228514861395524E-06        -4.236422324055411E-10
         1.001564621925354E+00         1.328597818428534E-06        -4.409494158696958E-10
         1.001350283622742E+00         1.522501179351821E-06        -5.035897809868572E-10
         1.001470208168030E+00         1.045091380547092E-06        -3.203486365066510E-10
         1.001463651657104E+00         8.527179602424440E-07        -2.632689066750515E-10
         1.001328945159912E+00         9.146276056526403E-07        -2.948949417991287E-10
         1.001146674156189E+00         1.015547695715213E-06        -3.355517530501118E-10
         1.000961661338806E+00         1.153348080151773E-06        -3.921903357628764E-10
         1.000854372978210E+00         1.283261212847719E-06        -4.722131574652622E-10
         1.000766277313232E+00         1.331362796008762E-06        -5.040743378259549E-10
         1.000662088394165E+00         1.107304910874518E-06        -4.090994487615518E-10
         1.000454306602478E+00         1.371921257486974E-06        -5.115887713458278E-10
         1.000356912612915E+00         1.173322061731596E-06        -3.863763753386706E-10
         1.000386953353882E+00         1.077766228263499E-06        -3.717425811622377E-10
         1.000433564186096E+00         1.025842607305094E-06        -3.541432702647285E-10
         1.000483751296997E+00         7.361633151958813E-07        -2.376273622317626E-10
         1.000310420989990E+00         8.978706773632439E-07        -3.164880579831220E-10
         1.000172972679138E+00         9.173969601761200E-07        -3.224835398718540E-10
         1.000355482101440E+00         6.193041031110624E-07        -2.412673949514499E-10
         1.000376462936401E+00         5.650663297274150E-07        -2.243826929815285E-10
         1.000333547592163E+00         4.966977371623216E-07        -1.867301313573932E-10
         1.000170826911926E+00         5.295397613735986E-07        -1.680990069363730E-10
         1.000187873840332E+00         2.552631030994235E-07        -6.094461046934896E-11
         1.000295639038086E+00        -8.867180412153175E-08         3.676069865177212E-11
         1.000329136848450E+00        -2.018391001001874E-07         8.772167714443668E-11
         1.000400900840759E+00        -2.986706704177777E-07         1.155534140595549E-10
         1.000412940979004E+00        -3.582916008326720E-07         1.430000146074306E-10
         1.000405550003052E+00        -4.812114866581396E-07         1.671217747523102E-10
         1.000367283821106E+00        -4.997293103770062E-07         1.694180351563546E-10
         1.000424623489380E+00        -4.882577400167065E-07         1.786877312781598E-10
         1.000517725944519E+00        -5.292585001370753E-07         1.932910359547790E-10
         1.000492930412292E+00        -8.319323683281254E-07         3.394937386769215E-10
         1.000053763389587E+00        -2.938228931270714E-07         1.695842494209288E-10
         9.999452233314514E-01        -7.603446050552520E-08         5.901108768302521E-11
         9.998536109924316E-01        -3.204143084190036E-08         3.388551592098388E-11
         9.997534155845642E-01         2.593063186395739E-07        -8.397808143323360E-11
         9.998008012771606E-01         2.655971513831901E-07        -9.194899008857504E-11
         9.995011687278748E-01         6.993338388383563E-07        -2.517218655739839E-10
         9.994973540306091E-01         7.854337127355393E-07        -2.912011465294739E-10
         9.993567466735840E-01         1.039229687194165E-06        -4.015706378535100E-10
         9.995551705360413E-01         6.213530809873191E-07        -2.804290410995947E-10
         9.998041987419128E-01         2.597063541998068E-07        -1.554996270636266E-10
         9.998130798339844E-01         2.858224092960882E-07        -1.358394091655057E-10
         9.997441172599792E-01         3.330665094836149E-07        -1.350460993032598E-10
         9.995942115783691E-01         5.937580453974078E-07        -2.325459130814167E-10
         9.995956420898438E-01         4.601374712365214E-07        -1.504835561716433E-10
         9.995983242988586E-01         4.394761106141232E-07        -1.254994025368106E-10
         9.996719360351562E-01         3.713485341449996E-07        -1.223358359059290E-10
         9.997746944427490E-01         3.873639684570662E-07        -1.420192158319011E-10
         9.998583793640137E-01         1.515669652008000E-07        -3.503253936942841E-11
         9.997837543487549E-01         2.625182560223038E-07        -8.435755566305048E-11
         9.996738433837891E-01         2.534817156174540E-07        -7.983991939797264E-11
         9.995980262756348E-01         2.992578629346099E-07        -9.396770861425097E-11
         9.997395277023315E-01         2.062580994888208E-09         1.037919836882617E-11
         9.995427727699280E-01         5.134722300681460E-07        -1.900764962092794E-10
         9.995384812355042E-01         3.736998905878863E-07        -1.137749408575139E-10
         9.994031190872192E-01         3.980286180649273E-07        -1.172834607210405E-10
         9.994954466819763E-01         1.506850253463199E-07        -3.731001618767493E-11
         9.994201064109802E-01         1.629613706199962E-07        -3.860876895966925E-11
         9.996348023414612E-01        -3.305351015114866E-07         1.194953858085768E-10
         9.995763897895813E-01        -3.533297672220215E-07         1.406358640654304E-10
         9.996097683906555E-01        -2.743940683558321E-07         1.064076604606612E-10
         9.996164441108704E-01        -1.271779694889119E-07         5.988964185688062E-11
         9.995903968811035E-01        -3.539607007496670E-07         1.837096169632346E-10
         9.996100664138794E-01        -2.968536421121826E-07         1.265002269601467E-10
         9.996807575225830E-01        -3.686917864342831E-07         1.518106612641290E-10
         9.995365142822266E-01         8.267180362508952E-08        -3.298732120793346E-11
         9.994595646858215E-01         1.940671978672981E-07        -6.785937090025840E-11
         9.996090531349182E-01         5.092142529861121E-08        -4.053656368907532E-11
         9.995850920677185E-01         7.619041042516983E-08        -4.956367954944696E-11
         9.995716810226440E-01         2.280410740240768E-07        -1.038752625581729E-10
         9.997206330299377E-01         1.026951821359035E-07        -5.039436923315321E-11
         9.999392628669739E-01        -4.613209725334855E-08        -1.679319010239322E-11
         9.999247789382935E-01        -1.571352186147124E-07         4.887223958860432E-11
         9.996522665023804E-01         1.818764445715715E-07        -6.051324025202476E-11
         9.998955726623535E-01        -1.910994029685753E-07         6.525958246017538E-11
         9.998983144760132E-01        -2.865020860554068E-07         1.062980675703429E-10
         9.999957084655762E-01        -5.108950063004158E-07         1.975818952892894E-10
         1.000226020812988E+00        -7.007251952018123E-07         2.327282117020602E-10
         1.000026822090149E+00        -2.353519477082955E-07         6.233259741694752E-11
         9.999177455902100E-01        -4.878822679188488E-09        -4.883189685944700E-11
         9.998412728309631E-01         2.608394424896687E-07        -1.390992876437736E-10
         9.998658895492554E-01         2.588640484191274E-07        -1.368562485559721E-10
         1.000023961067200E+00         2.192931845002022E-07        -1.002542007744189E-10
         1.000176072120667E+00        -8.236243331793958E-08         2.992076378327546E-11
         1.000282883644104E+00        -3.595115742882626E-07         1.286959289137357E-10
         1.000131726264954E+00        -1.750281199974779E-07         7.696739079410264E-11
         1.000154376029968E+00        -8.206482249306646E-08         3.411694191046699E-11
         1.000265598297119E+00        -3.384640478998335E-07         1.267574795127402E-10
         1.000099182128906E+00        -2.830689709298895E-07         1.310029446033312E-10
         9.999989271163940E-01        -2.449179987706884E-07         1.134432825455889E-10
         1.000133872032166E+00        -4.257901480286819E-07         1.687709416664518E-10
         1.000112175941467E+00        -5.491845200822354E-08         1.957059514445803E-11
         1.000107407569885E+00         4.819622478891006E-09         1.726751207298260E-11
         9.998139142990112E-01         4.284109706986783E-07        -1.384831693762578E-10
         9.998385906219482E-01         1.016995270219923E-07        -1.778337546665121E-11
         9.999583959579468E-01         7.470974594525615E-08        -2.840138887960642E-11
         9.996400475502014E-01         6.813532422711432E-07        -2.569137957930678E-10
         9.993820190429688E-01         8.007262408682436E-07        -2.948048472006803E-10
         9.996905326843262E-01         3.477476866464713E-07        -1.375288632976535E-10
         9.998348355293274E-01         2.619672443415766E-07        -1.025217202799134E-10
         9.999874234199524E-01         1.933228190864611E-07        -7.877693636304528E-11
         9.999156594276428E-01         3.135229746931145E-07        -1.371551622275646E-10
         9.998064041137695E-01         3.798134002863662E-07        -1.546002215135900E-10
         9.999188780784607E-01         1.381488061724667E-07        -7.103201360436628E-11
         9.996281862258911E-01         6.030666099832160E-07        -2.146203631481214E-10
         9.996119737625122E-01         5.052309575148684E-07        -1.782846092979185E-10
         9.997455477714539E-01         1.184368727535912E-07        -4.510333079243978E-11
         9.996391534805298E-01         3.207352960998833E-07        -1.294916396332724E-10
         9.997797012329102E-01         2.284771483118675E-07        -1.011567149489245E-10
         9.998486042022705E-01         2.663710176875611E-07        -1.081877573638756E-10
         9.997900128364563E-01         6.314966185527737E-07        -2.453003355995520E-10
         1.000013113021851E+00         2.799253309149208E-07        -1.050948841840871E-10
         1.000307321548462E+00        -1.029881886438488E-07         7.896111607445799E-13
         1.000214219093323E+00         2.544830408623966E-07        -1.540040456271541E-10
         9.999974966049194E-01         6.221923172233801E-07        -2.742879812167587E-10
         9.997951984405518E-01         1.030201133289665E-06        -4.156321953274755E-10
         1.000021934509277E+00         1.866055612254058E-07        -7.649338107373893E-11
         9.999334812164307E-01         1.928244302007442E-07        -8.465554646175377E-11
         1.000117897987366E+00        -1.147684116631353E-07         1.113402946228970E-11
         1.000150203704834E+00        -1.098390640663638E-07         1.628885221149901E-11
         1.000098586082458E+00        -1.217583900370300E-07         4.675550224764180E-11
         1.000256538391113E+00        -4.413752208165533E-07         1.650350411885881E-10
         1.000456690788269E+00        -6.494282160929288E-07         2.326131370855578E-10
         1.000350594520569E+00        -7.699016464357555E-07         2.902847684449483E-10
         1.000256657600403E+00        -7.110746196303808E-07         2.866526183087359E-10
         9.999349713325500E-01        -2.117612973862038E-09         3.318743196922824E-11
         1.000207901000977E+00        -2.407778652013803E-07         1.378008263053232E-10
         1.000354886054993E+00        -4.820126378035638E-07         2.203939114542308E-10
         1.000176548957825E+00        -3.030889956789906E-07         1.581830361141456E-10
         1.000141739845276E+00        -2.064473250129595E-07         1.041726913064700E-10
         1.000071048736572E+00        -2.502299025763932E-07         1.227266760439605E-10
         1.000048518180847E+00        -1.768321133965856E-08        -1.939192079483676E-12
         9.998648166656494E-01        -5.484323537530145E-07         2.171496871206102E-10
         9.999449849128723E-01        -4.205190009543003E-07         1.600776594612441E-10
         1.000055432319641E+00        -4.301680291973753E-07         1.844426555930312E-10
         1.000056147575378E+00        -1.249969159289321E-07         5.966573762838934E-11
         1.000123262405396E+00        -1.898746688766551E-07         7.683426117566228E-11
         9.998666048049927E-01         1.884956475350918E-07        -6.211946929068901E-11
         9.999221563339233E-01        -2.566793666503031E-09         4.467370917637936E-12
         1.000232577323914E+00        -3.021582415385637E-07         1.133530352914747E-10
         9.996557831764221E-01         2.978306383738527E-07        -1.036300420476088E-10
         9.996915459632874E-01         4.222899008254899E-08        -3.367287568570299E-12
         9.995103478431702E-01         3.472223966127785E-07        -1.284962414249691E-10
         9.996048808097839E-01         5.878685556126584E-07        -2.434711321441796E-10
         9.998809099197388E-01         4.833160573980422E-07        -2.065291548891679E-10
         9.999243617057800E-01         4.592834841332660E-07        -1.895264084561532E-10
         1.000312685966492E+00        -1.743346302873761E-07         4.842048290099044E-11
         9.998968839645386E-01         4.412066516579216E-07        -1.769142055074724E-10
         9.998829960823059E-01         6.058334633962659E-07        -2.566640511236784E-10
         1.000281572341919E+00        -3.909889016995294E-07         1.145439368355206E-10
         9.997829794883728E-01         1.065562429403144E-07        -7.554142728016799E-11
         9.996734261512756E-01        -4.350686921839042E-08        -7.247249241698617E-12
         9.992944002151489E-01         2.911845342623565E-07        -1.273545852109592E-10
         9.990028738975525E-01         6.134928298706654E-07        -2.583213365436876E-10
         9.990807175636292E-01         3.529046637140709E-07        -1.706404600954059E-10
         9.989965558052063E-01         6.479589131913599E-08        -6.826723908393006E-11
         9.987868666648865E-01        -5.139114467311856E-09        -1.170577784009863E-11
         9.986431002616882E-01         1.875661439498799E-07        -7.520994937948444E-11
         9.987951517105103E-01        -1.943024585671083E-08         4.074168519913046E-12
         9.985492229461670E-01         2.506386067580024E-07        -1.050994777318515E-10
         9.987604618072510E-01        -4.009889948974887E-07         1.541884120381809E-10
         9.983817934989929E-01        -6.565387167256631E-08         2.200941512375820E-11
         9.982662200927734E-01         3.644958113113717E-08        -6.132352958765352E-11
         9.983429908752441E-01        -2.381939623319340E-07         4.657394608864607E-11
         9.979786872863770E-01         1.428213209919704E-07        -7.630714810025196E-11
         9.979736208915710E-01        -1.213072238215318E-07        -4.365768597330844E-12
         9.977310299873352E-01        -5.988043483284855E-08        -1.697320062277186E-11
         9.976037144660950E-01         7.397179047075042E-08        -6.672936508911320E-11
         9.973335266113281E-01         2.891298152007948E-07        -1.612393413230606E-10
         9.969932436943054E-01         5.142986196915444E-07        -2.495873785424152E-10
         9.968904256820679E-01         3.292971939572453E-07        -1.803262539290529E-10
         9.966573715209961E-01         4.872581484960392E-07        -2.421885469949814E-10
         9.964236617088318E-01         6.845098710073216E-07        -3.112820279316253E-10
         9.963038563728333E-01         6.262269494072825E-07        -2.944627874867933E-10
         0.000000000000000E+00         0.000000000000000E+00         0.000000000000000E+00
         0.000000000000000E+00         0.000000000000000E+00         0.000000000000000E+00
         0.000000000000000E+00         0.000000000000000E+00         0.000000000000000E+00
         0.000000000000000E+00         0.000000000000000E+00         0.000000000000000E+00
         0.000000000000000E+00         0.000000000000000E+00         0.000000000000000E+00
         0.000000000000000E+00         0.000000000000000E+00         0.000000000000000E+00
         0.000000000000000E+00         0.000000000000000E+00         0.000000000000000E+00
         1.003649711608887E+00        -9.421204367754399E-07         3.922493718722109E-10
         1.003560304641724E+00        -8.756198326409503E-07         3.582837360127655E-10
         1.003317356109619E+00        -7.707383815613866E-07         3.339766241339248E-10
         1.003204226493835E+00        -7.032426196929009E-07         2.975193702514645E-10
         1.003104567527771E+00        -6.474411406998115E-07         2.691697975620855E-10
         1.002828240394592E+00        -3.792029303895106E-07         1.644490099650397E-10
         1.002623319625854E+00        -2.327308976646236E-07         9.150032814764231E-11
         1.002464294433594E+00        -2.776796179659868E-07         1.047294542755317E-10
         1.002341985702515E+00        -2.013023561175942E-07         8.066389223237991E-11
         1.002185463905334E+00        -2.519304871384520E-07         1.161206200639420E-10
         1.002092719078064E+00        -4.899397936242167E-07         2.044578811810638E-10
         1.001954555511475E+00        -4.764801815326791E-07         2.014090422219894E-10
         1.002059936523438E+00        -4.478487483083882E-07         1.896324486327927E-10
         1.001968026161194E+00        -3.261745291638363E-07         1.525910092725624E-10
         1.001767158508301E+00        -2.142127755178080E-07         1.114024081316778E-10
         1.001579999923706E+00        -3.081825923345605E-07         1.325811543884114E-10
         1.001499652862549E+00        -3.867114060085441E-07         1.675252575550346E-10
         1.001187682151794E+00        -1.998453598162087E-07         1.130412013994331E-10
         1.000844717025757E+00         8.337940471392358E-08         1.445267863720012E-11
         1.000780463218689E+00         7.211573205267996E-08        -4.277321552503821E-12
         1.000849962234497E+00        -1.873420103493117E-07         7.667462498250899E-11
         1.000643253326416E+00        -4.925408703115863E-08         2.614847227633277E-11
         1.000515341758728E+00         7.692517733914883E-10         1.755875132791740E-11
         1.000545263290405E+00        -1.235592606008140E-07         7.347938230095608E-11
         1.000461339950562E+00        -5.203465747172231E-08         3.914121457504471E-11
         1.000420689582825E+00        -1.699050500292287E-07         7.440910387845889E-11
         1.000384449958801E+00         4.361349503767542E-09         8.301678788846800E-12
         1.000244498252869E+00         1.310339143856254E-07        -2.773254716148532E-11
         1.000260472297668E+00        -4.356991922804809E-08         4.759930991027339E-11
         1.000044584274292E+00         7.985939731725011E-08        -5.197176456556152E-12
         9.999731779098511E-01         6.297097598917389E-08        -5.686968691104299E-12
         9.999435544013977E-01         5.661242497012609E-08        -1.494953813518940E-11
         9.998898506164551E-01         1.346404161495229E-07        -2.958761707860802E-11
         9.998040795326233E-01         4.422224719746737E-07        -1.424931284077502E-10
         9.999967813491821E-01         3.030694131211931E-07        -1.048905406975109E-10
         9.999479055404663E-01         2.841573518708174E-07        -9.833980157969435E-11
         1.000004172325134E+00         2.118634796488550E-07        -7.294470583119050E-11
         1.000073313713074E+00         1.639564430888640E-07        -5.969428423791001E-11
         1.000178933143616E+00        -6.343104530515120E-08        -6.472858707362583E-12
         1.000164031982422E+00        -1.735514700840213E-07         5.562997631991529E-11
         1.000238895416260E+00        -3.422081817916478E-07         1.387223530491255E-10
         1.000254511833191E+00        -2.724026160194626E-07         1.045532965759932E-10
         1.000362873077393E+00        -4.526550014816166E-07         1.890571865725832E-10
         1.000070095062256E+00        -1.869115777708430E-07         8.198172002371606E-11
         1.000053524971008E+00        -3.829326828963531E-07         1.581271641404314E-10
         9.998772144317627E-01        -2.584794458471151E-07         1.106078631463170E-10
         1.000011920928955E+00        -4.664912580665259E-07         1.553846357138511E-10
         9.999564290046692E-01        -2.916063124303037E-07         8.404894141778030E-11
         9.999471902847290E-01        -3.318112078432023E-07         1.008988725903492E-10
         9.999902844429016E-01        -2.943361039342562E-07         1.048745812415319E-10
         1.000003933906555E+00        -3.065159717152710E-07         1.196542309678250E-10
         1.000028371810913E+00        -3.029542199328716E-07         1.173346836358391E-10
         1.000030755996704E+00        -2.833268126778421E-07         1.321557169253751E-10
         1.000118017196655E+00        -2.654138029356545E-07         1.127112084220450E-10
         1.000192880630493E+00         4.636015304981811E-08        -1.100478562443552E-11
         1.000260829925537E+00        -1.834327747474163E-07         7.782387234644972E-11
         1.000256419181824E+00        -1.934773052880701E-07         8.574630588897847E-11
         1.000018954277039E+00         1.118372807695778E-07        -2.682478544846489E-11
         9.998662471771240E-01         2.218451840008129E-07        -6.132637453415413E-11
         9.998142719268799E-01         1.857999478716010E-07        -5.137118855302880E-11
         9.997119307518005E-01         2.777899794637051E-07        -9.083835073031565E-11
         9.995213747024536E-01         5.724747325075441E-07        -1.994488740830747E-10
         9.996318817138672E-01         4.762426897286787E-07        -1.756375045403047E-10
         9.998099803924561E-01         3.293341421795049E-07        -9.586020172092091E-11
         9.999232292175293E-01         2.699543415474182E-07        -9.235075204561127E-11
         9.997382164001465E-01         4.265429538463650E-07        -1.464090376712690E-10
         9.997794628143311E-01         3.393402892015729E-07        -1.091390033902684E-10
         9.997985363006592E-01         3.307056886114879E-07        -9.580754245508416E-11
         9.997361898422241E-01         3.023738770480122E-07        -7.947186658752159E-11
         9.997084140777588E-01         2.604182895993290E-07        -8.577987625768557E-11
         9.996858239173889E-01         2.866673582957446E-07        -9.464721367757889E-11
         9.997235536575317E-01         3.335370877266541E-07        -1.148779057991156E-10
         9.998536109924316E-01         1.638284743421536E-07        -5.242027992236054E-11
         1.000013589859009E+00         9.287617075415255E-08        -2.342180269176986E-11
         9.999403953552246E-01         2.988598168940371E-07        -1.188508319538428E-10
         1.000039577484131E+00         2.261333094111251E-07        -7.467598067689707E-11
         9.999504089355469E-01         1.565407643511207E-07        -4.563762909248759E-11
         9.999133348464966E-01         1.419260229340580E-07        -5.847029804773030E-11
         9.999426007270813E-01         3.320413810570244E-08        -8.446876878509535E-12
         9.999136924743652E-01         7.865478579560659E-08        -2.859213733830135E-11
         9.999975562095642E-01         7.655840761344734E-08        -3.408572729624026E-11
         9.999699592590332E-01         1.772157887103276E-08        -1.398919868833559E-11
         9.998567700386047E-01        -7.339147600760043E-08         1.280558645233576E-11
         9.997134208679199E-01         2.273412746944814E-08        -1.068967137030086E-11
         9.996479153633118E-01         1.238115316937183E-07        -5.979107486897561E-11
         9.996397495269775E-01         7.723876649379235E-08        -6.015353493094011E-11
         9.995972514152527E-01         3.758934852271523E-08        -3.029613712679513E-11
         9.995961785316467E-01         9.988885807388215E-08        -6.662697477066715E-11
         9.996308088302612E-01         8.289064368227628E-08        -5.749444670355430E-11
         9.997030496597290E-01        -2.553372624447547E-08         1.127965559497013E-12
         9.995735287666321E-01         4.676480358511981E-08        -3.203806317464419E-11
         9.995530247688293E-01         9.484713103802278E-08        -5.603881594873350E-11
         9.996648430824280E-01         5.773522460117420E-08        -3.163386913529465E-11
         9.998171329498291E-01         6.145052822148500E-08        -3.043996651963532E-11
         9.997453689575195E-01         2.507643159788131E-08        -6.240395786921704E-12
         9.996176958084106E-01         3.218390531856130E-08         1.024004839256243E-11
         9.996933937072754E-01         1.037426642369610E-07        -2.383532607397321E-11
         9.997476935386658E-01         5.441267436623320E-10        -1.960503460962659E-11
         9.998079538345337E-01        -1.292754792103779E-08         1.124543600600214E-11
         9.998536705970764E-01        -9.481519214205036E-08         6.263294050068424E-11
         0.000000000000000E+00         0.000000000000000E+00         0.000000000000000E+00
         9.995105266571045E-01         1.227791468494388E-08         8.230569004119559E-12
         9.998239278793335E-01        -9.032898162786296E-08         4.141710932548115E-11
         9.998826384544373E-01         1.488702938701181E-08        -3.860349106349359E-12
         9.999164938926697E-01        -7.350683173257266E-09         1.037246157020721E-11
         9.999796748161316E-01        -1.357066814478003E-08         7.049413136561711E-13
         9.998998045921326E-01         1.395843707285849E-08        -2.832250753370680E-11
         9.998235106468201E-01         1.022132281036647E-07        -5.377426975927690E-11
         9.997755289077759E-01         2.085541268570523E-07        -9.004795520350939E-11
         9.999031424522400E-01        -5.481920339889257E-08         4.807792185201887E-12
         9.999783635139465E-01        -1.028943827918738E-07         9.702052529425575E-12
         1.000208020210266E+00        -3.557789511887677E-07         8.616522079174516E-11
         1.000067234039307E+00        -3.472065941423352E-07         8.482357871653079E-11
         1.000066995620728E+00        -4.288227728466154E-07         1.280669320591343E-10
         1.000132679939270E+00        -3.678021869291115E-07         9.433314546170024E-11
         1.000165939331055E+00        -4.117116532142973E-07         1.254160386654490E-10
         1.000008583068848E+00        -2.387511415236077E-07         7.806225804651845E-11
         1.000119686126709E+00        -3.579610563519964E-07         1.426561230255530E-10
         9.999718666076660E-01        -5.907730127319155E-08         1.720237841063010E-11
         1.000058889389038E+00        -2.078249679016153E-07         7.810692370657790E-11
         1.000215411186218E+00        -3.998415252226550E-07         1.554635170597507E-10
         1.000253677368164E+00        -3.365850318459707E-07         1.231054425065992E-10
         1.000357389450073E+00        -3.620199322540429E-07         1.300408253301910E-10
         1.000204443931580E+00        -1.472243553735098E-07         4.983063961461198E-11
         1.000146985054016E+00        -1.142071326398764E-07         4.074272169640736E-11
         1.000092744827271E+00         1.217272149744986E-08        -1.453706339332728E-11
         1.000027418136597E+00        -6.667048069175507E-08         2.081748835813801E-11
         1.000027537345886E+00        -2.036660191606643E-07         7.753249431363685E-11
         9.999988079071045E-01        -2.771705567283789E-07         1.072335276131042E-10
         1.000011563301086E+00        -2.215258660953623E-07         8.678563423458741E-11
         9.998856782913208E-01         3.893486422157366E-08        -9.837235193099758E-13
         9.997019171714783E-01         2.353382768660595E-07        -6.125701335069067E-11
         9.998093247413635E-01         7.340105856457058E-09         2.906365426103008E-11
         9.997445344924927E-01         1.539514471460279E-07        -5.532502581062637E-11
         9.995293021202087E-01         3.108358157533075E-07        -9.113716725739351E-11
         9.995596408843994E-01         2.213828196317991E-07        -6.357935011802596E-11
         9.995588660240173E-01         1.073187192446312E-07        -3.116135474656723E-11
         9.998389482498169E-01        -1.571416277101889E-07         6.426242871171439E-11
         1.000022172927856E+00        -1.101116637869382E-07         2.430535807340650E-11
         9.999888539314270E-01        -8.717375976630137E-08         1.360649700549166E-11
         1.000117063522339E+00        -2.000948313707340E-07         5.448765744153761E-11
         1.000170350074768E+00        -1.247858278929925E-07         2.565272126664464E-11
         1.000203847885132E+00        -9.506806719628003E-08         1.004531006987275E-11
         1.000201821327209E+00        -3.519263813700491E-08        -5.097711315571463E-12
         1.000192880630493E+00        -6.194486701360802E-08         2.841664056840720E-11
         1.000221252441406E+00        -2.235678842055222E-08         2.053152352993193E-12
         9.999911189079285E-01         5.892995318390604E-07        -2.347584349138288E-10
         1.000422596931458E+00        -3.798007242039603E-07         1.411981226384640E-10
         1.000536084175110E+00        -6.697259209431650E-07         2.386947028920616E-10
         1.000374317169189E+00        -3.905072105681029E-07         1.194044030317087E-10
         1.000386118888855E+00        -2.719288545449672E-07         7.013729180771477E-11
         1.000471234321594E+00        -3.283213061422430E-07         9.136653239538717E-11
         1.000344157218933E+00        -2.397689229383104E-07         7.130982609959702E-11
         9.999613165855408E-01         7.561894221908005E-08        -4.285911903156858E-11
         1.000254511833191E+00        -7.262045187417243E-07         2.722650160880136E-10
         9.998731613159180E-01        -2.941253001154109E-07         1.147746342411438E-10
         9.994725584983826E-01         2.069331515031081E-07        -6.307039612796217E-11
         9.992381930351257E-01         4.325909515046078E-07        -1.587482784115579E-10
         9.990764856338501E-01         4.892468155048846E-07        -1.656885739720337E-10
         9.988948702812195E-01         6.142599886516109E-07        -2.203590920846210E-10
         9.987233877182007E-01         6.096214519857313E-07        -2.079153932355027E-10
         9.984739422798157E-01         6.205974045769835E-07        -2.186148484462080E-10
         9.982401728630066E-01         7.087528501870111E-07        -2.488985684223621E-10
         9.981133341789246E-01         5.090140007268928E-07        -1.727863685463404E-10
         9.978062510490417E-01         6.703141366415366E-07        -2.531741483124961E-10
         9.975000023841858E-01         7.021837973297806E-07        -2.562705048170244E-10
         9.972619414329529E-01         7.329190339078195E-07        -2.543556476553022E-10
         9.969784021377563E-01         8.218729590225848E-07        -2.933901732671274E-10
         9.967928528785706E-01         9.063717811841343E-07        -3.213845300997775E-10
         9.965574741363525E-01         1.149580498349678E-06        -4.149985077805951E-10
         9.964439272880554E-01         1.096318669624452E-06        -4.084609872556655E-10
         9.964333176612854E-01         1.078034642887360E-06        -4.132859054983840E-10
         9.962023496627808E-01         1.172570136986906E-06        -4.497729133579043E-10
         9.960502386093140E-01         1.125586891248531E-06        -4.313224499785662E-10
         9.957156181335449E-01         1.386649728374323E-06        -5.252749346595920E-10
         9.955523610115051E-01         1.381594074700843E-06        -5.310399342484118E-10
         9.955207109451294E-01         1.087965642909694E-06        -4.119180552208945E-10
         9.954175353050232E-01         8.359651246792055E-07        -3.236824697161467E-10
         0.000000000000000E+00         0.000000000000000E+00         0.000000000000000E+00
         0.000000000000000E+00         0.000000000000000E+00         0.000000000000000E+00
         0.000000000000000E+00         0.000000000000000E+00         0.000000000000000E+00
         0.000000000000000E+00         0.000000000000000E+00         0.000000000000000E+00
         0.000000000000000E+00         0.000000000000000E+00         0.000000000000000E+00
         0.000000000000000E+00         0.000000000000000E+00         0.000000000000000E+00
         0.000000000000000E+00         0.000000000000000E+00         0.000000000000000E+00
         0.000000000000000E+00         0.000000000000000E+00         0.000000000000000E+00
         1.004238367080688E+00        -1.454447783544310E-06         5.307773109919367E-10
         1.004195451736450E+00        -1.433013835594465E-06         5.224143895254940E-10
         1.004045009613037E+00        -1.327154791397334E-06         4.842183876085926E-10
         1.003901481628418E+00        -1.272145368602651E-06         4.650332896538600E-10
         1.003812193870544E+00        -1.380341359435988E-06         4.993439550737833E-10
         1.003581404685974E+00        -1.175136389974796E-06         4.269461728600987E-10
         1.003415703773499E+00        -1.100841927836882E-06         4.033469946929102E-10
         1.003292798995972E+00        -1.237825813404925E-06         4.502410666518131E-10
         1.003113627433777E+00        -1.217599674419034E-06         4.573636469551445E-10
         1.002915501594543E+00        -1.115466830015066E-06         4.102552741969134E-10
         1.002839565277100E+00        -1.209123070111673E-06         4.335176384540063E-10
         1.002711415290833E+00        -1.052795482792135E-06         3.591832664628924E-10
         1.002740383148193E+00        -1.293815785174957E-06         4.481757742702541E-10
         1.002622842788696E+00        -1.250735067515052E-06         4.395118158306843E-10
         1.002436876296997E+00        -9.835333685259684E-07         3.496376521638922E-10
         1.002116799354553E+00        -5.161526246411086E-07         1.720257825077454E-10
         1.001852035522461E+00        -3.923317137832782E-07         1.281685452214631E-10
         1.001688361167908E+00        -2.347823198078913E-07         8.517663657725549E-11
         1.001412391662598E+00        -1.852349100772699E-07         7.027620152477709E-11
         1.001204252243042E+00        -3.592203654534387E-07         1.406860183905678E-10
         1.000802516937256E+00        -1.882647069351151E-07         7.752981590058994E-11
         1.000511407852173E+00        -8.908833137866168E-08         5.136708766673159E-11
         1.000361442565918E+00        -8.719990773897734E-08         4.246028181831285E-11
         1.000236511230469E+00         2.371178098314886E-08        -1.203150860190627E-12
         1.000089645385742E+00         3.706964335492557E-08        -1.704778505862148E-11
         9.997458457946777E-01         1.452702775850412E-07        -3.724276095851131E-11
         9.997643232345581E-01         1.783800911425715E-07        -5.708885100763617E-11
         9.997708201408386E-01         2.408395971542632E-07        -7.468068524696392E-11
         9.996948838233948E-01         4.480793336369970E-07        -1.508271701977648E-10
         9.998581409454346E-01         4.495439043239458E-07        -1.456101073049609E-10
         1.000057339668274E+00         2.253532471740982E-07        -6.717584127846621E-11
         1.000063538551331E+00         3.955625231810700E-07        -1.319207382222132E-10
         1.000097155570984E+00         3.852696011108492E-07        -1.291587808927019E-10
         1.000095725059509E+00         3.505132895043062E-07        -1.162833995760337E-10
         1.000240683555603E+00         2.138238528459624E-07        -6.478304004353674E-11
         1.000133752822876E+00         2.481541798715625E-07        -8.074713814254508E-11
         1.000130534172058E+00        -5.050382778648554E-09         2.561555308144836E-11
         1.000059366226196E+00         1.221381324967297E-07        -3.073934509711940E-11
         1.000027418136597E+00         2.341228224622682E-07        -5.997181223849068E-11
         1.000144124031067E+00        -1.294317275579715E-08         3.137797660590635E-11
         1.000192046165466E+00        -8.470324530662765E-08         5.241587719417851E-11
         1.000220775604248E+00        -8.889445979320953E-08         5.468732758306949E-11
         1.000240087509155E+00         9.544600487743082E-08        -1.554250651791822E-11
         1.000217556953430E+00         1.136480207719615E-07        -2.398482627785636E-11
         1.000226259231567E+00         1.134721649975745E-08        -8.474571738803505E-12
         1.000154137611389E+00         1.136199188067621E-07        -4.826301164273517E-11
         1.000233054161072E+00         2.250684527638214E-09        -1.692180423562561E-11
         1.000109314918518E+00         1.537179059596383E-07        -7.280073072157833E-11
         1.000081300735474E+00         1.288594688730882E-07        -4.467602329749631E-11
         1.000041604042053E+00         1.499110737768206E-07        -5.009484493889715E-11
         1.000105142593384E+00        -8.051583222368208E-08         4.390915062102430E-11
         1.000028610229492E+00        -7.829292769656604E-09         1.957500134208701E-11
         1.000184893608093E+00        -2.152522995402251E-07         9.287375035693657E-11
         1.000268578529358E+00        -1.078610054605633E-07         5.876871211896173E-11
         1.000145673751831E+00         1.275071923600990E-07        -3.755833838381406E-11
         9.999904632568359E-01         1.577880652803287E-07        -4.249792531774155E-11
         9.999489188194275E-01         2.498815092621953E-07        -8.393599010281250E-11
         9.998608231544495E-01         3.710603948547941E-07        -1.287032841412739E-10
         9.999400973320007E-01         3.134344410682388E-07        -1.013691700024744E-10
         9.999153614044189E-01         3.353990223331493E-07        -1.058109780349703E-10
         9.998150467872620E-01         4.255792873664177E-07        -1.429968365940226E-10
         9.997128844261169E-01         5.710055006602488E-07        -2.118442504750462E-10
         9.996939897537231E-01         5.526438826564117E-07        -1.970621027469477E-10
         9.999740719795227E-01         2.949896895643178E-07        -9.212579310524660E-11
         1.000021457672119E+00         2.927860407453409E-07        -9.913775356196197E-11
         9.999383687973022E-01         4.888858029516996E-07        -1.651339065489310E-10
         1.000029683113098E+00         3.539912256655953E-07        -1.143251118773669E-10
         1.000217080116272E+00        -5.527198965182833E-08         3.082950561505982E-11
         1.000128269195557E+00         8.497149650565916E-08        -3.399212508692351E-11
         1.000143766403198E+00        -5.633852140363160E-08         2.372896497349064E-11
         1.000126361846924E+00         5.696854188386169E-08        -3.170377849137651E-11
         9.999361038208008E-01         1.354624288296691E-07        -4.156263180843389E-11
         9.998409748077393E-01         1.574879888721625E-07        -4.116863100422918E-11
         9.998024702072144E-01         2.491246107183542E-07        -7.272753926867992E-11
         9.998947381973267E-01        -1.781374692200188E-08         3.499974962628549E-11
         9.997652769088745E-01         2.414608673007024E-07        -5.966699356818594E-11
         9.998976588249207E-01        -4.725604441091491E-08         3.742084767055509E-11
         9.997553825378418E-01         1.926991899381392E-07        -5.349545112443010E-11
         9.996929168701172E-01         1.815524797166290E-07        -3.003537349388630E-11
         9.998155236244202E-01         2.595783676895280E-08         2.221962717985360E-11
         9.998246431350708E-01         2.198827644406265E-07        -5.882451470373695E-11
         9.999484419822693E-01         2.093448898676797E-07        -5.106689029976685E-11
         1.000063776969910E+00         2.361519193527784E-07        -7.017900843786506E-11
         1.000107526779175E+00         1.637199034121295E-07        -4.871546568918639E-11
         1.000170350074768E+00         9.133158584972989E-08        -2.954174405100929E-11
         1.000043153762817E+00         2.547167525790428E-07        -8.724220651457060E-11
         1.000117778778076E+00         9.445028581467341E-08        -4.060862757171435E-11
         1.000169754028320E+00        -1.020205289137266E-07         3.292483993777573E-11
         1.000186443328857E+00        -5.796153956794114E-08        -2.945138057042218E-12
         1.000276684761047E+00        -1.918163405889572E-07         5.279758574783244E-11
         1.000420808792114E+00        -7.194412887656654E-08         9.353856231242297E-12
         1.000345945358276E+00         1.607851629614743E-08        -2.723182790376200E-11
         9.999078512191772E-01        -3.500903034137082E-08        -1.573042217317688E-11
         9.999789595603943E-01        -1.188564482390575E-07         1.256244934466633E-11
         1.000011205673218E+00        -3.989101742263301E-07         1.320111520097811E-10
         9.999858140945435E-01        -4.064335428211052E-07         1.317177755755239E-10
         0.000000000000000E+00         0.000000000000000E+00         0.000000000000000E+00
         0.000000000000000E+00         0.000000000000000E+00         0.000000000000000E+00
         9.995449185371399E-01        -1.679594561210251E-07         5.102359854070038E-11
         9.998305439949036E-01        -7.370507404402815E-08         1.751182705789223E-11
         9.998129606246948E-01         2.923793829268106E-08        -3.012242885680472E-11
         9.995793700218201E-01         4.874278829447576E-07        -1.947839806115681E-10
         9.999852180480957E-01        -2.929391769157519E-07         9.136448542168552E-11
         9.998909235000610E-01        -2.318671050716148E-07         6.962168341839714E-11
         9.997465014457703E-01        -2.275238131232982E-07         7.719160727281960E-11
         9.996520876884460E-01        -1.240933329427207E-07         4.651733512273104E-11
         0.000000000000000E+00         0.000000000000000E+00         0.000000000000000E+00
         9.993919134140015E-01        -1.403845999448095E-07         5.777962830411099E-11
         9.996204376220703E-01        -4.118913921047351E-08         2.289576167546770E-11
         9.995152354240417E-01         1.629180133022601E-07        -5.495575869374214E-11
         9.995495676994324E-01         1.077853184483502E-07        -3.841640547341818E-11
         0.000000000000000E+00         0.000000000000000E+00         0.000000000000000E+00
         0.000000000000000E+00         0.000000000000000E+00         0.000000000000000E+00
         9.996362328529358E-01        -1.098149127187753E-08        -8.343707669222766E-12
         9.996539354324341E-01         2.639466458731476E-07        -9.222167474121079E-11
         9.996671080589294E-01         1.014663624232526E-07        -3.088920438876208E-11
         9.997010827064514E-01         1.207376385536918E-07        -5.660717727895559E-11
         9.996508955955505E-01         1.388854826700481E-07        -6.205030933514877E-11
         9.997030496597290E-01         1.236648330404932E-07        -5.316704715374598E-11
         9.996526241302490E-01         2.477365796949016E-07        -8.575307131053478E-11
         9.995980858802795E-01         3.555467458227213E-07        -1.348265943335036E-10
         9.995749592781067E-01         2.986449771924526E-07        -1.017389089641441E-10
         9.995896816253662E-01         2.487495578407106E-07        -9.959540137050027E-11
         9.996086359024048E-01         1.608987219015034E-07        -6.988588180378841E-11
         9.995700716972351E-01         1.654873216239139E-07        -6.853492773295500E-11
         9.996370077133179E-01         1.949145911339656E-07        -7.205588903325122E-11
         9.996891021728516E-01         3.264827341808996E-07        -1.223752488233032E-10
         9.996355175971985E-01         4.116262459774589E-07        -1.613824907042982E-10
         9.996696710586548E-01         3.090666211846838E-07        -1.222226625463563E-10
         9.996325969696045E-01         4.735720153803413E-07        -2.043005209451110E-10
         9.996331334114075E-01         3.423286898396327E-07        -1.282424999526910E-10
         9.997895956039429E-01         2.002689001301405E-07        -7.075396518674282E-11
         9.999192953109741E-01         1.710283328293372E-07        -5.728873278543212E-11
         9.998714923858643E-01         2.607909266316710E-07        -9.105011883336900E-11
         9.999802112579346E-01         5.063625607704125E-08        -1.052687017416565E-11
         9.997504353523254E-01         3.258898289004719E-07        -1.113864278590171E-10
         9.998075962066650E-01         2.187171901368856E-07        -5.596275873265277E-11
         9.998612403869629E-01         1.776431020061864E-07        -3.220732708308915E-11
         9.997802972793579E-01         3.577646339181229E-07        -9.594616767749642E-11
         9.996470212936401E-01         4.705208027644403E-07        -1.295681478774569E-10
         9.996772408485413E-01         2.594134400624171E-07        -4.262435196467074E-11
         9.996083974838257E-01         1.619251861484372E-07        -2.244597086323297E-12
         9.995850920677185E-01         6.129465646154131E-08         4.520021162912613E-11
         9.997276067733765E-01        -6.284673670364782E-09         5.389869800476177E-11
         9.998418092727661E-01         2.611357352577670E-08         2.262812853759399E-11
         9.997840523719788E-01         2.194728132565160E-08         2.947553659482516E-11
         9.996399283409119E-01         2.363552340511887E-07        -5.729704211088205E-11
         9.996674060821533E-01         8.000416329423388E-08        -6.659970751971001E-12
         9.996361136436462E-01         1.289383533276123E-07        -2.266574428144708E-11
         9.997944235801697E-01        -2.419319145019472E-08         3.982310314842863E-11
         9.999031424522400E-01        -8.316497002169854E-08         5.232714608838229E-11
         9.999833106994629E-01        -1.072982342975592E-07         5.003015016158407E-11
         9.999007582664490E-01        -6.006591490859137E-08         3.863178527074851E-11
         9.997279047966003E-01        -1.200127570655241E-07         5.324223006919482E-11
         9.996809959411621E-01        -1.722626024047713E-07         5.597942248636301E-11
         9.996570348739624E-01        -2.344691978350966E-07         7.232672794010853E-11
         9.995201230049133E-01        -3.246236985887663E-07         9.839799114397252E-11
         9.993711709976196E-01        -2.544944948112970E-07         4.411124243652864E-11
         9.992908239364624E-01        -4.552045993477805E-07         1.217485001703267E-10
         9.993090033531189E-01        -4.759590410685632E-07         1.299530344445188E-10
         9.992585778236389E-01        -5.184884344089369E-07         1.406954691640649E-10
         9.990432262420654E-01        -4.489380955874367E-07         1.153623238603352E-10
         9.987801909446716E-01        -2.085776458216060E-07         2.368293582077907E-11
         9.985885024070740E-01        -2.486733308160183E-07         3.897531256069620E-11
         9.983890652656555E-01        -1.592978691178359E-07         5.385154561859951E-12
         9.983129501342773E-01        -1.238719988805315E-07         3.628992505805284E-12
         9.981765747070312E-01        -1.863080996145072E-07         3.549436439209686E-11
         9.980077743530273E-01        -2.799248761675699E-07         7.313034205980173E-11
         9.976861476898193E-01        -1.770912376741762E-07         4.106449555396630E-11
         9.975937008857727E-01        -2.531910467951093E-07         7.014207270561457E-11
         9.974447488784790E-01        -3.063312874473922E-07         8.905777504342183E-11
         9.972403645515442E-01        -3.157247761009785E-07         6.466329555143702E-11
         9.970428943634033E-01        -4.066838812377682E-07         1.172187347187048E-10
         9.967458248138428E-01        -2.486750929620030E-07         4.571706554989952E-11
         9.967873692512512E-01        -3.968757766870112E-07         9.299754716307618E-11
         9.968000054359436E-01        -4.811428198081558E-07         1.194870175025287E-10
         9.966713786125183E-01        -5.542170242733846E-07         1.325607956736974E-10
         9.962200522422791E-01        -3.591753170439915E-07         5.267838595890417E-11
         0.000000000000000E+00         0.000000000000000E+00         0.000000000000000E+00
         0.000000000000000E+00         0.000000000000000E+00         0.000000000000000E+00
         0.000000000000000E+00         0.000000000000000E+00         0.000000000000000E+00
         0.000000000000000E+00         0.000000000000000E+00         0.000000000000000E+00
         0.000000000000000E+00         0.000000000000000E+00         0.000000000000000E+00
         0.000000000000000E+00         0.000000000000000E+00         0.000000000000000E+00
         0.000000000000000E+00         0.000000000000000E+00         0.000000000000000E+00
         1.003246188163757E+00         9.327798693448131E-07        -3.639717416348276E-10
         1.003184199333191E+00         8.952390544436639E-07        -3.526609282378246E-10
         1.003299593925476E+00         5.376483613872551E-07        -2.018018113725262E-10
         1.003242373466492E+00         5.072515136816946E-07        -1.883269512559238E-10
         1.003026843070984E+00         5.911927587476384E-07        -2.257197068145089E-10
         1.002749562263489E+00         6.647860004704853E-07        -2.515929409252493E-10
         1.002523064613342E+00         6.144560984466807E-07        -2.147747535374833E-10
         1.002502560615540E+00         5.281901280795864E-07        -2.092845896584095E-10
         1.002459406852722E+00         3.968346788951749E-07        -1.524654014151139E-10
         1.002207875251770E+00         4.963796413903765E-07        -1.914202685249222E-10
         1.002094507217407E+00         2.945161270417884E-07        -1.106463115574385E-10
         1.001993060112000E+00         2.906905081090372E-07        -1.130301546803381E-10
         1.001975059509277E+00         1.147003132473401E-07        -2.614728746019868E-11
         1.001797318458557E+00         6.670666863328734E-08        -6.294850057875223E-12
         1.001665115356445E+00         2.136429877452883E-08         9.224580301003815E-12
         1.001616716384888E+00        -1.034024492696517E-07         5.276134737441929E-11
         1.001713395118713E+00        -3.838544841983094E-07         1.443865166317337E-10
         1.001642704010010E+00        -3.016892264895432E-07         1.070573768524596E-10
         1.001504898071289E+00        -4.290596962164273E-07         1.579657932238021E-10
         1.001073956489563E+00        -3.263303938183526E-08        -8.054189259976141E-12
         1.000993847846985E+00        -1.409410117503285E-07         2.610192791074883E-11
         1.001010894775391E+00        -3.038848603864608E-07         9.469303119402639E-11
         1.000752329826355E+00        -1.764159236472551E-07         2.448944519395369E-11
         1.000391125679016E+00        -1.554720228114093E-07         3.991159833183211E-11
         1.000235319137573E+00        -5.781904022228446E-08         1.227179816098989E-11
         1.000253319740295E+00        -1.239504143768499E-07         3.315860433450446E-11
         1.000115633010864E+00        -1.023168181291112E-07         4.998643512998946E-11
         1.000123858451843E+00        -1.437780952073808E-07         6.181579553787842E-11
         1.000270962715149E+00        -1.980816506375049E-07         8.291266978543987E-11
         1.000264167785645E+00        -2.252642445910169E-07         8.928573158595299E-11
         1.000312447547913E+00        -4.593653954998445E-07         1.667671695182449E-10
         1.000262856483459E+00        -4.362256333934056E-07         1.709924285497877E-10
         1.000241279602051E+00        -3.568339934645337E-07         1.485483125396314E-10
         1.000204205513000E+00        -3.365676661815087E-07         1.478779737551505E-10
         9.998788237571716E-01        -7.296147686020049E-08         4.848794282752422E-11
         9.999292492866516E-01        -1.712348449700585E-07         9.306783815832276E-11
         9.999635219573975E-01        -6.956645393074723E-08         4.308555595633479E-11
         9.999030232429504E-01        -2.426393841403751E-08         2.571980302346066E-11
         9.998341202735901E-01         1.031718994681796E-07        -3.150576327604071E-11
         9.999648332595825E-01         4.716570245477669E-08        -1.261200345548108E-11
         9.998117089271545E-01         1.933048565661011E-07        -5.934584074163141E-11
         9.997562170028687E-01         2.059028219036918E-07        -6.677725733483797E-11
         9.998635053634644E-01         4.666982178491708E-08        -1.553045365920713E-11
         9.999219179153442E-01         1.736676580321728E-07        -8.335098583556189E-11
         1.000002384185791E+00        -5.697476979094063E-08        -3.409340084553625E-12
         1.000029921531677E+00        -3.334369012009120E-07         8.955997748971711E-11
         1.000224471092224E+00        -4.568825318074232E-07         1.224375462127725E-10
         1.000419259071350E+00        -6.135134071882931E-07         1.417157086125442E-10
         1.000289201736450E+00        -4.930052455165423E-07         1.206521965668728E-10
         1.000386714935303E+00        -6.031191333022434E-07         1.639089280969230E-10
         1.000312805175781E+00        -5.917429461987922E-07         1.829439655320897E-10
         1.000223636627197E+00        -5.459365297610930E-07         1.701874197124198E-10
         1.000349521636963E+00        -6.503731242446520E-07         2.159309953064792E-10
         1.000312089920044E+00        -3.734965616786212E-07         1.352781497931943E-10
         1.000342369079590E+00        -5.323645382304676E-07         2.055359354935504E-10
         1.000257492065430E+00        -4.229229659813427E-07         1.880240407814426E-10
         1.000309944152832E+00        -3.939110513329069E-07         1.615216016492838E-10
         1.000328302383423E+00        -5.798937650070002E-07         2.109217245305217E-10
         1.000631809234619E+00        -9.160528406937374E-07         3.204527754263609E-10
         1.000552892684937E+00        -6.189719670146587E-07         2.015073941041834E-10
         1.000489354133606E+00        -6.581411184924946E-07         2.195604670296447E-10
         1.000190138816833E+00        -3.338391536544805E-07         1.201890531543626E-10
         9.998472332954407E-01         3.969599049469252E-07        -1.564204599180385E-10
         9.998005032539368E-01         4.444304693151935E-07        -1.676778854653449E-10
         9.997609853744507E-01         5.275353487377288E-07        -1.612033145859115E-10
         9.996872544288635E-01         7.747721042505873E-07        -2.596114712094533E-10
         9.994127750396729E-01         1.077304091268161E-06        -3.419252381231530E-10
         9.997067451477051E-01         7.184721084740886E-07        -2.019808625908226E-10
         9.999185204505920E-01         5.206161972637346E-07        -1.422525708338895E-10
         9.998527765274048E-01         4.508878816977813E-07        -1.113323599977178E-10
         1.000020384788513E+00         2.342286222756229E-07        -3.327883801862441E-11
         1.000165343284607E+00         1.658128212511656E-07        -4.086025615079869E-11
         1.000247716903687E+00        -8.731951162133100E-09         3.888461601320170E-12
         1.000213742256165E+00         2.004227042107232E-07        -8.981266425012180E-11
         1.000211954116821E+00         1.568695608966664E-07        -6.177838796084245E-11
         1.000146269798279E+00         2.656332469541667E-07        -1.409588001877182E-10
         1.000212311744690E+00         1.464043606347332E-07        -1.003511024277870E-10
         1.000109672546387E+00         1.220401912860325E-07        -6.210016528784834E-11
         1.000213027000427E+00        -2.232268059287890E-07         9.479105694820689E-11
         1.000249266624451E+00        -6.991020029545325E-08         1.646169832392186E-11
         1.000126719474792E+00        -1.280874926123943E-07         3.650514265873817E-11
         1.000113368034363E+00        -1.115772079174349E-07         3.461999090181855E-11
         1.000155091285706E+00        -4.796318719968440E-08        -2.102454321750713E-11
         1.000223755836487E+00        -3.579511087536957E-07         1.044392905491520E-10
         1.000314712524414E+00        -4.200958301225910E-07         1.289019169181671E-10
         1.000293612480164E+00        -4.837354481423972E-07         1.712338187909168E-10
         1.000012040138245E+00        -1.564076228532940E-07         5.588382534504888E-11
         9.999415874481201E-01         1.456208309491558E-07        -7.488795000787363E-11
         9.999693036079407E-01         2.757955286369906E-08        -3.708603216190376E-11
         1.000091433525085E+00        -1.191246425946701E-07         3.317226354715430E-11
         1.000002622604370E+00         2.144159338968166E-08        -3.448151486562523E-11
         1.000105381011963E+00        -3.738770146810566E-07         1.312943642695075E-10
         1.000177741050720E+00        -3.111356079443794E-07         1.101385996293835E-10
         1.000035643577576E+00        -2.745945835158636E-07         1.117874126599361E-10
         9.999373555183411E-01        -6.361516824426872E-08         1.587658303436879E-11
         1.000011324882507E+00        -3.896801104019687E-07         1.535221810788912E-10
         1.000084638595581E+00        -6.102462748458493E-07         2.576529545272876E-10
         1.000046372413635E+00        -5.954776156613661E-07         2.423226619363561E-10
         9.999035596847534E-01        -5.953813797532348E-07         2.509294161345821E-10
         9.998154044151306E-01        -3.157973935685732E-07         1.464023763331213E-10
         9.995714426040649E-01         3.544575477576473E-08         1.511346256477530E-11
         9.996667504310608E-01         5.209992082200188E-08        -9.066913018995759E-12
         9.994884729385376E-01         4.211161410694331E-07        -1.610048760980476E-10
         9.994548559188843E-01         5.166212417861971E-07        -1.834281060375531E-10
         9.995654821395874E-01         4.797342967322038E-07        -1.753971551332612E-10
         9.996697306632996E-01         7.679255276116237E-08         4.806482468977524E-12
         9.997901916503906E-01        -5.265406954890750E-08         6.053844925357765E-11
         9.997897148132324E-01        -1.363871007242778E-07         9.852649252017898E-11
         9.999358654022217E-01        -1.293082902975584E-07         7.515948974301523E-11
         9.995605945587158E-01         3.674685160603985E-07        -1.012827530177951E-10
         9.998938441276550E-01        -2.578050271040411E-07         1.293465057283782E-10
         9.997181296348572E-01         5.021137639005246E-08        -1.883695976978572E-11
         9.996966123580933E-01         1.234140398764794E-07        -6.038673727726263E-11
         9.994069933891296E-01         5.436938295133587E-07        -2.099576901226641E-10
         9.993586540222168E-01         6.121723572505289E-07        -2.391317421857053E-10
         9.992416501045227E-01         9.376042271469487E-07        -3.416318616888958E-10
         9.996122717857361E-01         3.699072408380744E-07        -1.451196524060450E-10
         9.998529553413391E-01        -2.269273835509011E-08        -3.682500485102658E-12
         9.997906088829041E-01        -5.412542591898273E-08        -1.588132576835211E-11
         9.997146129608154E-01         1.702832435057644E-07        -1.137265073780647E-10
         9.995341300964355E-01         2.591822862996196E-07        -1.221092255088152E-10
         9.996914267539978E-01         2.108216676788288E-07        -9.378919169078515E-11
         9.996483325958252E-01         2.222682127239750E-07        -9.202409667619094E-11
         9.997479915618896E-01         5.516334766753062E-08        -2.345473121279085E-11
         9.998215436935425E-01        -6.156950149716067E-08         2.872313714999408E-12
         9.999508261680603E-01        -1.724622933352293E-07         4.510912823829649E-11
         9.999737739562988E-01        -1.934491393740245E-07         2.639862287101558E-11
         1.000073432922363E+00        -1.649472380904626E-07        -3.092271013901970E-12
         9.999147653579712E-01        -2.172407249645403E-07         2.305566675075976E-11
         9.997975230216980E-01        -8.750156865744430E-08        -3.504849535596044E-11
         9.997475743293762E-01        -9.033470860231319E-08        -3.766092472601290E-12
         9.998903274536133E-01        -2.159297185500009E-09        -4.191805930142678E-11
         9.998500347137451E-01         6.104312433308223E-08        -4.733512540266993E-11
         1.000220060348511E+00        -4.626556346920552E-07         1.530330306920291E-10
         9.999135732650757E-01        -3.039631053525227E-07         1.112636441313875E-10
         9.998794794082642E-01        -4.582463759561506E-07         2.140763677438429E-10
         9.998714327812195E-01        -3.884366037709697E-07         1.777502034450151E-10
         1.000002861022949E+00        -6.133497549853928E-07         2.579498281640724E-10
         1.000163078308105E+00        -8.990191986413265E-07         3.536511361534878E-10
         1.000231266021729E+00        -8.811755947135680E-07         3.560425287929547E-10
         1.000118017196655E+00        -7.935990993246378E-07         3.384358626679074E-10
         1.000092148780823E+00        -5.798465281259269E-07         2.802562903969630E-10
         1.000049591064453E+00        -3.264561030391633E-07         1.997128712405427E-10
         9.999545812606812E-01         6.516576434023591E-08         4.950371015888244E-11
         9.994032979011536E-01         1.175874217551609E-06        -3.682370242064081E-10
         9.989292621612549E-01         2.000238737309701E-06        -6.690168974365918E-10
         9.989153742790222E-01         2.018863369812607E-06        -6.510755268251955E-10
         9.993928670883179E-01         9.535286267237097E-07        -2.948285782178317E-10
         1.000073075294495E+00        -2.496411752872518E-07         1.435445512454336E-10
         9.998810291290283E-01        -1.798684223786040E-07         1.466913812642190E-10
         1.000406980514526E+00        -7.430406867570127E-07         3.165928352810710E-10
         9.996699690818787E-01         7.290945092108814E-08        -3.797692715856726E-11
         9.998409152030945E-01        -1.853688473829607E-07         5.197303004633724E-11
         9.999182820320129E-01        -2.433686461245088E-07         5.026306107436262E-11
         1.000262379646301E+00        -1.166634319815785E-06         4.181864854402306E-10
         1.000313520431519E+00        -1.371620214740688E-06         5.000406755328868E-10
         1.000282287597656E+00        -1.341502525065152E-06         4.984894719228805E-10
         1.000310420989990E+00        -1.035068635246716E-06         3.278304294695999E-10
         1.000251054763794E+00        -8.890301614883356E-07         2.869760540313848E-10
         1.000042080879211E+00        -3.839904536562244E-07         1.344494515720385E-10
         1.000040769577026E+00        -1.573639849539177E-07         6.739169639002895E-11
         9.991728663444519E-01         1.594302943885850E-06        -5.728166829754855E-10
         9.999153614044189E-01         4.253716667790286E-07        -1.757812367886302E-10
         9.990346431732178E-01         2.002886958507588E-06        -7.616638431073852E-10
         1.000144481658936E+00         9.330369721283205E-08        -9.231023584410636E-11
         1.000259637832642E+00         9.394845079668812E-08        -1.131543192478546E-10
         1.000218152999878E+00         2.889731263167050E-07        -1.931604043381441E-10
         1.000297427177429E+00         2.005204464694543E-07        -1.481455513818730E-10
         1.000265002250671E+00         4.953577104060969E-07        -2.705697055294110E-10
         1.000604271888733E+00         2.002933143785413E-07        -1.759951073765365E-10
         1.000863313674927E+00         2.946191557384736E-08        -1.161873722232976E-10
         1.000905394554138E+00        -1.155607876057729E-07        -6.254795986704309E-11
         1.000609636306763E+00         1.996034768581012E-07        -1.431483404035205E-10
         1.000152349472046E+00         9.091485253520659E-07        -3.314446772595403E-10
         9.999691247940063E-01         1.010931669043202E-06        -3.282200067289409E-10
         1.000129938125610E+00         8.740877319723950E-07        -2.480329830412131E-10
         1.000445008277893E+00         5.692214699593023E-07        -1.123255377599719E-10
         1.000410318374634E+00         6.290721330515225E-07        -1.646129482724135E-10
         1.000455498695374E+00         5.273479359857447E-07        -1.302280921988697E-10
         1.000536084175110E+00         1.424233886382353E-07         1.303873242014530E-11
