         1.000389337539673E+00         5.247951548881247E-07        -2.745964844397264E-10
         1.001175284385681E+00        -4.565646918308630E-07         1.563908863522201E-10
         1.001113891601562E+00        -1.015572024698486E-06         3.964638617404148E-10
         1.000791311264038E+00        -2.094179762934800E-07         2.121005801547504E-11
         1.001197099685669E+00        -1.100801569009491E-06         1.995052595349378E-10
         1.001297712326050E+00        -9.545998409521417E-07         1.487601569705177E-10
         1.001560330390930E+00        -1.296085088142718E-06         2.823331013424024E-10
         1.001586198806763E+00        -1.323168021372112E-06         3.662536385284909E-10
         1.001344323158264E+00        -1.245337330146867E-06         3.253766700517247E-10
         1.000905632972717E+00        -2.194962434032277E-07         7.533249024582744E-11
         1.000844120979309E+00         9.749062712671730E-08        -4.294461314335862E-11
         1.000884175300598E+00        -1.802222158175937E-07         5.267847789924840E-12
         1.001095771789551E+00        -5.551399908654275E-07         8.760633191107203E-11
         1.001305341720581E+00        -1.046927877723647E-06         3.181584717903974E-10
         1.001237869262695E+00        -9.041854696079099E-07         3.610291232636342E-10
         1.001198649406433E+00        -7.968188810991705E-07         2.594110204423572E-10
         1.000596284866333E+00         3.041831320160782E-08         4.718145665827400E-11
         1.000980138778687E+00        -7.275281745933171E-07         3.011642879524601E-10
         1.000911593437195E+00        -6.310613116511377E-07         2.546970134797988E-10
         1.001301646232605E+00        -1.014934014165192E-06         2.081781969032193E-10
         1.001047492027283E+00        -4.858667921325832E-07         1.691539130987962E-10
         1.000752210617065E+00         7.214181607650971E-08         4.767308076081278E-11
         1.000470399856567E+00         6.509700369861093E-07        -8.662411760118616E-11
         1.000440001487732E+00         7.431086146425514E-07         8.228604429783015E-12
         1.000216841697693E+00         1.043852648763277E-06        -6.246751033112119E-11
         1.000565767288208E+00         4.424241808465013E-07         5.876870518006783E-11
         1.000265717506409E+00         5.797487006020674E-07        -6.954275696968715E-12
         1.000280737876892E+00         4.160732487434871E-07        -3.112517838951834E-12
         1.000220537185669E+00         4.425623387760425E-07         3.218034866359076E-11
         1.000190973281860E+00         3.553231238129229E-07         1.510708051710719E-11
         1.000433206558228E+00         2.944464938536839E-07        -3.355483946254623E-11
         1.000506281852722E+00         1.821937729573619E-07        -9.015551499791385E-11
         1.000678062438965E+00        -6.287334741728046E-08        -3.579242457973919E-11
         1.000639557838440E+00         8.200336765185057E-08         6.879850855678882E-11
         1.000837802886963E+00        -2.688167057840474E-07         2.871377614843684E-11
         1.000210046768188E+00         9.227954933521687E-07        -1.290745704762841E-10
         1.000363349914551E+00         1.712975716827714E-07         4.227939526257884E-11
         9.998733401298523E-01         9.817982800086611E-07        -9.648803284134644E-11
         9.997363090515137E-01         8.086275329333148E-07        -8.326111328171848E-11
         9.993273019790649E-01         1.315066924689745E-06        -3.128035608312985E-10
         9.989480376243591E-01         1.589366661391978E-06        -4.152557186998251E-10
         9.994745254516602E-01         7.312980869755847E-07        -2.991364100868310E-10
         9.998100996017456E-01         9.746810292199370E-08        -9.747188473019364E-11
         9.992753863334656E-01         7.983433079061797E-07        -2.476898686154527E-10
         9.989325404167175E-01         8.196231533474929E-07        -2.503496299155472E-10
         9.988614916801453E-01         2.936627367944311E-07        -1.691465856268337E-10
         9.991624355316162E-01        -2.042887103925750E-07        -5.435380270868428E-11
         9.992544054985046E-01        -5.609994673250185E-07         2.115227264176678E-11
         9.993713498115540E-01        -6.367671403495478E-07         7.170698756997496E-11
         9.992350339889526E-01        -2.745670144577161E-07         3.274867876879028E-11
         9.990139007568359E-01         6.346755867525644E-07        -2.290883871491900E-10
         9.995441436767578E-01        -1.622536842660338E-07        -6.251638789978031E-11
         9.999103546142578E-01        -6.617951271437050E-07         7.419344999481936E-11
         9.994204640388489E-01         2.935060372522003E-08        -7.029102994104974E-11
         9.992709159851074E-01         3.622609483500128E-07        -2.209602500968799E-10
         9.992012381553650E-01         4.637801680473785E-07        -2.350638295123275E-10
         9.995285272598267E-01        -1.119192987175666E-07        -1.035465047038997E-10
         9.995327591896057E-01         2.638566343193816E-07        -1.542061894843627E-10
         9.994531869888306E-01         7.478091674784082E-07        -1.974012620031829E-10
         9.996519684791565E-01         5.415273562903167E-07        -1.584176123614611E-10
         9.995766878128052E-01         8.477125561512366E-07        -1.490964574024645E-10
         9.998267292976379E-01         7.704316118406496E-08         1.549994577132452E-10
         9.997259378433228E-01         3.464363373950619E-07        -4.101749495610818E-11
         9.996626973152161E-01         5.303517696120252E-07        -1.160466653327141E-10
         1.000363111495972E+00        -9.510905556453508E-07         2.190581049887896E-10
         1.000156760215759E+00        -5.352911784939351E-07         1.080680614440332E-10
         1.000121831893921E+00        -4.523200232142699E-07         6.367754934455405E-11
         9.999466538429260E-01        -3.483906994006247E-07         3.863518879820838E-11
         9.996997714042664E-01        -1.094195880568805E-07         6.423639398178693E-11
         9.994863271713257E-01         4.514183160608809E-07        -1.150721670728494E-10
         9.998199939727783E-01        -2.065419550945080E-07         9.201839290540192E-11
         1.000411510467529E+00        -1.075715090337326E-06         3.637522782984348E-10
         1.000401735305786E+00        -1.300031499340548E-06         4.014139021180085E-10
         1.000037431716919E+00        -3.359466518304544E-07         5.783959075578160E-11
         9.991277456283569E-01         6.578684406122193E-07        -1.291432932815084E-10
         9.992246627807617E-01         5.063022285867191E-07        -5.189071741740214E-11
         9.992501735687256E-01         2.506171199456730E-07         3.148910646122438E-11
         9.996308684349060E-01        -4.508402753344853E-07         2.835298107406459E-10
         9.998171925544739E-01        -1.074786268873140E-06         4.340676151848299E-10
         9.999415874481201E-01        -1.628256200092437E-06         6.114775907839487E-10
         9.993437528610229E-01        -3.312342187200557E-07         1.723052256430435E-10
         9.992470741271973E-01        -8.192886014057876E-08         9.820128737958456E-11
         9.993454217910767E-01        -1.584747906235862E-07        -4.499310993222316E-11
         9.994066953659058E-01         1.009951855479585E-08        -9.622730390290712E-11
         9.995932579040527E-01         4.533949038432183E-07        -1.562068946414641E-10
         1.000030159950256E+00         1.432454297400909E-07        -7.221526848733006E-11
         9.999973177909851E-01         4.000594628905674E-07        -9.327013467119727E-11
         1.000066399574280E+00         3.674556410260266E-07        -2.123226941486145E-11
         9.999869465827942E-01         3.513478077366017E-07        -6.613704028879397E-11
         9.999700188636780E-01         3.563887958080159E-07        -1.407808314368708E-10
         9.999304413795471E-01         4.088547811420540E-08        -6.665799856531152E-11
         9.998362660408020E-01         4.281575627373968E-07        -1.807345523241466E-10
         9.995003938674927E-01         1.018706939248659E-06        -3.364858669474557E-10
         9.997442960739136E-01         4.298912585909420E-07        -2.339221039093786E-10
         1.000175356864929E+00        -4.678365144172858E-07         9.770027668831727E-12
         9.996434450149536E-01         2.042375655264550E-07        -1.155043075073969E-10
         9.995626807212830E-01         1.291408437964492E-07        -1.350277806233535E-10
         9.996234178543091E-01        -8.006166751783894E-08        -7.759939912865832E-11
         9.994867444038391E-01        -2.384714825609535E-08        -6.307352556911283E-11
         9.996368288993835E-01        -4.182603774438576E-08        -3.950987453871235E-11
         9.997405409812927E-01        -3.112886615141974E-09        -4.823377461327105E-11
         9.992757439613342E-01         6.071030611565220E-07        -1.425279477773600E-10
         9.994528293609619E-01         5.258326041257533E-07        -6.667633806189954E-11
         9.993754029273987E-01         5.216842282607104E-07        -8.458377748210566E-11
         9.994519948959351E-01         1.500364277262634E-07         1.232512009119446E-10
         1.000031113624573E+00        -6.266449190661660E-07         3.146913007956442E-10
         1.000308871269226E+00        -1.009868242363154E-06         3.473585030722148E-10
         1.000019073486328E+00        -3.797355816459458E-07         1.115411790708620E-10
         1.000092625617981E+00        -6.681400321895126E-08         3.132437711994562E-11
         1.000138282775879E+00        -1.060323313595291E-07         3.565976680608429E-11
         1.000408649444580E+00        -3.421482688281685E-07         6.322624368504393E-11
         1.000728249549866E+00        -7.007339490883169E-07         6.083718945282257E-11
         1.000722646713257E+00        -6.639518801421218E-07        -4.765924113692144E-11
         1.000528931617737E+00        -5.144300985193695E-07         9.380674015346813E-11
         9.999476075172424E-01        -2.794503473069199E-07        -4.679498108450808E-12
         9.990569949150085E-01         7.995159876372782E-07        -4.803777167716738E-11
         9.993702769279480E-01         1.835363576674354E-07        -6.851366262522474E-12
         9.992278218269348E-01         1.629913839451547E-07         6.819374925859378E-11
         9.995581507682800E-01        -1.071611066549849E-07         9.915143012184657E-11
         9.997373223304749E-01         8.781580618233420E-08         1.089380530228112E-10
         1.000145077705383E+00        -5.340693292055221E-07         8.162214654161559E-11
         1.000764966011047E+00        -1.456275526834361E-06         3.080137811473094E-10
         1.000694751739502E+00        -1.059742544384790E-06         2.089487055600969E-10
         1.000212073326111E+00        -1.385229353445538E-07        -2.828024706774679E-12
         1.000462889671326E+00        -3.884134116560745E-07         7.815206121142282E-11
         1.000220775604248E+00         3.085965829541237E-07        -1.658341935995011E-10
         9.999855160713196E-01         4.749923903091258E-07        -1.490046697139036E-10
         1.000113606452942E+00         1.182990203574263E-07        -7.716145083991321E-11
         9.997369647026062E-01         8.086789193839650E-07        -2.330730886068721E-10
         1.000179290771484E+00        -1.509914824282532E-07         1.025180357272504E-10
         1.000020503997803E+00         4.303574883124384E-07        -2.598524347086073E-11
         1.000090003013611E+00         2.883183469748474E-07        -6.851264694462955E-11
         9.997369050979614E-01         4.943414069202845E-07        -3.916550417315534E-11
         9.997083544731140E-01         4.995596896151255E-07        -1.087095066742982E-10
         9.999803900718689E-01         3.044638390292675E-07        -1.075089461899381E-10
         9.997849464416504E-01         4.063632843553933E-07        -1.370873831119113E-10
         9.999707341194153E-01        -1.868880730171441E-07        -1.764759692546303E-11
         1.000338435173035E+00        -5.663085289597802E-07         2.216019902301358E-11
         1.000553011894226E+00        -6.951611339900410E-07         2.070029564427145E-11
         1.000448226928711E+00        -3.125811645077192E-07        -1.657384299247333E-11
         1.000262260437012E+00        -1.077507931768196E-07        -3.679741927831159E-11
         9.999294281005859E-01         4.516415117450379E-07        -1.795088661049604E-10
         9.997714161872864E-01         4.267668600732577E-07        -1.253368242526420E-10
         9.998973608016968E-01        -1.361334511784662E-07         3.340446669275465E-11
         9.998086094856262E-01        -5.653729573396049E-08         1.070229599386963E-10
         9.997742772102356E-01         1.217518419416308E-09         8.024939046613611E-11
         9.998657107353210E-01        -3.978722702413506E-07         1.336540461638336E-10
         1.000091791152954E+00        -9.601776582712773E-07         2.265902326881175E-10
         1.000185012817383E+00        -9.940129075403092E-07         2.817606703509057E-10
         1.000347375869751E+00        -1.164006903309200E-06         4.148251186997243E-10
         1.000037789344788E+00        -4.532082868990983E-07         1.548736416889795E-10
         9.997181296348572E-01         9.610414508642862E-08        -4.373354109410421E-11
         1.000022053718567E+00        -2.613315359667467E-07        -1.665854780508180E-11
         9.998554587364197E-01        -1.107923992549331E-07        -1.049500503863543E-11
         9.997298121452332E-01         4.182735722224606E-07        -1.256339199340317E-10
         9.999853372573853E-01         1.425422340162186E-07        -6.019840181892278E-11
         1.000202178955078E+00         1.891463767833557E-07         2.073732331686617E-11
         1.000258445739746E+00         3.887295179083594E-07         4.676110540446921E-11
         1.000281810760498E+00         2.742544040756911E-07         2.660444087254632E-10
         1.000135540962219E+00         6.197657285156311E-07         9.749389490165683E-11
         9.999204874038696E-01         7.767607144160138E-07         1.170816499307392E-10
         9.997552633285522E-01         7.460224082933564E-07         2.397339549098376E-10
         1.000025629997253E+00         2.616349377149163E-07         9.361958430709194E-11
         1.000353455543518E+00        -8.492473568821879E-08         1.017409073655884E-10
         1.000274777412415E+00        -1.694910167771013E-07         3.739308862549251E-11
         1.000075578689575E+00        -9.674938894477236E-08         8.131027101621058E-12
         1.000742316246033E+00        -1.325799871665367E-06         2.551158173602630E-10
         1.000465393066406E+00        -5.396495907916687E-07         1.189698617398705E-10
         1.000946521759033E+00        -1.148134060713346E-06         1.856291648172359E-10
         1.001072645187378E+00        -1.546862790746673E-06         1.952669692606435E-10
         1.000718951225281E+00        -8.482910516249831E-07         2.485849200095647E-11
         1.000955343246460E+00        -1.360842020403652E-06         2.089290962459245E-10
         1.000695228576660E+00        -7.832714459254930E-07         7.546239327860249E-11
         1.000436544418335E+00        -5.734962655878917E-07         1.015786274538577E-10
         1.000414371490479E+00        -1.010399387268990E-06         2.186277964222327E-10
         1.000187993049622E+00        -9.135234222412691E-07         2.967368295525574E-10
         1.000505208969116E+00        -1.495526589678775E-06         4.360829475302808E-10
         9.965034127235413E-01         3.087224740738748E-06        -7.994714890102728E-10
         9.971403479576111E-01         2.349076112295734E-06        -6.894415593983183E-10
         9.982346296310425E-01         1.194614242194803E-06        -3.343519072718237E-10
         9.994226694107056E-01         2.130283860424242E-08        -1.467514165742756E-10
         1.001672148704529E+00        -2.271326593472622E-06         3.841212070643252E-10
         0.000000000000000E+00         0.000000000000000E+00         0.000000000000000E+00
         0.000000000000000E+00         0.000000000000000E+00         0.000000000000000E+00
         0.000000000000000E+00         0.000000000000000E+00         0.000000000000000E+00
         9.992265701293945E-01        -9.731948011904024E-07         4.126559371986360E-10
         9.997643828392029E-01        -1.555896119498357E-06         8.766642967117377E-10
         9.997353553771973E-01        -1.417505131939834E-06         9.760380281775838E-10
         9.993589520454407E-01        -3.413304128230266E-08         1.469582650015511E-10
         9.990705251693726E-01         1.142892756433866E-06        -3.673368553780421E-10
         9.995921850204468E-01         2.709734303607547E-07        -1.642875419038958E-10
         9.997439980506897E-01        -2.256376347986588E-07         1.123057549734519E-10
         9.998363256454468E-01        -1.158753093477571E-07        -5.752647663781474E-11
         9.996127486228943E-01         5.485033511831716E-07        -2.386826014610932E-10
         9.997467398643494E-01         5.407100616139360E-07        -2.670862836451349E-11
         1.000172138214111E+00         1.737896724307575E-07         2.238464621995284E-11
         1.000323295593262E+00        -2.061257760033186E-07         1.419007550351736E-10
         1.000186681747437E+00         8.833692533016801E-08        -6.045079020688959E-11
         1.000465989112854E+00        -6.377796921697154E-07         1.775756069966050E-10
         1.000247359275818E+00        -2.114470021297166E-07         2.092432199729544E-10
         1.000311255455017E+00         2.048647189667463E-07        -1.290343439735997E-11
         1.000400662422180E+00         3.255782985434053E-07        -2.451147063098347E-10
         1.000292778015137E+00         6.419526812351251E-07        -1.898835116920239E-10
         1.000019073486328E+00         9.670746976553346E-07        -2.932488141205170E-10
         1.000147342681885E+00         8.250868859249749E-07        -1.773440283514560E-10
         1.000524163246155E+00         2.265688152647272E-07        -9.999689271067425E-11
         1.000576138496399E+00        -1.876235131703652E-07         2.421938864738404E-11
         1.000494837760925E+00         1.069906261363940E-07        -2.461713610735217E-10
         1.000407576560974E+00         1.672125478080488E-07        -1.843791785915982E-10
         1.000340342521667E+00         3.464837163846823E-07        -2.452105740680111E-10
         1.000579118728638E+00        -2.134979268930692E-07        -1.553694950473528E-10
         1.000529646873474E+00        -3.469032776592940E-07        -1.229506912947542E-10
         1.000291705131531E+00        -2.867153625629726E-07         2.829297776965611E-12
         1.000098466873169E+00         4.649696805358872E-08        -1.116581757609758E-10
         1.000067234039307E+00         2.120961113405428E-07         3.876345425202210E-11
         1.000490069389343E+00        -1.990857469991170E-07         9.048899650421216E-12
         1.000701785087585E+00        -6.567177592842199E-07         2.247332875349173E-10
         1.000560522079468E+00        -1.917455705324755E-07         1.640700075800083E-11
         1.000226974487305E+00        -1.160464933036565E-07         1.106452707233530E-10
         1.000040411949158E+00         3.421062899633398E-07        -1.227801749159596E-10
         1.000049829483032E+00        -2.720755887253290E-08         1.859168236029163E-10
         1.000222086906433E+00        -4.371950126369484E-07         2.911968444152535E-10
         1.000089764595032E+00        -8.315612944898021E-07         4.910729045626283E-10
         9.996625185012817E-01        -1.720105444746878E-07         3.238360968271792E-10
         9.997832179069519E-01        -7.416671792270790E-07         4.661904751124268E-10
         9.996163249015808E-01        -7.552536089860951E-07         6.677124408938084E-10
         9.995262026786804E-01        -2.499156153135118E-07         4.231689720857190E-10
         9.995357394218445E-01         4.061390086462779E-07        -1.489858653114240E-10
         9.994633197784424E-01         1.819343395936812E-07         1.019166764870683E-10
         9.992094039916992E-01         7.921870519567165E-07        -1.395318027785919E-10
         9.993817210197449E-01         3.346439996221307E-07        -8.857718378219026E-12
         9.998174905776978E-01        -1.530029152263523E-07        -1.012575717718178E-10
         9.999440312385559E-01         8.678951957108438E-08        -8.966690584477632E-11
         9.999428987503052E-01         1.849868169756519E-07        -2.537265120228227E-10
         9.999704360961914E-01         2.253115241046544E-07        -2.229282175525427E-10
         9.992845654487610E-01         1.777925263013458E-06        -7.991465267309650E-10
         9.989902377128601E-01         1.744487690302776E-06        -4.786733232009510E-10
         9.990236163139343E-01         1.355137669634132E-06        -3.298055994971349E-10
         9.989936351776123E-01         1.209104766530800E-06        -1.469441235357749E-10
         9.994617104530334E-01         6.869144613119715E-07        -2.650816788296595E-10
         9.995402693748474E-01         5.935772833254305E-07        -3.675482418419307E-10
         9.993992447853088E-01         6.365461899804359E-07        -2.766550599719864E-10
         9.993398189544678E-01         5.548943704525300E-07        -2.359997197665109E-10
         9.994606971740723E-01         2.984406535233575E-07        -8.429514031238483E-11
         9.991767406463623E-01         1.137555045715999E-06        -2.223159295544619E-10
         9.991588592529297E-01         1.458237193219247E-06        -3.228181055803248E-10
         9.990667104721069E-01         1.384515485369775E-06        -1.552915851465997E-10
         9.995186924934387E-01         5.892502485949080E-07        -1.003219105011333E-10
         9.997361898422241E-01         2.353864942961081E-07        -4.602242892337571E-11
         9.999846816062927E-01        -4.517683862559352E-07         1.850465614072760E-10
         1.000316739082336E+00        -8.471232035844878E-07         2.893225659050813E-10
         1.000658035278320E+00        -1.121904460887890E-06         2.451683023263485E-10
         1.000506758689880E+00        -6.921165436324372E-07         1.482788059004037E-10
         1.000078797340393E+00         8.844278909236891E-08        -1.076645994579906E-10
         9.998051524162292E-01         3.628599358762585E-07        -1.407999133951066E-10
         9.999904036521912E-01        -6.292422227716088E-08        -1.061663743029406E-10
         9.998994469642639E-01        -2.154358895722908E-07         1.002096877700254E-10
         9.995508790016174E-01         7.372866406285539E-08         2.678819666090959E-10
         9.994096159934998E-01         4.544569662812137E-07         1.583740777411080E-10
         9.995860457420349E-01         1.019534501267572E-08         2.339366755865768E-10
         9.994693398475647E-01         2.469055857545754E-07         3.973616921615353E-11
         9.996222257614136E-01        -8.156280273396987E-08        -2.697463129600064E-12
         9.995499849319458E-01        -4.418151533513992E-08        -2.051438047212528E-10
         9.996721744537354E-01        -4.203912453704106E-07        -5.778074199658256E-11
         9.995912313461304E-01        -2.111322459086296E-07        -1.000983532173372E-10
         9.995596408843994E-01         1.277102228414151E-07        -1.079464503894734E-10
         9.998932480812073E-01        -1.913616642923444E-07        -1.578171898719560E-10
         1.000152707099915E+00        -7.642657919859630E-07        -1.106546451690171E-10
         9.997758269309998E-01        -1.095565664854803E-07        -6.102435917698656E-11
         9.996915459632874E-01        -1.690778645979663E-07         7.820850217443720E-11
         9.995067119598389E-01         1.704153191894875E-07        -8.412021079706733E-11
         9.990458488464355E-01         7.765029863548989E-07         6.720186213060586E-11
         9.994402527809143E-01         1.239471885128296E-07         2.265052902183928E-11
         9.997097253799438E-01        -5.100049804696027E-08         8.171382320787401E-11
         9.999781847000122E-01        -1.730362555463216E-07         1.322729981101389E-10
         1.000050663948059E+00         8.131447515324908E-08         1.573077362815312E-10
         1.000508308410645E+00        -6.312662890195497E-07         3.510597368361346E-10
         1.000166654586792E+00        -4.162260935913764E-08        -2.830816527368829E-12
         9.998831152915955E-01         6.417359088572994E-08         1.252332820778079E-10
         9.999320507049561E-01         5.732876573460999E-08        -7.320878625538541E-11
         9.993528127670288E-01         1.078520995179133E-06        -3.679225257791074E-10
         9.994168281555176E-01         8.750843107918627E-07        -2.253483649683474E-10
         9.997383952140808E-01         6.679960620203929E-07        -1.264940929779357E-10
         9.996999502182007E-01         7.697270802964340E-07        -1.951678263445444E-10
         9.996784329414368E-01         8.336515975315706E-07        -1.912845853935252E-10
         9.995022416114807E-01         1.058683778865088E-06        -7.145749270076607E-11
         9.998220205307007E-01         4.638718280602916E-07        -4.461089830876119E-11
         9.999220967292786E-01         1.718107967008109E-07         1.436652602437860E-10
         9.997641444206238E-01         3.545318350006710E-07        -1.236122731951284E-10
         9.997628331184387E-01         3.160422181736067E-07        -2.718446578953149E-10
         1.000516772270203E+00        -8.697542739355413E-07         1.353148565419460E-10
         1.000525116920471E+00        -7.397980539280979E-07         7.040309307759784E-11
         1.000402688980103E+00        -8.326847478201671E-07         9.516900462136491E-11
         1.000419497489929E+00        -6.489298698397761E-07         1.273575966909135E-10
         1.000640273094177E+00        -8.853581903167651E-07         9.808864137594853E-11
         1.000427842140198E+00        -4.023242752282385E-07        -7.838040633201260E-11
         9.998010993003845E-01         7.550407303824613E-07        -4.979208156896675E-10
         1.000182747840881E+00        -3.598423745643231E-07         1.984418358802476E-11
         1.000134706497192E+00        -6.068722200325283E-07         1.560552659318759E-10
         1.000121712684631E+00        -4.944514557791990E-07         6.443305611281147E-11
         1.000084161758423E+00        -1.192363185964496E-07         1.523974557660068E-10
         9.997367858886719E-01         4.857060389440448E-07        -3.354395233801100E-11
         9.997736811637878E-01         1.759148489099971E-07        -5.895896271201906E-11
         9.997580051422119E-01         1.491903702799391E-07        -1.816294753487213E-10
         1.000168442726135E+00        -6.867123261145025E-07         1.197734411650941E-10
         1.000223398208618E+00        -7.960812808960327E-07         7.503512394757550E-11
         9.997929930686951E-01         1.095464554623504E-07        -3.268245049592444E-11
         9.994499683380127E-01         8.567609484089189E-07        -4.601663494696595E-10
         9.993643760681152E-01         9.107691312237876E-07        -2.684406030795117E-10
         9.998098015785217E-01         2.749844441041205E-07        -2.112521407804380E-10
         1.000328779220581E+00        -3.575157734303502E-07        -1.600266863466260E-10
         1.000088334083557E+00         1.054615310636109E-07        -2.915989394391971E-10
         9.997537732124329E-01         5.746140914197895E-07        -2.443501234683509E-10
         9.996737241744995E-01         7.840655484869785E-07        -1.897334789280336E-10
         9.996202588081360E-01         7.157780714805995E-07        -1.201071603285087E-10
         9.996714591979980E-01         7.476623409274907E-07        -1.573361024798103E-10
         9.996652007102966E-01         6.138740786809649E-07         2.050567632361222E-10
         1.000137686729431E+00        -2.596040360458574E-07         2.990291347870766E-10
         1.000062346458435E+00        -1.287159108187552E-07         9.066181833050635E-11
         1.000327706336975E+00        -5.415652140072780E-07        -1.975569534351518E-11
         1.000311374664307E+00        -6.248791919460928E-07         4.430955255485536E-11
         1.000464677810669E+00        -9.561690603732131E-07         7.167479804115473E-11
         1.000116586685181E+00         1.292005347153236E-08        -1.334127530672191E-10
         9.999533295631409E-01        -9.583074955799020E-08         3.877948656638708E-11
         1.000002861022949E+00        -4.455379212231492E-07         1.666801835442655E-10
         9.999316334724426E-01        -5.759544023931085E-07         1.551273137723186E-10
         1.000110387802124E+00        -1.100066810977296E-06         2.391798425982472E-10
         1.000264286994934E+00        -1.041750351760129E-06         2.674268861913021E-10
         1.000137329101562E+00        -3.535826067491143E-07         1.851687900233934E-11
         1.000228047370911E+00        -6.168779123072454E-07         1.945082150900390E-10
         1.000156521797180E+00        -5.452599793898116E-07         1.257748211136445E-10
         9.997881650924683E-01         5.890748155934489E-08         1.280582861973301E-10
         9.998118877410889E-01        -1.608737818514783E-07         1.211416522650666E-10
         9.996756911277771E-01         2.169536088558743E-07         3.154964345331024E-10
         9.997906684875488E-01         2.624151704821998E-07         5.471586291688757E-12
         9.996716380119324E-01         4.248089737757255E-07         1.418976741662803E-10
         9.995412826538086E-01         6.299720212155080E-07         2.541159505042856E-10
         9.994068741798401E-01         8.115460445878853E-07         1.571635044328445E-10
         9.994364380836487E-01         7.067204705890617E-07         9.321197980138862E-11
         9.996242523193359E-01         4.075642721090844E-07         2.474987437217635E-10
         9.996367692947388E-01         8.070364856394008E-07        -4.654892443722858E-11
         9.997294545173645E-01         1.239813968823000E-06        -1.358603229917321E-10
         1.000032305717468E+00         7.126220111786097E-07         4.199701350571239E-11
         1.000257372856140E+00         1.215740041971003E-07         4.560808675169170E-11
         1.000426888465881E+00        -1.931088320361596E-07         4.391662814656749E-12
         1.000632882118225E+00        -7.994908060027228E-07         1.145611314146144E-10
         1.000633835792542E+00        -6.028096777299652E-07         1.220581552496824E-10
         1.000528097152710E+00        -3.379670090453146E-07        -2.374210376909769E-11
         1.000105857849121E+00         3.118890390396700E-07        -1.417143485893391E-10
         1.000565886497498E+00        -2.899177786730434E-07        -1.077691200168651E-10
         1.000438451766968E+00         2.404233327979455E-07        -2.239099322620675E-10
         9.998039007186890E-01         1.398689164489042E-06        -4.481209570084133E-10
         9.998682141304016E-01         8.544047318537196E-07        -1.836380075781463E-10
         9.998322725296021E-01         8.259352739514725E-07        -2.224059131306078E-10
         9.997227787971497E-01         9.267550353797560E-07        -3.641807133636377E-10
         1.000162363052368E+00        -2.613495553305256E-07         9.120964400421983E-11
         9.995769262313843E-01         7.563595545434509E-07        -4.932651162525836E-11
         9.995278120040894E-01         8.462143341603223E-07        -8.943907420233543E-11
         9.994007349014282E-01         1.176234263766673E-06        -1.958958828485180E-10
         9.995231032371521E-01         1.022501692204969E-06        -1.302111612977441E-10
         9.992982149124146E-01         1.517514533588837E-06        -3.902854983639514E-10
         9.991660118103027E-01         1.554844402562594E-06        -1.873588645340263E-10
         9.991316795349121E-01         1.540867856419936E-06        -2.320960923452020E-10
         9.978375434875488E-01         2.357304310862673E-06        -3.071898846407350E-10
         9.960471987724304E-01         3.842300884571159E-06        -3.866071351943390E-10
         9.978717565536499E-01         1.897986521726125E-06        -3.789329960923737E-11
         0.000000000000000E+00         0.000000000000000E+00         0.000000000000000E+00
         0.000000000000000E+00         0.000000000000000E+00         0.000000000000000E+00
         0.000000000000000E+00         0.000000000000000E+00         0.000000000000000E+00
         0.000000000000000E+00         0.000000000000000E+00         0.000000000000000E+00
         1.001520395278931E+00        -5.319004230841529E-06         2.736026738503483E-09
         1.001314640045166E+00        -4.114487637707498E-06         2.058156090001262E-09
         1.001434326171875E+00        -4.050890311191324E-06         2.024408640721731E-09
         1.000857353210449E+00        -1.516980091764708E-06        -1.232993568356378E-10
         1.000698924064636E+00        -1.121828859140805E-06        -8.979277044129930E-11
         1.000476956367493E+00        -9.103241040975263E-07        -3.875695337579588E-12
         1.000241637229919E+00        -7.281284979399061E-07         5.792723245523490E-11
         1.000065326690674E+00        -6.997578907430579E-07         1.556454097551008E-11
         1.000132322311401E+00        -7.985145771272073E-07        -1.401168903125694E-10
         1.000173091888428E+00        -9.891562058328418E-07        -1.659959530941890E-10
         9.999185800552368E-01        -5.380575203162152E-07        -2.266919846283244E-10
         1.000102519989014E+00        -6.614412200178776E-07        -1.658166937090755E-10
         1.000503897666931E+00        -1.318052454735152E-06        -1.171137631317265E-10
         1.000577569007874E+00        -1.461659735468857E-06         3.536450993157914E-11
         1.000360488891602E+00        -1.100470626624883E-06         6.574246008694828E-11
         1.000225663185120E+00        -5.484847065417853E-07        -5.522010366326713E-12
         1.000320792198181E+00        -2.957243907530938E-07        -6.342920633173321E-11
         1.000251650810242E+00         2.846262603384275E-08        -1.560101214881371E-10
         1.000059843063354E+00         3.230846346014005E-07        -2.106905622190069E-10
         9.999492764472961E-01         3.580960878935002E-07        -1.382437636587852E-10
         9.998181462287903E-01         5.803662475045712E-07        -2.817066857563333E-10
         9.998593926429749E-01         6.540502113239199E-07        -4.439381084964111E-10
         9.998381733894348E-01         7.822552561265184E-07        -2.729564907433257E-10
         9.999307394027710E-01         4.579865162668284E-07        -2.190628754783486E-11
         9.998516440391541E-01         3.983601857271424E-07         1.013502753943740E-10
         9.999986290931702E-01        -1.225567984874942E-07         3.124745184823752E-10
         1.000059485435486E+00        -2.491531461146224E-07         2.854630420934257E-10
         1.000283360481262E+00        -8.167560849869915E-07         4.077650439526792E-10
         1.000201225280762E+00        -4.843606120630284E-07         3.032641360256605E-10
         1.000486373901367E+00        -7.691599535064597E-07         5.227678290253834E-10
         1.000348687171936E+00        -2.772433447262301E-07         3.398604730975308E-10
         1.000627160072327E+00        -5.835334491166577E-07         5.524033452886101E-10
         1.000790476799011E+00        -5.779931484539702E-07         3.166435447177207E-10
         1.000729441642761E+00        -5.490966259458219E-07         3.631171752171980E-10
         1.000533461570740E+00        -1.345366484883925E-07         8.268788431742280E-11
         1.000865221023560E+00        -5.728383598579967E-07         9.983892185205789E-11
         1.000860095024109E+00        -1.621731371415081E-07        -2.727574555105861E-10
         1.000639319419861E+00        -6.051725875977354E-08        -3.601392795093972E-10
         1.000330924987793E+00         2.706855184442247E-07        -3.243935120522679E-10
         1.000354409217834E+00         2.523393334286084E-07        -2.844105506660810E-10
         1.000575423240662E+00        -2.983174454129767E-07        -2.648205266186920E-10
         1.000484585762024E+00        -1.848807329452029E-07        -2.955647393498850E-10
         1.000530362129211E+00        -3.962213952490856E-07        -6.602703106484142E-11
         1.000433802604675E+00        -5.074916202829627E-07         3.435769724280391E-10
         1.000195503234863E+00        -6.010222364238871E-07         3.532758252600132E-10
         1.000042080879211E+00        -4.126456190078898E-07         2.243872032625660E-10
         1.000146985054016E+00        -5.569467020904995E-07         2.521902131569220E-10
         1.000192046165466E+00        -5.564463663176866E-07         6.352249282137734E-11
         1.000483393669128E+00        -5.555170332627313E-07         4.321758576009138E-11
         1.000171661376953E+00        -4.189659534858947E-07         9.760483393739250E-11
         9.999722838401794E-01         4.150298593685875E-08         1.482074879488593E-10
         1.000147461891174E+00        -1.123791619761505E-07         1.014112890884711E-10
         9.999954700469971E-01         1.672370046890137E-07         1.606427074696271E-10
         1.000092387199402E+00        -1.079096705325355E-07         7.481145564147695E-11
         9.998242855072021E-01         4.143176681736804E-07        -1.004832328455052E-10
         1.000219702720642E+00        -2.550944202539540E-07        -1.119311067443451E-11
         1.000271439552307E+00        -3.371236800830957E-07        -6.645108074909700E-11
         9.999025464057922E-01         2.715942173381336E-07        -1.964792495368073E-10
         9.999450445175171E-01         1.384649692681705E-07        -7.860714162921667E-11
         9.997670650482178E-01         2.120299740226983E-07        -2.126525691648062E-11
         9.994254112243652E-01         3.894608653354226E-07         9.940598344471141E-11
         9.993672966957092E-01         1.912456610853042E-07         3.991344199594238E-10
         9.992460608482361E-01         3.905092569311819E-07         3.580365171007571E-10
         9.991278648376465E-01         6.953471256565535E-07         6.341892982986153E-11
         9.991902112960815E-01         5.587748432844819E-07        -4.634533382064099E-11
         9.991474151611328E-01         8.484429372401792E-07        -2.935959808603172E-10
         9.997039437294006E-01        -1.635795712218169E-07        -1.885681749635992E-10
         9.998422265052795E-01        -1.397522879642565E-07        -1.350865530547196E-10
         1.000047087669373E+00        -4.978097081220767E-07         9.896771596684673E-11
         9.997859597206116E-01         1.065552268642023E-07         1.457123727233167E-10
         9.997844099998474E-01         1.022847584408737E-07        -1.055413742512279E-11
         9.996709227561951E-01         3.324590238662495E-07        -9.893871832922230E-11
         9.995440244674683E-01         1.799828055482067E-07         4.910655562739841E-11
         9.991999864578247E-01         6.585855771845672E-07        -1.267811133853769E-10
         9.992294907569885E-01         4.095937526926718E-07        -2.069672211391094E-10
         9.994125366210938E-01         2.566762979938630E-08        -1.523312864737392E-10
         9.995152354240417E-01         1.892182126539410E-07        -1.277300348823118E-10
         9.996719360351562E-01        -1.479117628377935E-07        -3.115850286117272E-11
         9.993659853935242E-01         4.729648424017796E-07        -9.699906156068749E-11
         9.995705485343933E-01         3.035073348200967E-07        -2.264540777119350E-10
         9.998623132705688E-01        -1.831690497056115E-07        -1.268470745108274E-10
         9.995620250701904E-01         5.946163241787872E-07        -9.285675700576590E-11
         9.999704360961914E-01         3.950250260231769E-08        -2.420617872811448E-11
         9.999787807464600E-01         5.116035026730970E-07        -2.702369161777796E-10
         1.000119566917419E+00         2.284513129779953E-07        -3.546259397246843E-10
         9.997923970222473E-01         6.643225560765131E-07        -1.921166281615427E-10
         9.997552633285522E-01         7.201139169410453E-07        -1.720705661290012E-10
         9.997613430023193E-01         4.616109379185218E-07         1.906705210386050E-10
         9.997889399528503E-01         3.495599116831727E-07         9.850813914580314E-11
         9.998062849044800E-01        -3.126033476519297E-08         2.560170964116537E-10
         9.998233318328857E-01         1.143313923535061E-07         3.060806608168321E-10
         9.999463558197021E-01        -2.874122060347872E-07         2.982087909941811E-10
         9.997349381446838E-01         5.082830512037617E-08         1.471152979168680E-13
         9.994689226150513E-01         5.282620918478642E-07        -1.178329517292909E-10
         9.997544288635254E-01         2.448625480155897E-07        -1.217419359766936E-10
         1.000222682952881E+00         2.726701886501814E-08        -1.562338036720234E-10
         1.000447273254395E+00        -4.033864229313622E-07        -1.229107232658677E-10
         1.000405550003052E+00        -3.989412107330281E-07        -1.759514756116687E-10
         1.000248193740845E+00        -3.686164120608737E-07        -1.576007553627523E-11
         1.000167489051819E+00        -2.385382060765551E-07        -2.831804929437354E-11
         1.000139713287354E+00        -2.022787981559304E-07        -1.516910763665891E-10
         1.000220298767090E+00        -4.912159852210607E-07        -1.004440974838872E-10
         1.000295281410217E+00        -5.841675374540500E-07        -8.609939844417269E-11
         0.000000000000000E+00         0.000000000000000E+00         0.000000000000000E+00
         9.999719262123108E-01        -8.938302897831818E-08        -1.081260359026004E-10
         1.000220417976379E+00        -4.390728065573057E-07         1.281419415022356E-10
         1.000251412391663E+00        -6.127964411462017E-07         1.209874700425217E-10
         9.999828338623047E-01        -1.735069758979080E-07        -4.001423845045871E-11
         9.998441338539124E-01         3.588846766433562E-07        -2.609341562265222E-11
         9.998811483383179E-01         1.404937961524411E-07         5.127500854462674E-11
         9.996697902679443E-01         1.488560883444734E-07        -5.410316639142820E-11
         9.995907545089722E-01         1.328435814684781E-07         4.141750831188062E-11
         9.994502067565918E-01         2.791177280414558E-07         3.583889088276671E-11
         9.995284676551819E-01         5.472769970538138E-08         1.059721060903129E-10
         9.994848966598511E-01         2.212111809285489E-07        -3.591619363030318E-11
         9.999765753746033E-01        -3.827239254405868E-07         1.529596310723136E-10
         1.000371813774109E+00        -9.048825404534000E-07         2.793464348727071E-10
         1.000276207923889E+00        -6.547276711899030E-07         2.489064232502614E-10
         1.000474214553833E+00        -9.894196182358428E-07         2.200341575608888E-10
         1.000196099281311E+00        -3.201395770702220E-07         8.155552622124418E-11
         9.996753334999084E-01         6.286178404479870E-07        -4.144114912341124E-11
         9.997041225433350E-01         1.617564180378395E-07         1.358071641255343E-11
         9.997805953025818E-01         2.097412732382509E-07        -2.071615795573578E-10
         9.999501705169678E-01        -2.215658128079667E-07        -5.218045787125369E-11
         1.000172138214111E+00        -4.825641894967703E-07        -7.424834358449317E-11
         9.999669194221497E-01        -2.153336851051790E-07         2.791305381277809E-11
         9.996016621589661E-01         3.516099980060972E-07         6.627692145100283E-11
         9.997320771217346E-01         7.237208166088749E-08         2.621043937445222E-10
         9.998308420181274E-01         7.261671441938233E-08         2.030356438531555E-10
         1.000125765800476E+00        -2.729001380430418E-07         1.780143810137247E-10
         1.000210165977478E+00        -5.628385224554222E-08        -1.584669756526935E-10
         1.000155568122864E+00        -1.060132959196380E-07        -4.982008902643109E-11
         1.000206470489502E+00        -3.424507610816363E-07        -3.813904747573815E-11
         9.999558925628662E-01         2.028302361622991E-07        -1.079031655693008E-10
         9.998309016227722E-01         4.894941980637668E-07        -2.800782661349643E-10
         1.000103116035461E+00         2.797111164909438E-07        -9.935628708657163E-11
         1.000031828880310E+00         2.949591362266801E-07        -1.487292650148575E-10
         9.998908042907715E-01         2.896750572745077E-07        -5.319887239063625E-11
         9.999651908874512E-01         6.046877842891263E-08         1.236955537997630E-10
         9.998015761375427E-01         2.774392555693339E-07         2.071090521305052E-11
         9.998338222503662E-01         2.033090140685090E-07         1.008579747496796E-10
         9.998210072517395E-01         3.507008727865468E-07        -5.905673172712511E-11
         9.999385476112366E-01         3.170531783780461E-07        -5.254185281300394E-11
         1.000011563301086E+00         9.428655545207221E-08         5.581873158133632E-11
         1.000277400016785E+00        -1.952150512352091E-07         1.951347972095618E-10
         1.000397920608521E+00        -4.245772515787394E-07         2.879304572545038E-10
         1.000276684761047E+00        -3.436713598148344E-07         3.283186778002545E-10
         9.999745488166809E-01        -1.407427134836325E-07         4.100410289087364E-10
         9.998430013656616E-01         1.769726765132873E-08         2.471519655600218E-10
         9.997355341911316E-01        -9.232916653445500E-08         2.418600597575704E-10
         9.998419284820557E-01        -1.361440524760837E-07         1.305850150234988E-10
         1.000468969345093E+00        -9.844528676694608E-07         1.027999768643539E-10
         1.000609159469604E+00        -9.058140335582721E-07         5.343640026994612E-12
         1.000742435455322E+00        -1.397214418830117E-06         2.309537977529530E-10
         1.000864267349243E+00        -1.624505785002839E-06         2.942257826266115E-10
         1.000781416893005E+00        -1.209203674079617E-06         3.285907657080145E-10
         1.000896215438843E+00        -1.336891955361352E-06         5.366684874275052E-10
         1.000765085220337E+00        -9.969704706236371E-07         4.249200713513090E-10
         1.000835061073303E+00        -1.109047047975764E-06         3.794869418705105E-10
         1.000707983970642E+00        -6.956666425139701E-07         1.880472583204451E-10
         1.000645399093628E+00        -6.682194566565158E-07         1.820315773115588E-11
         1.000535011291504E+00        -4.816519094674732E-07        -9.564702502240507E-11
         1.000754356384277E+00        -6.783022286072082E-07        -5.352914639322748E-11
         1.000581026077271E+00        -4.230873287269787E-07        -1.466866628163643E-10
         1.000483512878418E+00        -5.118064905218489E-07        -7.684159558651871E-11
         1.000437140464783E+00        -3.406142354833719E-07        -1.086086498514049E-10
         1.000339031219482E+00        -2.856061200873228E-07        -1.814217387430261E-10
         9.999163150787354E-01         2.880665590510034E-07        -2.029507256695595E-10
         1.000053286552429E+00        -2.775184668735164E-07        -2.039718671742463E-10
         9.996754527091980E-01         2.671663992259710E-07        -3.074137888692263E-10
         9.995471835136414E-01         1.765166501854765E-07        -1.817730688191688E-10
         9.997501373291016E-01        -4.291907487186108E-07         2.220271015651587E-11
         9.996379017829895E-01        -2.338951077263118E-07         1.036971758461291E-10
         1.000071167945862E+00        -5.876765385437466E-07         2.833975762395191E-11
         1.000655293464661E+00        -1.177670469587611E-06         1.390234732889795E-10
         1.000759720802307E+00        -1.411619791724661E-06         1.370036722958545E-10
         9.973250627517700E-01         2.820212785081821E-06        -9.161379987965290E-10
         9.990472197532654E-01         9.691793820820749E-07        -5.453850704384422E-10
         9.988316893577576E-01         9.433995273866458E-07        -4.229501193719898E-10
         1.001153349876404E+00        -1.992535089812009E-06         2.492513972995880E-10
         1.001143217086792E+00        -1.883799541246844E-06         2.573736779254432E-10
         0.000000000000000E+00         0.000000000000000E+00         0.000000000000000E+00
         0.000000000000000E+00         0.000000000000000E+00         0.000000000000000E+00
         0.000000000000000E+00         0.000000000000000E+00         0.000000000000000E+00
         0.000000000000000E+00         0.000000000000000E+00         0.000000000000000E+00
         9.977936744689941E-01         4.983310191164492E-06        -3.357673916681847E-09
         9.989365339279175E-01         2.357792027396499E-06        -1.816699568557567E-09
         9.982366561889648E-01         4.253774477547267E-06        -2.816449073961280E-09
         9.986720085144043E-01         3.054684839298716E-06        -2.379565877674850E-09
         9.993988275527954E-01         1.516988987759760E-07         2.139432936365537E-10
         9.988544583320618E-01         1.474465761930333E-06        -1.140190233894778E-10
         9.994243383407593E-01         3.051940780096629E-07         1.975614949412119E-10
         9.994387626647949E-01         3.744380592252128E-07         2.053307524008119E-10
         9.996190667152405E-01         8.727209177550321E-08         3.297739581409331E-10
         9.990403056144714E-01         1.666593448135245E-06        -8.386173006025288E-11
         9.995026588439941E-01         6.726777428411879E-07         3.102959833523045E-10
         9.998742341995239E-01         1.693872491159709E-07         3.380993263135679E-10
         1.000197052955627E+00        -2.868951298751199E-07         2.727005010694228E-10
         9.999989271163940E-01         2.653695503340714E-07         9.106086024113225E-11
         9.999091625213623E-01         5.936887532698165E-07        -2.294083326082053E-11
         1.000180959701538E+00         2.740246998200746E-07        -6.641868305345966E-11
         1.000336647033691E+00        -2.427341030397656E-07         1.427916535012841E-10
         1.000288724899292E+00        -2.460485291067016E-07         1.375335401121447E-10
         1.000636696815491E+00        -1.061136231328419E-06         2.745406679771634E-10
         1.000550031661987E+00        -8.980752568277239E-07         3.226887923535315E-10
         1.000425934791565E+00        -3.484102819584223E-07         2.199570248162530E-10
         1.000347018241882E+00        -2.646431482844491E-07         1.561112211723170E-10
         1.000064849853516E+00         3.375408539341151E-07        -7.818042047080809E-11
         9.999668598175049E-01         8.343016020262439E-07        -2.456649328408389E-10
         9.999334216117859E-01         7.286676009243820E-07        -1.140785868547489E-10
         9.995706677436829E-01         1.452338779017737E-06        -3.598738529397849E-10
         9.997828006744385E-01         1.106843683373882E-06        -2.863607129199863E-10
         9.998269677162170E-01         1.027080998028396E-06        -2.669823806478178E-10
         1.000340104103088E+00        -1.220276715230284E-07        -1.450740309133502E-11
         1.000225663185120E+00        -2.581389502154252E-08        -2.681902790124813E-11
         1.000631690025330E+00        -8.934308652897016E-07         1.766821688953257E-10
         1.000705480575562E+00        -1.095528887162800E-06         3.253038394213092E-10
         1.000359416007996E+00        -1.717091180353236E-07         7.684280295405799E-11
         1.000355124473572E+00        -1.726531309031998E-07         2.851652594615395E-11
         9.999164342880249E-01         7.479069381588488E-07        -3.505395418379464E-10
         1.000135898590088E+00         2.129727931787784E-07        -1.509154329282225E-10
         9.999317526817322E-01         5.790885211354180E-07        -3.170300411081683E-10
         1.000747203826904E+00        -1.408656544299447E-06         2.547934085939119E-10
         1.000666975975037E+00        -8.278802283712139E-07         1.768482062181054E-11
         1.000894665718079E+00        -1.591384716448374E-06         2.679745314537740E-10
         1.000862240791321E+00        -1.511941945864237E-06         3.434992013051641E-10
         1.000328302383423E+00        -4.515244427238940E-07         8.334437306967146E-11
         1.000057578086853E+00         1.480442222145939E-07        -1.209997518847317E-10
         9.999787807464600E-01         1.193507017660522E-07        -1.142155259259425E-10
         9.997891783714294E-01         2.601017285996932E-07        -3.990210592497156E-11
         9.998794794082642E-01         2.818329107867612E-07        -9.318495974852681E-11
         9.999917745590210E-01        -2.034496020542065E-07         1.820181227962792E-10
         1.000023722648621E+00        -2.198773501049800E-07         1.350920677406497E-11
         9.998440742492676E-01        -1.500090149875177E-07         2.013725020066914E-10
         9.996926784515381E-01         3.791921869833459E-07        -1.402880762946257E-11
         9.997299313545227E-01         5.343334805729683E-07        -1.781316899540641E-10
         9.995520114898682E-01         1.873177808420223E-07         1.173522390374160E-11
         9.993637204170227E-01         7.156381798267830E-07        -1.622897094488707E-10
         9.994291067123413E-01         6.910045158292633E-07        -1.664105936383109E-10
         9.993513226509094E-01         8.010311489670130E-07        -1.385766362771435E-10
         9.996307492256165E-01         4.374852551336517E-07        -4.050901281082986E-11
         9.997284412384033E-01         2.895907300626277E-07         2.348972405474825E-11
         9.999540448188782E-01         2.107331908973720E-07         5.150262855080356E-11
         1.000313758850098E+00        -1.685781967353250E-07        -3.239868442972416E-11
         1.000150084495544E+00        -1.491725925006904E-07         3.476337273600194E-11
         1.000134348869324E+00        -5.966688121361585E-08        -1.359607478684799E-11
         1.000070571899414E+00         4.895183991493468E-08        -6.902992066848412E-11
         9.999321103096008E-01         4.432230014117522E-07        -1.488304202101887E-10
         9.997534155845642E-01         8.174267804861302E-07        -2.506530816237529E-10
         1.000038981437683E+00         5.560617566402470E-08         7.617241039314937E-12
         9.996793270111084E-01         1.100578515433881E-06        -3.787053171055987E-10
         1.000279903411865E+00        -1.408923964163478E-07         7.306992684530389E-12
         9.993852972984314E-01         1.656824451856664E-06        -3.626480227225670E-10
         1.000099658966064E+00         1.164928420394062E-07         2.157959054505110E-11
         9.994431734085083E-01         1.381618403684115E-06        -2.655918263094748E-10
         9.995987415313721E-01         5.329908390194760E-07         7.263888796016360E-11
         9.994407892227173E-01         8.043361390264181E-07        -1.135628049930837E-10
         9.996951222419739E-01         4.099310899619013E-07        -1.445645825270958E-10
         9.997807145118713E-01         5.566150775848655E-07        -1.716512487703881E-10
         1.000200748443604E+00        -2.408804675724241E-07         5.567296276764999E-11
         9.999451041221619E-01         6.525040703309060E-07        -2.977977309193136E-10
         1.000244736671448E+00        -1.230172443911215E-07        -4.867687156129286E-11
         1.000106811523438E+00         5.140627763466910E-07        -2.696671219659663E-10
         1.000568866729736E+00        -5.447929538604512E-07         2.808108953700206E-11
         1.000262618064880E+00         1.069528732244862E-08        -1.785315090208073E-10
         1.000258922576904E+00        -5.945458951828186E-07         9.893624808299251E-11
         9.996664524078369E-01         2.944697712337074E-07        -6.905549743141393E-11
         9.997969865798950E-01         2.953890465562381E-08         4.295961503197887E-11
         9.998427629470825E-01         2.869063431276686E-09         4.755966800940037E-11
         9.997732043266296E-01         4.895886718259135E-07        -1.290205164927727E-10
         1.000224590301514E+00        -3.772976810978435E-07         1.522829605471454E-11
         9.996963143348694E-01         7.572273830191989E-07        -2.555232969658761E-10
         9.995940923690796E-01         1.120540446208906E-06        -2.629503004225597E-10
         1.000027060508728E+00         6.620777703858494E-09         6.061799673329205E-11
         9.995671510696411E-01         6.986821290411172E-07        -7.980687638520223E-11
         9.996826648712158E-01         2.636742806316761E-07         5.155633905906676E-11
         9.998106360435486E-01         4.735649383746932E-07        -1.209717187533599E-10
         1.000424623489380E+00        -5.119006232234824E-07         1.771161689534395E-10
         1.000489354133606E+00        -4.620244453690248E-07         8.828434511221062E-11
         1.000236272811890E+00        -2.299871582067681E-08        -6.778970440546317E-11
         9.998523592948914E-01         7.395670422738476E-07        -1.642160851744734E-10
         1.000099301338196E+00         6.338139968420364E-08         2.039790558683308E-11
         1.000368595123291E+00        -6.074312182136055E-07         1.801637866671868E-10
         9.998918175697327E-01        -5.879743980585772E-08        -3.666996567508463E-11
         9.997383356094360E-01        -1.291768256805881E-07         1.370131230693516E-10
         0.000000000000000E+00         0.000000000000000E+00         0.000000000000000E+00
         0.000000000000000E+00         0.000000000000000E+00         0.000000000000000E+00
         9.993544816970825E-01         6.520432549450561E-08        -1.214052903347751E-11
         9.994904994964600E-01         1.698628722124340E-07        -9.643539439219140E-12
         9.996719956398010E-01        -2.370299370113571E-07         8.226858777549140E-11
         9.997519850730896E-01        -3.878594725392759E-07        -2.679540270222880E-11
         9.998711347579956E-01        -4.433087781308132E-07         1.671501964617406E-10
         9.998217821121216E-01         5.008248038507190E-08        -3.128241415906174E-11
         1.000087499618530E+00        -4.760070169140818E-07         2.487026140585158E-10
         9.995244145393372E-01         5.761317538599542E-07        -1.328091174361556E-12
         0.000000000000000E+00         0.000000000000000E+00         0.000000000000000E+00
         9.995020627975464E-01         1.088596590648194E-07        -6.945583864992333E-12
         9.998341798782349E-01        -4.585113231314608E-07         1.637735780324334E-10
         1.000009179115295E+00        -6.359187523230503E-07         2.060379089563469E-10
         9.996503591537476E-01         1.722603570897263E-07         9.488897861897883E-11
         0.000000000000000E+00         0.000000000000000E+00         0.000000000000000E+00
         0.000000000000000E+00         0.000000000000000E+00         0.000000000000000E+00
         9.996305704116821E-01         1.751707401353997E-07        -5.673603947764505E-11
         1.000366806983948E+00        -9.744628641783493E-07         2.069299176454820E-10
         9.997127056121826E-01         5.653922130477440E-07        -2.089035472385703E-10
         9.998795390129089E-01         1.088261711856831E-07        -6.235741090154789E-12
         9.997649788856506E-01         5.292935156830936E-07        -2.427000822535774E-10
         1.000075817108154E+00        -3.727220985183521E-07         3.096321810058811E-11
         9.999762773513794E-01        -3.520387110711454E-07        -9.779386501984622E-12
         9.997165799140930E-01        -4.672537201599880E-08        -8.852814314952440E-11
         9.998498558998108E-01        -2.892115276154072E-07        -1.203248351649977E-11
         9.992982745170593E-01         8.002644449334184E-07        -1.372529173648829E-10
         1.000090241432190E+00        -1.091625676963304E-06         6.082628289938441E-10
         9.998922348022461E-01        -4.677575304867787E-07         3.337713716522472E-10
         1.000056147575378E+00        -5.954495918558678E-07         2.782795660571935E-10
         9.997557997703552E-01         3.438526618992910E-08         5.801164409957593E-11
         9.993413090705872E-01         9.499240150034893E-07        -2.090735917725794E-10
         9.992196559906006E-01         1.251045659955707E-06        -2.664216347536552E-10
         9.995595216751099E-01         3.706749396314990E-07        -1.595449328206655E-10
         9.997266530990601E-01        -5.256383772689333E-08        -1.293664758650337E-10
         9.996376037597656E-01         1.540787408771394E-08        -1.670480420656872E-10
         9.993897676467896E-01         5.377312959353731E-07        -2.380696750847733E-10
         9.994240999221802E-01         5.119668458064552E-07        -2.383093999913655E-10
         9.993150830268860E-01         8.953086876317684E-07        -4.254297469863388E-10
         9.992376565933228E-01         1.385489781569049E-06        -4.571960587895774E-10
         9.997467398643494E-01         5.792115871372516E-07        -2.871035631457630E-10
         1.000241994857788E+00        -2.724755177041516E-07        -4.981090886979622E-11
         1.000526428222656E+00        -9.120192885347933E-07         1.142610867033156E-10
         1.000192046165466E+00        -4.041028489609744E-07        -3.172320392486050E-11
         9.997599720954895E-01         3.679750477658672E-07        -1.237779601037658E-10
         9.998323321342468E-01         5.748787543780054E-07        -2.601671933444294E-10
         9.999301433563232E-01         2.946422625882406E-07        -1.986348863169951E-10
         1.000060081481934E+00        -1.595719822944375E-07        -2.074091419446145E-11
         1.000187873840332E+00        -6.177969567033870E-07         1.862524856566239E-10
         9.999151229858398E-01        -1.902710877743630E-08         2.071656214630568E-12
         9.994487762451172E-01         9.083167924472946E-07        -1.655141718126529E-10
         9.995012879371643E-01         8.749052540224511E-07        -2.389420050707969E-10
         9.992380738258362E-01         1.238102186107426E-06        -2.008910537920627E-10
         9.994680881500244E-01         9.889263310469687E-07        -1.981896313729692E-10
         9.996700286865234E-01         5.230303372627532E-07        -1.127342247331242E-10
         9.998621344566345E-01         1.036092811546041E-07         6.905349209107570E-11
         1.000000000000000E+00        -2.673277208486979E-07         3.037961548990609E-10
         1.000378489494324E+00        -8.432959361925896E-07         3.316042440637545E-10
         1.000181078910828E+00        -4.629970362657332E-07         2.540832266806348E-10
         9.999312758445740E-01         1.775127032033197E-07        -4.507900303041268E-11
         9.997825622558594E-01         5.199731276661623E-07        -1.326504461829359E-10
         1.000021696090698E+00         2.725793422087008E-07        -1.976627889144211E-10
         1.000217556953430E+00         1.587186382323580E-08        -1.216734907272254E-10
         9.997915029525757E-01         7.382816420431482E-07        -3.548848714896025E-10
         9.996463060379028E-01         1.214261942550365E-06        -4.433852729412990E-10
         9.999788403511047E-01         8.251195140474010E-07        -4.390834362766327E-10
         9.999753236770630E-01         6.746769827259413E-07        -2.727377212963233E-10
         1.000063896179199E+00         5.427028213489393E-07        -2.603393334243975E-10
         1.000287890434265E+00         2.990902459032441E-08        -3.642988341545639E-11
         9.999248981475830E-01         8.115918035400682E-07        -3.589350205945863E-10
         9.998238086700439E-01         1.270283632948122E-06        -6.079258207947191E-10
         9.999613165855408E-01         1.289958049710549E-06        -6.043252565035573E-10
         9.998244643211365E-01         1.282061248275568E-06        -5.388573476317049E-10
         9.998624324798584E-01         1.042791154759470E-06        -5.568779326559081E-10
         9.996278882026672E-01         1.407414288223663E-06        -5.847429207506138E-10
         9.999874830245972E-01         9.208669666804781E-07        -4.649200191497727E-10
         1.000265121459961E+00         8.057719469434232E-07        -4.568086187095588E-10
         9.993060827255249E-01         1.569474534335313E-06        -6.383820139177487E-10
         9.991168975830078E-01         1.696337335488352E-06        -7.504932786339680E-10
         9.998893737792969E-01         1.078126956599590E-06        -5.416456727580510E-10
         1.000127315521240E+00         1.188863734569168E-06        -5.434259708891886E-10
         1.000246524810791E+00         1.275827116842265E-06        -5.896132471150395E-10
         0.000000000000000E+00         0.000000000000000E+00         0.000000000000000E+00
         0.000000000000000E+00         0.000000000000000E+00         0.000000000000000E+00
         0.000000000000000E+00         0.000000000000000E+00         0.000000000000000E+00
         1.000552177429199E+00        -4.699432338384213E-06         2.573270041494879E-09
         1.000768065452576E+00        -4.793531843461096E-06         2.777658769659297E-09
         1.000959157943726E+00        -4.626817371899961E-06         2.848216107409485E-09
         1.001025199890137E+00        -4.113748673262307E-06         2.480666339010895E-09
         1.000095605850220E+00        -5.935523859079694E-07         1.508820290929691E-10
         1.000477790832520E+00        -9.855383495960268E-07        -6.249169931527021E-11
         1.000990867614746E+00        -1.797097638700507E-06         6.391086271317903E-11
         1.000944495201111E+00        -1.603778514436272E-06         2.937534382407847E-10
         1.000757575035095E+00        -1.218899797095219E-06         2.223944500778785E-10
         1.000539302825928E+00        -8.733013601158746E-07         3.005887205809188E-12
         1.000542759895325E+00        -7.151458021326107E-07        -5.204893373939035E-12
         1.000929236412048E+00        -1.420158582732256E-06         1.241592384459977E-10
         1.000638604164124E+00        -1.060338718161802E-06         2.253065511936825E-10
         1.000527143478394E+00        -1.096513187803794E-06         2.342859239945483E-10
         1.000429272651672E+00        -1.238684376403398E-06         7.157563985948912E-10
         1.000272750854492E+00        -8.004861911103944E-07         2.088355460783120E-10
         1.000339388847351E+00        -1.306547574131400E-06         7.098047705156318E-10
         1.000384330749512E+00        -1.492335854891280E-06         1.102127278329590E-09
         1.000365614891052E+00        -1.636612637412327E-06         1.118934389587878E-09
         1.000488519668579E+00        -1.558663143441663E-06         6.476505998165294E-10
         1.000627279281616E+00        -1.633452370697341E-06         6.185313927709046E-10
         1.000500679016113E+00        -1.311648247792618E-06         6.287294573859015E-10
         1.000290274620056E+00        -8.733859431231394E-07         3.059057451793024E-10
         1.000132322311401E+00        -7.660973437850771E-07         5.790737334088192E-10
         1.000074863433838E+00        -2.113888939447861E-07         3.686727312324223E-10
         1.000063538551331E+00         1.063571275494724E-07         1.648204212001403E-10
         1.000245928764343E+00        -3.632737559655652E-07         9.053199162556425E-11
         1.000007390975952E+00         1.397511226741699E-07         8.533829198853482E-11
         1.000029206275940E+00         2.184588225873085E-07         1.178161474629791E-11
         1.000082850456238E+00         1.568116090311378E-07        -5.862858115657232E-11
         1.000250697135925E+00        -3.367558463196474E-07         2.781427865805597E-10
         1.000263571739197E+00        -7.579761245324335E-07         7.642915744732193E-10
         1.000439286231995E+00        -5.242060865384701E-07         8.520106148379725E-11
         1.000377416610718E+00        -3.902588900928095E-07         1.166954449738355E-10
         1.000429868698120E+00        -6.527826030833239E-07         3.096772005495296E-10
         1.000601053237915E+00        -8.594228120273328E-07         8.770701526161773E-11
         1.000451087951660E+00        -6.278568775996973E-07        -7.182075073552951E-11
         9.999707341194153E-01        -9.151953861419315E-08        -2.786816437339024E-11
         9.998279213905334E-01         2.262092522187231E-07         4.051070243149546E-11
         1.000005841255188E+00        -1.100845778978510E-07         8.556797631564805E-11
         9.998530149459839E-01         2.413198672002181E-07        -3.146941734977204E-11
         9.996305108070374E-01         5.866353944838920E-07        -1.321388692909764E-10
         9.996479749679565E-01         3.401088122245710E-07        -1.723522886909468E-11
         9.994970560073853E-01         3.463894984179205E-07         1.332310095580880E-10
         9.993266463279724E-01         4.255088015270303E-07         4.124908747904499E-10
         9.992346167564392E-01         6.435919317482330E-07         2.867062420808253E-10
         9.994393587112427E-01         4.736974403840577E-07         1.663627569037374E-10
         9.997486472129822E-01        -5.822863613502705E-08         2.871861914943707E-10
         9.998918771743774E-01        -6.542654062968722E-08         2.018201439302203E-10
         1.000225901603699E+00        -3.284777676526573E-07         3.255454933404067E-11
         1.000514268875122E+00        -3.729742843461281E-07        -1.362085860767692E-10
         1.000500440597534E+00        -3.151473038087715E-07        -1.525353177100897E-10
         1.000330924987793E+00        -2.313576317192201E-07        -1.860547965693016E-10
         1.000182032585144E+00        -3.950314919620723E-07        -2.038903768042388E-10
         9.998694658279419E-01         8.298213316493275E-08        -1.496210100260242E-10
         1.000032901763916E+00        -2.635991620536515E-07        -8.829945802313333E-11
         1.000221490859985E+00        -3.342854313359567E-07        -1.373089003608996E-10
         1.000247001647949E+00        -5.374761258281069E-07         3.446187779587717E-11
         1.000095129013062E+00        -5.725997880290379E-07         1.330773685692677E-10
         1.000175714492798E+00        -5.957646180831944E-07         5.748562181828731E-10
         1.000446915626526E+00        -9.007347898659646E-07         3.087556599279395E-10
         1.000433206558228E+00        -5.217430611992313E-07         1.204551874911530E-10
         1.000748276710510E+00        -8.643760907034448E-07         1.898142198974995E-10
         1.000671744346619E+00        -8.703360663275816E-07         5.008426451347248E-10
         1.000363349914551E+00        -3.490301310193900E-07         1.915476804947858E-10
         1.000102758407593E+00        -1.121448747198883E-07         3.159008610253977E-10
         9.998684525489807E-01         5.331459647095471E-07        -3.951007299107800E-10
         9.996463060379028E-01         6.798005642849603E-07        -3.520478908392022E-10
         9.997363090515137E-01         6.568362778125447E-07        -1.094608570451072E-10
         9.997751712799072E-01         6.853319405308866E-07        -3.784479396529150E-10
         9.995145797729492E-01         6.618605539188138E-07        -2.496770845628049E-10
         9.997360110282898E-01         3.194188309407764E-07        -3.165304129915114E-10
         9.999651908874512E-01         1.593498240026747E-07        -2.833916157296557E-10
         9.998660087585449E-01         4.477726918139524E-07        -2.799294962496646E-10
         1.000294208526611E+00         1.781019847157950E-07        -2.420984523965330E-10
         1.000029087066650E+00         4.244035380907007E-07        -1.227938167813747E-10
         1.000046968460083E+00         3.179342797920981E-07        -1.554280315563261E-10
         1.000210046768188E+00        -3.982054241902233E-09        -8.304418958049453E-11
         1.000120282173157E+00         6.366364146970227E-08        -2.006675242638423E-10
         1.000110030174255E+00         2.571573816112505E-07        -1.929563175906424E-10
         1.000054955482483E+00         1.558610449592379E-07        -4.413705165240422E-11
         9.998071193695068E-01         2.918461348144774E-07        -5.532179575551410E-11
         9.999511241912842E-01        -1.291928697355615E-07         3.901531320238405E-10
         9.997164011001587E-01         2.462012105297617E-07         2.364809181809591E-10
         9.996612071990967E-01         5.535841296477884E-07        -2.569316981393399E-11
         1.000021100044250E+00         1.953997674775110E-08         3.931957190395075E-11
         9.998047351837158E-01         3.124867760107009E-07        -2.762486073226711E-11
         1.000394225120544E+00        -4.769904080603737E-07         2.960096404103219E-11
         1.000315189361572E+00        -1.766224926313953E-07        -2.738387294698441E-10
         1.000356078147888E+00        -2.819913049734168E-07        -6.584818107446822E-11
         1.000799775123596E+00        -8.638349981993088E-07         4.155948155060152E-12
         1.000505328178406E+00        -5.109084781906859E-07         9.657387736727863E-12
         1.000250697135925E+00        -2.860403753857099E-07         4.360063143860060E-10
         1.000354886054993E+00        -1.546349892578291E-07         1.828115298030397E-10
         1.000688672065735E+00        -9.145813919531065E-07         1.794693144097081E-10
         1.000680804252625E+00        -1.172844577013166E-06         4.811481768562942E-10
         1.000597953796387E+00        -1.185674250336888E-06         4.764449390570746E-10
         1.000487685203552E+00        -1.361222643936344E-06         3.653699010008893E-10
         1.000445842742920E+00        -1.285546659346437E-06         4.016783017313230E-10
         1.000481128692627E+00        -1.715885332487233E-06         6.968682852992458E-10
         1.000657916069031E+00        -1.688549332357070E-06         3.062171904932853E-10
         1.000540137290955E+00        -1.513698066446523E-06         3.911758694741252E-10
         1.000422716140747E+00        -1.355556946691650E-06         2.842878710218599E-10
         9.998332858085632E-01        -6.321216119431483E-07         4.990017843375938E-10
         1.000015377998352E+00        -7.600069693580735E-07         1.472277716407788E-10
         9.995411038398743E-01         4.041742442950635E-07        -1.596996979102983E-10
         9.993052482604980E-01         7.270748483279021E-07        -3.383007485258105E-10
         9.993046522140503E-01         9.424778113498178E-07        -2.779173002842583E-10
         9.996837973594666E-01         2.149046451904724E-07        -7.044742567074991E-11
         1.000111937522888E+00        -6.302714723460667E-07         2.367712137463229E-10
         9.997246265411377E-01         1.652974361832094E-07        -1.036163255890843E-11
         9.997144341468811E-01         1.161644078706559E-07        -2.262942958020098E-11
         9.994670152664185E-01         4.525780639141885E-07        -1.760810247608546E-10
         9.994993805885315E-01         2.412510866633966E-07         1.267469722926462E-11
         9.995248317718506E-01         4.039746102080244E-07        -8.159462688839270E-11
         9.994052052497864E-01         6.326888524199603E-07        -7.331565909929338E-11
         9.996707439422607E-01         2.332409536620617E-07        -4.426738489660131E-12
         9.995689392089844E-01         4.650694336305605E-07        -1.574003011262093E-10
         9.996405243873596E-01         4.659909222937131E-07        -2.013382516263817E-11
         9.992480278015137E-01         8.302294531858934E-07         4.449917864746133E-11
         9.992359876632690E-01         7.329629170271801E-07         1.903419921678307E-10
         9.993995428085327E-01         4.797761334884854E-07        -8.801696871341136E-11
         9.995819926261902E-01         1.015899826484201E-07         2.210252120216083E-10
         9.996655583381653E-01         2.332161557205836E-07        -8.486986807776375E-11
         9.997617602348328E-01        -2.441061575098047E-08         1.322553438293239E-11
         9.997716546058655E-01         1.301675922604772E-07        -2.011576738514265E-10
         9.995496869087219E-01         7.489567224183702E-07        -2.497010653801368E-10
         9.995008707046509E-01         5.801798010907078E-07        -3.373201440393103E-10
         9.993505477905273E-01         9.057734473572054E-07        -1.501473112508478E-10
         9.992944002151489E-01         8.133324627124239E-07        -8.511876620209691E-11
         9.996187686920166E-01         2.851175509022141E-07         3.427691810942157E-11
         9.995132088661194E-01         7.591149255858909E-07        -1.810930017054346E-10
         9.999241232872009E-01         7.350509179104847E-08        -6.976613037279478E-11
         9.996447563171387E-01         3.807432449320913E-07        -6.254250589643462E-11
         9.996609091758728E-01        -1.289992894726311E-07         9.218181773462675E-11
         9.998003244400024E-01        -2.794765805447241E-07        -6.859274953585626E-11
         9.992862343788147E-01         1.168938297269051E-06        -5.308849471141741E-10
         9.994019269943237E-01         9.477726621298643E-07        -1.566451829360105E-10
         9.996955990791321E-01         3.647508606263727E-07        -2.090823902900496E-10
         9.996016621589661E-01         7.096633680703235E-08         1.543263572489906E-10
         9.999126791954041E-01        -2.155648815005407E-07         2.949392119422356E-10
         9.997643828392029E-01         2.263343930053452E-07         2.159000062063043E-10
         1.000089406967163E+00        -1.907380209331677E-07         1.266542981603891E-10
         9.998463988304138E-01         1.522983978929915E-07        -1.659903464679147E-11
         9.999043941497803E-01         5.655726909026271E-08        -2.622908834570836E-11
         9.996431469917297E-01         2.493317197149736E-07         2.501411230926287E-11
         9.994358420372009E-01         9.314913427260763E-07        -2.029997420160967E-10
         9.996153712272644E-01         5.937533273936424E-07        -3.065374620803141E-10
         1.001135230064392E+00        -2.687568667170126E-06         8.874424112237378E-11
         1.000444412231445E+00        -1.775546252247295E-06         2.793021647296001E-10
         1.000492691993713E+00        -2.292721546837129E-06         4.597993652488697E-10
         1.000219702720642E+00        -1.197015649267996E-06         2.919222641395436E-10
         1.000578045845032E+00        -1.621182263988885E-06         2.250059444319774E-10
         1.000188946723938E+00        -7.809862836438697E-07         3.095806111463872E-10
         9.997399449348450E-01         3.667146870611759E-07        -7.331282803058059E-11
         1.000696778297424E+00        -1.266585172743362E-06         1.830112450473820E-10
         9.998404383659363E-01         7.285908054655010E-07        -1.522003911791359E-10
         1.000262618064880E+00        -2.455407468460180E-07         1.148885014901069E-10
         1.000836372375488E+00        -1.371936718896904E-06         4.546611143130264E-10
         1.001137495040894E+00        -2.395878027527942E-06         6.890615855681403E-10
         1.000602722167969E+00        -1.350464799543261E-06         5.464875774130462E-10
         1.000355839729309E+00        -5.499743451764516E-07         1.049034956124295E-10
         1.000307559967041E+00        -4.207458630389738E-07         7.816286506923120E-11
         1.000205278396606E+00        -3.276789186656970E-07         1.954067463394438E-10
         9.995919466018677E-01         3.651292104223103E-07         1.698635537783488E-10
         9.994486570358276E-01         1.132651505031390E-06        -2.490785078190783E-10
         9.996648430824280E-01         8.793336974122212E-07        -2.651809882792122E-10
         1.000107049942017E+00        -9.794060673584681E-08        -1.593476461891896E-10
         1.000400543212891E+00         3.332384324039595E-08        -1.528314974574840E-10
         1.000290036201477E+00         7.679478244426718E-07        -1.681987882307112E-10
         1.000400185585022E+00         5.566419076785678E-07        -1.939677446438637E-10
         1.000270962715149E+00         4.153180270805024E-07        -6.257312029633866E-11
         1.000422000885010E+00         3.978568088314205E-07        -7.499673798649908E-11
         1.000790119171143E+00         3.215058086425415E-07        -8.024270137241274E-11
         1.000895142555237E+00         2.847248481430142E-07         3.973791434797036E-11
         1.000629663467407E+00         4.525047359038581E-07         2.258120773701577E-11
         1.000392198562622E+00         1.025655365083367E-06        -4.123506536224397E-10
         1.000040531158447E+00         1.319602347393811E-06        -4.201844983064973E-10
         1.000111460685730E+00         8.492628467138275E-07        -3.860021746682207E-10
         1.000224709510803E+00         8.921625749280793E-07        -3.755828426044161E-10
         1.000320911407471E+00         5.784735890301818E-07        -2.125960657517467E-10
         1.000298619270325E+00         2.327292918380408E-07        -1.592977694198083E-10
         9.999770522117615E-01         1.066420168172044E-06        -3.815195381839942E-10
         1.000184535980225E+00         7.282509386641323E-07        -2.769091622667474E-10
