         1.000812768936157E+00         1.870764805289582E-07        -1.250997916368846E-10
         1.001852989196777E+00        -1.255035840586061E-06         2.681031785467525E-10
         1.001657605171204E+00        -1.343874146186863E-06         4.617458082556425E-10
         1.001188158988953E+00        -2.074823157727224E-07        -1.474941835333254E-10
         1.001280188560486E+00        -8.367098303097009E-07         6.770761035168604E-12
         1.001302838325500E+00        -1.001665282274189E-06         2.572750346097052E-10
         1.001350760459900E+00        -8.481807185489743E-07         1.984620245920610E-10
         1.001456856727600E+00        -9.391599746777501E-07         2.247630692675529E-10
         1.001277208328247E+00        -8.610548434262455E-07         1.899967405627478E-10
         1.000856995582581E+00        -4.901808736690327E-08         4.832810887589467E-11
         1.000490307807922E+00         6.671519372503099E-07        -1.804996707654993E-10
         1.000440716743469E+00         2.953033799713012E-07        -6.287649567671139E-11
         1.000766992568970E+00        -5.478393063640397E-07         1.070193239582906E-10
         1.001125812530518E+00        -1.139017285822774E-06         3.508764112591933E-10
         1.001012802124023E+00        -8.558659487789555E-07         2.882095118117434E-10
         1.000892639160156E+00        -7.190668043222104E-07         2.070110333152186E-10
         1.000264763832092E+00         1.928335962020356E-07        -1.382146914280513E-11
         1.000674605369568E+00        -5.784978043266165E-07         2.320340725114889E-10
         1.000380635261536E+00         3.693112375913188E-07        -7.404451357606590E-11
         1.000695466995239E+00         7.267859558623968E-08         1.342970873396965E-11
         1.000616669654846E+00         2.879171745462372E-08         2.766639868589937E-11
         1.000444650650024E+00         7.144873137576724E-08         1.261533932872538E-10
         1.000388860702515E+00         2.434495627312572E-07         1.692823797805332E-10
         1.000691890716553E+00        -2.798757066102553E-07         3.461105846369605E-10
         1.000456452369690E+00         3.460980622094212E-07         1.066081389833329E-10
         1.000886201858521E+00        -2.583958575996803E-07         2.496871043256021E-10
         1.000838637351990E+00         6.032146870893484E-08         1.133531185582015E-10
         1.000697970390320E+00         3.961359027471190E-07        -5.733837710186762E-11
         1.000726222991943E+00        -2.778000123271340E-07         2.227034390234195E-10
         1.000217914581299E+00         4.056132638652343E-07         1.432654828104063E-10
         1.000388264656067E+00         5.305049057824363E-07        -3.385263944166716E-11
         1.000663399696350E+00         2.857381957710459E-07        -1.711839177354069E-11
         1.000855445861816E+00        -2.367079048326559E-07         5.696309049452175E-11
         1.000584959983826E+00        -2.238402796450600E-09         1.144499425786982E-10
         1.000721216201782E+00        -2.088468846750402E-07         6.640230032495253E-11
         9.999509453773499E-01         1.240792471435270E-06        -2.809874277698299E-10
         1.000168323516846E+00         1.649242307166787E-07         3.983730012535602E-11
         1.000216603279114E+00         1.253413159929551E-07        -1.774718284656973E-12
         1.000043272972107E+00         2.733992516823491E-07        -4.555341867606977E-11
         9.997273087501526E-01         8.268889928331191E-07        -3.199012166277271E-10
         9.991418719291687E-01         1.459427039662842E-06        -5.209420117502361E-10
         9.994178414344788E-01         6.404009127436439E-07        -2.110621122319856E-10
         9.996235966682434E-01        -1.824274242778756E-08        -2.384308549208125E-11
         9.987741112709045E-01         9.921465107254335E-07        -2.904426976702013E-10
         9.982926845550537E-01         1.244985128323606E-06        -4.343592152622477E-10
         9.983645081520081E-01         6.225109814295138E-07        -2.991115133355038E-10
         9.987606406211853E-01         1.411497976278042E-07        -1.746371935951174E-10
         9.989028573036194E-01         1.438492063243757E-07        -1.791542469931073E-10
         9.992648959159851E-01        -1.109087008899223E-07        -7.018371994682582E-11
         9.992582798004150E-01         1.163387537417293E-07        -4.846640450084649E-11
         9.989820122718811E-01         9.540989367451402E-07        -2.804864951411190E-10
         9.993573427200317E-01         7.805645196867772E-08        -1.144089406546200E-10
         9.994981288909912E-01         3.279491167518245E-08        -6.040010158692155E-11
         9.994871616363525E-01        -2.155690026484081E-07         8.927913096312690E-12
         9.990682005882263E-01         5.000771352570155E-07        -2.112737762516304E-10
         9.989342093467712E-01         5.452903906189022E-07        -2.661978137918908E-10
         9.991232156753540E-01         2.937185286100430E-07        -2.383053754329012E-10
         9.992741942405701E-01         2.490946542366146E-07        -6.210166408893159E-11
         9.993239045143127E-01         9.699663223727839E-07        -2.588736447428630E-10
         9.996749162673950E-01         3.911613362106436E-07        -8.640581999896924E-11
         9.999626874923706E-01         3.252290241562150E-07         6.521402775433449E-12
         1.000342845916748E+00        -1.868297516693929E-07         6.592215662237777E-11
         1.000319957733154E+00         2.001032584075801E-07        -1.205420208094665E-10
         1.000253558158875E+00         2.268192105248090E-07        -1.096767260344578E-10
         1.000520586967468E+00        -2.599329604890954E-07        -2.534884975535778E-11
         1.000486254692078E+00        -2.968587864415895E-07        -5.285789167475130E-11
         1.000599980354309E+00        -7.741693934804061E-07         4.249791490940069E-11
         1.000314950942993E+00        -3.423360510623752E-07         1.214962297435562E-10
         1.000222086906433E+00        -1.229985286954616E-07         9.979525539272061E-11
         1.000245451927185E+00         7.464234386134194E-08         1.173494287853849E-11
         1.000344753265381E+00        -1.406477281307161E-07         2.623125501532986E-11
         1.000792741775513E+00        -1.194277388094633E-06         3.300149598040036E-10
         1.000489354133606E+00        -1.079232788470108E-06         3.363095080199940E-10
         1.000097632408142E+00        -1.870155870165036E-07        -5.744295664134036E-11
         9.993933439254761E-01         2.337220479375901E-07        -1.197152654786038E-10
         9.992541074752808E-01         1.497346033829672E-07        -5.200084113310410E-11
         9.991919994354248E-01        -7.921444478142803E-08         1.370468183381490E-10
         9.994428753852844E-01        -2.619859458263818E-07         3.169105811107187E-10
         9.997411370277405E-01        -7.735855547252868E-07         3.560766681509620E-10
         9.998634457588196E-01        -1.444325675947766E-06         5.748426734619727E-10
         9.992739558219910E-01        -3.625816304975160E-07         3.204339571460935E-10
         9.990859031677246E-01         2.597428228057197E-08        -4.578881371286592E-11
         9.988921880722046E-01         2.320934839872280E-07        -1.128949642104082E-10
         9.987201690673828E-01         4.019531445464963E-07        -1.245376024527900E-10
         9.987925291061401E-01         1.302057484053876E-07        -1.770053548177941E-10
         9.990035295486450E-01        -1.116802934575389E-07         4.885513521513118E-11
         9.990715980529785E-01         8.788731520326110E-08        -5.356756357932646E-11
         9.993902444839478E-01        -1.768095074794473E-07         4.786687018976110E-11
         9.994486570358276E-01        -2.858734227118020E-08        -1.688443829195307E-11
         9.995148181915283E-01         5.667751423743539E-08        -3.631235589995896E-11
         9.992273449897766E-01         5.334227921593993E-07        -6.857936440951562E-11
         9.992951750755310E-01         1.018225930238259E-06        -3.469255716037623E-10
         9.991089105606079E-01         1.389849671795673E-06        -3.585534646965982E-10
         9.995605945587158E-01         6.316586791399459E-07        -2.877040272686315E-10
         1.000267028808594E+00        -1.194690639749751E-07        -1.388377468547475E-10
         1.000132441520691E+00         2.534250711505592E-07        -9.432964825917267E-11
         1.000039577484131E+00         4.409409939398756E-07        -1.664251098043579E-10
         1.000117659568787E+00         2.134868850589555E-07        -8.290716030368017E-11
         9.998362064361572E-01         2.468777040576242E-07         6.111967876254454E-11
         9.995483756065369E-01         7.376360713351460E-07        -1.476072458705957E-10
         9.996308088302612E-01         3.768616920751811E-07         2.193112358384042E-11
         9.993926286697388E-01         5.191782861402316E-07         4.970933734083083E-11
         9.996950030326843E-01         2.233142595287063E-07         4.628692915065180E-11
         9.997808337211609E-01         1.469077233196003E-07         7.738784613131600E-11
         9.998649358749390E-01        -2.784963726298884E-07         1.237846283808075E-11
         1.000295281410217E+00        -1.106761033042858E-06         2.465489756797723E-10
         1.000339508056641E+00        -1.266012532141758E-06         3.028534922844273E-10
         9.998490810394287E-01        -1.666819287038379E-07        -1.131354801509055E-10
         9.999656677246094E-01        -3.453135946074326E-07        -1.375674747727818E-11
         9.996753334999084E-01         2.180391618367139E-07        -1.716454200995088E-10
         9.999999403953552E-01        -4.740862777907751E-07         1.269531563208304E-10
         9.999850392341614E-01        -1.808807468250961E-07        -2.628030258688963E-11
         1.000338912010193E+00        -5.050438289799786E-07         8.025444891979205E-11
         1.000394105911255E+00        -5.041287067797384E-07         2.190589376560581E-10
         1.000195503234863E+00        -2.452581071565874E-08         8.203793200323162E-11
         9.997366070747375E-01         5.239397751211072E-07        -8.464079437331407E-11
         1.000093340873718E+00        -9.566124248294727E-08         8.987765393042579E-11
         1.000010728836060E+00        -4.934717594551330E-07         2.162268281091784E-10
         1.000241279602051E+00        -5.970526899545803E-07         1.413264089089594E-10
         1.000516533851624E+00        -4.205819834623981E-07         2.839991020131549E-10
         1.000410318374634E+00        -9.140497070347919E-08         1.004249183811368E-10
         1.000902533531189E+00        -1.077748493116815E-06         3.309046370247870E-10
         1.000606417655945E+00        -7.119148790479812E-07         5.725695265135222E-11
         1.000007629394531E+00        -1.597645038486917E-08        -1.285780093507327E-10
         1.000266075134277E+00        -5.467658183988533E-07         5.432352831458154E-11
         9.999300837516785E-01         1.800194979750813E-07        -1.962557061307990E-10
         9.996889233589172E-01         4.033042273476894E-07        -1.697993134985865E-10
         1.000093340873718E+00        -1.239869220626133E-07         5.717674944616391E-11
         9.999663233757019E-01         6.291177783168678E-07        -1.446600339516380E-10
         1.000568747520447E+00        -8.816116725540724E-09         9.019332503079625E-11
         1.000539302825928E+00         3.998415820660739E-07        -6.405278391019564E-11
         1.000585913658142E+00         2.760065740403661E-07        -1.099370039447933E-10
         1.000212311744690E+00         3.688393519496458E-07        -1.230514579120268E-10
         1.000140428543091E+00         1.307502230929458E-07        -1.743084981908893E-10
         1.000112414360046E+00        -1.353989631525110E-07        -4.969429034940021E-11
         9.997201561927795E-01         1.421196458295526E-07        -1.892084822152640E-10
         9.994938373565674E-01         2.724567877976369E-07        -3.251703628581737E-10
         9.996821284294128E-01        -1.332281698296356E-07        -4.277136977925977E-11
         9.996951818466187E-01        -2.088627439889024E-07         8.706550064241370E-11
         9.994475245475769E-01         1.834455360949505E-07        -4.193562511134452E-11
         9.993509650230408E-01         1.247260001946415E-07        -1.555330170210922E-11
         9.991325736045837E-01         6.375959173965384E-07        -1.489790929509738E-10
         9.994107484817505E-01         2.933551179751248E-08        -1.227785234592105E-10
         9.995151758193970E-01        -1.781308789361447E-08        -9.708481241155198E-11
         9.997980594635010E-01        -4.245571290084627E-07         7.267491469731269E-11
         9.999288320541382E-01        -3.238063186472573E-07         1.214923439629700E-10
         9.998415112495422E-01         1.257417836519892E-09         1.093965681930875E-10
         1.000174522399902E+00        -6.360224915624713E-07         2.558894762749730E-10
         1.000376820564270E+00        -8.386981562580331E-07         3.623401578778385E-10
         1.000314354896545E+00        -1.026530640046985E-06         3.698913675354021E-10
         1.000013351440430E+00        -6.221624175850593E-07         2.988021219341164E-10
         9.999179840087891E-01        -1.565102962786113E-07         1.732360366268892E-10
         9.997277855873108E-01         1.517531700301333E-07         9.438649861692738E-11
         9.995062947273254E-01         2.373518697140753E-07         1.332048776836459E-10
         9.993318319320679E-01         9.033275887304626E-07        -3.318521152317899E-11
         9.997796416282654E-01         4.216736328999104E-07        -2.104712584771740E-11
         9.998831748962402E-01         3.097915453054156E-07        -3.829057904081168E-11
         1.000258922576904E+00        -1.160347977702259E-07         1.015422190775439E-10
         1.000554323196411E+00        -3.593943347368622E-07         1.979968272669552E-10
         1.000526189804077E+00         4.875668224713081E-08         4.424456287455136E-11
         1.000561237335205E+00        -1.629909185396627E-08         1.034856367265746E-10
         1.000550627708435E+00         8.167354081933809E-08         8.895063158265160E-11
         1.000632047653198E+00         1.470718324902975E-09         5.808751743496821E-11
         1.000827193260193E+00        -3.956833154461492E-07         1.346176919936326E-10
         1.000788450241089E+00        -5.177840307624137E-07         3.824722830114702E-11
         1.000460624694824E+00        -1.806684792882152E-07         1.378445274591300E-10
         1.000770807266235E+00        -6.737220701324986E-07         2.313531310971229E-10
         1.000460982322693E+00         1.060815151276984E-07         1.273033900517362E-10
         1.000656127929688E+00        -2.376591510255821E-07        -4.496667274644928E-11
         1.000310659408569E+00        -3.557213972271711E-07         2.307357221953410E-10
         1.000088334083557E+00        -1.914153386906037E-07         1.936662774593145E-10
         1.000105261802673E+00        -4.457465934137872E-07         2.017674360921262E-10
         9.999795556068420E-01        -1.679430425838291E-07         2.261237863621091E-10
         9.998730421066284E-01        -2.001813186325307E-07         2.254933739731513E-10
         9.998486638069153E-01        -8.136816518344858E-07         3.825460781481382E-10
         9.994050264358521E-01        -7.090810640875134E-07         4.604436554256353E-10
         9.998300671577454E-01        -1.374811859022884E-06         5.331848851319876E-10
         9.939180612564087E-01         5.654523192788474E-06        -1.263999460654475E-09
         9.938414692878723E-01         5.971907285129419E-06        -1.266451388204359E-09
         9.963590502738953E-01         3.183866738254437E-06        -6.057241930257362E-10
         9.968805909156799E-01         2.865318037947873E-06        -5.147982040654142E-10
         9.993788003921509E-01         2.344576017776490E-07         1.335024590876088E-10
         0.000000000000000E+00         0.000000000000000E+00         0.000000000000000E+00
         0.000000000000000E+00         0.000000000000000E+00         0.000000000000000E+00
         0.000000000000000E+00         0.000000000000000E+00         0.000000000000000E+00
         9.990954399108887E-01         7.383806632788037E-07        -1.219615519687522E-09
         9.993469715118408E-01         1.064650291482394E-06        -1.590894416203525E-09
         9.991420507431030E-01         1.828984522944666E-06        -2.051909087086301E-09
         9.991039037704468E-01         1.547236024634913E-06        -1.428961282634589E-09
         9.991970062255859E-01         8.988927220343612E-07        -2.002505244957931E-10
         9.995789527893066E-01         1.217976262068987E-07        -1.983614383860299E-10
         9.998211860656738E-01        -1.700121998737814E-07        -2.316804526003580E-10
         9.997628927230835E-01         1.805294118639722E-07        -2.353142125599561E-10
         9.995890259742737E-01         6.326239372356213E-07        -3.633875145236942E-10
         1.000020503997803E+00         1.130216347178248E-07        -2.558456502210760E-10
         1.000552296638489E+00        -3.762791322969861E-07        -1.652315922973102E-10
         1.000869274139404E+00        -7.074177688082273E-07        -8.374150678447378E-11
         1.000781655311584E+00        -4.791552896676876E-07        -3.655565294913288E-10
         1.001041412353516E+00        -1.169896449937369E-06        -1.905888918907195E-10
         1.000962853431702E+00        -8.889232390174584E-07        -1.691027873285122E-10
         1.000843048095703E+00        -3.604919527333550E-07        -1.836257951248754E-10
         1.000708818435669E+00        -1.402894156399270E-08        -1.606587501923329E-10
         1.000476479530334E+00         1.367062338886171E-07        -7.650547556581344E-11
         1.000221252441406E+00         5.520894887922623E-07        -2.470322002512404E-10
         1.000337362289429E+00         6.291614340625529E-07        -8.608855989189479E-11
         1.000530242919922E+00         9.196193104799022E-07        -2.881323790671075E-10
         1.000782132148743E+00         1.753656135861092E-07        -1.848519809444227E-10
         1.000693917274475E+00         3.195008844159020E-07        -2.864961601289906E-10
         1.000412464141846E+00         3.997833459834510E-07        -1.383461539772313E-10
         1.000094294548035E+00         5.109021117277734E-07        -1.210612859958715E-10
         1.000332832336426E+00         1.269037142037632E-07        -4.581528559310932E-11
         1.000238776206970E+00         3.328712523398281E-07        -1.310975911161805E-10
         1.000342369079590E+00         1.940321396887157E-07        -9.969122749531323E-11
         1.000316500663757E+00         6.068334812425746E-08        -3.130935441464366E-11
         1.000220775604248E+00         4.357908949259581E-07        -5.351014770171858E-11
         1.000535964965820E+00        -2.198744653014728E-07         2.329708648218798E-10
         1.000547409057617E+00        -3.123546719052683E-07         1.094429616377290E-10
         1.000649213790894E+00        -4.146775438584882E-07         1.238845970252811E-10
         1.000550508499146E+00        -1.212741409517548E-07         1.104918170846680E-10
         1.000175356864929E+00         9.163342440388078E-08         1.278042671692958E-10
         1.000077724456787E+00        -2.583338982731220E-07         3.214839228160571E-10
         1.000145792961121E+00        -3.330549986912956E-07         7.414313607512213E-11
         1.000290513038635E+00        -6.218489829734608E-07         1.145680494918366E-10
         9.999970197677612E-01        -3.827591115168616E-07         8.295224923626776E-11
         1.000164866447449E+00        -6.748742293893883E-07         2.400517111478262E-11
         1.000034570693970E+00        -6.788974360460998E-07         5.186847479299317E-11
         9.996322393417358E-01         4.064018810367998E-07        -2.017844502599786E-10
         9.996508955955505E-01         2.946284780591668E-07        -1.189945919577440E-10
         9.994387626647949E-01         3.882516637077060E-07        -2.079922900577458E-10
         9.991170167922974E-01         5.224704864303931E-07        -2.116613134761636E-10
         9.991562962532043E-01         2.881742773297447E-07        -9.271745871064496E-11
         9.994001388549805E-01        -1.006961198868339E-07        -1.257394188769467E-10
         9.991990327835083E-01         2.909160059516580E-07        -1.841535118840554E-10
         9.993419647216797E-01         2.192704755543673E-07         2.916258554086504E-11
         9.994037747383118E-01         5.696452944903285E-07        -2.819896816053102E-10
         9.991773962974548E-01         1.181364382318861E-06        -2.251241970618878E-10
         9.991725683212280E-01         9.332470654044300E-07        -2.117387792877068E-10
         9.991808533668518E-01         6.630982625210891E-07        -1.771679469797505E-10
         9.991505742073059E-01         7.585537673548970E-07        -3.292699723989045E-10
         9.995248913764954E-01         2.780464569696051E-07        -2.601062976115287E-10
         9.994482398033142E-01         5.299747840581404E-07        -2.866756831920725E-10
         9.993948340415955E-01         7.282022806975874E-07        -1.419684370063123E-10
         9.995609521865845E-01         5.618276190944016E-07        -1.298826046713941E-10
         9.995852708816528E-01         2.712125990456116E-07        -6.292216747638690E-11
         9.993948936462402E-01         5.081139988760697E-07        -1.111497959643826E-11
         9.991511702537537E-01         1.211055405292427E-06        -2.477233973507964E-10
         9.991151690483093E-01         1.121461991715478E-06        -4.566248074100443E-11
         9.993506073951721E-01         7.329738878070202E-07         1.503164086258391E-11
         9.997240900993347E-01         4.609180592751727E-08         1.283674729013473E-11
         1.000101208686829E+00        -3.914749697742081E-07         1.025706256041481E-10
         1.000271201133728E+00        -7.753830573165033E-07         2.536333920666323E-10
         1.000323295593262E+00        -3.024159127562598E-07         1.964298168566359E-11
         1.000308275222778E+00        -1.933917559426845E-07         3.918581084616513E-11
         1.000218629837036E+00        -5.035510497464202E-08         1.291305812278765E-10
         9.999321103096008E-01         3.494335487630451E-07         1.941602954802502E-11
         9.999611973762512E-01         2.025920053938535E-07         3.451458910341820E-11
         1.000066876411438E+00        -3.205362872904516E-07         1.362464169263333E-10
         1.000057578086853E+00        -2.989480663018185E-07         1.306468266903948E-10
         9.998887181282043E-01        -5.710949935178178E-08         1.716862485512394E-10
         1.000011205673218E+00        -1.685293966602330E-07         8.297881826102582E-11
         9.997497797012329E-01         1.623081686830119E-07        -1.591577009074641E-10
         9.997263550758362E-01         5.582571915851986E-08        -1.343486988325537E-10
         9.998543858528137E-01        -1.126084612224076E-07         1.302242688683286E-11
         1.000353097915649E+00        -7.130469157345942E-07         1.020919737637627E-10
         9.998797774314880E-01         3.136969723982475E-07        -1.928784215676771E-10
         9.998387694358826E-01         1.516211369789744E-07         5.183261372193604E-12
         9.998275041580200E-01         3.178726046826341E-07        -1.421899403775129E-10
         9.996491074562073E-01         2.290440761498758E-07        -9.518755922366395E-11
         9.994293451309204E-01        -2.432866708090842E-08         1.047608180759774E-10
         9.994769692420959E-01        -2.656836102232774E-07         3.033551534969980E-11
         9.994041323661804E-01         2.474806670704766E-08        -1.349635403435911E-10
         9.991255402565002E-01         6.816110840190959E-07        -4.049882373902136E-10
         9.994429349899292E-01        -1.575718613366917E-07         3.641834750434114E-11
         9.996907114982605E-01         1.778756058001818E-07        -2.050273978371209E-10
         9.996973872184753E-01         1.214946934169348E-07        -1.722794268355088E-10
         9.995496273040771E-01         1.685996693367997E-07        -6.548481201740231E-11
         9.998481273651123E-01        -4.316333956921881E-07         8.261759332217622E-11
         9.998283386230469E-01        -4.265530435532128E-07         1.300097113299259E-10
         9.993535280227661E-01         5.333267836249433E-07        -8.984391008937109E-11
         9.994249939918518E-01         1.491551415711001E-07        -1.467855524628359E-11
         9.990569949150085E-01         1.263637273041240E-06        -1.618439965378471E-10
         9.996309280395508E-01         9.204919138028345E-07        -1.512335222331185E-11
         9.999561905860901E-01         6.478422278632934E-07        -1.033046842513485E-10
         9.999624490737915E-01         5.460478860186413E-07        -1.441927410805732E-10
         9.996818900108337E-01         1.024958123707620E-06        -3.055088126924232E-10
         9.996674060821533E-01         9.034656613948755E-07        -2.430543544207353E-10
         9.999817609786987E-01         3.606798202326900E-07        -9.330782674288329E-11
         1.000196337699890E+00         5.134813463314458E-08        -4.277750376147083E-11
         9.999785423278809E-01         7.599681453029916E-07        -1.824593809374164E-10
         1.000305652618408E+00         7.067329477195017E-08         8.415167174202764E-11
         1.000569820404053E+00        -5.842864538863068E-07         1.561998308474699E-10
         1.000251173973083E+00        -4.131134119234048E-07         1.916877490071300E-10
         1.000079751014709E+00        -8.520643746123824E-07         2.213970257125553E-10
         1.000254869461060E+00        -1.120833189816040E-06         3.969851392060519E-10
         9.998172521591187E-01        -2.402121879185870E-07         8.861676670246510E-11
         9.999379515647888E-01        -3.541651665273093E-07         3.687855923417693E-11
         9.996429681777954E-01         4.957336159350234E-07        -1.131389079644940E-10
         1.000015377998352E+00        -7.510521271569814E-08        -3.735699596885134E-11
         1.000165820121765E+00        -6.149690534584806E-07         1.556477030595360E-10
         1.000189542770386E+00        -4.482536155592243E-07         1.488951323347365E-11
         1.000291228294373E+00        -4.305776428736863E-07         1.451680303743430E-10
         1.000029921531677E+00         2.867045054699702E-07        -1.295896862041346E-10
         1.000132679939270E+00         4.512502869147283E-07        -3.086101652005624E-10
         1.000247001647949E+00         9.904115216841092E-08        -5.872159009046030E-11
         1.000613451004028E+00        -4.440196335053770E-07         3.249219990286711E-11
         1.000692486763000E+00        -7.909210921752674E-07         2.328852215238708E-11
         1.000310778617859E+00        -1.578779347255477E-07        -1.724324988350290E-10
         9.997500777244568E-01         4.260843979864148E-07        -1.911941577281695E-10
         9.994664788246155E-01         1.053344703905168E-06        -2.618392169750905E-10
         9.998941421508789E-01         2.144389412706005E-07        -4.596331128203790E-12
         9.999545216560364E-01         1.229181378903377E-07        -5.599517377552488E-12
         9.998024106025696E-01         5.160612204235804E-07        -2.766311069102301E-10
         9.993622303009033E-01         8.998218845590600E-07        -3.147666294278650E-10
         9.993758797645569E-01         4.340196539942553E-07        -1.255146542256114E-10
         9.991754293441772E-01         7.592303745695972E-07        -2.391236098020499E-10
         9.991001486778259E-01         5.664038553732098E-07        -7.822185260630832E-11
         9.993375539779663E-01         1.788758297038839E-08         1.699074353433971E-10
         9.998357295989990E-01        -8.654501471028198E-07         1.812442279591764E-10
         9.996342658996582E-01        -3.778152404265711E-07         1.063901466924477E-10
         9.996824264526367E-01        -3.008728128861549E-07         1.078338807136703E-10
         9.997406005859375E-01        -2.039546558307848E-07         9.330672345875257E-11
         9.999476075172424E-01        -5.375557066145120E-07         1.431379043070891E-10
         9.996162056922913E-01         3.823504641786712E-07         4.369630005052194E-11
         9.997041821479797E-01         5.407408707469585E-07        -1.372723185122382E-10
         1.000140905380249E+00        -3.238053807308461E-07         1.867002386024552E-10
         1.000349283218384E+00        -5.097426196698507E-07         3.286139138580779E-10
         1.000700592994690E+00        -1.234685669260216E-06         3.603339293611896E-10
         1.000493168830872E+00        -5.195594212636934E-07         1.368322122274890E-10
         1.000567674636841E+00        -4.674533897741640E-07         2.046639663300098E-10
         1.000174164772034E+00         3.490953588425327E-07        -9.426259078848531E-11
         1.000431299209595E+00        -2.849652389613766E-07         1.100986316004970E-10
         1.000494122505188E+00        -4.811020062334137E-07        -5.988567280956758E-12
         1.000349283218384E+00        -3.573927074285166E-07        -3.946259118092765E-12
         1.000461697578430E+00        -7.233907126646955E-07         1.313064240671125E-10
         9.999403953552246E-01        -2.223887491936694E-07         8.335206830301090E-11
         9.997873902320862E-01         2.242749275183087E-07         1.507842635473100E-11
         9.996228218078613E-01         7.891185305197723E-07        -2.192247772203615E-10
         9.998821616172791E-01         5.336349317985878E-07         3.844377594042214E-11
         1.000068187713623E+00         5.077686751064903E-07         4.412482532134554E-11
         1.000338435173035E+00         4.848046160077502E-07        -6.266510227392885E-11
         1.000316739082336E+00         7.359521987382323E-07        -1.725652676309863E-10
         9.999907016754150E-01         1.148962383012986E-06        -3.365978051839136E-10
         1.000337839126587E+00         7.805201818200658E-08        -4.187074298389604E-11
         1.000051021575928E+00         1.559178173238251E-07        -1.256272030847327E-10
         1.000162363052368E+00        -2.362598650051950E-08        -2.120851272380264E-10
         1.000290989875793E+00        -1.941346567946312E-07        -3.943384230264968E-10
         1.000384807586670E+00        -5.957768394182494E-07         3.168338161274598E-11
         1.000278234481812E+00        -6.072521046007751E-07        -1.846252838111351E-11
         9.994901418685913E-01         2.489057919774496E-07        -1.099760352230028E-10
         9.992208480834961E-01         4.877514356849133E-07        -8.015047826825938E-12
         9.991413354873657E-01         1.062058345269179E-06        -1.884530864693090E-10
         9.988606572151184E-01         1.948631052073324E-06        -3.761586042649867E-10
         9.993962049484253E-01         9.598803671906353E-07        -2.680315518144294E-11
         9.995443224906921E-01         8.808326015241619E-07        -1.872655364110187E-10
         9.996607899665833E-01         5.815755912408349E-07         4.414366788774160E-11
         9.998499155044556E-01         3.536014787641761E-07        -5.776482070452005E-11
         9.998414516448975E-01         2.164161543305454E-07        -1.110000008575085E-10
         9.996253252029419E-01         6.576936470992223E-07        -9.696018293814390E-11
         9.994247555732727E-01         1.044839223141025E-06        -1.263927851269386E-10
         9.993996024131775E-01         9.329700674243213E-07        -8.077803703709918E-11
         9.990255236625671E-01         1.646337523197872E-06        -2.240829743982431E-10
         9.989770054817200E-01         1.642178290239826E-06        -1.126405912987849E-10
         9.993093013763428E-01         1.560231339681195E-06        -2.614344574158878E-10
         9.990669488906860E-01         1.411579091836757E-06        -1.130549404093628E-10
         9.992567300796509E-01         5.670955260939081E-07         8.604986861948660E-11
         9.990745782852173E-01         9.321823881691671E-07        -4.283367410762295E-11
         0.000000000000000E+00         0.000000000000000E+00         0.000000000000000E+00
         0.000000000000000E+00         0.000000000000000E+00         0.000000000000000E+00
         0.000000000000000E+00         0.000000000000000E+00         0.000000000000000E+00
         0.000000000000000E+00         0.000000000000000E+00         0.000000000000000E+00
         1.001722574234009E+00        -4.695023108070018E-06         2.308122137861801E-09
         1.001668453216553E+00        -4.800545866601169E-06         2.589819025899942E-09
         1.001395106315613E+00        -4.190708295936929E-06         2.314893388088990E-09
         1.000510931015015E+00        -1.386089024890680E-06         1.527349080543416E-10
         1.000473022460938E+00        -1.309521508119360E-06         1.094191195982752E-10
         1.000354290008545E+00        -8.595811209488602E-07         5.018133825140936E-11
         1.000383973121643E+00        -9.103340516958269E-07         2.287892097996291E-11
         1.000341296195984E+00        -9.225860821970855E-07         8.840283366451374E-11
         1.000248074531555E+00        -4.581820007842907E-07        -2.310911358105461E-11
         1.000527262687683E+00        -7.829159471839375E-07         5.037623790338230E-11
         1.000444054603577E+00        -6.232046985132911E-07        -4.554737143003251E-11
         1.000526428222656E+00        -8.329876663992763E-07        -4.610468690852132E-12
         1.000664472579956E+00        -9.875864179775817E-07         1.493070077296377E-11
         1.000652790069580E+00        -1.038410459841543E-06         5.891963306137171E-11
         1.000488519668579E+00        -1.028782662615413E-06         1.397154475446527E-10
         1.000371336936951E+00        -5.632044235426292E-07        -3.374439269676621E-11
         1.000209927558899E+00        -1.134624727505695E-09        -1.504305013888541E-10
         1.000252604484558E+00        -1.232137805118327E-07        -1.726386568423610E-11
         1.000160336494446E+00         1.007376297934570E-07         2.397356271832685E-11
         1.000025033950806E+00         3.722308576925570E-07        -6.598008250868759E-11
         1.000077962875366E+00         1.362574835184205E-07        -4.135112391390194E-11
         9.998656511306763E-01         5.578370974035352E-07        -1.350192041504883E-10
         9.998376965522766E-01         7.881671990617178E-07        -1.089809770205008E-10
         1.000208020210266E+00         1.017824544646828E-07         2.199494926469203E-11
         1.000126838684082E+00         1.807497653771861E-07         3.272008358701228E-11
         1.000456213951111E+00        -5.024758138461038E-07         2.263859377737987E-10
         1.000362515449524E+00        -1.857771536606379E-07         6.864830925934484E-11
         1.000909209251404E+00        -9.834361662797164E-07         2.731934956035076E-10
         1.000885963439941E+00        -7.991591246536700E-07         2.336951188119940E-10
         1.000785350799561E+00        -8.689176524967479E-07         2.686460776057942E-10
         1.000663399696350E+00        -8.894844540918712E-07         2.231441142974688E-10
         1.000652432441711E+00        -8.361576533388870E-07         1.511689801114713E-10
         1.000447869300842E+00        -6.394387241925870E-07         1.416930323072663E-10
         1.000255703926086E+00        -3.192057249634672E-07        -3.831154837818929E-11
         1.000155806541443E+00        -1.310285284716883E-07         5.760777705560161E-12
         1.000394344329834E+00        -4.419647154918493E-07         2.785569171159796E-11
         1.000491261482239E+00        -3.916733248843229E-07        -2.315923147699905E-11
         1.000226616859436E+00         5.324310592413894E-08        -2.775187848622074E-12
         1.000333309173584E+00         2.251953787890670E-07        -4.402647951068372E-12
         1.000169515609741E+00         4.457204738628207E-07        -4.686144527976666E-11
         1.000114440917969E+00         3.246272228807356E-07        -1.279567007905769E-10
         1.000178575515747E+00         1.187751195175224E-07        -1.158871956730145E-10
         1.000241279602051E+00        -1.579520301220327E-07         5.539822420241869E-11
         1.000294327735901E+00        -2.668861220911367E-08        -9.634276015857424E-11
         1.000401973724365E+00        -5.542178200812486E-07         4.747012505301740E-11
         1.000468730926514E+00        -9.594535868018284E-07         2.729568793213843E-10
         1.000510573387146E+00        -1.110832272388507E-06         2.345399430225825E-10
         1.000525712966919E+00        -8.679061238581198E-07         2.471403914849901E-10
         1.000520944595337E+00        -7.612497938680463E-07         3.223643296745848E-10
         9.998577237129211E-01        -2.763493966995156E-07         9.346011464739234E-11
         9.997543096542358E-01        -3.057227218050684E-07         1.833391910510684E-10
         9.998379349708557E-01        -2.402216523478273E-07         1.666929511090487E-10
         9.995719790458679E-01         4.560097721650891E-08         2.336542070935366E-11
         9.996951222419739E-01        -1.634510056192084E-07         1.110061348397196E-10
         9.994913935661316E-01         6.945749220221842E-08         1.396270876696803E-10
         9.995730519294739E-01        -1.061499048660153E-07         3.908346563052945E-11
         9.997083544731140E-01        -2.315831792998324E-08         6.827209370757759E-12
         9.994024038314819E-01         5.586496740761504E-07        -1.108094865864828E-10
         9.993489384651184E-01         6.777856924600201E-07        -1.044417677342757E-10
         9.997045397758484E-01         1.535245246486738E-07         1.784048776765079E-11
         9.997336268424988E-01         4.963236222010892E-08         1.594621136524754E-11
         9.997515082359314E-01         1.134002669544998E-08         3.900877537654779E-11
         9.996471405029297E-01         3.175699134772003E-07        -1.685762085479325E-10
         9.998471140861511E-01        -2.254945385971041E-08         8.850967875284610E-11
         9.997385144233704E-01         3.418514040731679E-07        -4.219327318089050E-11
         9.996708631515503E-01         4.936026698487694E-07        -5.356432658532029E-11
         9.999725222587585E-01         6.543730535213399E-08        -2.159283862823713E-11
         1.000064492225647E+00        -1.242943454826673E-07         1.275579086801315E-10
         1.000256180763245E+00        -3.934465553356858E-07         6.151151810129818E-11
         1.000246167182922E+00        -3.174411631334806E-07         5.088975768563486E-11
         1.000123023986816E+00        -2.229219830951479E-07         5.777770623049960E-11
         9.998392462730408E-01         5.758909082942409E-07        -1.884384870365352E-10
         9.999077320098877E-01         3.690509799980646E-07        -1.765513707452371E-10
         9.996908903121948E-01         4.429498687841260E-07        -1.170185476295771E-10
         9.997410178184509E-01         3.761965672310907E-07        -5.622815407724246E-11
         1.000000596046448E+00         3.072871948006650E-07        -1.115263992268467E-10
         1.000092506408691E+00         2.044351106178510E-07        -5.562686075655243E-11
         1.000048041343689E+00         4.009509169122794E-08        -6.425344978300274E-11
         9.997408390045166E-01         2.926438469330606E-07        -3.343967117097613E-11
         9.996356368064880E-01         3.544609512573516E-07        -3.002584639255623E-11
         9.996986985206604E-01         2.692560769901320E-07        -1.910644385760829E-12
         9.995738267898560E-01         5.780447054348770E-07        -1.228492307880913E-10
         9.996048808097839E-01         4.164508311532700E-07        -1.422829493114008E-10
         9.995961785316467E-01         3.667300632059778E-07        -1.623832873720588E-10
         9.994361996650696E-01         6.700494736833207E-07        -2.281092259526218E-10
         9.995662569999695E-01         7.489566655749513E-07        -2.127992643208287E-10
         9.996241331100464E-01         2.880819920392241E-07        -1.148294098696212E-10
         9.995107650756836E-01         5.719454065911123E-07        -1.443340863493958E-10
         9.997363090515137E-01         9.222965502431180E-08        -1.070648639189820E-10
         9.996969699859619E-01         9.007762713508782E-08        -9.444222487386966E-11
         9.999583363533020E-01        -1.556982311967658E-07        -2.346147364926110E-12
         9.999905228614807E-01        -1.870674850579235E-07        -1.879892248812798E-11
         9.999406933784485E-01        -9.699787995032239E-08        -3.258944156203647E-11
         9.998527765274048E-01         3.441699050199531E-07        -1.332996352187976E-10
         9.997938275337219E-01         2.408682746590785E-07        -1.135784868933065E-10
         9.998334646224976E-01         2.927636160166003E-07        -1.948660677264513E-10
         9.998026490211487E-01         1.426649447466843E-07        -8.839865645038358E-11
         9.996787905693054E-01         1.209871811624907E-07        -7.510065486160400E-11
         9.999220967292786E-01        -1.502702815514567E-07        -4.704792805343416E-11
         1.000018715858459E+00        -2.415891060536524E-07         1.025018889211360E-10
         1.000181317329407E+00        -1.038885599768946E-07        -3.206026069624279E-11
         1.000087499618530E+00         6.802267193961598E-09         1.013327356053084E-11
         1.000218391418457E+00         1.249499792521647E-08        -7.361240089709398E-11
         0.000000000000000E+00         0.000000000000000E+00         0.000000000000000E+00
         1.000112056732178E+00        -3.084379045503738E-07         1.889714495995065E-10
         1.000364184379578E+00        -4.371783290935127E-07         1.472445776418141E-10
         1.000307083129883E+00        -1.973430698853917E-07         6.078672981635336E-11
         1.000135898590088E+00        -2.095696913784195E-07         3.637614862106453E-11
         9.997224211692810E-01        -1.777335834063365E-09         1.073552080566031E-10
         9.996175765991211E-01        -1.685294250819425E-07         2.435962265234792E-10
         9.993804693222046E-01         6.453508376580430E-07        -1.602654675636472E-10
         9.995052218437195E-01         5.911310267947556E-07        -1.934657295477038E-10
         9.996095299720764E-01         1.074391349220605E-07         1.580306163706524E-10
         9.997358918190002E-01        -3.608690519740776E-07         1.581104275283352E-10
         9.999318122863770E-01        -5.643761369356071E-07         2.242436375476942E-10
         1.000219821929932E+00        -6.170843676045479E-07         1.996517673408249E-10
         1.000352859497070E+00        -6.515125505757169E-07         1.651535297408913E-10
         1.000256180763245E+00        -6.238917080736428E-07         2.125431081134721E-10
         1.000384330749512E+00        -9.602298405297915E-07         2.594572889869085E-10
         9.999597668647766E-01        -1.085750440665834E-07        -9.063891998062346E-11
         9.996136426925659E-01         4.390049923586048E-07        -5.161723479196745E-11
         9.995591044425964E-01         4.978697347723937E-07        -1.088862680576064E-10
         9.996342658996582E-01         6.040542643859226E-07        -3.277106086496673E-10
         9.997143745422363E-01         3.909036294658108E-08         4.406282977376108E-11
         9.998657703399658E-01        -3.228049365588959E-07         1.013899658675044E-10
         9.998521208763123E-01        -2.888883159357647E-07         8.549611713037919E-11
         9.997574090957642E-01        -4.334924881277402E-07         1.028990642693017E-10
         9.997401833534241E-01        -2.550818578583858E-07         1.296312779341946E-10
         9.996046423912048E-01         6.195173707368440E-09         3.334888268313740E-11
         9.998638033866882E-01        -2.609942271192267E-07         7.832679643771101E-11
         9.997199177742004E-01        -1.868434935659025E-07         6.183906164913822E-11
         9.997166991233826E-01        -2.668482466106070E-07         3.062648745721930E-11
         1.000025749206543E+00        -4.776471769218915E-07         7.293803061525495E-11
         9.996591210365295E-01         5.009841856917774E-07        -1.671760091470631E-10
         9.997565746307373E-01         4.344704791492404E-07        -1.008590502782347E-10
         1.000118017196655E+00         4.449611594736780E-07        -1.056712009561700E-10
         1.000051379203796E+00         4.823879180548829E-07        -1.583394665383153E-10
         9.998934864997864E-01         4.289136938950833E-07        -6.589628148701010E-11
         9.998550415039062E-01         3.699014143876411E-07        -2.868012424772637E-11
         9.998813867568970E-01         2.443692608267156E-07        -7.442355065556683E-11
         9.999359250068665E-01         2.810374439832231E-07        -5.534578351173991E-11
         9.999070167541504E-01         2.840745594312466E-07        -4.945400686184875E-11
         1.000208616256714E+00         1.585303834872320E-07        -6.252780238025224E-11
         1.000509023666382E+00        -9.017806235078751E-08        -3.253787517198958E-11
         1.000885844230652E+00        -5.376491571951192E-07         1.419030726257375E-10
         1.000728368759155E+00        -1.579556254682757E-07         6.801650215271238E-11
         1.000837087631226E+00        -4.890948162028508E-07         1.662980864125529E-10
         1.000756263732910E+00        -5.776460625384061E-07         1.419534489954799E-10
         1.000628352165222E+00        -4.170689464899624E-07         9.609948947719715E-11
         1.000431656837463E+00        -2.619406984649686E-07         2.843544844033374E-11
         1.000563502311707E+00        -6.762864472875663E-07         1.823104445186630E-10
         1.000538468360901E+00        -5.866538685950218E-07         1.729162646402216E-10
         1.000407814979553E+00        -6.070483209441591E-07         9.147392565633794E-11
         1.000299572944641E+00        -7.734105906820332E-07         2.237896257195615E-10
         1.000301837921143E+00        -9.478096671955427E-07         2.222215328417931E-10
         1.000484228134155E+00        -1.105404862755677E-06         3.051351671334857E-10
         1.000692725181580E+00        -1.513218080617662E-06         4.500512185146022E-10
         1.000632286071777E+00        -1.346879002994683E-06         4.259085029101328E-10
         1.000624895095825E+00        -1.075987484000507E-06         3.474397158864662E-10
         1.000460505485535E+00        -7.655527838323906E-07         3.582873719931712E-10
         1.000273227691650E+00        -5.769406357103435E-07         2.876784366279139E-10
         9.999646544456482E-01        -2.895953628012649E-07         1.931481780070854E-10
         1.000155448913574E+00        -6.626786444030586E-07         2.694682532666803E-10
         1.000068306922913E+00        -5.833877594341175E-07         2.768378304374153E-10
         1.000198960304260E+00        -6.923021373950178E-07         2.586098557522121E-10
         1.000356078147888E+00        -6.456828032241901E-07         2.806937182686653E-10
         1.000225543975830E+00        -4.217290836550092E-07         2.362718909409978E-10
         1.000071048736572E+00        -6.755546166914428E-08         1.335141303071552E-10
         1.000217437744141E+00        -4.909078370474163E-07         2.984224256596946E-10
         9.999035000801086E-01        -4.298581046668914E-08         2.070737192827465E-10
         9.998285770416260E-01        -3.849596055260918E-07         3.693848005248412E-10
         1.000036716461182E+00        -9.784613439478562E-07         4.709249656897896E-10
         9.999690055847168E-01        -7.936060910651577E-07         4.206114623261925E-10
         1.000142574310303E+00        -9.249160370927711E-07         4.781447460189270E-10
         1.000515103340149E+00        -1.672868734203803E-06         7.131775725532918E-10
         1.000295639038086E+00        -1.329729684584890E-06         6.027428001154078E-10
         9.993855953216553E-01        -2.815155255575519E-07         2.033533341716520E-10
         9.974918365478516E-01         1.677642103459220E-06        -3.264413461767646E-10
         9.978035092353821E-01         1.074600277206628E-06        -6.330679036548048E-11
         9.991483092308044E-01        -4.645393971713929E-07         2.813187460759536E-10
         9.999895691871643E-01        -1.163112074209494E-06         3.654109792528004E-10
         0.000000000000000E+00         0.000000000000000E+00         0.000000000000000E+00
         0.000000000000000E+00         0.000000000000000E+00         0.000000000000000E+00
         0.000000000000000E+00         0.000000000000000E+00         0.000000000000000E+00
         0.000000000000000E+00         0.000000000000000E+00         0.000000000000000E+00
         9.980662465095520E-01         5.427749329101061E-06        -3.985569652087406E-09
         9.989485740661621E-01         3.299564014014322E-06        -2.916598962343642E-09
         9.985096454620361E-01         4.539702331385342E-06        -3.416742000439399E-09
         9.989141821861267E-01         3.252023134336923E-06        -2.749333427587430E-09
         9.993612170219421E-01         7.905881602709997E-07        -2.638098905993758E-10
         9.989313483238220E-01         2.001148686758825E-06        -5.704169914189094E-10
         9.997523427009583E-01         5.845467399012705E-07        -2.315487246384862E-10
         9.997521042823792E-01         6.122193667579268E-07        -2.695800527252601E-10
         9.996376633644104E-01         5.462237027131778E-07        -2.378927610457993E-11
         9.991549253463745E-01         2.010489424719708E-06        -4.783041185341119E-10
         9.993847608566284E-01         1.350247657683212E-06        -2.566784562674229E-10
         9.999303221702576E-01         3.425867305395514E-07        -6.761819576484029E-11
         1.000170469284058E+00         1.240431544147214E-07         1.663903390070054E-11
         1.000036716461182E+00         6.657766675743915E-07        -3.916576230000857E-10
         9.997511506080627E-01         9.804865612750291E-07        -3.906381884632992E-10
         9.996607303619385E-01         8.047085771067941E-07        -3.868555198405232E-10
         9.999207258224487E-01         3.819252185621735E-07        -3.448440144548925E-10
         1.000238537788391E+00         3.216307931097617E-08        -1.653941983370544E-10
         1.000752687454224E+00        -8.776383992881165E-07         8.151421204694032E-11
         1.000906586647034E+00        -1.018901343741163E-06         1.339011818091151E-10
         1.000665545463562E+00        -2.714251081670227E-07        -5.067215744225528E-12
         1.000659704208374E+00        -6.448212985787904E-08        -1.729498627645043E-10
         1.000257730484009E+00         5.696514904229844E-07        -3.271656834336056E-10
         1.000194907188416E+00         6.892485089338152E-07        -3.256827307840382E-10
         1.000076174736023E+00         1.126892129832413E-06        -3.704641038382306E-10
         1.000062823295593E+00         1.431333316759265E-06        -4.708821110810391E-10
         1.000098109245300E+00         1.246774900209857E-06        -3.797209491285258E-10
         1.000016331672668E+00         1.308145442635578E-06        -4.425690647291702E-10
         1.000541448593140E+00        -1.013189887544286E-08        -2.258462167281650E-11
         1.000206828117371E+00         1.313815261028140E-07        -6.512936717717466E-11
         1.000392436981201E+00        -5.558580369324773E-07         1.436036844992827E-10
         1.000244498252869E+00        -5.041961799179262E-07         1.853980163835089E-10
         9.998195767402649E-01         2.147118891571154E-07         8.885264919655800E-12
         9.999201297760010E-01         1.425467957005822E-07        -1.097934521077093E-10
         9.995999336242676E-01         9.026344969242928E-07        -3.501341161449290E-10
         9.996507167816162E-01         4.555326142963168E-07        -1.752218925510363E-10
         9.992913007736206E-01         1.244573013536865E-06        -4.455232016642441E-10
         1.000413060188293E+00        -1.339242658104922E-06         3.204288223646046E-10
         1.000146269798279E+00        -9.519957870907092E-07         1.420198958435037E-10
         1.000516057014465E+00        -1.462924956285860E-06         3.538379866885322E-10
         1.000463128089905E+00        -1.512234689471370E-06         4.360156402594129E-10
         1.000080704689026E+00        -5.623193146675476E-07         1.416141509613666E-10
         9.999685287475586E-01         1.353343126453410E-08        -3.938042253404106E-11
         9.997481703758240E-01         2.877057454497844E-07        -1.123079199083499E-10
         9.996519684791565E-01         2.367433467043156E-07         3.519326843837156E-11
         9.997192621231079E-01         1.049422593268901E-07        -5.102279362900752E-11
         1.000006318092346E+00        -4.524277841255753E-08         6.244268990762691E-11
         1.000378489494324E+00        -3.527648004819639E-07         1.080236039507909E-10
         1.000499248504639E+00        -6.550246212100319E-07         3.819603522359216E-10
         1.000360488891602E+00        -2.143750634786556E-07         4.398705705233041E-11
         1.000029444694519E+00         4.635866446278669E-07        -1.726316034567077E-10
         1.000265479087830E+00         1.825548281431111E-07        -8.637587867177388E-11
         9.999958872795105E-01         7.135916462175373E-07        -2.359688833220019E-10
         9.999412298202515E-01         9.814120858209208E-07        -3.384782454318724E-10
         1.000061273574829E+00         7.029431117189233E-07        -2.457401504507573E-10
         1.000124812126160E+00         2.820448230522743E-07        -5.804668551379066E-11
         1.000062942504883E+00         1.552502908452880E-07        -1.523569465033958E-11
         9.999809861183167E-01         2.886662571199849E-07        -1.886506922899045E-10
         1.000241160392761E+00        -4.478640676097712E-07         4.799206171357540E-11
         9.998306632041931E-01         2.154075104954245E-07        -6.882120567874850E-11
         9.997678399085999E-01         1.269346228127688E-07        -1.747628985970806E-10
         9.999636411666870E-01         6.418565590138314E-08        -2.188014075477085E-10
         9.999740719795227E-01         2.706502471028216E-07        -1.265111765347271E-10
         9.998584389686584E-01         5.578857553700800E-07        -2.693305578560512E-10
         9.998576045036316E-01         2.442872641950089E-07        -2.180956942821055E-10
         9.994631409645081E-01         1.281424488297489E-06        -5.060469265849576E-10
         9.999152421951294E-01         2.702501831208792E-07        -7.319141820394393E-11
         9.993512630462646E-01         1.797767708922038E-06        -4.622134619491902E-10
         9.998834133148193E-01         2.306346829072936E-07         2.695105250083429E-11
         9.989681839942932E-01         1.682514607637131E-06        -3.017476546407494E-10
         9.992862939834595E-01         8.822570976008137E-07        -1.632733531709007E-11
         9.992253780364990E-01         9.644583087720093E-07        -1.247428896289371E-11
         9.995262026786804E-01         3.294148314125778E-07        -5.598752711444277E-11
         9.995772242546082E-01         3.963066319556674E-07        -1.438529018127355E-10
         1.000075936317444E+00        -2.216945489408317E-07         8.235268023071285E-11
         1.000113844871521E+00         3.152129011141369E-07        -1.478021455225687E-10
         1.000401616096497E+00        -2.347339602692955E-07        -2.992886841135523E-11
         1.000110745429993E+00         2.973945356643526E-07        -1.536986787842309E-10
         1.000581979751587E+00        -6.966556611587293E-07         1.399106663857452E-10
         1.000052809715271E+00         1.445947788170088E-07        -1.360074552980706E-10
         9.999788403511047E-01        -3.311209582079755E-07         1.568281199348931E-10
         9.995989203453064E-01         2.778308214601566E-07         1.926569147270296E-11
         9.996326565742493E-01        -3.888240485139249E-08         1.154713963336107E-10
         9.997898340225220E-01        -9.828174540871260E-08         5.026722094125802E-11
         9.997636675834656E-01         3.512667205995967E-07        -1.352889189565332E-10
         1.000345945358276E+00        -7.455504373865551E-07         2.385261432813479E-10
         9.999370574951172E-01         5.285077122607618E-07        -2.454867698009622E-10
         9.998624920845032E-01         5.620707383968693E-07        -2.644200969292854E-10
         1.000099658966064E+00         6.800358676173346E-08        -1.135190136336561E-10
         9.997912645339966E-01         4.347623985268001E-07        -1.548061401290823E-10
         9.998376965522766E-01         2.519850283988490E-07        -8.909246257404746E-11
         9.998050928115845E-01         5.441672215056315E-07        -2.286149880514898E-10
         1.000353097915649E+00        -4.328422562593914E-07         6.403241825658768E-11
         1.000163078308105E+00        -1.183520552672235E-07         1.454038191933682E-11
         1.000111818313599E+00        -1.808381853152241E-07         1.012568986991091E-10
         9.999095797538757E-01         6.761676445421472E-07        -2.243951829905555E-10
         1.000499725341797E+00        -3.303722735381598E-07        -1.584690018097135E-11
         1.000443577766418E+00        -3.234724772482878E-07         1.212580903742211E-11
         9.999288320541382E-01         3.389376672657818E-07        -1.669844262863762E-10
         9.997923970222473E-01         8.098734838313248E-08        -7.686582620403115E-11
         0.000000000000000E+00         0.000000000000000E+00         0.000000000000000E+00
         0.000000000000000E+00         0.000000000000000E+00         0.000000000000000E+00
         9.994454979896545E-01         2.933989264874981E-07        -7.239043392504030E-11
         9.995757341384888E-01         1.271281320214257E-07         1.039172844996550E-10
         9.996594190597534E-01         2.247608108518762E-07        -8.957224545413922E-11
         9.998901486396790E-01        -1.763105501595419E-07        -1.677657041065928E-10
         9.999184012413025E-01        -4.338327528330410E-07         1.185041925699792E-10
         9.998945593833923E-01         1.619417560050351E-07        -6.632594473643394E-11
         9.999835491180420E-01        -2.278485027318311E-07         1.116744197116049E-10
         9.995905160903931E-01         5.444225621431542E-07        -6.651430101145550E-11
         0.000000000000000E+00         0.000000000000000E+00         0.000000000000000E+00
         9.993669390678406E-01         3.168146349707968E-07         1.255691800539083E-10
         9.998520016670227E-01        -4.179214272426179E-07         2.758776540545682E-10
         1.000230669975281E+00        -8.492980896335212E-07         5.057125274099405E-10
         1.000249743461609E+00        -3.731088042968622E-07         4.099357242548507E-10
         0.000000000000000E+00         0.000000000000000E+00         0.000000000000000E+00
         0.000000000000000E+00         0.000000000000000E+00         0.000000000000000E+00
         9.998588562011719E-01         1.621240528493217E-07         7.965100107254486E-11
         1.000247955322266E+00        -9.302801231569902E-07         4.017342847273397E-10
         9.993600845336914E-01         9.396453037879837E-07        -2.719708902532147E-10
         9.995533823966980E-01        -9.556803348687026E-09         2.859748549077779E-11
         9.994680881500244E-01         5.871956432201841E-07        -2.086442268955935E-10
         1.000003457069397E+00        -7.186045536400343E-07         9.214576324190205E-11
         9.998366832733154E-01        -5.630496389130712E-07         1.450686792914269E-11
         9.996867179870605E-01        -1.129702553726020E-07        -9.393062022633458E-11
         9.998992085456848E-01        -4.309819701120432E-07         7.743863883469260E-11
         9.991709589958191E-01         1.038469122249808E-06        -2.673465337998948E-10
         9.999169707298279E-01        -6.271607162489090E-07         3.599515130403574E-10
         9.996428489685059E-01         1.445163206881261E-07         2.257167508457059E-10
         9.999957680702209E-01        -5.609344952972606E-07         4.673056386295116E-10
         1.000068426132202E+00        -4.565734457173676E-08         1.647327690923461E-10
         9.999194741249084E-01         5.078093181509757E-07        -1.497467427835630E-10
         9.997074604034424E-01         8.692700816936849E-07        -2.618982808400006E-10
         9.999093413352966E-01         3.982399050528329E-07        -3.105035395467581E-10
         1.000150322914124E+00        -2.190867718354639E-07        -2.024270057132682E-10
         9.999182820320129E-01         1.667079629896762E-07        -3.018598426773877E-10
         9.997446537017822E-01         5.489251861945377E-07        -2.708491486647091E-10
         9.994544386863708E-01         8.606961046098149E-07        -3.434181827799421E-10
         9.993914365768433E-01         1.061990133166546E-06        -5.662382229765228E-10
         9.991011023521423E-01         1.748048475747055E-06        -6.503822480574684E-10
         9.996098279953003E-01         8.728868579055415E-07        -4.562519251294361E-10
         1.000043034553528E+00        -7.985530459109214E-08        -1.674741040291750E-10
         1.000126838684082E+00        -5.121642630001588E-07        -4.964923958072909E-11
         9.996138811111450E-01         1.968981706568229E-07        -1.067242821894965E-10
         9.993854761123657E-01         4.744045156712673E-07        -1.960277357104800E-10
         9.993549585342407E-01         6.811688990637776E-07        -3.771812862041202E-10
         9.995728731155396E-01         2.436972295072337E-07        -2.313755853577959E-10
         1.000011086463928E+00        -3.474940228898049E-07         4.846182916767861E-12
         1.000024557113647E+00        -6.044650149306108E-07         1.803944077449771E-10
         9.997260570526123E-01         2.652376274170365E-08         5.501205740943149E-11
         9.992105960845947E-01         7.760433504699904E-07        -1.383587966419242E-10
         9.990842342376709E-01         1.079838853002002E-06        -2.891593908760370E-10
         9.989966750144958E-01         1.414761641171935E-06        -2.176551994192977E-10
         9.992578029632568E-01         1.051177946465032E-06        -2.166305884676589E-10
         9.996136426925659E-01         1.666420530455071E-07         1.768456735218304E-11
         9.996878504753113E-01        -8.266183471050681E-08         4.415223742171293E-11
         9.996590614318848E-01         5.972712813218095E-08         1.764948326377080E-10
         1.000028729438782E+00        -5.550250534724910E-07         3.612987409251645E-10
         9.999416470527649E-01        -3.193196391748643E-07         3.618632338220351E-10
         9.996207952499390E-01         5.722708351640904E-07        -1.651037466465777E-11
         9.995905756950378E-01         7.081934541020019E-07         1.366861159847466E-12
         9.998378753662109E-01         4.331072602781205E-07        -1.211534900180666E-10
         1.000002503395081E+00         1.301558540944825E-07         1.550973412201007E-11
         9.995309114456177E-01         1.080650690710172E-06        -3.587763974799429E-10
         9.994304180145264E-01         1.414615894645976E-06        -4.700085876052640E-10
         9.994229078292847E-01         1.413980953657301E-06        -4.749557969141449E-10
         9.998064637184143E-01         8.880993505044898E-07        -2.813744792717898E-10
         1.000081658363342E+00         4.738881500543357E-07        -1.758618528580058E-10
         1.000316739082336E+00        -1.377938900759546E-07         4.962949495812552E-11
         9.998263120651245E-01         1.015264956549800E-06        -3.597473707817045E-10
         9.995536804199219E-01         1.624789547349792E-06        -5.273625425239459E-10
         9.997734427452087E-01         1.238117420143681E-06        -4.413234222511164E-10
         9.999499320983887E-01         9.801732403502683E-07        -3.221735656033786E-10
         9.999189972877502E-01         1.149029571934079E-06        -4.792753971472052E-10
         9.997454285621643E-01         1.299601308346610E-06        -4.776682382967579E-10
         9.996103048324585E-01         1.269873678211297E-06        -3.982882634812057E-10
         9.998817443847656E-01         7.014401717242436E-07        -2.642526752971719E-10
         9.988139271736145E-01         2.111662524839630E-06        -7.210452235284492E-10
         9.983121156692505E-01         2.725039166762144E-06        -9.307303816541435E-10
         9.996895790100098E-01         1.486517362536688E-06        -5.898022625849819E-10
         9.992285966873169E-01         1.693924332357710E-06        -4.538994458069823E-10
         1.000383615493774E+00         6.624896968787652E-07        -2.707795099254895E-10
         0.000000000000000E+00         0.000000000000000E+00         0.000000000000000E+00
         0.000000000000000E+00         0.000000000000000E+00         0.000000000000000E+00
         0.000000000000000E+00         0.000000000000000E+00         0.000000000000000E+00
         1.001119613647461E+00        -3.670380692710751E-06         1.691890516575256E-09
         1.001155614852905E+00        -4.110866029805038E-06         2.141151034251720E-09
         1.001086592674255E+00        -3.247711219955818E-06         1.715685704617442E-09
         1.001239657402039E+00        -3.561752464520396E-06         2.158748069192029E-09
         1.000289320945740E+00        -6.353826051963551E-07        -5.737143746187279E-11
         1.000620007514954E+00        -1.348182422589161E-06         1.701230649409080E-11
         1.001032590866089E+00        -1.828132326409104E-06         5.927954654927348E-11
         1.000963449478149E+00        -1.663737975832191E-06         3.133825698942161E-10
         1.000780701637268E+00        -1.238651861967810E-06         9.181990584528066E-11
         1.000514030456543E+00        -8.564014706280432E-07         4.213514953610442E-11
         1.000269532203674E+00        -6.944472374925681E-07        -3.990432637102082E-11
         1.000558972358704E+00        -1.310746483795810E-06         9.188425020845159E-11
         1.000664830207825E+00        -1.204408363264520E-06        -4.514551579792858E-11
         1.000509381294250E+00        -9.774120144356857E-07         3.165363804402688E-10
         1.000550627708435E+00        -7.057793709464022E-07         1.151638992502590E-10
         1.000622510910034E+00        -7.277763529600634E-07         9.410266316178806E-11
         1.000566720962524E+00        -7.715211154391000E-07         1.561126505844612E-10
         1.000651836395264E+00        -1.297008452638693E-06         6.896198612160731E-10
         1.000924468040466E+00        -1.523398168501444E-06         5.755202980850527E-10
         1.000910997390747E+00        -1.544122142149718E-06         6.145576270100150E-10
         1.000782608985901E+00        -1.383517997055606E-06         6.558972254211426E-10
         1.000617027282715E+00        -7.645075470463780E-07         2.810744137438093E-10
         1.000767350196838E+00        -1.033771923175664E-06         3.369834411515171E-10
         1.000488638877869E+00        -3.831395929410064E-07         1.313801151203720E-10
         1.000300526618958E+00        -1.279653787378265E-07         2.723374858959460E-10
         1.000197291374207E+00         3.873606857496270E-08         1.579753272640261E-10
         1.000306129455566E+00        -2.527618789827102E-07        -1.078244923902183E-10
         1.000026464462280E+00         1.885674549839678E-07        -1.966741908221437E-10
         9.996491074562073E-01         7.769492071929562E-07        -4.796953459451636E-11
         9.996491074562073E-01         2.650334351983474E-08         4.360665439850919E-10
         9.996176958084106E-01        -8.029050313496100E-09         1.655737352779241E-10
         9.996728897094727E-01        -1.884999534240706E-07         5.353933962837232E-10
         9.999160170555115E-01        -5.326771201907832E-07         4.577277168404947E-10
         1.000080823898315E+00        -6.181618346090545E-07         1.827062112713662E-10
         1.000347137451172E+00        -6.812784931753413E-07         3.949037208350603E-10
         1.000840067863464E+00        -1.216145392390899E-06         2.949263888663012E-10
         1.000574469566345E+00        -7.254691354319220E-07         1.054972775804686E-10
         1.000015854835510E+00        -5.253948529571062E-07         3.349323596246734E-10
         9.994931817054749E-01         6.139654118442195E-08         1.984782754815839E-10
         9.996981620788574E-01        -1.181652180548554E-07         2.043218649827594E-10
         9.996493458747864E-01         6.841286648295863E-08         1.376211367087876E-10
         9.997839927673340E-01        -1.558714899374536E-07         6.159754650791882E-11
         9.999069571495056E-01        -1.541882141964379E-07         2.111052582742801E-10
         9.998916387557983E-01         2.694184217943985E-07        -1.275375360876296E-10
         9.997099637985229E-01         6.418611633307592E-07        -2.869552928608243E-10
         9.997491836547852E-01         3.498782632505026E-07         9.427730124356160E-11
         9.997797608375549E-01         4.243623550337361E-07         1.238510960455130E-10
         1.000132203102112E+00        -1.622325811467817E-07         1.015203338061710E-10
         9.998953342437744E-01         8.247535276950657E-08        -2.640846048784784E-11
         1.000355124473572E+00        -5.327087251316698E-07         2.463038106803594E-10
         1.000529408454895E+00        -3.321294741454039E-07         2.366322068847460E-11
         1.000459432601929E+00        -6.581826141882630E-07         8.643010612763291E-11
         1.000624656677246E+00        -6.959160714359314E-07        -1.440895042170709E-10
         1.000457406044006E+00         2.686527622586254E-08        -4.099351691433384E-10
         1.000261902809143E+00         2.453067224905681E-07        -1.973247815145740E-10
         1.000440597534180E+00        -3.212945216546359E-07         2.372783046433735E-11
         1.000561237335205E+00        -2.598686137389450E-07        -1.199118582206893E-10
         1.000539183616638E+00        -5.679424930349342E-07         6.941051206021953E-11
         1.000446915626526E+00        -8.330068226314324E-07         2.597703718798527E-10
         1.000459790229797E+00        -6.457862582465168E-07         2.567873136349874E-10
         1.000518560409546E+00        -4.873424472862098E-07         9.483878266047796E-11
         1.000518321990967E+00        -6.000738608236134E-07         2.030634549399224E-10
         1.000649094581604E+00        -6.822025966357614E-07         1.793872411726127E-10
         1.000654935836792E+00        -6.478355203398678E-07         2.150827710378778E-10
         1.000187039375305E+00        -4.378271398763900E-07         4.372668616081654E-10
         9.999513626098633E-01         4.624413918463688E-08         3.121745639766971E-10
         9.997133016586304E-01         8.866700795806537E-07        -6.127605090000543E-10
         9.998733997344971E-01         2.893241060064611E-07        -4.166365603214262E-12
         9.999325275421143E-01         6.410267019418825E-07        -2.820186584262530E-10
         9.998082518577576E-01         8.735390224501316E-07        -3.686008720471534E-10
         9.995876550674438E-01         9.350431469101750E-07        -1.748793887479394E-10
         9.996222257614136E-01         1.027313601298374E-06        -4.042962353789648E-10
         9.997234344482422E-01         4.558020521017170E-07        -1.981156905195292E-10
         9.996935129165649E-01         2.704666712816106E-07        -2.364116125086468E-10
         9.999112486839294E-01        -1.432200349427148E-07        -1.583032732677125E-10
         9.997289180755615E-01         1.114552432568416E-07         3.578365381784465E-11
         9.997343420982361E-01         4.258554042735341E-07        -2.434476058243984E-11
         9.997762441635132E-01         2.922569706242939E-07        -2.762377826481810E-10
         9.997253417968750E-01         2.600991422241350E-07        -3.197107301122770E-10
         9.998046159744263E-01         5.603899353445740E-07        -3.908372792071901E-10
         9.999746680259705E-01         5.348705300889378E-08        -1.066157856444150E-10
         9.997330904006958E-01         2.431728489682428E-07        -1.157181642175154E-10
         9.998217225074768E-01        -3.253773783740144E-08         2.538943499885704E-10
         9.994848966598511E-01         7.448642236340675E-07        -8.800855877399982E-11
         9.997495412826538E-01         1.170630099522896E-07         1.776313263146534E-10
         9.999656081199646E-01         2.118218276336847E-07        -2.302353273309077E-11
         9.999300837516785E-01        -2.141882049500055E-07         2.708671065221324E-10
         1.000063776969910E+00        -1.970563516806578E-07         2.454789670147672E-11
         1.000246644020081E+00        -2.081379193441535E-07        -1.384841408214044E-10
         1.000105619430542E+00        -2.248130215320998E-07        -4.955255650251900E-11
         1.000549912452698E+00        -9.068041890714085E-07        -7.441938558450101E-12
         1.000466346740723E+00        -7.968893100951391E-07         1.673193111839666E-10
         9.998471140861511E-01         3.600594027375337E-07        -8.173274557154997E-11
         1.000039935112000E+00         5.526490554075281E-08        -6.806832875128066E-11
         1.000569462776184E+00        -8.600405863035121E-07         2.938586596279436E-10
         1.001066803932190E+00        -1.903029328786943E-06         1.230426094345205E-09
         1.001160383224487E+00        -2.003740291911527E-06         1.055969423013892E-09
         1.001337409019470E+00        -1.997729668801185E-06         9.142107626480822E-10
         1.001150727272034E+00        -1.414469693372666E-06         5.746118580951531E-10
         1.001358747482300E+00        -2.140477590728551E-06         9.119268673529746E-10
         1.001244664192200E+00        -1.835851207943051E-06         4.938524034159286E-10
         1.000806808471680E+00        -1.986815050258883E-06         5.824122850661695E-10
         1.000682353973389E+00        -1.796670744624862E-06         5.357189691856945E-10
         1.000163316726685E+00        -9.061590731107572E-07         2.215466143873357E-10
         1.000061511993408E+00        -3.647850803645269E-07        -2.776221197375861E-10
         9.996698498725891E-01         3.665959695808851E-07        -2.156765183114473E-10
         9.995241761207581E-01         7.728626201242150E-07        -4.835838396388681E-10
         9.994996190071106E-01         9.210203302245645E-07        -4.259267938344635E-10
         9.998084902763367E-01         1.124820556697159E-07        -2.462144377268771E-10
         9.997183084487915E-01        -1.633907231735066E-07        -1.108894139706385E-11
         9.994738698005676E-01         2.037184714254181E-07        -7.908040888793266E-11
         9.996275305747986E-01         1.744769804190582E-07        -6.826667703352385E-11
         9.996448755264282E-01         3.521030293995864E-07        -1.406450234053835E-10
         9.997664690017700E-01        -1.276559515872577E-07         3.450763841339466E-10
         9.997714161872864E-01         4.548869014797674E-08         7.444717758930963E-11
         9.995526671409607E-01         1.945571170836047E-07         1.579489317116156E-10
         9.994856715202332E-01         1.363182491331827E-07         1.062915866434366E-10
         9.993563890457153E-01         1.172568175888955E-08         9.935325478993562E-11
         9.994126558303833E-01         2.478276996953355E-07         9.556207214433954E-11
         9.993049502372742E-01         7.672366564293043E-07         8.156811337478587E-11
         9.995009303092957E-01         4.630353771517548E-07         1.270004101883160E-10
         9.993057250976562E-01         8.811002771835774E-07        -1.146051309408591E-10
         9.996899962425232E-01         5.220366361413653E-08         3.892396127636033E-10
         9.995620250701904E-01         2.551071531797788E-07         6.196799323676672E-11
         9.996783733367920E-01         3.211476382602996E-07        -2.199530002577887E-10
         9.995523095130920E-01         4.331881768848689E-07        -2.618322503256110E-10
         9.995159506797791E-01         6.469057325375616E-07        -1.984075542749153E-10
         9.990308284759521E-01         1.173688019662222E-06        -1.496579526971686E-10
         9.992374777793884E-01         8.427093689533649E-07        -1.215747225113972E-10
         9.991893172264099E-01         1.000146198748553E-06        -1.066495242812993E-11
         9.996578097343445E-01         5.025225959798263E-07        -5.009535147815214E-11
         9.997404217720032E-01         5.128262614562118E-07        -3.089431141467536E-11
         9.999366402626038E-01        -1.039516703826848E-07         7.569272986174269E-11
         9.998399615287781E-01         9.683827784101595E-08        -1.021030968106906E-10
         9.999815225601196E-01        -1.990804321394535E-07        -4.163678429813800E-11
         9.997956752777100E-01        -1.335557584525304E-07        -1.177890007753035E-10
         9.997931718826294E-01         2.476462270806223E-07        -2.081341626825051E-10
         9.994694590568542E-01         8.172759748958924E-07        -5.378144041223720E-10
         9.996752142906189E-01         9.037539427936281E-08        -1.369860752609142E-10
         9.997281432151794E-01        -2.864601640339970E-07         1.628312901180706E-10
         9.999043345451355E-01        -2.675278381047974E-07         3.288908867471463E-10
         9.999926090240479E-01         6.051241996374301E-08         1.733751475718748E-10
         1.000270843505859E+00        -1.726434675219934E-07         1.861556048199375E-10
         9.998979568481445E-01         3.135385497898824E-07        -7.082286146431471E-12
         1.000071525573730E+00        -1.046408897309448E-07         5.815171261192020E-11
         9.996709823608398E-01         1.866853409637770E-07         6.539647295911166E-11
         9.994487762451172E-01         7.011593652350712E-07         5.461170057841080E-11
         9.993129372596741E-01         8.394613359996583E-07        -2.654594599693638E-10
         1.000998377799988E+00        -2.636241333675571E-06         1.158139764645405E-10
         1.000315070152283E+00        -1.453781351301586E-06         1.807464872216613E-10
         1.000413656234741E+00        -1.799380015654606E-06         1.946895145099603E-10
         1.000096797943115E+00        -1.152480763266794E-06         2.863382031481621E-10
         1.000177860260010E+00        -1.275312229154224E-06        -4.398311229114604E-11
         9.999395012855530E-01        -1.048129433911527E-06         3.302365603197188E-10
         9.995766878128052E-01         1.369219972957580E-07        -3.963782774230040E-11
         1.000342369079590E+00        -9.875393516267650E-07         8.420821678845058E-11
         9.997854232788086E-01         4.395897974518448E-07        -7.444368732567597E-11
         9.999980926513672E-01        -8.885877633701966E-08         1.640535485236683E-10
         1.000761270523071E+00        -1.535915316708270E-06         6.272920516359193E-10
         1.000955820083618E+00        -2.034164253927884E-06         5.478724141028124E-10
         1.000522017478943E+00        -1.222956939272990E-06         4.866406166925685E-10
         1.000316739082336E+00        -5.033015213484759E-07         4.742523734835302E-11
         1.000516295433044E+00        -4.610667474480579E-07         2.610491336985099E-11
         1.000577330589294E+00        -3.947518223412771E-07         7.205393920406422E-11
         9.999256730079651E-01         3.226615064022553E-08         2.271742932657972E-10
         9.995245933532715E-01         1.337539060841664E-06        -3.979220009053819E-10
         9.996446967124939E-01         9.763440402821288E-07        -2.629034212553449E-10
         1.000087738037109E+00         1.530030289131901E-07        -2.576834579048892E-10
         1.000410079956055E+00         7.673968838162182E-08        -8.473962503918742E-11
         1.000118374824524E+00         9.495656172475719E-07        -3.065387874090497E-11
         1.000357985496521E+00         9.742223028297303E-07        -3.363969658387589E-10
         1.000608801841736E+00         3.832746244825103E-07        -1.135285754294557E-10
         1.000713467597961E+00         1.252663963668965E-07        -7.229055548618746E-11
         1.000777959823608E+00         1.945544738646277E-07         1.246844155700089E-10
         1.001063227653503E+00        -1.950459420640982E-07         3.586353783391338E-11
         1.000867247581482E+00         4.675469256198994E-08        -1.754920340990562E-11
         1.000555515289307E+00         6.790732527406362E-07        -3.383781865817781E-10
         9.999092817306519E-01         1.460834937461186E-06        -5.829121629830070E-10
         9.996531605720520E-01         1.363987053082383E-06        -5.364941269014878E-10
         9.997014403343201E-01         1.080934111996612E-06        -4.825085886395186E-10
         9.996579289436340E-01         1.005469698611705E-06        -3.329536923946108E-10
         1.000053524971008E+00         3.525800877923757E-07        -3.446888885427768E-10
         9.999389648437500E-01         7.007386670920823E-07        -3.374469870198737E-10
         9.997174143791199E-01         7.289236236829311E-07        -2.402994192518548E-10
