         1.002348542213440E+00        -7.840524176572217E-07         1.914174235784216E-10
         1.003379464149475E+00        -2.741680191320484E-06         9.722090910102565E-10
         1.002893328666687E+00        -2.852090119631612E-06         1.061545740199676E-09
         1.002265334129333E+00        -1.293596596951829E-06         3.687767868854053E-10
         1.002350687980652E+00        -2.203037638537353E-06         7.378846977879050E-10
         1.002687096595764E+00        -2.944654170278227E-06         1.005341920823355E-09
         1.002396821975708E+00        -2.780756631182157E-06         9.221800545411440E-10
         1.002235889434814E+00        -3.271636160206981E-06         1.214803480031890E-09
         1.001738071441650E+00        -2.697988747968338E-06         1.013659711723847E-09
         1.000666260719299E+00        -8.768401471570542E-07         3.751994270828618E-10
         9.995933175086975E-01         5.460627789943828E-07        -4.009774109969833E-11
         9.998843669891357E-01        -3.965411963235965E-07         2.856750669355534E-10
         1.000365257263184E+00        -1.152637082668662E-06         5.021973392693724E-10
         1.000841021537781E+00        -1.767578169165063E-06         7.227780041141330E-10
         1.000528812408447E+00        -1.094731828743534E-06         5.048078066671735E-10
         1.000210046768188E+00        -4.065890379933990E-07         2.247378672048939E-10
         9.994435906410217E-01         1.022345259116264E-06        -2.453338365793201E-10
         9.996574521064758E-01        -9.803044775935632E-08         1.601161703224108E-10
         9.994083046913147E-01         1.745747084669347E-07         7.677861818544685E-11
         1.000160932540894E+00        -1.736978987310067E-07         5.743243033928813E-11
         1.000386714935303E+00        -5.838191441398521E-07         1.984325342929694E-10
         1.000176191329956E+00        -3.309823881636476E-08         3.717702881655960E-11
         1.000088810920715E+00         4.924269205730525E-07        -1.417868045194837E-10
         1.000313043594360E+00         1.297837854963291E-07         1.350116893283904E-11
         1.000109076499939E+00         6.669606023024244E-07        -1.494942780677633E-10
         1.000505924224854E+00         3.619969390911137E-08        -8.174895656243297E-12
         1.000217199325562E+00         2.957023923499946E-07        -8.510012833307101E-11
         1.000128865242004E+00         6.434319743675587E-07        -2.842017454707246E-10
         1.000524401664734E+00        -2.440919821822263E-08        -5.888936560616287E-11
         1.000603795051575E+00         2.302257655628637E-07        -1.612014272067697E-10
         1.000879049301147E+00         1.393588462406115E-07        -1.995010406874442E-10
         1.001055836677551E+00         4.768952521772007E-08        -1.772679364409058E-10
         1.000020384788513E+00         1.332588681179914E-06        -6.019683640445805E-10
         9.997444152832031E-01         1.409418814546370E-06        -6.019001408397173E-10
         9.996744394302368E-01         1.871666881925194E-06        -8.019637731671025E-10
         9.997298121452332E-01         1.575592023073114E-06        -6.700414112437159E-10
         9.998799562454224E-01         3.240782291413780E-07        -1.281933725838513E-10
         9.989274740219116E-01         1.342066866527603E-06        -4.746750770223684E-10
         9.984317421913147E-01         1.571557163515536E-06        -5.200128105897761E-10
         9.972776174545288E-01         3.236373459003516E-06        -1.061397525425889E-09
         9.968819618225098E-01         3.581802729968331E-06        -1.101565505479130E-09
         9.973711371421814E-01         2.933593350462615E-06        -9.012823820597760E-10
         9.988286495208740E-01         1.227009647664090E-06        -4.403532261054721E-10
         9.985854029655457E-01         1.379791001454578E-06        -4.144528609195675E-10
         9.977470040321350E-01         2.283780077050324E-06        -6.500700533429438E-10
         9.974068999290466E-01         2.774571385089075E-06        -8.033801957019193E-10
         9.980052709579468E-01         2.218310783064226E-06        -6.303310651212257E-10
         9.981510639190674E-01         2.008248202400864E-06        -5.988250451061106E-10
         9.984101653099060E-01         1.684573703641945E-06        -4.902587225075195E-10
         9.985934495925903E-01         1.617420593902352E-06        -5.117272161569986E-10
         9.988776445388794E-01         1.407999207003741E-06        -4.789967866791756E-10
         9.993705749511719E-01         2.709076909468422E-07        -8.993397693224381E-11
         9.996227622032166E-01         1.679326970815964E-07        -8.974945092665720E-11
         9.994504451751709E-01         3.026340209544287E-07        -9.154280111722812E-11
         9.995909929275513E-01         1.562137299515598E-07        -5.005896391852005E-11
         9.992201328277588E-01         4.175043670784362E-07        -1.112511749390421E-10
         9.990452527999878E-01         5.939003244748164E-07        -1.484364159365370E-10
         9.997740983963013E-01        -2.346125000940447E-07         9.728476357828697E-11
         1.000325560569763E+00        -4.429740840805607E-07         1.249615549925309E-10
         1.000255823135376E+00        -2.648016561579425E-07         6.419171444393967E-11
         1.000420808792114E+00        -8.705235359229846E-07         2.801930354401350E-10
         9.997235536575317E-01        -2.593653114502104E-08        -5.701920532952265E-11
         9.992522001266479E-01         6.027270842423604E-07        -1.988341991054909E-10
         9.987503886222839E-01         1.182003188660019E-06        -3.527820258142356E-10
         9.987990260124207E-01         8.489813581036287E-07        -2.492700768019773E-10
         9.987939596176147E-01         8.264819371106569E-07        -2.859808501121108E-10
         9.987275004386902E-01         1.006103843792516E-06        -3.066444875798879E-10
         9.991933107376099E-01         2.393963995928061E-07        -1.290292352129629E-11
         9.994682073593140E-01        -1.219258791707034E-07         1.052270839907443E-10
         9.995094537734985E-01         1.110104648205379E-07        -1.893131311436758E-11
         9.997971653938293E-01        -4.808328526451078E-07         1.286494244467917E-10
         1.000359296798706E+00        -1.710021820144902E-06         5.761395249770374E-10
         9.997665882110596E-01        -1.425290747647523E-06         5.341135866920865E-10
         9.993730783462524E-01        -6.249212560760498E-07         2.535465448705310E-10
         9.995187520980835E-01        -7.442046694450255E-07         3.085670607916313E-10
         9.996587634086609E-01        -9.284635211770365E-07         3.787450908454559E-10
         9.993087053298950E-01        -7.151552949835605E-07         3.490594202570918E-10
         9.994385242462158E-01        -9.941203416019562E-07         4.486476745668710E-10
         9.997414350509644E-01        -1.527662789158057E-06         6.321577705747927E-10
         1.000288367271423E+00        -2.451929958624532E-06         9.582012960862585E-10
         1.000205516815186E+00        -1.491133730269212E-06         5.603652541985582E-10
         9.997133016586304E-01        -3.382606905688590E-07         1.277266487020867E-10
         9.995540976524353E-01         1.709250767589765E-07        -5.803841088281025E-11
         9.997520446777344E-01         1.010379762078628E-07        -7.358461062700883E-11
         1.000536918640137E+00        -6.477231977441988E-07         1.652708664368063E-10
         1.000814437866211E+00        -6.224192361514724E-07         1.460760540306083E-10
         1.000875830650330E+00        -4.554382542210078E-07         1.282062928043004E-10
         1.000844120979309E+00        -8.098160719782754E-08        -1.585939018999838E-11
         1.001367330551147E+00        -9.022909921441169E-07         2.409021315763482E-10
         1.000939965248108E+00        -2.621775081479427E-07         3.318123900641901E-11
         1.000429630279541E+00         3.785774822517851E-07        -1.650273945275060E-10
         1.000897645950317E+00         1.127636650721797E-07        -1.375923125435108E-10
         1.001097202301025E+00         1.631059234341592E-07        -1.506741953427593E-10
         1.000869035720825E+00         5.348716669573150E-08        -1.023973475455797E-10
         1.000894784927368E+00         1.617647740204120E-07        -1.480321143443319E-10
         1.000317573547363E+00         4.274219804756285E-07        -1.814940003841414E-10
         1.000370740890503E+00        -1.966339908676673E-07         5.252365903318790E-11
         1.000529885292053E+00        -3.062216364924097E-07         9.264305295131336E-11
         1.000663042068481E+00        -8.503079129695834E-07         3.318624819392824E-10
         1.000661969184875E+00        -3.767957252875931E-07         1.262364796028592E-10
         1.000980973243713E+00        -7.981619205565949E-07         2.592586423322274E-10
         1.000426888465881E+00        -2.305102526634073E-07         1.238825292348977E-10
         1.000275254249573E+00         3.449644054853707E-07        -9.827367392079012E-11
         1.000339031219482E+00         1.511593410441492E-07        -2.637242681180485E-11
         1.000434517860413E+00        -2.258871774074578E-07         8.955654273723468E-11
         1.000861287117004E+00        -8.614494504399772E-07         2.829259604375522E-10
         1.000865578651428E+00        -1.210528694173263E-06         4.438288070396368E-10
         1.000469803810120E+00        -1.562593467951956E-07         9.745019374785002E-11
         1.000361323356628E+00        -3.091243456765369E-07         1.191420295754142E-10
         1.000209331512451E+00        -4.444517287538474E-07         1.174699643113897E-10
         9.999249577522278E-01        -2.034296642250411E-07         1.000292383646073E-11
         9.997317790985107E-01         1.898045951520544E-07        -1.194373350221767E-10
         9.994146823883057E-01         4.901603460893966E-07        -1.859721543429060E-10
         9.999063014984131E-01        -9.880509566073670E-08        -2.751284963742329E-11
         1.000468492507935E+00        -1.008430785987002E-06         3.284112981560838E-10
         1.000399947166443E+00        -7.640946932951920E-07         2.851999192365895E-10
         1.000995159149170E+00        -1.426981384611281E-06         4.813008880333314E-10
         1.000942826271057E+00        -1.468342929911159E-06         4.820251975345968E-10
         1.000610947608948E+00        -7.979071483532607E-07         2.304574864275821E-10
         1.000079035758972E+00         1.798026403321273E-07        -1.231418855773825E-10
         1.000163316726685E+00         3.859093453684181E-07        -2.554793321341009E-10
         1.000091671943665E+00         3.783652289257589E-07        -2.653026409671355E-10
         9.997023344039917E-01         1.056854330272472E-06        -5.023808591353429E-10
         9.993801116943359E-01         1.308899072682834E-06        -6.004458041886096E-10
         9.996981620788574E-01         7.977362770361651E-07        -3.990726915592546E-10
         9.996433854103088E-01         7.597328135489079E-07        -3.593071395968650E-10
         9.993546605110168E-01         9.264743994208402E-07        -3.849233431996169E-10
         9.992832541465759E-01         8.628238674646127E-07        -3.219529365328100E-10
         9.992672801017761E-01         1.086840825337276E-06        -4.209288750889328E-10
         9.991475939750671E-01         1.105378714783001E-06        -4.170139511483484E-10
         9.986027479171753E-01         1.939115691129700E-06        -6.777879368868867E-10
         9.990739822387695E-01         1.245446469511080E-06        -4.035338729835303E-10
         9.993043541908264E-01         9.561102842781111E-07        -3.281065696913998E-10
         9.995896816253662E-01         5.175232900000992E-07        -1.727489956637740E-10
         9.997591972351074E-01         5.091143293611822E-07        -1.688962303347807E-10
         9.996016621589661E-01         8.963128266259446E-07        -3.059961450890825E-10
         9.995895624160767E-01         6.027289600751828E-07        -1.870896215727669E-10
         9.998060464859009E-01         2.903577751567354E-07        -1.323900572502978E-10
         1.000133037567139E+00         1.690376372209812E-08        -8.226327952165491E-11
         1.000080585479736E+00         6.741585423242213E-08        -9.937603517862215E-11
         1.000044345855713E+00        -4.970855229657900E-07         1.538924265798158E-10
         9.996274709701538E-01        -1.866896504054694E-08         2.973092475336281E-12
         9.995325803756714E-01         1.907984739091262E-07        -6.821855580430025E-11
         9.995821118354797E-01         3.195698923263990E-07        -1.135415719777377E-10
         9.992985129356384E-01         5.048559614806436E-07        -1.390899201370033E-10
         9.992529153823853E-01         6.759826192137552E-07        -1.584307407487273E-10
         9.994962811470032E-01         2.550968929426745E-07        -1.536831946424844E-11
         9.999000430107117E-01        -8.577413268540113E-07         3.958490757405286E-10
         9.998477101325989E-01        -5.705832109015319E-07         2.239569224515847E-10
         1.000080466270447E+00        -1.070818939297169E-06         4.403169218125669E-10
         9.995790719985962E-01        -5.033660386288830E-07         2.643107122057842E-10
         9.996462464332581E-01        -4.639040014353668E-07         2.366449813884230E-10
         9.999102354049683E-01        -3.058219419926900E-07         1.630062751445394E-10
         1.000167489051819E+00        -9.413533348379133E-07         3.973788520461596E-10
         9.999218583106995E-01        -3.191638029420574E-07         1.679792138720160E-10
         1.000134944915771E+00        -3.210213606053003E-07         1.616161787731940E-10
         1.000295758247375E+00        -3.851276630939537E-08         4.023763960914195E-11
         1.000323414802551E+00         2.603634072784189E-07        -9.938373041196158E-11
         1.000247478485107E+00        -1.506472813161963E-08        -6.408374698951835E-12
         9.999998211860657E-01        -5.410871040112397E-08         1.221800178391463E-11
         9.996726512908936E-01         1.341540638577499E-07        -3.368412493376383E-11
         9.996781945228577E-01         1.062481231883794E-07        -1.229168850036544E-11
         9.995408654212952E-01         1.693635738320154E-07        -4.413842208395025E-11
         9.997301101684570E-01        -5.057488010606903E-07         2.186695408079586E-10
         9.995637536048889E-01         9.315336768622728E-08        -3.990098616096782E-12
         9.994701743125916E-01        -3.962266603707576E-08         6.015157816285921E-11
         9.994987845420837E-01        -2.519340398521308E-07         1.055973503083507E-10
         9.992325901985168E-01        -7.402284296631478E-08         5.792448118380200E-11
         9.991023540496826E-01        -1.962474129868497E-07         1.082427619758519E-10
         9.992267489433289E-01        -5.072566295893921E-07         2.190769926579961E-10
         9.988794326782227E-01         4.806042142035949E-08        -3.319688968161927E-11
         9.989442229270935E-01        -9.596140415624177E-08         3.697103387323430E-12
         9.987694025039673E-01         4.830024735724692E-08        -4.396006475504421E-11
         9.987072348594666E-01        -1.903072330833311E-07         4.932772593169155E-11
         9.985796213150024E-01        -4.588765705193509E-07         1.521853892905156E-10
         9.985417127609253E-01        -8.908245376915147E-07         3.286877159336399E-10
         9.989250302314758E-01        -1.695138280410902E-06         6.135771335458173E-10
         9.987397193908691E-01        -1.860713950918580E-06         6.817357789401512E-10
         9.983257055282593E-01        -1.244612008122203E-06         4.643291862116428E-10
         9.983681440353394E-01        -1.244193185812037E-06         4.465386949092931E-10
         9.985086321830750E-01        -1.109168920265802E-06         3.590907293737899E-10
         9.986137747764587E-01        -1.170421910501318E-06         3.933724179727704E-10
         0.000000000000000E+00         0.000000000000000E+00         0.000000000000000E+00
         0.000000000000000E+00         0.000000000000000E+00         0.000000000000000E+00
         0.000000000000000E+00         0.000000000000000E+00         0.000000000000000E+00
         0.000000000000000E+00         0.000000000000000E+00         0.000000000000000E+00
         0.000000000000000E+00         0.000000000000000E+00         0.000000000000000E+00
         0.000000000000000E+00         0.000000000000000E+00         0.000000000000000E+00
         0.000000000000000E+00         0.000000000000000E+00         0.000000000000000E+00
         1.002587556838989E+00        -4.331349445774180E-10        -4.630812400208129E-11
         1.002436518669128E+00         4.293031565794081E-07        -2.140051053034497E-10
         1.002604722976685E+00         1.306135288814403E-07        -1.082232636839819E-10
         1.002449989318848E+00        -7.136660684636809E-08         8.645647565919123E-12
         1.002309799194336E+00        -2.692252998315325E-08        -8.334524043140945E-12
         1.002576112747192E+00        -3.089212441409472E-07         8.527160227922437E-11
         1.002560257911682E+00        -1.338862460897872E-07         1.408474292058370E-11
         1.002369284629822E+00        -2.031293035997805E-07         8.267991152832721E-11
         1.002019166946411E+00         1.422698687747470E-07        -3.528254424733923E-11
         1.002023935317993E+00        -2.423386149530415E-07         1.175225194938179E-10
         1.001869320869446E+00        -1.149380892684349E-07         3.567406092752634E-11
         1.001354694366455E+00         2.855224465747597E-07        -1.291379919665658E-10
         1.001183152198792E+00        -2.694655449886341E-07         9.923155352975499E-11
         1.000772118568420E+00        -1.359639441034233E-07         7.192472312178566E-11
         1.000158786773682E+00         2.869058164378657E-07        -4.686909541029571E-11
         1.000077247619629E+00         3.395940950667864E-07        -1.210201799883848E-10
         1.000086903572083E+00         3.964715631354920E-07        -1.808349164855727E-10
         9.999814033508301E-01         4.241004489813349E-07        -1.729282689266753E-10
         9.998704791069031E-01         3.170474656144506E-07        -1.249121500679351E-10
         9.999889731407166E-01         2.712228592827159E-07        -1.288885803640838E-10
         1.000054359436035E+00         3.637682084445260E-07        -1.596523468982980E-10
         1.000226378440857E+00         4.456518354345462E-07        -1.854360970332536E-10
         1.000149726867676E+00         2.053739223129014E-07        -1.095138077444879E-10
         9.998980164527893E-01         3.223442774924479E-07        -1.491435031031330E-10
         9.998550415039062E-01        -4.424298261085369E-09        -1.917280050001136E-11
         9.998888373374939E-01        -2.079642484886790E-07         2.881549859834465E-11
         9.999884963035583E-01        -4.618136131284700E-07         1.185510717371940E-10
         9.999977350234985E-01        -2.991988310441229E-07         4.756585403331570E-11
         1.000164031982422E+00        -1.584849513847075E-07         1.621210977964527E-11
         1.000432968139648E+00        -5.197560426495329E-07         1.471758548365898E-10
         1.000197887420654E+00        -9.668345768432118E-08        -5.093835422909088E-11
         1.000028133392334E+00         4.999035354558146E-07        -2.857443448522901E-10
         1.000462293624878E+00        -3.034215865227452E-07         2.686962111142499E-11
         1.000398278236389E+00        -2.202975792897632E-07         1.884077095726244E-11
         9.998897910118103E-01         6.114777306720498E-07        -2.403091337033203E-10
         9.998057484626770E-01         6.209019147718209E-07        -2.360548145841079E-10
         9.996858239173889E-01         3.250796112297394E-07        -1.036448427083059E-10
         9.995623826980591E-01         7.265821864166355E-07        -2.560195666578835E-10
         9.999717473983765E-01         7.526393801526865E-07        -3.060989517411628E-10
         1.000137448310852E+00         7.578472036584571E-07        -3.116302493832990E-10
         1.000127553939819E+00         8.678483141011384E-07        -3.601978160183705E-10
         9.998134970664978E-01         9.492288199908216E-07        -3.994121977601850E-10
         9.999988675117493E-01         4.978912215847231E-07        -3.064513365291788E-10
         1.000536918640137E+00        -7.146448979256093E-07         1.567664470458752E-10
         1.000341057777405E+00        -1.709000940763872E-07        -3.316904043093594E-11
         1.000086188316345E+00        -2.537025345361599E-08        -3.018086128236952E-11
         9.999391436576843E-01         3.517819493481511E-07        -1.724447251660877E-10
         9.996928572654724E-01         3.909911470145744E-07        -1.386097764344285E-10
         9.996678233146667E-01         1.476678619383165E-07        -2.339075634572030E-11
         9.995868802070618E-01         9.464220340760221E-08        -1.417733985764613E-12
         9.996257424354553E-01         2.847299640507117E-07        -9.568750652944047E-11
         9.995841383934021E-01         4.494455367876071E-07        -1.585914732871174E-10
         9.995000362396240E-01         3.880420536006568E-07        -1.505169600068967E-10
         9.994419813156128E-01         3.003259507750045E-07        -1.031371377191448E-10
         9.993817806243896E-01         3.341332899253757E-07        -1.267949079064579E-10
         9.992899298667908E-01         4.715451780157309E-07        -1.995585224845442E-10
         9.992259740829468E-01         2.754279933014914E-07        -8.803027057302515E-11
         9.990023970603943E-01         9.465417747378524E-07        -3.346631027856262E-10
         9.993768334388733E-01         1.622545511281714E-07        -3.139176071864647E-11
         9.995640516281128E-01        -2.324269559039749E-07         1.041966443682263E-10
         9.999067783355713E-01        -5.615597160613106E-07         1.807704680389932E-10
         9.998221993446350E-01        -7.175252676461241E-07         2.478237615122225E-10
         9.995061755180359E-01        -3.763080371754768E-07         1.187572817862304E-10
         9.992013573646545E-01         1.597244505546769E-07        -7.466079143814142E-11
         9.990301132202148E-01         5.123551432006934E-07        -1.711316782726513E-10
         9.989137053489685E-01         7.651513556083955E-07        -2.276763916286839E-10
         9.990813732147217E-01         5.656916073348839E-07        -1.495854551336606E-10
         9.992655515670776E-01         2.030458290391834E-07        -2.304424706611741E-11
         9.993388652801514E-01         6.034744046701235E-07        -1.690984713365040E-10
         9.994833469390869E-01         6.323333536784048E-07        -1.900110624397655E-10
         9.996180534362793E-01         6.275405439737369E-07        -2.183016128975979E-10
         9.997621774673462E-01         7.055280093481997E-07        -2.557649647627613E-10
         1.000209212303162E+00         5.185395579587748E-08        -2.040644042633488E-11
         1.000183105468750E+00        -3.943087278912571E-08         4.987552905399983E-12
         9.999787211418152E-01         3.986794183674647E-07        -1.745387584461966E-10
         9.998090267181396E-01         6.132658540991542E-07        -2.380061425721891E-10
         9.997999668121338E-01         1.323477931691741E-07         4.356329966898054E-12
         9.996747970581055E-01         3.602248455081281E-07        -9.623093294441887E-11
         9.997856616973877E-01         3.758010507226572E-07        -1.037288518968005E-10
         9.998041987419128E-01         3.565669004501615E-08         4.187530877608481E-11
         1.000149726867676E+00        -2.572834034708649E-07         1.496483770235812E-10
         1.000133395195007E+00         1.544503334116598E-07        -4.412113729923561E-11
         1.000100851058960E+00         1.578237807109417E-08         3.360824856260547E-12
         9.998449087142944E-01         1.889437299951169E-07        -7.748371388949238E-11
         1.000066757202148E+00        -3.446559446729225E-07         1.394021148515279E-10
         9.998635649681091E-01         1.526131114815144E-07        -6.214529585379935E-11
         9.998370409011841E-01         1.579365118686837E-07        -4.893490127000355E-11
         9.998667240142822E-01        -1.165018526094741E-09         4.376416763707258E-12
         1.000120282173157E+00        -3.825128658263566E-07         1.424119017157111E-10
         9.997898936271667E-01         1.489259773279628E-07        -4.111192983269341E-11
         9.998670816421509E-01        -9.953845392374205E-08         7.652414812930886E-11
         9.997389912605286E-01         5.695458771270978E-09         3.951373256372293E-11
         9.997744560241699E-01        -6.503893956733009E-08         4.861673563727464E-11
         1.000207781791687E+00        -7.062683380354429E-07         2.905853058177144E-10
         9.999583959579468E-01        -8.506154358656204E-08         7.339946705986478E-11
         9.996913671493530E-01         1.521583641306279E-07         1.803379667819627E-11
         9.996180534362793E-01         4.151710299993283E-07        -8.802580192535103E-11
         9.996593594551086E-01         5.710868435926386E-07        -1.820418676912183E-10
         9.999801516532898E-01         2.487373080839461E-07        -8.145550206561936E-11
         1.000030517578125E+00         2.154577458668427E-07        -6.395960844285398E-11
         9.998930692672729E-01         5.948197099314712E-07        -2.017903621975847E-10
         1.000326633453369E+00        -3.008327098541486E-07         1.041253749889393E-10
         9.999802112579346E-01        -3.222172608730034E-07         1.288552875511328E-10
         9.995785355567932E-01         2.115955481940546E-07        -4.196969161096575E-11
         9.999909400939941E-01        -5.161635385775298E-07         1.926443171651471E-10
         9.996622800827026E-01         1.439763082089485E-07        -5.240721745458643E-11
         9.997628927230835E-01        -1.658466999288066E-07         2.414984705267909E-11
         9.996854662895203E-01        -4.456461866197969E-08         1.595548454642881E-12
         9.997193217277527E-01         1.077937099580595E-07        -9.074312828927233E-11
         9.999600052833557E-01        -4.106703244133314E-08        -6.620502063237055E-11
         1.000290393829346E+00        -4.168823011241329E-07         7.794230538760161E-11
         9.999793171882629E-01        -2.588916636625527E-08        -2.336652746293133E-11
         9.997953176498413E-01         3.323685291434231E-07        -1.350718981107946E-10
         9.998508095741272E-01         7.632730785189779E-07        -3.130146419838553E-10
         9.999879598617554E-01         8.298254101646307E-07        -3.361659006717588E-10
         1.000523686408997E+00        -1.344252638091348E-07         2.537673847100019E-12
         1.000373244285583E+00        -1.904759017179458E-07         1.584839204316069E-11
         1.000194668769836E+00        -6.415546494054070E-08        -1.259843184636678E-11
         9.998330473899841E-01         6.161697001516586E-07        -2.360796003131327E-10
         1.000020742416382E+00         3.422887573378830E-07        -1.242319025429595E-10
         9.998170733451843E-01         4.210636745938245E-07        -1.537776711524330E-10
         9.999637007713318E-01        -1.310197319526196E-07         8.916278826376356E-11
         1.000137567520142E+00        -3.597147895106900E-07         1.642845581795171E-10
         9.998904466629028E-01         2.671920640295866E-07        -7.488319686554945E-11
         9.999525547027588E-01         2.758555979198718E-07        -1.150795361781753E-10
         1.000432610511780E+00        -6.114647135291307E-07         2.160857048849607E-10
         1.000476479530334E+00        -6.369029392772063E-07         2.503930951469613E-10
         1.000588178634644E+00        -5.973531074232596E-07         2.635073270695898E-10
         1.000067710876465E+00         2.178722127155197E-07        -4.301426229091909E-11
         1.000020861625671E+00         1.931234123730974E-07         3.244705936225611E-12
         1.000094890594482E+00         2.664901721516344E-08         6.878446423552731E-11
         9.998665452003479E-01         9.538728562574761E-08         1.667403021210490E-11
         9.999213814735413E-01         1.532994531316945E-07        -5.287230375738972E-11
         9.999061226844788E-01         4.007281688700459E-07        -1.470320531993252E-10
         1.000103116035461E+00        -1.820367288019042E-07         4.345616921863638E-11
         1.000058054924011E+00        -7.648171731489128E-07         2.643434360294350E-10
         9.999620914459229E-01        -5.187372380532906E-07         1.885700345871655E-10
         1.000020384788513E+00        -5.625431072076026E-07         2.044174135518162E-10
         1.000108599662781E+00        -5.963779585727025E-07         2.310129726401655E-10
         1.000046968460083E+00        -2.288742138034650E-07         7.574363358742175E-11
         9.999749660491943E-01        -2.682622550764791E-07         9.922563465325496E-11
         1.000031352043152E+00        -4.243850071361521E-07         1.462826942910667E-10
         9.998773932456970E-01        -2.435203043660294E-07         7.383291894536015E-11
         9.996325969696045E-01        -1.231188946348993E-07         4.441956177880790E-11
         9.996663331985474E-01        -7.926517753276130E-08         2.444621068076192E-11
         9.994688630104065E-01         1.328157424040910E-07        -3.764193817756833E-11
         9.994460940361023E-01         1.329391068338737E-07        -3.120697797398542E-11
         9.996159076690674E-01        -5.315782036774408E-09         5.375905449966911E-12
         9.995901584625244E-01         2.334202804377128E-07        -6.605939406600925E-11
         9.998949170112610E-01         1.300676615301199E-07        -4.204293857501540E-11
         9.996179938316345E-01         7.333678695431445E-07        -2.477393290511998E-10
         9.999561309814453E-01         3.480419650259137E-07        -8.380914018335517E-11
         1.000011444091797E+00         3.807928408150474E-07        -1.245442360353621E-10
         1.000025033950806E+00         7.217505526568857E-08         1.478334924094604E-12
         9.994690418243408E-01         8.061142580118030E-07        -2.703381685176254E-10
         9.995254874229431E-01         4.817622993869008E-07        -1.377039454686368E-10
         9.994447827339172E-01         9.016173976306163E-07        -3.278622928704067E-10
         9.995055794715881E-01         6.100858058744052E-07        -2.253045805478138E-10
         9.995600581169128E-01        -2.855261698186951E-07         8.187760885958184E-11
         9.992761611938477E-01        -4.155703834385349E-07         1.281381112328006E-10
         9.988473057746887E-01        -3.295256689739290E-08        -8.229089284994551E-12
         9.987826943397522E-01        -2.943178571968019E-07         9.225531449885693E-11
         9.986332654953003E-01        -2.387046720286889E-07         5.574066555547041E-11
         9.985517263412476E-01        -4.787816010320967E-07         1.632967649989325E-10
         9.986135959625244E-01        -4.066934877755557E-07         1.360499490843381E-10
         9.988660812377930E-01        -9.021451887747389E-07         3.307825402476539E-10
         9.988802671432495E-01        -1.296673985962116E-06         4.678938902991092E-10
         9.984632134437561E-01        -1.030657927003631E-06         3.874167930906225E-10
         9.982799887657166E-01        -1.079721755559149E-06         4.010710652480043E-10
         9.977590441703796E-01        -9.915121381709469E-07         3.714138718802218E-10
         9.974431395530701E-01        -1.011746235235478E-06         3.789915881124983E-10
         9.972510933876038E-01        -6.810386707911675E-07         2.217373784585419E-10
         9.972801208496094E-01        -7.566695785499178E-07         2.663922138435026E-10
         9.971622228622437E-01        -6.471233291449607E-07         2.440481705612285E-10
         9.970009922981262E-01        -4.512804707701434E-07         1.959729878375782E-10
         9.967827200889587E-01        -2.400847449735011E-07         1.365911550532672E-10
         9.969235658645630E-01        -4.390014396449260E-07         1.993673143241281E-10
         0.000000000000000E+00         0.000000000000000E+00         0.000000000000000E+00
         0.000000000000000E+00         0.000000000000000E+00         0.000000000000000E+00
         0.000000000000000E+00         0.000000000000000E+00         0.000000000000000E+00
         0.000000000000000E+00         0.000000000000000E+00         0.000000000000000E+00
         0.000000000000000E+00         0.000000000000000E+00         0.000000000000000E+00
         0.000000000000000E+00         0.000000000000000E+00         0.000000000000000E+00
         0.000000000000000E+00         0.000000000000000E+00         0.000000000000000E+00
         1.003672957420349E+00         1.979071271307475E-07        -9.218308061331726E-11
         1.003499031066895E+00         3.019976091422905E-08        -2.606656557269105E-11
         1.003028631210327E+00         3.544890319062688E-07        -1.146101685778333E-10
         1.002575993537903E+00         6.400488814506389E-07        -2.061776027684203E-10
         1.002327203750610E+00         8.329355978275998E-07        -2.773800633626422E-10
         1.002213954925537E+00         8.707181677891640E-07        -3.098082901331622E-10
         1.001725554466248E+00         1.033625721902354E-06        -3.729088426940308E-10
         1.001549363136292E+00         7.250133080560772E-07        -2.374953844697103E-10
         1.001475214958191E+00         1.071119982043456E-06        -3.773140411222897E-10
         1.002096056938171E+00         6.053357424207206E-07        -2.045127678318437E-10
         1.002400636672974E+00         4.057876026308804E-07        -1.540619021245249E-10
         1.002192854881287E+00         3.124050920177979E-07        -1.314413161646044E-10
         1.001684427261353E+00         8.960510626820906E-07        -3.272771498252780E-10
         1.001569628715515E+00         6.533527994179167E-07        -2.317635389159634E-10
         1.001419663429260E+00         5.385649615163857E-07        -1.795700116380416E-10
         1.001220583915710E+00         4.980605581295094E-07        -1.649022862704186E-10
         1.001042127609253E+00         3.222475868369656E-07        -9.049641591651891E-11
         1.000573515892029E+00         8.339959549630294E-07        -2.386628394912549E-10
         1.000452756881714E+00         8.515855256518989E-07        -2.477654470478541E-10
         1.000795602798462E+00         1.703969161326313E-07         5.998632146564375E-12
         1.000756621360779E+00        -2.341229503599607E-07         1.335089122589395E-10
         1.000462174415588E+00        -2.873025835015142E-07         1.564187529501382E-10
         1.000581264495850E+00        -5.724106131310691E-07         2.608073756960039E-10
         1.000257968902588E+00        -3.019214602772990E-07         1.643886970992270E-10
         1.000102519989014E+00        -1.075430162700286E-07         8.791904704263942E-11
         1.000153422355652E+00        -1.938898748221618E-07         1.055030438013027E-10
         1.000258564949036E+00        -6.370663641064311E-08         1.784950486027892E-11
         9.999865889549255E-01         1.380127230277139E-07        -7.167847565492380E-11
         1.000038743019104E+00         3.004863202704655E-08        -4.291052235760873E-11
         1.000311970710754E+00        -2.388310633705260E-07         6.984310352287082E-11
         1.000337362289429E+00        -1.054259897159682E-07         3.306285453752444E-11
         1.000259518623352E+00        -3.472620591082887E-08         2.346584558610143E-11
         9.999272227287292E-01         1.161644718195021E-07        -1.136566535331340E-11
         9.997526407241821E-01         3.373500305769994E-07        -9.088995528427901E-11
         9.997185468673706E-01         6.610411418250806E-08        -9.209282642030914E-12
         9.996852278709412E-01        -9.058573624542987E-08         3.126520570218005E-11
         9.996954798698425E-01         9.380598697816822E-08        -3.658275418705337E-11
         9.998902082443237E-01         3.765095257790563E-08        -1.579810067486864E-11
         1.000037789344788E+00        -1.716674091767345E-07         7.655345801715896E-11
         1.000274658203125E+00        -3.587174148833583E-07         1.747351430214650E-10
         1.000318527221680E+00        -4.505470769800013E-07         2.309919061582733E-10
         1.000505447387695E+00        -7.359398068729206E-07         2.918600361390133E-10
         1.000657320022583E+00        -9.757869747772929E-07         3.873675546994804E-10
         1.000467419624329E+00        -8.107356279651867E-07         3.204166654224849E-10
         1.000246167182922E+00        -6.896451054672070E-07         2.661089404387695E-10
         1.000226020812988E+00        -6.747379757143790E-07         2.213060151801116E-10
         1.000010848045349E+00        -5.278957360133063E-07         1.542619365579867E-10
         9.999088644981384E-01        -4.145052230342117E-07         1.139078970036067E-10
         9.998673796653748E-01        -4.098926353890420E-07         9.908395631752498E-11
         9.996789693832397E-01        -1.905961681814006E-07         4.245061593910471E-11
         9.995862841606140E-01         3.427989625492955E-08        -4.159178557117116E-11
         9.996474385261536E-01        -5.283699167080158E-08         1.243634362158019E-11
         9.999197721481323E-01        -3.547825713212660E-07         1.527747095497745E-10
         1.000009059906006E+00        -2.405182044640242E-07         9.473432455164854E-11
         1.000179648399353E+00        -2.855870491202950E-07         1.019994297357663E-10
         1.000271677970886E+00        -4.434285187926434E-07         1.547288686065684E-10
         1.000213861465454E+00        -2.632067435115459E-07         7.690914571867324E-11
         1.000058531761169E+00        -1.234184310305864E-07         3.483329943931857E-11
         1.000104308128357E+00         7.877672203449038E-08        -4.132115483113097E-11
         1.000009655952454E+00         1.950453594190549E-07        -6.296205223854656E-11
         1.000063180923462E+00         1.131522964215037E-07        -2.838147772354915E-11
         9.999480247497559E-01         2.277366206726583E-07        -5.903402766627153E-11
         9.999029040336609E-01         2.585103118235565E-07        -6.617720954560369E-11
         1.000021696090698E+00         3.219456914393959E-07        -1.137736363454600E-10
         1.000118613243103E+00         8.887452196404411E-08        -3.978036650087446E-11
         9.999204277992249E-01         4.155747603817872E-07        -1.664460097527964E-10
         9.997759461402893E-01         5.136827212481876E-07        -1.988329778601639E-10
         9.997076988220215E-01         5.822401476507366E-07        -1.996210280408306E-10
         9.996659755706787E-01         7.449913823620591E-07        -2.656003750267644E-10
         9.998232722282410E-01         7.515894822063274E-07        -2.805704557573563E-10
         9.996996521949768E-01         8.452008160020341E-07        -2.874916138484451E-10
         9.995545744895935E-01         8.320927236127318E-07        -3.050991681519122E-10
         9.993782043457031E-01         8.013421961550193E-07        -2.906135054825398E-10
         9.993220567703247E-01         8.048066888477479E-07        -3.366667777893184E-10
         9.994357228279114E-01         4.918394438391260E-07        -2.450673275422588E-10
         9.996360540390015E-01         6.359495046126540E-07        -2.923347397487674E-10
         9.998082518577576E-01         4.474400725484884E-07        -2.163477313965601E-10
         9.999421834945679E-01         4.459536739886971E-07        -2.190054665396346E-10
         9.999646544456482E-01         2.623162913550914E-07        -1.416399358911136E-10
         9.997299909591675E-01         2.347166230265429E-07        -1.075538616501781E-10
         9.997904300689697E-01         6.196974311478698E-08        -4.060074498823951E-11
         9.997834563255310E-01        -4.669256092881824E-09        -4.590603504966984E-12
         9.998581409454346E-01        -1.275140277812170E-07         2.292994613628530E-11
         9.994978904724121E-01         3.925096621060220E-07        -1.478646927122185E-10
         9.997237324714661E-01         5.849676298907980E-08        -2.220713717082656E-11
         9.998875856399536E-01        -1.669140061721919E-07         6.765864951630007E-11
         1.000115871429443E+00        -3.569157343008555E-07         1.396855547897147E-10
         1.000418901443481E+00        -6.445007443289796E-07         2.437065826921270E-10
         1.000416994094849E+00        -6.301030452959822E-07         2.696492473752699E-10
         1.000359654426575E+00        -5.823981723551697E-07         2.479829119828025E-10
         1.000190734863281E+00        -3.700750994539703E-07         1.630766771620884E-10
         9.998733997344971E-01        -1.078042188851214E-07         5.496448435282630E-11
         9.994826912879944E-01         3.169554645410244E-07        -8.455933869777610E-11
         9.995393753051758E-01         2.299191095289643E-07        -7.951573427478209E-11
         9.995713233947754E-01         7.760262832334774E-08         8.372763420083640E-12
         9.994996190071106E-01         1.290802629227983E-07         3.155725680770161E-12
         9.993928670883179E-01         3.614040622323955E-07        -7.836990084664208E-11
         9.993404746055603E-01         3.273838729001000E-07        -7.360894532792983E-11
         9.992995858192444E-01         4.122138079765136E-07        -9.682506185715312E-11
         9.992789030075073E-01         4.389153502870613E-07        -1.303524649332033E-10
         0.000000000000000E+00         0.000000000000000E+00         0.000000000000000E+00
         9.995014071464539E-01        -2.446991587135017E-08        -2.080811391247384E-11
         9.998368024826050E-01         5.401658143000532E-08        -7.326923096018234E-11
         9.997512102127075E-01        -4.326494362771882E-08        -3.619731944737303E-11
         9.998742341995239E-01         9.767199316002007E-08        -9.046963178604983E-11
         1.000366687774658E+00        -2.416344671019033E-07         1.726992160389074E-11
         1.000768065452576E+00        -4.548052743302833E-07         7.781026517550416E-11
         1.000409960746765E+00         1.642429339199225E-07        -1.382825659534959E-10
         1.000137209892273E+00         3.192473911894922E-07        -1.688644779562765E-10
         1.000227093696594E+00         5.630291255442899E-08        -6.720490136613577E-11
         1.000564932823181E+00        -3.977654046138923E-07         9.925438942959275E-11
         1.000762820243835E+00        -5.412131827142730E-07         1.529547877243687E-10
         1.000748872756958E+00        -5.399360247793084E-07         1.399674404156670E-10
         1.000607371330261E+00        -5.722024525312008E-07         1.844796121419634E-10
         1.000385046005249E+00        -4.200256285002979E-07         1.255908155251007E-10
         1.000073075294495E+00        -1.122583270785071E-07         4.387540331052264E-11
         9.998943209648132E-01        -1.139670935401682E-08         1.700509524860117E-11
         9.996927976608276E-01         3.545938227489387E-07        -1.106854330412688E-10
         9.994902014732361E-01         4.057208116137190E-07        -1.025517240571538E-10
         9.995082616806030E-01         2.300014045886201E-07        -2.050720357416047E-11
         9.996234774589539E-01         2.122727664755075E-07        -8.395472901948087E-13
         9.999063014984131E-01        -1.406765992584269E-08         4.393640312683189E-11
         1.000109791755676E+00        -7.978288607546347E-08         5.417319023925948E-11
         1.000113606452942E+00         1.259495121530563E-07        -5.401612490629759E-11
         9.999862313270569E-01         2.172723725379910E-07        -6.446349704036791E-11
         9.998567104339600E-01         3.645655510808865E-08         1.296448018384133E-11
         9.998182058334351E-01        -7.684794667284223E-08         5.546819947799264E-11
         9.998376965522766E-01         4.915229467883364E-08         7.280297024958582E-12
         1.000160455703735E+00        -2.242319823153593E-07         9.510634640941262E-11
         1.000206708908081E+00        -8.580203569863443E-08         3.256780609084409E-11
         1.000073432922363E+00         1.741706512348173E-07        -5.009312062376203E-11
         9.997660517692566E-01         3.022180123934959E-07        -8.314306187973131E-11
         9.998507499694824E-01         2.078549812267738E-07        -3.848443438925209E-11
         9.999758601188660E-01         1.366482251796697E-07        -2.845260832495811E-11
         9.998064637184143E-01         2.007365651479631E-07        -4.011999413244816E-11
         9.995386600494385E-01         2.325549530723947E-07        -5.313088510816577E-11
         9.994723200798035E-01         9.625298780235880E-09         3.421819078086585E-11
         9.998208284378052E-01        -6.021380158927059E-07         2.258040976421682E-10
         9.998996853828430E-01        -4.897229928246816E-07         1.813744987533283E-10
         1.000029921531677E+00        -5.307885544425517E-07         1.638008895188392E-10
         1.000012278556824E+00        -6.074475322748185E-07         1.731191162646084E-10
         1.000189185142517E+00        -5.142053396411939E-07         1.003655492048949E-10
         1.000061035156250E+00        -3.517443474265747E-07         4.036975267962539E-11
         9.999734163284302E-01        -3.484195190139872E-07         4.776476436596511E-11
         9.997937083244324E-01        -2.202443738497095E-07         3.530081088554127E-11
         9.999238252639771E-01        -4.132924971145258E-07         1.001302513126134E-10
         1.000064253807068E+00        -4.623384199931024E-07         1.224541162914150E-10
         1.000143766403198E+00        -3.987661898463557E-07         1.239506552952463E-10
         1.000422716140747E+00        -5.761830266237666E-07         2.010432653687388E-10
         1.000813484191895E+00        -8.619158506917302E-07         2.804053100824433E-10
         1.000757813453674E+00        -9.029486136569176E-07         2.923333797255623E-10
         1.000393033027649E+00        -5.659899784404843E-07         1.794546178324197E-10
         1.000151634216309E+00        -2.753002092958923E-07         6.890641529588848E-11
         1.000118494033813E+00        -3.552934515482775E-07         1.001061386562974E-10
         9.999425411224365E-01        -1.273996161899049E-07         1.427908225687391E-11
         9.996384382247925E-01         1.953949180233394E-07        -8.635686610247717E-11
         9.996048212051392E-01         1.897856449772917E-08         6.701689550525636E-12
         9.995056390762329E-01        -8.915917248941696E-08         4.522994478950437E-11
         9.992758631706238E-01        -5.069704656079921E-08         4.749793613978426E-11
         9.991826415061951E-01        -2.268258612048157E-07         1.081937803237842E-10
         9.989354014396667E-01        -1.708589252302772E-07         1.112471920139413E-10
         9.988436698913574E-01        -2.141248245379757E-07         1.283581296807057E-10
         9.986307621002197E-01        -1.131232636453205E-07         8.587211497435021E-11
         9.987505078315735E-01        -5.412258019532601E-08         4.773187921303101E-12
         9.986974596977234E-01         3.739555154425034E-08        -6.280361647403865E-11
         9.982634782791138E-01         3.564481971807254E-07        -1.499275842364867E-10
         9.977658390998840E-01         6.110863068897743E-07        -2.405223520351996E-10
         9.973682761192322E-01         6.653116315646912E-07        -2.548676547586837E-10
         9.972096681594849E-01         9.035540529112041E-07        -3.335979270602252E-10
         9.970676302909851E-01         1.035211425914895E-06        -3.752315402838491E-10
         9.969060420989990E-01         1.303300450672396E-06        -4.928802921355668E-10
         9.967380762100220E-01         1.274129658668244E-06        -4.917098950230070E-10
         9.963124990463257E-01         1.206621845994960E-06        -4.608902981484420E-10
         9.962536096572876E-01         7.198304388111865E-07        -2.920375608006509E-10
         9.958706498146057E-01         7.812377020854910E-07        -3.173757645580366E-10
         9.956761598587036E-01         9.386156420987390E-07        -3.805690484970370E-10
         9.957435727119446E-01         6.588906558135932E-07        -2.558376843708743E-10
         9.954254031181335E-01         4.829273620998720E-07        -1.775335989329108E-10
         0.000000000000000E+00         0.000000000000000E+00         0.000000000000000E+00
         0.000000000000000E+00         0.000000000000000E+00         0.000000000000000E+00
         0.000000000000000E+00         0.000000000000000E+00         0.000000000000000E+00
         0.000000000000000E+00         0.000000000000000E+00         0.000000000000000E+00
         0.000000000000000E+00         0.000000000000000E+00         0.000000000000000E+00
         0.000000000000000E+00         0.000000000000000E+00         0.000000000000000E+00
         0.000000000000000E+00         0.000000000000000E+00         0.000000000000000E+00
         0.000000000000000E+00         0.000000000000000E+00         0.000000000000000E+00
         1.004677414894104E+00        -1.319143848377280E-06         5.661029978121235E-10
         1.004617691040039E+00        -1.631851205274870E-06         6.822359344127449E-10
         1.004249572753906E+00        -1.198724248752114E-06         5.169346617428516E-10
         1.003272533416748E+00         4.820247454517812E-07        -1.658063408793709E-10
         1.003566265106201E+00        -3.803367292221083E-07         1.405459498782236E-10
         1.003281950950623E+00         1.183465059284572E-08        -3.092813158356300E-11
         1.003767013549805E+00        -1.492596197749663E-06         5.725140361789727E-10
         1.003571510314941E+00        -1.866920456450316E-06         6.939042673792528E-10
         1.003390073776245E+00        -2.002094106501318E-06         7.360982379189807E-10
         1.003075361251831E+00        -1.670422875577060E-06         6.222911630437977E-10
         1.002923488616943E+00        -1.531910015728499E-06         5.756766729980711E-10
         1.002741932868958E+00        -1.532478449917107E-06         5.525077062529249E-10
         1.002730131149292E+00        -1.649315777285665E-06         5.708573058704758E-10
         1.002556681632996E+00        -1.564816216159670E-06         5.379544587569285E-10
         1.002355098724365E+00        -1.194298079099099E-06         4.135790043768850E-10
         1.002054214477539E+00        -7.471440994777367E-07         2.571367840875638E-10
         1.001809358596802E+00        -6.344619691844855E-07         1.997748216853168E-10
         1.001270174980164E+00        -8.130621864665954E-08         1.284928066724866E-11
         1.001085758209229E+00         2.809765398126274E-08         3.647385778821066E-12
         1.001124620437622E+00         7.329604301276049E-08         4.081650815945803E-12
         1.001106739044189E+00         1.876792943278360E-08         3.276477700264735E-11
         1.001074790954590E+00         1.698434743957478E-07        -2.540819638019443E-11
         1.001015901565552E+00         2.751156955582701E-07        -5.753581291956245E-11
         1.000851392745972E+00         2.734689985572913E-07        -7.548148217573214E-11
         1.000844240188599E+00        -5.683435588821339E-08         2.212373730395290E-12
         1.000527262687683E+00        -1.842520269690340E-08         1.906938669471447E-11
         1.000458121299744E+00         1.121363482070592E-07        -2.428198787873814E-11
         1.000301837921143E+00         3.077393557759933E-07        -9.383052668177072E-11
         1.000470399856567E+00         9.337970396927631E-09         1.442124718253890E-11
         1.000371336936951E+00         1.156996631834772E-07        -6.123033330363015E-11
         1.000358581542969E+00         1.841290675486107E-08        -1.865640628095910E-11
         1.000017046928406E+00         4.553200767531962E-07        -1.815988054376660E-10
         9.997112154960632E-01         6.505974283754767E-07        -2.504360052668630E-10
         9.996676445007324E-01         4.453033284335106E-07        -1.709826030760198E-10
         9.997119307518005E-01         1.483274729707773E-07        -5.762674365472620E-11
         9.997458457946777E-01        -5.324118035332503E-08        -9.887778096295818E-12
         9.996387958526611E-01        -3.607421916740350E-08        -1.638514844637395E-11
         9.997460246086121E-01         1.097770194746772E-07        -5.416244189260233E-11
         9.996460676193237E-01         4.494728216286603E-07        -1.490299966766528E-10
         9.998075962066650E-01         2.596423485101695E-07        -6.074950958945280E-11
         9.996030330657959E-01         1.154195743424680E-07        -4.384745171115423E-12
         9.994299411773682E-01        -3.004830162467442E-08         3.710490942276934E-11
         9.996215701103210E-01        -2.017871452153486E-07         5.435852462598589E-11
         9.999250769615173E-01        -6.408766921595088E-07         2.227713569169509E-10
         1.000083565711975E+00        -5.593179253082781E-07         1.818555445121106E-10
         1.000025749206543E+00        -4.063741982918145E-07         1.212561162589054E-10
         9.999668598175049E-01        -1.441438683968954E-07         2.582398357653393E-11
         1.000034570693970E+00        -1.857100642155274E-07         6.877016317519136E-11
         9.998794198036194E-01         6.291408283232158E-08        -4.618632299530079E-12
         9.999099373817444E-01         1.116735788286860E-07        -4.128780997647574E-11
         1.000168442726135E+00        -3.610148624488829E-08         2.936898294003676E-11
         1.000327706336975E+00        -1.426169120577470E-07         9.866279321313343E-11
         1.000446081161499E+00        -1.982399355782150E-09         5.870207792080251E-11
         1.000539898872375E+00         7.167848536937527E-08         3.208008164667930E-11
         1.000351071357727E+00         3.165109774272423E-07        -5.814783377022792E-11
         1.000282049179077E+00         1.993785758713784E-07        -2.555160076578300E-11
         1.000106096267700E+00         1.387045216461047E-07        -2.020315859052602E-11
         9.999068975448608E-01         2.726396530761122E-07        -9.673836037782380E-11
         1.000006914138794E+00         7.802952950441977E-08        -1.865631260589140E-11
         9.999596476554871E-01         3.179398220254370E-07        -1.166608892821941E-10
         1.000025868415833E+00         1.988917119888356E-07        -6.309954642125248E-11
         1.000108599662781E+00         3.386997491361399E-07        -1.201295452002427E-10
         1.000349760055542E+00         1.531674200805355E-07        -8.141495116964492E-11
         1.000725030899048E+00        -2.042084901177077E-07         5.788704238174347E-11
         1.000584125518799E+00        -1.157707671950448E-07         2.168086717102558E-11
         1.000434160232544E+00         4.679092313608635E-08        -3.087081285046978E-11
         1.000433921813965E+00        -2.286350309077534E-07         7.730808354589058E-11
         1.000447869300842E+00        -3.425772376886016E-07         9.081613239203534E-11
         1.000465035438538E+00        -3.865604298880498E-07         8.550459645872976E-11
         1.000378489494324E+00        -4.725633573343657E-07         1.367712609834371E-10
         1.000380635261536E+00        -5.203157229516364E-07         1.464177806775879E-10
         1.000365614891052E+00        -6.304948101387708E-07         1.858150022737703E-10
         1.000498056411743E+00        -6.083359380681941E-07         1.816461564496663E-10
         1.000378251075745E+00        -3.236540067064198E-07         8.142913426878451E-11
         1.000039458274841E+00        -3.078150143664971E-07         9.723157001761962E-11
         9.999694824218750E-01        -5.663222850671445E-07         1.969013008196185E-10
         9.997508525848389E-01        -2.553374542912934E-07         8.541512636073278E-11
         9.996949434280396E-01        -2.583064784289490E-08         1.246739950860887E-11
         9.996157884597778E-01        -1.606095878514679E-07         7.568884408115650E-11
         9.996356368064880E-01        -1.892098708822232E-07         7.622420750141856E-11
         9.996194839477539E-01        -5.971336491938928E-08         3.696827219346055E-11
         9.999500513076782E-01        -3.027502137875615E-10         1.241971109289253E-11
         1.000081896781921E+00         1.696882350188389E-07        -5.594840216116559E-11
         1.000244498252869E+00         1.725000799979171E-07        -7.216613417959650E-11
         1.000413656234741E+00         7.959221903774960E-08        -6.105443928206000E-11
         1.000205516815186E+00         3.087369577770005E-07        -1.464368903913993E-10
         1.000140190124512E+00         1.365138757591922E-07        -7.605944346567028E-11
         1.000217914581299E+00         9.775914122656104E-08        -6.749655695470480E-11
         1.000382900238037E+00        -2.081136614151546E-07         4.518064741776406E-11
         1.000383138656616E+00        -1.071655191253740E-07        -1.884785209849138E-11
         1.000382304191589E+00        -1.045197421944977E-07        -2.499264684097113E-11
         1.000433683395386E+00         9.340054951678667E-09        -6.360519749781801E-11
         1.000130295753479E+00        -7.192267759137394E-08        -3.549258109636355E-12
         1.000052809715271E+00         1.130836935203661E-07        -6.767807148033711E-11
         1.000128269195557E+00        -4.717756496575021E-07         1.681296907252161E-10
         9.999371170997620E-01        -3.751789563466446E-07         1.218823514337330E-10
         0.000000000000000E+00         0.000000000000000E+00         0.000000000000000E+00
         0.000000000000000E+00         0.000000000000000E+00         0.000000000000000E+00
         9.993185997009277E-01         1.544278660503551E-08         3.175798111900580E-13
         9.994464516639709E-01         2.879240241782099E-07        -9.110866922013017E-11
         9.994541406631470E-01         4.723757456304156E-07        -1.562164980706271E-10
         9.998021721839905E-01         1.399441895699738E-08         3.038484741590963E-11
         9.996644258499146E-01         2.257224025470350E-07        -1.000816512997105E-10
         9.997585415840149E-01         2.071552813731614E-07        -8.584494226582251E-11
         1.000043034553528E+00        -9.204800477391473E-08         4.051214919087442E-11
         1.000052571296692E+00         2.365531628356621E-07        -7.643890381769936E-11
         0.000000000000000E+00         0.000000000000000E+00         0.000000000000000E+00
         9.997897148132324E-01        -3.595148143631377E-07         1.452406250823657E-10
         9.996976256370544E-01        -1.026452309815795E-07         4.777373982522981E-11
         9.995408654212952E-01         5.890460386126506E-08        -2.040949223860999E-12
         9.994000792503357E-01         2.352518322368269E-07        -7.499809107081035E-11
         0.000000000000000E+00         0.000000000000000E+00         0.000000000000000E+00
         0.000000000000000E+00         0.000000000000000E+00         0.000000000000000E+00
         9.989193081855774E-01         5.689365139005531E-07        -1.772924446141744E-10
         9.989114999771118E-01         6.766608748876024E-07        -2.084982742012187E-10
         9.989689588546753E-01         6.798977096877934E-07        -2.212180993943491E-10
         9.993008971214294E-01         5.068721407042176E-07        -1.713777314504839E-10
         9.994337558746338E-01         5.607479351965594E-07        -1.856675507783123E-10
         9.996677041053772E-01         4.312356907121284E-07        -1.358597956357954E-10
         9.996282458305359E-01         5.355711891752435E-07        -1.501225116440352E-10
         9.996673464775085E-01         6.893771455906972E-07        -2.154371403495503E-10
         9.997318387031555E-01         2.788325730307406E-07        -6.703293475851524E-11
         9.996926784515381E-01         3.664225687316502E-07        -8.912487414747261E-11
         9.998208880424500E-01         1.511965734835030E-07        -1.663722631883857E-11
         9.998927116394043E-01        -5.852431073094522E-08         7.970635262921633E-11
         9.999616146087646E-01         1.909040747705149E-07        -1.094796475697990E-11
         1.000039339065552E+00         1.272403693519664E-07         1.190065580802813E-11
         9.998771548271179E-01         3.872485478950694E-07        -1.000916918791894E-10
         9.997684955596924E-01         5.145658974470280E-07        -1.308772118457924E-10
         9.997388720512390E-01         6.016493330207595E-07        -1.744423494542957E-10
         9.997036457061768E-01         4.264104802587099E-07        -1.156825052417432E-10
         9.998890757560730E-01         1.871799781838490E-07        -7.057815443189952E-11
         9.997965693473816E-01         4.587105024711491E-07        -1.949291422720378E-10
         9.995393753051758E-01         4.443728585101780E-07        -1.989333836549534E-10
         9.993492960929871E-01         6.255147013689566E-07        -2.604847726406234E-10
         9.993697404861450E-01         5.703575425286544E-07        -2.385681652228300E-10
         9.993017911911011E-01         8.211890758502705E-07        -3.310695328995195E-10
         9.992777705192566E-01         8.541856004740112E-07        -2.929845255295049E-10
         9.993315935134888E-01         9.061359378392808E-07        -3.124155101286163E-10
         9.994699358940125E-01         6.878974545543315E-07        -2.073696353521726E-10
         9.995888471603394E-01         6.196410140546504E-07        -1.708009289558277E-10
         9.997271299362183E-01         3.323476960304106E-07        -7.336721508099942E-11
         9.998290538787842E-01         2.433632459997170E-07        -5.454963911133426E-11
         9.999360442161560E-01         1.472633499588483E-07        -2.449969740969671E-11
         9.997355937957764E-01         1.547367389775900E-07        -3.322581099141075E-11
         9.996236562728882E-01         3.089924973664893E-07        -8.430264125669495E-11
         9.995713829994202E-01         2.741484195212252E-07        -6.129106250307714E-11
         9.995768070220947E-01         2.918533255069633E-07        -3.756919775277368E-11
         9.996923804283142E-01         1.890925460656945E-07         6.885590621980020E-12
         9.998465776443481E-01         1.438762780026082E-07        -1.005088286903932E-11
         9.999663829803467E-01         5.145158965547125E-09         3.200178663731457E-11
         9.999275207519531E-01         4.063397796016943E-07        -1.181917480552741E-10
         1.000053048133850E+00         2.826554634793865E-07        -7.899141757361505E-11
         9.997532963752747E-01         1.003145015943119E-07        -2.013878430337512E-12
         9.997175931930542E-01         2.439285928801382E-08         1.803872329286804E-11
         9.995177984237671E-01         3.156938532811182E-08         2.504792380453313E-12
         9.993719458580017E-01        -1.044924360371624E-07         2.505865480395553E-11
         9.992759823799133E-01        -5.472750075341537E-08        -1.866185331267367E-11
         9.991749525070190E-01        -3.370443835137849E-07         6.097711224839486E-11
         9.991101622581482E-01        -4.221330982545624E-07         7.060557000171386E-11
         9.988701939582825E-01        -2.645366805609228E-07         4.762894072196655E-12
         9.985073208808899E-01         6.329415924710702E-08        -1.059200990805031E-10
         9.982821345329285E-01         2.912248362463288E-07        -2.010232535987200E-10
         9.981420040130615E-01         1.972119747506440E-07        -1.753791001313232E-10
         9.980114102363586E-01         3.455415935604833E-07        -2.306842494803618E-10
         9.980994462966919E-01         1.974158863049524E-07        -1.492002493774791E-10
         9.978319406509399E-01         2.622428780796326E-07        -1.305078128899240E-10
         9.978016018867493E-01         1.601574979304132E-07        -8.201918311190326E-11
         9.975364804267883E-01         1.990742362067977E-07        -5.815125117547559E-11
         9.973902702331543E-01         1.628361623318142E-08         1.479508876522928E-11
         9.971316456794739E-01        -1.565287066629395E-10         3.125122730041063E-11
         9.964360594749451E-01         9.218588274961803E-07        -3.691947025874498E-10
         9.967922568321228E-01        -2.390155202647293E-07         1.245591824128311E-10
         9.966122508049011E-01         2.354946238014577E-09         2.086504927167887E-11
         9.966660141944885E-01        -1.075101963010638E-07         2.474578007782835E-11
         9.967732429504395E-01        -2.478781624404292E-08        -1.856641229647238E-11
         9.968216419219971E-01        -2.103863465663380E-07         4.250645668779640E-11
         9.966867566108704E-01        -4.498999146562710E-07         1.349168138320422E-10
         0.000000000000000E+00         0.000000000000000E+00         0.000000000000000E+00
         0.000000000000000E+00         0.000000000000000E+00         0.000000000000000E+00
         0.000000000000000E+00         0.000000000000000E+00         0.000000000000000E+00
         0.000000000000000E+00         0.000000000000000E+00         0.000000000000000E+00
         0.000000000000000E+00         0.000000000000000E+00         0.000000000000000E+00
         0.000000000000000E+00         0.000000000000000E+00         0.000000000000000E+00
         0.000000000000000E+00         0.000000000000000E+00         0.000000000000000E+00
         1.003726720809937E+00         1.262975501958863E-06        -5.408202774503934E-10
         1.003488898277283E+00         1.107882894757495E-06        -4.844818435323361E-10
         1.003340005874634E+00         8.885523357093916E-07        -3.885876065368166E-10
         1.003262758255005E+00         4.758320244491188E-07        -2.028485157623550E-10
         1.002922892570496E+00         4.936738378091832E-07        -2.120106035174985E-10
         1.002537250518799E+00         5.859622547177423E-07        -2.558200318247827E-10
         1.002379655838013E+00         2.950974931081873E-07        -1.501851004670485E-10
         1.002519726753235E+00        -7.974795934728718E-09        -6.968738780477324E-11
         1.002641320228577E+00        -8.305502063876702E-08        -5.825450538621268E-11
         1.002576470375061E+00        -1.294096989568061E-07        -1.853558799502775E-11
         1.002302050590515E+00         9.921463828277410E-08        -9.312525750537759E-11
         1.002100706100464E+00         3.812907323208492E-07        -1.607704525063980E-10
         1.002246737480164E+00         3.292709038760222E-07        -1.222093953812120E-10
         1.002250313758850E+00        -1.243324376787314E-08         4.167139550093069E-11
         1.002301216125488E+00        -4.016224579572736E-07         1.962431189772573E-10
         1.002317309379578E+00        -6.690290774713503E-07         2.908716878469164E-10
         1.002007603645325E+00        -6.868667696835473E-07         2.820572664319343E-10
         1.001520991325378E+00        -3.582980525607127E-07         1.174435271256158E-10
         1.001395225524902E+00        -4.934913704346400E-07         1.538528748845636E-10
         1.001260280609131E+00        -5.139449967828114E-07         1.308807784372590E-10
         1.001201152801514E+00        -4.920534024677181E-07         9.353458979566298E-11
         1.001194834709167E+00        -5.993846343699261E-07         1.259449350365927E-10
         1.000863790512085E+00        -5.395521611717413E-07         1.142923047869893E-10
         1.000292658805847E+00        -2.099307039316045E-08        -6.508752564693410E-11
         1.000075221061707E+00         2.488421841917443E-07        -1.531734322712808E-10
         1.000004887580872E+00         4.799106818609289E-07        -2.301936280479921E-10
         1.000063180923462E+00         4.570797216274514E-07        -1.966507234829606E-10
         1.000169754028320E+00         2.024678167344973E-07        -6.806585850505087E-11
         1.000547766685486E+00        -2.431118844015145E-07         1.143870484443532E-10
         1.000641942024231E+00        -2.526204241348751E-07         1.074535668776910E-10
         1.000655174255371E+00        -1.417732278241601E-07         3.451288560496479E-11
         1.000602364540100E+00        -2.611275249364553E-07         6.127772594899383E-11
         1.000355124473572E+00        -5.889695842142828E-08         2.926572525985272E-11
         9.998524188995361E-01        -1.529750193185464E-07         1.030602686524773E-10
         9.995173811912537E-01         6.185408185643837E-09         5.052903581659329E-11
         9.995547533035278E-01         1.449092401628604E-08         4.669417630331907E-11
         9.996834993362427E-01         1.514435297167438E-07        -6.671449850892408E-12
         9.995512366294861E-01         4.914234636999026E-07        -1.411570443865529E-10
         9.995370507240295E-01         5.433799969978281E-07        -1.766341101161473E-10
         9.996306896209717E-01         3.756329078896670E-07        -1.188311254951557E-10
         9.995970726013184E-01         3.116545883585786E-07        -1.161849158548556E-10
         9.995643496513367E-01         4.050391169130307E-07        -1.614599703936292E-10
         9.998359680175781E-01         1.776139981757296E-07        -6.741841807045290E-11
         1.000204443931580E+00         5.361332000575203E-08        -3.900219036623298E-11
         1.000551581382751E+00        -6.109138439569506E-07         1.879166128260223E-10
         1.000671744346619E+00        -7.529861818511563E-07         2.070596194503338E-10
         1.000730633735657E+00        -6.803668384236516E-07         1.539511018666673E-10
         1.000403046607971E+00        -2.989505389905389E-07         1.074790603738940E-11
         9.999979734420776E-01         7.806666246779059E-08        -1.014702905033360E-10
         9.997943639755249E-01         3.922489213437075E-07        -1.814552674783698E-10
         9.997389316558838E-01         5.663433739755419E-07        -2.375489804862241E-10
         1.000141382217407E+00        -4.002846409889571E-08        -1.024862573278940E-11
         1.000467061996460E+00        -6.549414592882385E-07         2.122832465367708E-10
         1.000454425811768E+00        -8.449254096376535E-07         3.191436281912985E-10
         1.000246405601501E+00        -7.042893344078038E-07         3.060910969132635E-10
         1.000319361686707E+00        -7.015924552433717E-07         3.384492963665053E-10
         1.000318408012390E+00        -5.703619194719067E-07         2.854590175349614E-10
         1.000556945800781E+00        -8.503496360390272E-07         3.446255780747975E-10
         1.000941276550293E+00        -1.361832346447045E-06         5.228229515985561E-10
         1.001050710678101E+00        -1.066829895535193E-06         4.199886549649534E-10
         1.000906229019165E+00        -9.067024393516476E-07         3.657092406683660E-10
         1.000199437141418E+00         7.257629874857230E-08         3.443584306594971E-11
         9.996861219406128E-01         5.620938736683456E-07        -1.166142737929476E-10
         9.996415972709656E-01         6.112534833846439E-07        -1.322714715534801E-10
         9.996765255928040E-01         5.853696620761184E-07        -1.167363844478686E-10
         9.995893239974976E-01         8.930209673962963E-07        -2.070256605035681E-10
         9.993805289268494E-01         9.915829650708474E-07        -2.153449640829308E-10
         9.992862939834595E-01         1.005282570076815E-06        -2.238308705049263E-10
         9.994380474090576E-01         9.090369417208422E-07        -1.974711089092196E-10
         9.993864893913269E-01         1.013733253785176E-06        -2.556874434400669E-10
         9.998329877853394E-01         5.530560542865715E-07        -1.303207958214259E-10
         1.000058650970459E+00         3.575728726445959E-07        -1.502406948850066E-10
         9.999865889549255E-01         9.921944155166784E-08        -1.137941407769461E-10
         1.000110626220703E+00         9.977247827919200E-08        -1.237064756187678E-10
         1.000156283378601E+00         2.573026733898587E-07        -2.093361178845399E-10
         1.000236868858337E+00         1.872526098622984E-07        -1.856392678467600E-10
         1.000190615653992E+00        -1.454059717076461E-08        -1.056690707157415E-10
         1.000142574310303E+00        -7.785148170569300E-08        -4.644667983555451E-11
         1.000196576118469E+00        -3.666562236048776E-07         1.122004988918235E-10
         1.000124216079712E+00        -9.499888165009907E-08         2.569516821537832E-11
         1.000070214271545E+00         6.769852234356222E-08        -5.344458556266751E-11
         1.000138998031616E+00         1.580869621875536E-07        -1.141540403870600E-10
         9.998723268508911E-01         3.017509868641355E-07        -1.736469024127274E-10
         9.998849034309387E-01        -3.749445554035447E-08        -4.107638534867064E-11
         9.998700022697449E-01        -1.141616507993604E-07         9.457301261561746E-12
         9.998380541801453E-01        -3.637478016571549E-07         1.384066333764977E-10
         9.998781681060791E-01        -5.635531579173403E-07         2.422883005337439E-10
         9.999311566352844E-01        -6.200584152793454E-07         2.525253339769051E-10
         9.998799562454224E-01        -3.511482589146908E-07         1.160258347732146E-10
         1.000157237052917E+00        -2.640295519995561E-07         6.802518270898616E-11
         1.000103235244751E+00        -1.048836253403351E-07        -1.200161151015955E-11
         1.000301480293274E+00        -2.688016138563398E-07         6.707819022455652E-11
         1.000464439392090E+00        -1.812552739011153E-07         2.598950221699425E-11
         1.000425100326538E+00        -2.163447447856015E-07         2.287669879919019E-11
         1.000437140464783E+00         5.242708933650420E-09        -6.712427835786627E-11
         1.000580668449402E+00        -2.938312775313534E-07         8.619360086781214E-11
         1.000892519950867E+00        -6.389234386006137E-07         2.424793699162819E-10
         1.000799536705017E+00        -7.412613172164129E-07         3.143980908948407E-10
         1.000641226768494E+00        -7.600540925523092E-07         3.493769162865590E-10
         1.000489234924316E+00        -4.335029473168106E-07         2.334138160531296E-10
         1.000122070312500E+00         1.638094637712584E-08         6.343002512121387E-11
         9.998078942298889E-01         4.136876725624461E-07        -8.316906885408315E-11
         9.995022416114807E-01         9.811249128688360E-07        -3.187037578289420E-10
         9.995536208152771E-01         8.446658625871351E-07        -2.630383133528369E-10
         9.999274611473083E-01         1.035808878668831E-07         1.800139724783545E-11
         1.000317454338074E+00        -1.044446548803535E-06         4.495697147888222E-10
         1.000480532646179E+00        -1.340878384326061E-06         5.799168922848708E-10
         1.000051259994507E+00        -5.622339926958375E-07         2.983673863532488E-10
         1.000092983245850E+00        -4.467623568871204E-07         2.124562609173708E-10
         1.000071167945862E+00        -6.372312668645463E-07         2.602953685926224E-10
         1.000087380409241E+00        -5.361142711990396E-07         2.141493371521364E-10
         1.000088810920715E+00        -3.695246846291411E-07         1.164311147494601E-10
         1.000026345252991E+00        -2.884548280235322E-07         6.725234952265069E-11
         9.997330307960510E-01         2.538975252264208E-07        -1.530543747296775E-10
         9.997344613075256E-01         3.248398456889845E-07        -2.233455226319236E-10
         9.997371435165405E-01         5.920141461501771E-07        -3.250996694070807E-10
         9.998099803924561E-01         2.248409600724699E-07        -1.926046266920167E-10
         9.999610185623169E-01        -2.821778650741180E-07         1.357995638683052E-12
         9.999143481254578E-01        -6.419253963940719E-07         1.270820532139894E-10
         1.000052452087402E+00        -8.691090442880522E-07         1.594387816217235E-10
         9.996866583824158E-01        -4.214407738345471E-07         7.521844952451673E-11
         9.994782209396362E-01        -2.295418966014040E-08         1.589853942940422E-11
         9.993004798889160E-01         1.269205540666007E-07         1.497497958968808E-11
         9.994330406188965E-01        -1.251737415941534E-07         7.869599416565620E-11
         9.995873570442200E-01        -4.330925378326356E-07         2.030043633194367E-10
         1.000019311904907E+00        -6.685736479994375E-07         2.847183877552339E-10
         1.000121593475342E+00        -6.832440817561292E-07         2.306892732395482E-10
         1.000325441360474E+00        -7.205460974546440E-07         2.040628221955387E-10
         1.000271439552307E+00        -5.953212394160801E-07         1.444097202929484E-10
         1.000170707702637E+00        -1.688602395688577E-07         2.312081429090007E-11
         9.997020959854126E-01         2.076803156114693E-07        -4.829705385622773E-11
         9.997023344039917E-01         3.454395027802093E-07        -6.774455302283044E-11
         9.997098445892334E-01         6.005826094224176E-07        -1.605786892344696E-10
         1.000073432922363E+00         4.890709988103481E-07        -1.578417951897393E-10
         1.000119924545288E+00         3.548197184954915E-07        -9.166154640860569E-11
         1.000089526176453E+00         2.186890242228401E-07         3.989008429128305E-11
         1.000078916549683E+00         2.383102071235044E-08         1.263159715714224E-10
         1.000427722930908E+00        -3.638911607595219E-07         2.578324775903695E-10
         1.000802993774414E+00        -8.650179665892210E-07         4.400774467061552E-10
         1.000876784324646E+00        -1.022642550196906E-06         5.506896050277987E-10
         1.000444173812866E+00        -7.548809435320436E-07         4.890740590290932E-10
         1.000353097915649E+00        -5.929865665166290E-07         4.507868245351432E-10
         9.999962449073792E-01         7.317606076640004E-08         1.902239338269496E-10
         9.997298717498779E-01         3.841010425276181E-07         4.095859762465182E-11
         9.996716380119324E-01         5.444197768156300E-07        -5.128897653805531E-11
         9.995980262756348E-01         3.344328831644816E-07         6.201966024077521E-11
         9.997793436050415E-01        -5.282187203192734E-07         3.822920868756796E-10
         1.000049591064453E+00        -1.293248146794213E-06         6.015986042662291E-10
         1.000321388244629E+00        -1.298857455367397E-06         5.544954495562138E-10
         1.000572323799133E+00        -1.940510173881194E-06         7.964545134520051E-10
         1.000490307807922E+00        -1.161924387815816E-06         4.438771017412080E-10
         9.999859333038330E-01        -5.331999091140460E-07         1.590646364624249E-10
         1.000338912010193E+00        -6.576732971552701E-07         1.423207246498137E-10
         1.000672101974487E+00        -1.444887402612949E-06         4.555418819940371E-10
         1.000928163528442E+00        -2.871518972824560E-06         9.844596249308779E-10
         1.000825047492981E+00        -3.215980086679338E-06         1.165374352574133E-09
         1.000316977500916E+00        -2.014888877965859E-06         7.184436379148451E-10
         1.000061035156250E+00        -9.026742304740765E-07         2.372344543033478E-10
         1.000518918037415E+00        -1.138438278758258E-06         2.970042822791896E-10
         1.000217795372009E+00        -6.703430699417368E-07         1.963944423755137E-10
         9.989560842514038E-01         1.061194893736683E-06        -3.149226157628249E-10
         9.983355998992920E-01         2.170898824260803E-06        -7.224857934140516E-10
         9.984213709831238E-01         2.040124854829628E-06        -7.372263355343023E-10
         9.985804557800293E-01         2.403796997896279E-06        -9.559775193679343E-10
         1.000161051750183E+00         3.873417142585822E-07        -3.124324687853175E-10
         1.000494718551636E+00        -2.878785920756854E-08        -2.138007687557675E-10
         1.000360608100891E+00         2.894379633744393E-07        -3.942227377873309E-10
         1.000516533851624E+00         1.879362940826468E-07        -3.159317807366335E-10
         1.000604152679443E+00         1.733446595153509E-07        -3.116069069442062E-10
         1.000718116760254E+00        -4.700296685200556E-08        -1.911114738684105E-10
         1.000907897949219E+00        -3.583329544198932E-07        -9.526618383048913E-11
         1.000570893287659E+00        -2.118328836786532E-07        -1.561400175820182E-10
         9.997007250785828E-01         7.457829838131147E-07        -4.690751675973104E-10
         9.988237619400024E-01         2.073105861200020E-06        -8.387485150862517E-10
         9.982450604438782E-01         2.280285343658761E-06        -7.590496009513004E-10
         9.979764223098755E-01         2.533944552851608E-06        -7.838761861833632E-10
         9.980881810188293E-01         2.216839448010433E-06        -6.447749001381453E-10
         9.984351992607117E-01         1.451603793611866E-06        -3.860056718707483E-10
         9.988855719566345E-01         1.353803668280307E-06        -4.346095427987251E-10
         9.992130398750305E-01         5.460171337290376E-07        -1.404798360971071E-10
