         1.000623703002930E+00        -1.322803342418410E-07         1.914054158225209E-11
         1.002131581306458E+00        -1.814521397136559E-06         5.793291957267854E-10
         1.002336740493774E+00        -2.152893102902453E-06         7.111666255887883E-10
         1.001805067062378E+00        -6.518163786495279E-07         7.672125434954324E-11
         1.002274155616760E+00        -1.442062171008729E-06         2.844061930407094E-10
         1.002547860145569E+00        -1.354670530417934E-06         2.426570056002220E-10
         1.002713561058044E+00        -1.473792735851021E-06         3.433822115539442E-10
         1.002314567565918E+00        -1.639943775444408E-06         5.346276199524880E-10
         1.001686811447144E+00        -1.395410322402313E-06         4.972441347561585E-10
         1.000754475593567E+00         1.626516450414783E-07        -9.292368957636299E-12
         1.000057458877563E+00         8.897889642867085E-07        -2.370832696829694E-10
         1.000001311302185E+00         6.611163598790881E-07        -1.558539408641479E-10
         1.000244736671448E+00        -7.738773177834446E-09         4.782063287023242E-11
         1.000940322875977E+00        -1.098478492167487E-06         4.449419999108528E-10
         1.000839948654175E+00        -7.866199212003266E-07         4.078533066831369E-10
         1.000660300254822E+00        -3.472870560017327E-07         2.406852217529121E-10
         1.000043869018555E+00         7.289303880497755E-07        -6.852748923869001E-11
         1.000902175903320E+00        -6.494587410088570E-07         3.458411612644596E-10
         1.000892519950867E+00        -2.258173026348231E-07        -6.369507143944020E-10
         1.000877141952515E+00        -2.122399109794060E-07         2.823166700416380E-11
         1.000942349433899E+00        -8.053842179833737E-07         2.784578401193727E-10
         1.000648021697998E+00        -2.350927843508543E-07         1.750827122171117E-10
         1.000555992126465E+00         3.273235194001245E-08         1.255882342565684E-10
         1.000693559646606E+00        -1.474107875765185E-07         2.692509271096100E-10
         1.000935554504395E+00        -6.829254317608502E-08         2.094701218036121E-10
         1.001422166824341E+00        -4.042375394419651E-07         2.592954462254937E-10
         1.001180648803711E+00         2.492907924533938E-07         3.341485291588620E-12
         1.000946879386902E+00         4.186148316875915E-07        -5.718435447388259E-11
         1.000904798507690E+00         4.815562988369493E-07        -5.386838197729560E-11
         1.000974297523499E+00         5.251492325442086E-07        -4.757294905233245E-11
         1.001044869422913E+00         6.923362434463343E-07        -1.340733635224467E-10
         1.001244187355042E+00         2.140528891914073E-07        -5.776494907405727E-11
         1.001247048377991E+00        -1.923231849332296E-07        -1.162608412319521E-10
         1.001069426536560E+00        -1.036903398698996E-07         6.341699387846234E-11
         1.000855565071106E+00         4.571500369365822E-07        -1.795827930806126E-10
         1.000341892242432E+00         1.128742951550521E-06        -3.020279581988916E-10
         1.000008463859558E+00         3.755626210022456E-07        -3.273679070880942E-12
         9.994940757751465E-01         4.339642316608661E-07        -3.779528426339773E-11
         9.990532994270325E-01         9.909916798278573E-07        -2.340625193664181E-10
         9.986552596092224E-01         1.474267719459021E-06        -3.858378339050006E-10
         9.980326294898987E-01         1.886143422780151E-06        -5.247259848850661E-10
         9.984228014945984E-01         1.160743636319239E-06        -3.355958011486138E-10
         9.988706111907959E-01         5.428175882116193E-07        -2.189390613249742E-10
         9.985501766204834E-01         1.069785184881766E-06        -3.224037703475346E-10
         9.982200860977173E-01         1.199147959596303E-06        -3.654872238190165E-10
         9.982359409332275E-01         9.488719570072135E-07        -4.394164754284446E-10
         9.987337589263916E-01         5.894253263249993E-07        -2.632444540129342E-10
         9.988432526588440E-01         4.935037054565328E-07        -2.738160531645661E-10
         9.990029931068420E-01        -1.145379346922937E-08        -2.625020339985795E-11
         9.987852573394775E-01         3.250984264013823E-07        -1.528164261799247E-10
         9.985747337341309E-01         1.016465944303491E-06        -3.325299202661114E-10
         9.991329908370972E-01        -1.478765909723734E-07        -3.305122842078845E-11
         9.992950558662415E-01        -3.486175899070076E-07         7.639321814023603E-11
         9.990370869636536E-01         2.910833245550748E-07        -9.356844465902014E-11
         9.988229870796204E-01         9.299889143221662E-07        -4.230153727302621E-10
         9.986874461174011E-01         5.434537797555095E-07        -2.165623791405835E-10
         9.987629055976868E-01         5.953002073511016E-07        -1.781852720927901E-10
         9.991304278373718E-01         4.154852319970814E-07        -1.812398703338047E-10
         9.991942644119263E-01         6.325070103230246E-07        -1.888279949069371E-10
         9.995978474617004E-01         1.708441317305187E-07        -7.417853831181986E-11
         9.998276829719543E-01        -1.123493973409495E-07         4.371635692335119E-11
         1.000138878822327E+00        -6.787458914914168E-07         1.690800277565074E-10
         9.999673962593079E-01         4.335129233368207E-07        -1.616639183632529E-10
         1.000143527984619E+00         1.236974611629194E-07        -3.703851808589675E-11
         1.000605463981628E+00        -5.926702897340874E-07         7.472206187131292E-11
         1.000476002693176E+00        -3.817262950178701E-08        -1.320172027252653E-10
         1.000386357307434E+00         1.358704224685425E-07        -4.804458220153407E-11
         1.000651240348816E+00        -1.069114858864850E-07        -5.815787851304322E-10
         1.000083327293396E+00        -7.599918916412207E-08         2.073337612706894E-10
         9.997592568397522E-01         6.267529784054204E-07        -9.042458448682567E-11
         1.000151515007019E+00        -4.526971792984114E-07         2.126022552451090E-10
         1.000617265701294E+00        -1.321818899668870E-06         5.037814054809076E-10
         1.000414371490479E+00        -1.280072069675953E-06         5.015593496082715E-10
         1.000051856040955E+00        -5.107489187139436E-07         2.118681341478634E-10
         9.992262721061707E-01         4.222994505198585E-07         5.151638143852111E-11
         9.993934631347656E-01         2.221115238398852E-07         9.625200636520503E-11
         9.993172883987427E-01         2.446033704472939E-07         1.706490365682711E-10
         9.997765421867371E-01        -1.956736070951592E-07         4.043280710241959E-10
         1.000063419342041E+00        -1.003245643005357E-06         6.079580172624333E-10
         1.000174045562744E+00        -1.752396997289907E-06         8.550025132336714E-10
         9.996984004974365E-01        -3.342871366385225E-07         2.666477594281957E-10
         9.993464350700378E-01         2.519429074254731E-07         8.130253414950772E-11
         9.991009235382080E-01         4.868136898039666E-07        -1.236886548044991E-11
         9.988861083984375E-01         5.268895506560511E-07         9.020605443166296E-12
         9.988480806350708E-01         1.394938351495512E-07         4.190390048841586E-11
         9.993203878402710E-01        -1.027083129656603E-07        -5.292654092770022E-10
         9.990212321281433E-01         1.588386311368595E-07         1.320721587649842E-10
         9.991631507873535E-01        -1.815956380823991E-07         2.246018371288017E-10
         9.992924928665161E-01        -4.776944706463837E-07         3.104381751661833E-10
         9.993905425071716E-01        -2.533869860599225E-07         1.879087857536987E-10
         9.994470477104187E-01         5.022343998462020E-07        -7.577460880980880E-10
         9.994550347328186E-01         6.490839155048889E-07        -5.760633636775481E-11
         9.990221261978149E-01         1.750924525367736E-06        -3.789660807385076E-10
         9.996532201766968E-01         9.908774245559471E-07        -1.594959442297039E-10
         1.000837683677673E+00        -4.968413591655008E-08        -7.196628293293372E-10
         1.000192880630493E+00         1.238757363353216E-07         1.424184381537685E-10
         1.000213742256165E+00         8.224594338912539E-09        -5.837542116360339E-10
         1.000353336334229E+00        -6.881862191221444E-08        -6.455077028455491E-10
         1.000262975692749E+00        -2.029090637734043E-07        -5.418881454666291E-10
         1.000161767005920E+00         2.562179588494473E-07        -6.044261202653445E-10
         1.000444769859314E+00        -7.461648188211711E-09        -4.763835437238129E-10
         9.995114207267761E-01         9.988411875383463E-07         1.085647960419323E-10
         9.998806715011597E-01         5.922174750594422E-07         1.911582697688985E-10
         9.999399185180664E-01         2.664584428657690E-07         2.452996694657372E-10
         9.999795556068420E-01        -2.088897304020065E-07         4.155766841762443E-10
         1.000654697418213E+00        -1.527333665762853E-06         8.103208659626659E-10
         1.000470042228699E+00        -1.561993258292205E-06         9.003767176274380E-10
         9.997467398643494E-01        -2.709807915834972E-07         3.778357626771367E-10
         9.998461604118347E-01        -2.817148185840779E-07         3.563696282515849E-10
         9.999774694442749E-01        -1.429709186595574E-07         3.851257091014304E-10
         1.000291109085083E+00        -5.162642082723323E-07         4.829408539741564E-10
         1.000437498092651E+00        -2.946559618521860E-07         2.754908523527888E-10
         1.001226425170898E+00        -7.495430054405006E-07        -4.905340023064753E-10
         1.001109600067139E+00        -5.742921871387807E-07        -3.614527288586800E-10
         1.000462651252747E+00        -2.377479262349880E-07        -1.083491907305500E-10
         9.996854066848755E-01         6.407958039744699E-07         2.407334886989076E-10
         9.998888373374939E-01        -1.964005491572607E-07         4.090338900919477E-10
         9.994047880172729E-01        -3.889741151397175E-07         4.236271611279818E-10
         9.992982149124146E-01        -2.020909875000143E-07         3.790025515648665E-10
         9.992836117744446E-01        -3.961118366646588E-08         3.295329564778626E-10
         9.995624423027039E-01        -3.087279054625469E-08        -4.520356311488172E-10
         1.000469326972961E+00        -1.191875185213576E-06        -1.941664606874838E-10
         9.999286532402039E-01        -1.721598721360351E-07        -1.917752623370461E-10
         9.999300837516785E-01        -1.829935314390241E-08        -6.114300732384947E-10
         1.000334978103638E+00        -3.249431586027640E-07        -6.033247235137651E-10
         1.000039219856262E+00         4.618738103090436E-07        -7.941048374426884E-10
         9.995178580284119E-01         6.039073809915863E-07        -4.391134122982976E-10
         9.998876452445984E-01         1.052427123227062E-08        -6.007168096289206E-10
         9.993745088577271E-01         1.148789237959136E-06        -4.946940079797457E-10
         1.000100255012512E+00         2.642542824560223E-07        -4.321799584872110E-10
         1.000020265579224E+00         6.662164082626987E-07        -6.295875487616343E-10
         1.000066995620728E+00         2.022474205887193E-07        -4.768618278028214E-10
         9.993345737457275E-01         4.371132149572077E-07         2.093425849336583E-10
         9.990441203117371E-01         6.925706088622974E-07         1.104585797828683E-10
         9.992739558219910E-01         5.565769356508099E-07         1.782696906760250E-10
         9.991663694381714E-01         9.209394420395256E-07         5.660620930325599E-11
         9.991358518600464E-01         7.528711307713820E-07         1.264893190189298E-10
         9.997572302818298E-01         2.984035631925508E-07         2.671083632055371E-10
         1.000609517097473E+00         8.656231642589773E-08        -4.547172360869212E-10
         1.000517725944519E+00         4.791817787008767E-07        -4.932992903050604E-10
         1.000511288642883E+00        -2.566830126227160E-08         3.322058739207989E-10
         1.000555276870728E+00         5.916089662605373E-07        -5.183345419546015E-10
         1.000149250030518E+00         4.152232406795520E-07         2.360753259544879E-10
         1.000751733779907E+00        -8.807357687601325E-08        -4.225665650725574E-10
         1.000530838966370E+00        -5.704283125851362E-07         5.783613588050684E-10
         1.000273227691650E+00        -2.851234626177757E-07         5.900970823091711E-10
         9.999110102653503E-01        -2.429367498280044E-07         6.358976123443938E-10
         1.000128984451294E+00        -1.078373998097959E-06         8.313820742955613E-10
         1.000355243682861E+00        -8.377531912628911E-07        -5.295565722041040E-11
         1.000482082366943E+00        -1.418556848875596E-06         1.886305278642197E-10
         1.000002980232239E+00        -5.896661150472937E-07         1.836326923854159E-10
         9.998652935028076E-01         7.750583819188250E-08        -3.718897134685761E-10
         9.997566342353821E-01         7.995791406756325E-08        -6.479344144549870E-11
         9.998491406440735E-01        -6.738856228594159E-08        -2.718574532156737E-10
         9.995648860931396E-01         6.533471150760306E-07        -3.518919600153936E-10
         9.995929598808289E-01         5.888343821425224E-07         2.252110581357769E-10
         1.000063657760620E+00         3.268654324983800E-07         3.416083804719250E-10
         1.000240206718445E+00        -4.380173024287615E-08         3.873460441283783E-10
         1.000518918037415E+00        -6.880705427647626E-07         6.133129559771078E-10
         1.000587940216064E+00        -2.252260600243972E-07         4.675321796376863E-10
         1.001178622245789E+00        -8.442979151368490E-07         7.210753105724166E-10
         1.000975728034973E+00        -3.639755448148208E-07         5.414323989150205E-10
         1.000901937484741E+00        -2.395567548774125E-07         4.720348556475074E-10
         1.000798940658569E+00        -7.301095905631882E-08         3.375870138988546E-10
         1.000559449195862E+00        -3.578740006560110E-07         3.468520470839564E-10
         1.000183820724487E+00         1.828521050128984E-07        -4.835945532910557E-10
         1.000390529632568E+00        -1.950036931930299E-07        -4.167400591281734E-10
         1.000267863273621E+00         2.193033168396141E-07        -5.228218413755314E-10
         1.000721096992493E+00        -5.400420377554838E-07        -4.273026654733059E-10
         1.000610470771790E+00        -5.455559062284010E-07        -3.735422249295794E-10
         1.000344991683960E+00        -2.990862242313597E-07        -4.764701411197336E-10
         1.000470876693726E+00        -6.790361339881201E-07        -3.760906308603040E-10
         1.000365495681763E+00        -4.055625595356105E-07        -2.998348791471983E-10
         1.000192880630493E+00        -2.506304213056865E-07        -2.955117539560348E-10
         1.000123262405396E+00        -8.936162316786067E-07         5.938485259093795E-10
         1.000317573547363E+00        -6.255076527850179E-07        -1.822559048125783E-10
         1.000923275947571E+00        -1.827428604883607E-06         8.666297679482682E-10
         9.933495521545410E-01         7.362128144450253E-06        -1.618503331357601E-09
         9.968748092651367E-01         3.520986410876503E-06        -1.347223665959518E-09
         9.962190389633179E-01         4.261798039806308E-06        -7.884683461689690E-10
         9.998834729194641E-01         2.927532136709488E-07        -4.913867091005386E-10
         1.000845670700073E+00        -4.092352128282073E-07        -2.994593739646945E-10
         0.000000000000000E+00         0.000000000000000E+00         0.000000000000000E+00
         0.000000000000000E+00         0.000000000000000E+00         0.000000000000000E+00
         0.000000000000000E+00         0.000000000000000E+00         0.000000000000000E+00
         9.992783069610596E-01        -5.779730258836935E-07        -1.944740757320318E-10
         9.997418522834778E-01        -7.973094966473582E-07        -1.430415369485516E-10
         9.994094967842102E-01         4.283453733933129E-07        -8.999596068370863E-10
         9.990816116333008E-01         5.925437562837033E-07        -6.321000389775122E-10
         9.987207055091858E-01         6.747364409420697E-07         1.911400621112946E-10
         9.991402029991150E-01        -1.075818403251105E-07         1.319503950547585E-10
         9.994180202484131E-01        -5.615102054434828E-07         1.829122131535854E-10
         9.995609521865845E-01        -6.437188062591304E-07         1.750437017555839E-10
         9.993541836738586E-01        -1.985960835781952E-07         1.155441090028297E-10
         9.996312856674194E-01        -4.324149927015242E-07         2.059243747742912E-10
         1.000103116035461E+00        -5.949986530140450E-07         1.737654048428183E-10
         1.000549554824829E+00        -8.526072292625031E-07         2.344005267662652E-10
         1.000567436218262E+00        -6.156013228064694E-07         2.720629277419562E-10
         1.000830411911011E+00        -1.106608351619798E-06         2.307246199650947E-10
         1.001011133193970E+00        -9.918553587340284E-07         1.612686234553351E-10
         1.000819206237793E+00        -3.130717232124880E-07         1.480981864920849E-10
         1.000525951385498E+00         1.102573463640510E-07         1.994974324626142E-10
         1.000093221664429E+00         4.095399788184295E-07         1.078531274706362E-11
         9.996322393417358E-01         7.124215812837065E-07         2.885120788109763E-11
         9.996127486228943E-01         8.799890451882675E-07        -1.328051280058418E-10
         9.998201727867126E-01         1.009833681564487E-06        -2.199203735786526E-10
         1.000128865242004E+00         1.498119246434726E-07        -3.011628446625281E-11
         1.000040292739868E+00         1.412666392752726E-07         5.388354692992259E-11
         1.000153303146362E+00         3.742733554190636E-07        -5.874044306519721E-11
         1.000296711921692E+00         6.028442385286326E-07        -1.381739861416875E-10
         1.000939249992371E+00        -1.385704138101573E-07        -2.435939124023623E-11
         1.000934004783630E+00        -5.156671818440373E-07         1.364554164107190E-10
         1.000760912895203E+00        -2.660313498381583E-07         4.654404986426108E-11
         1.000722646713257E+00        -1.701009644250462E-08        -2.989811870302006E-11
         1.000716567039490E+00        -5.926646906573296E-08        -4.515311735620031E-11
         1.000864386558533E+00        -5.304877959133592E-07         9.906669928838596E-11
         1.000957608222961E+00        -6.270917083384120E-07         1.041761399367402E-10
         1.000585079193115E+00        -1.367302076005217E-07        -3.423620414944040E-11
         1.000248074531555E+00        -9.545487955620047E-08         9.312582649467771E-11
         9.998636841773987E-01         2.974764470309310E-07         3.621968697187228E-11
         9.998721480369568E-01         7.732293916262734E-09        -3.913772084196410E-11
         1.000177860260010E+00        -4.225853160733095E-07         9.491228636360205E-11
         1.000413060188293E+00        -1.049728439284081E-06         2.819139921506064E-10
         9.999316930770874E-01        -3.197152693701355E-07        -2.944466719057015E-12
         1.000272750854492E+00        -8.266478630503116E-07         2.112203857998485E-12
         1.000177145004272E+00        -8.621823326393496E-07        -5.260519797545271E-11
         9.997294545173645E-01         7.174048732849769E-08        -1.432619127494927E-11
         9.996507763862610E-01         4.850120376431732E-07        -2.386524311503990E-10
         9.994448423385620E-01         8.610635404693312E-07        -2.099044965619967E-10
         9.996981620788574E-01         2.606683722206071E-07         4.508977913264545E-11
         9.996975660324097E-01         4.618649995791202E-07        -1.907906610476573E-10
         9.998618960380554E-01         4.268574471666398E-08        -2.587107472695749E-10
         9.997605681419373E-01         3.821724305907992E-07        -1.973588931170056E-10
         9.997066259384155E-01         6.377953809533210E-07        -1.173682401267584E-10
         9.998577833175659E-01         5.257880388853664E-07        -1.302095653521462E-10
         9.993959665298462E-01         1.433394459127157E-06        -4.233877970438726E-10
         9.993426203727722E-01         1.000950760499109E-06        -1.692880696735344E-10
         9.995372295379639E-01         6.212853236320370E-07        -1.784947051275410E-10
         9.995177984237671E-01         3.353157751462277E-07        -1.588714160227767E-10
         9.998271465301514E-01        -3.382353384040471E-07        -5.115997556148777E-11
         9.995742440223694E-01         4.253531074027705E-07        -2.071997434738293E-10
         9.992797374725342E-01         7.916609092717408E-07        -2.391961073655580E-10
         9.991669654846191E-01         6.431078531932144E-07        -3.953735949746573E-11
         9.988605976104736E-01         1.240922415490786E-06        -3.220309297002899E-10
         9.988698363304138E-01         1.158041868620785E-06        -1.693238327327151E-10
         9.984762072563171E-01         1.910413857331150E-06        -3.159417727438552E-10
         9.986476898193359E-01         1.203260808324558E-06        -1.008222880183318E-10
         9.990476965904236E-01         3.920269193713466E-07         4.028341028805560E-12
         9.994351267814636E-01        -3.484016701804649E-07         6.861562013016353E-11
         9.997649788856506E-01        -8.487527907163894E-07         1.208989713896713E-10
         1.000180244445801E+00        -1.089190845959820E-06         2.335741045023099E-10
         1.000457644462585E+00        -9.861854550763383E-07         1.689957063177872E-10
         1.000503301620483E+00        -4.032238507534203E-07         1.096866208971647E-10
         1.000189185142517E+00         3.638579073594883E-07        -1.357654683120657E-10
         9.998478293418884E-01         6.475754616985796E-07        -1.169391944388920E-10
         9.996703863143921E-01         5.822393518428726E-07        -1.809812369413244E-11
         9.997090101242065E-01        -1.034540986211141E-07         1.721728454251448E-10
         9.993230700492859E-01         4.838320819544606E-07        -1.614729044918661E-10
         9.993616342544556E-01         2.308685225216323E-07        -1.187679676828424E-10
         9.996629953384399E-01        -1.847544837119131E-07         1.128018511931117E-11
         9.993572831153870E-01         4.563509605759464E-07        -1.646400377142143E-10
         9.997807741165161E-01         3.350507427057892E-08        -2.632192380724874E-11
         9.996803998947144E-01         3.616414971929771E-07        -7.509379923442694E-11
         1.000025391578674E+00        -2.425410912110237E-07         8.798026196465969E-11
         9.994429945945740E-01         6.205476665854803E-07        -4.824657340307681E-11
         9.996783137321472E-01         3.180405769853678E-07         4.520687643672083E-11
         9.999802708625793E-01         4.244727165314544E-07        -1.028500201671889E-10
         1.000239729881287E+00         1.280222790001062E-07        -8.952678876017472E-12
         1.000338792800903E+00        -3.787606885907735E-07         2.927049158607531E-10
         1.000525355339050E+00        -7.217350912469556E-07         2.250659658642462E-10
         1.000078201293945E+00         1.736837447197104E-07        -1.688054834803054E-10
         9.998849630355835E-01         2.379944987751514E-07        -3.790543920412226E-11
         9.998001456260681E-01         4.358674914328731E-07        -1.907653340849080E-10
         1.000153779983521E+00        -2.240649052964727E-07         7.252492356668583E-11
         1.000092983245850E+00        -2.885161336507736E-07         1.365204616021742E-10
         9.999727606773376E-01        -1.841275434344425E-07         5.013145454313417E-11
         1.000003337860107E+00        -6.803511496400461E-07         1.108828168172593E-10
         9.998556971549988E-01        -1.644491618435495E-07         1.643218373870159E-11
         9.994835257530212E-01         4.176471577466145E-07         2.879342077266589E-11
         9.996610283851624E-01         6.524449247535813E-08         8.895042341583448E-11
         9.991796612739563E-01         9.401903184880211E-07        -1.092029522364868E-10
         9.992867112159729E-01         8.035680707507709E-07        -7.676553837043798E-11
         9.996736645698547E-01         2.204256759341661E-07        -1.204489147310639E-10
         9.994411468505859E-01         3.378475810222881E-07        -1.385670189701926E-10
         9.992967844009399E-01         3.860085655560397E-07        -3.871900369767367E-11
         9.992683529853821E-01         5.781544700766972E-07        -1.057381057711915E-10
         9.995045065879822E-01         3.970080513227003E-07        -1.784326991716156E-10
         9.998036026954651E-01         2.586815561755884E-08        -6.375724254104043E-11
         9.999471902847290E-01         2.353176711267224E-07        -1.355388995483153E-10
         1.000113844871521E+00         9.322283744950255E-08        -1.045995443038628E-10
         1.000844597816467E+00        -1.090681621462863E-06         2.043978181154316E-10
         1.000305056571960E+00        -2.133748893129450E-07        -1.709155039719690E-10
         1.000124931335449E+00        -7.020149723757640E-07         3.878046148098058E-11
         9.999654293060303E-01        -5.953373829470365E-07         4.693870292449276E-11
         9.994701147079468E-01        -1.874351625019699E-07         1.031708468657300E-10
         9.990721940994263E-01         1.082873666291562E-07         7.466865320493454E-11
         9.988379478454590E-01         6.383194772752177E-07        -1.890670675575024E-10
         9.992742538452148E-01        -1.072901554266537E-07        -6.647431216588728E-11
         9.994754195213318E-01        -2.719499150316551E-07        -1.321928538855488E-10
         9.998351931571960E-01        -3.572727678147203E-07        -1.485198491968376E-10
         9.997966885566711E-01        -1.176665662683263E-07        -1.012166392366787E-10
         9.995705485343933E-01         3.872967226925539E-07        -7.922559830397802E-11
         9.999778270721436E-01         2.631566928812390E-07        -2.189057685120233E-10
         1.000266790390015E+00         3.328293587401276E-07        -2.758175909889360E-10
         1.001106619834900E+00        -7.543157494183106E-07         1.082870390578528E-10
         1.001240372657776E+00        -5.815913937112782E-07        -4.351867824436972E-11
         1.001038312911987E+00        -8.560590458728257E-08        -8.646270505119347E-11
         1.000388503074646E+00         9.408070127392421E-07        -2.601385495903941E-10
         1.000299334526062E+00         7.787525646563154E-07        -1.312807779152436E-10
         1.000187397003174E+00         7.321511930058477E-07        -1.541936717197601E-10
         1.000239253044128E+00         2.006605228643821E-07        -7.950794970318364E-13
         9.999936819076538E-01         3.450978738328558E-07         3.636473067114565E-11
         9.997414350509644E-01         7.649198892067943E-07        -2.153727474141220E-10
         9.998724460601807E-01         5.910941354159149E-07        -1.165057217367149E-10
         1.000079393386841E+00         3.450007284300227E-07        -3.302113443792720E-11
         1.000150322914124E+00         4.628219869573513E-07        -1.605237991142427E-11
         1.000262975692749E+00         4.225797738399706E-07        -1.974961028050615E-10
         1.000616908073425E+00        -5.958592623755976E-07         6.247805744985513E-11
         1.000535964965820E+00        -5.396917117650446E-07         9.217906993264080E-11
         1.000440835952759E+00        -6.858838332846062E-07         7.541798435761748E-11
         1.000026822090149E+00         2.499621416518494E-07        -1.400316945732172E-10
         1.000238060951233E+00        -7.480750809918391E-07         2.915381269730233E-10
         9.995104074478149E-01         2.875639495414362E-07         1.011388889304854E-10
         9.994190931320190E-01         4.043593548885838E-07         5.524149193636418E-11
         9.997815489768982E-01         4.096602168601748E-08         1.098157884071860E-10
         9.999541640281677E-01        -6.475129907812516E-07         4.468315717431892E-10
         1.000049352645874E+00        -1.026229824674374E-06         3.255707370364291E-10
         9.998410940170288E-01        -4.968394478055416E-07         1.254911313752771E-10
         1.000068902969360E+00        -4.191268772046897E-07         3.474522405899627E-11
         1.000119924545288E+00        -1.437918371038904E-07        -1.977200174418936E-11
         1.000325083732605E+00        -3.855020906939899E-07         5.402314012803444E-11
         1.000284910202026E+00        -2.868760304863827E-07         1.023743451122883E-10
         1.000277400016785E+00        -6.460585666445695E-08        -1.168119212469065E-10
         1.000349998474121E+00        -1.672837868227361E-07        -3.129812034541324E-11
         1.000063538551331E+00         3.898402383128996E-07        -3.626622960273274E-11
         9.996457099914551E-01         5.709022730115976E-07        -1.107696365187927E-10
         9.997902512550354E-01         4.424130395364045E-07        -1.182728914805864E-10
         9.997979998588562E-01         2.161118715093835E-07        -2.025752829371008E-11
         9.997208118438721E-01         2.501194273918372E-07         8.824048262912054E-12
         9.996287226676941E-01         6.772745919647605E-09         5.721088186527723E-11
         9.994364976882935E-01         3.092207236932154E-07        -7.551307495967663E-11
         9.994027614593506E-01         8.956091051004478E-07        -2.205107485497848E-10
         9.998210668563843E-01         2.823647378136229E-07        -5.059614185953798E-11
         9.997941851615906E-01         4.913631457270640E-08        -1.424111661929572E-10
         9.999728798866272E-01        -5.342723170542740E-07         2.546887527266062E-11
         1.000301837921143E+00        -8.637280188850127E-07         7.332710827423483E-11
         1.000344991683960E+00        -7.025316790532088E-07         1.345085293147363E-10
         1.000355720520020E+00        -1.064404500539240E-06         2.083132000230137E-10
         1.000023961067200E+00        -2.809250361224258E-07         7.694295894866698E-11
         1.000000119209290E+00        -1.734966481592437E-08         1.635752922002354E-10
         9.998990297317505E-01         3.282003717686166E-07         1.223594142674145E-10
         9.992966055870056E-01         1.539243726256245E-06        -7.451837757965762E-11
         9.996959567070007E-01         9.676505214883946E-07         6.689630793754731E-11
         9.994443655014038E-01         1.259124474017881E-06         9.501914012555179E-12
         9.993813633918762E-01         1.119049557019025E-06         7.277750450895848E-12
         9.998454451560974E-01         2.656226172348397E-07         1.123356407894960E-10
         9.996993541717529E-01         3.873817320254602E-07         8.626643843712145E-11
         9.992999434471130E-01         1.059286432791851E-06        -8.360524772488276E-11
         9.991108179092407E-01         1.100888653127186E-06         6.055443646513226E-11
         9.987100958824158E-01         1.535252749818028E-06        -7.001648566484775E-11
         9.984579086303711E-01         1.673980591476720E-06         6.104333011291985E-11
         9.983599781990051E-01         1.706443867988128E-06        -1.245644837277737E-10
         9.987212419509888E-01         1.395263893755327E-06        -4.376977946751737E-11
         9.981692433357239E-01         1.868306412688980E-06        -1.363419654953901E-10
         9.989477396011353E-01         1.358743134005636E-06        -1.237915603358175E-10
         1.000075459480286E+00        -1.817596313458125E-07         2.635858198374308E-10
         0.000000000000000E+00         0.000000000000000E+00         0.000000000000000E+00
         0.000000000000000E+00         0.000000000000000E+00         0.000000000000000E+00
         0.000000000000000E+00         0.000000000000000E+00         0.000000000000000E+00
         0.000000000000000E+00         0.000000000000000E+00         0.000000000000000E+00
         1.001395702362061E+00        -3.911026396963280E-06         1.701723317815151E-09
         1.000939607620239E+00        -2.167123284380068E-06         6.611261538225222E-10
         1.001507878303528E+00        -4.886601345788222E-06         3.167178075358379E-09
         1.000886678695679E+00        -1.411861717315332E-06        -4.824543542447657E-10
         1.000751495361328E+00        -9.587331533111865E-07        -2.451460701102803E-10
         1.000908493995667E+00        -7.376548296633700E-07        -4.899224914645117E-10
         1.000795602798462E+00        -6.552658078362583E-07         1.763268697718701E-10
         1.000882983207703E+00        -6.165965373838844E-07         1.356452727918622E-10
         1.001108884811401E+00        -3.086654487560736E-07        -5.109153655702414E-10
         1.001187443733215E+00        -6.815891993028345E-07        -4.884153081974318E-10
         1.000856876373291E+00        -5.366234745451948E-07         1.987271736059171E-10
         1.000979781150818E+00        -4.849500214731961E-07        -4.377219975371105E-10
         1.001246690750122E+00        -1.075590375876345E-06        -3.235782197741344E-10
         1.001255512237549E+00        -1.071788801709772E-06        -3.038611029460014E-10
         1.000570297241211E+00        -6.894498483234202E-07         2.331956017176395E-10
         1.000389933586121E+00        -5.117274781696324E-07         1.695725920791702E-10
         9.999978542327881E-01         1.727846949961531E-07        -5.077340891473936E-12
         9.996953010559082E-01         5.334884889407476E-08         6.109921596442192E-11
         9.996515512466431E-01        -1.346406293123437E-07         1.560488127605453E-10
         9.994111657142639E-01        -1.906685014319009E-07         2.954927968978893E-10
         9.992054104804993E-01         3.198408080606896E-07         1.724250187074006E-10
         9.994914531707764E-01         3.896739428910223E-07        -4.873122461113155E-10
         9.998641610145569E-01         3.102131529431063E-07        -4.604897019255816E-10
         1.000209450721741E+00        -1.596143164306341E-07         3.196037323682788E-10
         1.000418901443481E+00        -3.437369002767809E-07         4.361455363532940E-10
         1.000746965408325E+00        -8.263325526058907E-07         5.172860473301455E-10
         1.000265598297119E+00        -4.621736877652438E-07         3.640396317727834E-10
         1.000075101852417E+00        -9.029092211676470E-07         5.192007379584140E-10
         9.996365308761597E-01        -5.931585178586829E-07         4.123425489943600E-10
         9.998930096626282E-01        -8.780327789281728E-07         4.500354255920769E-10
         9.998512268066406E-01        -6.552283480232290E-07         3.790422142824212E-10
         9.999324083328247E-01        -5.340871780390444E-07         3.951837468374464E-10
         1.000149846076965E+00        -5.686082431566319E-07         4.671997233529623E-10
         1.000238537788391E+00        -1.086979963815793E-07         3.139156157239142E-10
         1.000276803970337E+00         2.718640814691753E-07        -3.877096699245186E-10
         1.000551700592041E+00        -1.578282251557539E-07        -3.165681605743487E-10
         1.000487327575684E+00         5.048843476629372E-08        -3.327726150192944E-10
         1.000599980354309E+00        -3.780090906957412E-08        -4.525124996934693E-10
         1.000115394592285E+00         2.143421937716994E-07         1.804067867317016E-10
         9.999034404754639E-01         4.901721126771008E-07         1.244182395998550E-10
         1.000884771347046E+00        -3.850411474104476E-07        -3.972439044375164E-10
         1.001087427139282E+00        -7.083439754751453E-07        -3.338632703631106E-10
         1.001034736633301E+00        -2.659831750406738E-07        -3.402750581305014E-10
         1.000962734222412E+00        -7.685544574087544E-07         5.054268670257045E-10
         1.000815629959106E+00        -1.126807887885661E-06         6.705662136674562E-10
         1.000501751899719E+00        -9.255585382561549E-07         6.199296631592688E-10
         1.000382423400879E+00        -9.002621368381369E-07         5.478789089075065E-10
         1.000526547431946E+00        -1.028738893182890E-06         3.858653305731374E-13
         1.000503420829773E+00        -6.969741548346065E-07        -1.609665456481224E-10
         1.000188827514648E+00        -4.515867431109655E-07        -2.312357250122687E-10
         1.000332713127136E+00        -7.463013318442790E-09        -3.260025582818571E-10
         1.000259637832642E+00        -1.627170576057324E-07         2.823176969979357E-10
         1.000426054000854E+00         2.112832220291239E-07        -3.808626469758991E-10
         1.000309586524963E+00        -1.050908267075101E-07         2.171933743966292E-10
         9.998628497123718E-01         2.259910445445712E-07         1.872629551424865E-10
         1.000230312347412E+00        -3.978282165917335E-07        -1.093794638196144E-10
         1.000302553176880E+00        -1.946171721556311E-07        -4.201834991057751E-10
         9.999012947082520E-01         7.269455295499938E-07        -6.727585155630322E-10
         9.997302889823914E-01         7.352732609433588E-07        -4.684618803985074E-10
         9.996052980422974E-01         8.951442964644230E-07        -5.020268645239412E-10
         9.991741776466370E-01         8.169031389115844E-07         9.894540048405176E-11
         9.989855289459229E-01         4.089737899448664E-07         1.595626270001205E-10
         9.987257719039917E-01         4.683158749685390E-07         1.255549275658296E-10
         9.989566206932068E-01         3.108407042873296E-07         1.620863721019106E-10
         9.990923404693604E-01         3.032835422800417E-07         1.247632414047573E-10
         9.991860389709473E-01         6.172295456963184E-07         1.026452464691907E-10
         9.996759295463562E-01         2.493619888355170E-07        -5.676061287651635E-10
         9.998419284820557E-01         9.739491702021041E-08        -5.472980957321738E-10
         1.000027656555176E+00        -3.256127456552349E-07         1.848044356433931E-10
         1.000135898590088E+00        -3.016107186226691E-08         1.728037296588880E-10
         1.000150442123413E+00        -9.817466661843355E-08         2.273327082136234E-10
         9.997156858444214E-01         4.531702586518804E-07         9.223585090145647E-11
         9.996996521949768E-01        -7.609650509721178E-08         2.242633578841691E-10
         9.995239377021790E-01         3.046692143016116E-07         1.255146681033992E-10
         9.997012615203857E-01         4.046898141041311E-07        -1.072444975706854E-12
         1.000051498413086E+00         7.910790600362816E-08         7.076966790364736E-11
         1.000142216682434E+00        -4.181659107871383E-08         1.244849501258471E-10
         1.000232100486755E+00        -4.140882481351582E-07         1.731871451804423E-10
         9.998294711112976E-01         1.711895549760811E-07         6.670861085744662E-11
         9.996808767318726E-01         3.558971002348699E-07        -5.986933726553900E-10
         9.996559023857117E-01         3.984874865636812E-07        -5.964549965042920E-10
         9.994761943817139E-01         4.293582094305748E-07         8.953393582089575E-11
         9.999677538871765E-01         5.208617892549228E-08         4.888666207958359E-11
         9.999496340751648E-01         3.407241422337393E-07         6.955681169928951E-11
         1.000177979469299E+00         5.071311761639663E-07        -6.264697649527307E-10
         9.996070861816406E-01         6.617693202315422E-07        -8.632466963476304E-11
         9.993133544921875E-01         4.488537399538473E-07         1.406863341102405E-11
         9.993991851806641E-01         7.649221061001299E-07        -6.087429865742067E-11
         9.996729493141174E-01         5.245129273134808E-07        -1.112900813171613E-10
         9.997179508209229E-01         3.725855606262485E-07         3.147364660560648E-11
         9.997307658195496E-01         2.855527156953030E-07         6.054737267113808E-11
         9.998254776000977E-01         1.973794496734627E-07         9.565337411032715E-11
         9.999645352363586E-01         1.380139735829289E-07         8.959453318135857E-11
         9.996352791786194E-01         5.476317141983600E-07        -4.049001064987401E-11
         9.995327591896057E-01         1.300146301730365E-08         9.495203928677753E-11
         9.997705221176147E-01         1.537002702889367E-07         7.818770630940719E-11
         1.000373125076294E+00        -2.773373353193165E-07        -3.451523788999822E-10
         1.000581145286560E+00        -2.484370043021045E-07        -4.986510648841147E-10
         1.000475406646729E+00        -1.699426661616599E-07         2.151898242930272E-10
         1.000369668006897E+00         1.701019414213079E-07         5.631059160626783E-11
         1.000773906707764E+00        -2.839244359620352E-07        -3.835689543763010E-10
         1.000669598579407E+00        -2.321763048485082E-07        -4.618074533890848E-10
         1.000539064407349E+00        -3.052751651466679E-07        -4.977046552667730E-10
         0.000000000000000E+00         0.000000000000000E+00         0.000000000000000E+00
         9.996751546859741E-01        -2.122154825201505E-07         2.280010902300234E-10
         9.997861981391907E-01        -3.931858429950807E-07         2.293574913325713E-10
         9.993680715560913E-01        -1.782790803872558E-07         2.034488688629210E-10
         9.991961717605591E-01         4.034594880408804E-08         1.166015894948913E-10
         9.992251992225647E-01         1.781703531378298E-07         8.151677943768476E-11
         9.995995759963989E-01         4.653788892028388E-07        -4.535821718221200E-10
         9.997396469116211E-01         3.703122217757482E-07         4.131576678001458E-11
         9.995573163032532E-01         3.069779097586434E-07         9.002469603114349E-11
         9.996218085289001E-01        -5.582180495622424E-09         1.758771184245944E-10
         9.998748898506165E-01        -2.635786131577333E-07         1.332805810161375E-10
         9.997999072074890E-01        -1.845976385084214E-07         2.252885933362592E-10
         1.000082135200500E+00        -6.161918122415955E-07         3.282629446044183E-10
         1.000138998031616E+00        -7.357617164416297E-07         2.793795750299921E-10
         1.000147819519043E+00        -7.125636898308585E-07         3.327549069620517E-10
         1.000163078308105E+00        -9.659596571509610E-07         3.342123522376284E-10
         9.998059272766113E-01        -1.398750271164317E-08         2.522001704696741E-11
         9.998193979263306E-01         4.506562163442140E-07        -5.839183581102247E-10
         9.999649524688721E-01         4.224106362471503E-07        -5.409767078745631E-10
         1.000174045562744E+00         3.960244896461518E-07        -5.268053215878865E-10
         1.000264525413513E+00        -2.278285080592468E-07         2.222730194345601E-10
         1.000448942184448E+00        -8.072401556091791E-07         3.791525426954934E-10
         1.000481128692627E+00        -4.751500739530456E-07         3.391626424154026E-10
         1.000241875648499E+00         1.684768591303509E-07         1.144957670340396E-10
         9.999272823333740E-01         2.191461305756093E-07         4.227106858989416E-11
         9.997853636741638E-01         1.109448177771810E-07         7.943324470405244E-11
         9.998033046722412E-01        -2.667085041707651E-08         5.308354450450636E-11
         1.000022292137146E+00        -2.499105278275238E-08         1.447754936767520E-11
         1.000020265579224E+00        -9.210882723209579E-08         7.572349691731262E-11
         1.000022172927856E+00        -2.931585072474263E-07         1.240385710810088E-10
         9.995962977409363E-01         5.732280783377064E-07        -1.105143684898557E-10
         9.995621442794800E-01         4.524041230524745E-07        -9.318159438498341E-11
         9.998192191123962E-01         1.597788923390908E-07         3.932289910357767E-11
         9.997583031654358E-01         4.109428175524954E-07        -9.029111486258401E-11
         9.996480941772461E-01         4.765289816077711E-07        -1.242312364091447E-10
         9.994097948074341E-01         4.657426018184196E-07        -6.423618581496982E-11
         9.993864893913269E-01         1.098853346093165E-07         2.123886136407016E-11
         9.990707635879517E-01         6.566625074810872E-07        -1.997313564539027E-10
         9.992901086807251E-01         1.499352748624005E-07        -4.414829959942246E-11
         9.997262358665466E-01        -3.341566241488181E-07         1.641168173582841E-10
         9.996820688247681E-01        -4.006595020200621E-07         6.965356069699169E-11
         9.999262094497681E-01        -4.271684872492187E-07         1.510224723055842E-10
         1.000206708908081E+00        -3.343025696267432E-07         6.320386575220382E-11
         1.000523567199707E+00        -7.225876856864488E-07         2.600189508150663E-10
         1.000297784805298E+00        -2.403407393103407E-07         5.873802833011865E-11
         1.000282049179077E+00        -3.266160319981282E-07         7.090621839678235E-11
         1.000469446182251E+00        -5.321010121406289E-07         1.553597528403117E-10
         1.000670433044434E+00        -6.169227049213077E-07         1.510703506735211E-10
         1.001034379005432E+00        -1.012406187328452E-06         2.025236922609253E-10
         1.000794291496277E+00        -8.871797945175786E-07         2.437030299784482E-10
         1.000675916671753E+00        -1.236135290128004E-06         3.961082850612030E-10
         1.000489234924316E+00        -1.261660941054288E-06         4.057134350698988E-10
         1.000743389129639E+00        -1.535192723167711E-06         4.330128755558604E-10
         1.000773310661316E+00        -1.682580659689847E-06         5.135090130892195E-10
         1.000918030738831E+00        -1.778527575879707E-06         5.539557701439435E-10
         1.000934958457947E+00        -1.469588028157887E-06         3.845319618278609E-10
         1.000682353973389E+00        -6.948753252800088E-07         2.662886300353051E-10
         1.000672578811646E+00        -6.588176688637759E-07         2.874671056751765E-10
         1.000475168228149E+00        -5.037892378823017E-07         2.609674698561548E-10
         1.000463366508484E+00        -2.177621070131863E-07        -4.483337867622339E-10
         1.000170111656189E+00        -4.558980606361729E-07         2.527996145751388E-10
         1.000338792800903E+00        -6.169281050460995E-07         3.219682853661254E-10
         1.000289320945740E+00        -6.573056339220784E-07         3.373135659678894E-10
         1.000291228294373E+00        -3.885732269282016E-07         1.337366745124413E-10
         1.000158309936523E+00        -2.758570190053433E-07         1.337565613823699E-10
         1.000203609466553E+00        -1.388065840046693E-07         1.048405320891455E-10
         1.000229477882385E+00        -7.982751526469656E-08         1.575710395496088E-10
         1.000067591667175E+00        -2.382846133741623E-07         1.481840899986153E-10
         1.000436544418335E+00        -1.096592768590199E-06         4.014229226800836E-10
         1.000517725944519E+00        -1.158785153165809E-06         4.646281137610231E-10
         1.000658631324768E+00        -1.287271970795700E-06         4.270090669944437E-10
         1.001096129417419E+00        -1.679456090641906E-06         5.447640116784669E-10
         1.001133441925049E+00        -1.125990138461930E-06        -2.121389314213573E-10
         9.988085031509399E-01         1.356338430014148E-06        -2.830913836682214E-10
         1.000023245811462E+00        -9.036640591375544E-08         1.619715819800582E-11
         1.000389575958252E+00        -6.102780503169924E-07         1.845337355144139E-10
         1.001811027526855E+00        -2.512414312150213E-06         1.604520266651477E-10
         1.000666260719299E+00        -1.744520432112040E-06         6.268786600927001E-10
         0.000000000000000E+00         0.000000000000000E+00         0.000000000000000E+00
         0.000000000000000E+00         0.000000000000000E+00         0.000000000000000E+00
         0.000000000000000E+00         0.000000000000000E+00         0.000000000000000E+00
         0.000000000000000E+00         0.000000000000000E+00         0.000000000000000E+00
         9.984929561614990E-01         4.797404926648596E-06        -3.389866609637693E-09
         9.995344877243042E-01         2.326457661183667E-06        -2.094208362279915E-09
         9.989107847213745E-01         4.146966603002511E-06        -2.938945309338692E-09
         9.993153214454651E-01         3.050810391869163E-06        -2.437752444350849E-09
         9.997682571411133E-01         1.974876084887001E-07         1.498595969540162E-10
         9.988515377044678E-01         1.826820266614959E-06        -3.007950832856210E-10
         9.996097683906555E-01         5.237100708654907E-07        -8.100959139611952E-12
         9.997495412826538E-01         5.046998694524518E-07        -8.983217641977959E-11
         9.998121261596680E-01         1.106385738580684E-07         1.149214473583626E-10
         9.991039037704468E-01         1.529887640572269E-06        -2.227558970613330E-10
         9.995402097702026E-01         6.942200343473814E-07         6.591577283998618E-11
         9.998932480812073E-01         1.850910109624238E-07         3.737873205400533E-11
         1.000183224678040E+00        -4.701999216649710E-07         1.334763133353789E-10
         9.997902512550354E-01         4.549215759652725E-07        -1.907274199686171E-10
         9.997652769088745E-01         6.818468705205305E-07        -2.812215460501477E-10
         9.999904036521912E-01         4.797474844053795E-07        -7.919855049554059E-11
         1.000379920005798E+00        -1.158462126227278E-07         1.326133924894890E-10
         1.000406146049500E+00         2.065402924245063E-07        -4.109626181025838E-11
         1.000824093818665E+00        -8.413960017605859E-07         9.724284572021347E-11
         1.000648856163025E+00        -1.260184717466473E-06         3.755863120513681E-10
         1.000203609466553E+00        -3.572944820007251E-07         9.339492373916514E-11
         1.000449061393738E+00        -5.099751660964102E-07         1.854910808285481E-10
         1.000186443328857E+00         4.776935043082631E-07        -2.642980279077278E-10
         9.999446272850037E-01         9.669346354712616E-07        -2.043035185472775E-10
         9.999397397041321E-01         1.051824369824317E-06        -2.925416575649820E-10
         9.995980858802795E-01         1.624644824005372E-06        -4.887952265164586E-10
         9.998257756233215E-01         1.109055119741242E-06        -2.026202261529164E-10
         1.000201106071472E+00         1.116539351642132E-06        -4.365743877521311E-10
         1.000816226005554E+00        -3.299242621324083E-07        -2.508389329580751E-11
         1.000281095504761E+00         1.906461903899981E-07        -2.170888642460955E-11
         1.000594854354858E+00        -7.179214662755840E-07         9.262626082806591E-11
         1.000454545021057E+00        -6.027415224707511E-07         2.335776017048374E-10
         1.000172853469849E+00         3.724225550172378E-08        -1.014190467718556E-10
         1.000018715858459E+00         3.529496268583898E-07        -1.997541160259075E-10
         9.995868206024170E-01         8.342013870787923E-07        -3.282134009019444E-10
         9.997875690460205E-01         3.689567620313028E-07        -1.717227887665373E-10
         9.994789958000183E-01         1.122092157856969E-06        -4.245878371111900E-10
         1.000332713127136E+00        -1.173494410977582E-06         3.165455120246463E-10
         1.000242829322815E+00        -5.706304477826052E-07         3.226190495309034E-11
         1.000705003738403E+00        -1.268526489184296E-06         3.111481350348555E-10
         1.000506043434143E+00        -9.983875770558370E-07         3.106683521547637E-10
         9.999744892120361E-01        -1.655872097217070E-07         1.021966105491101E-11
         1.000019550323486E+00         1.886451705956915E-08        -1.751196687660439E-10
         1.000155925750732E+00         2.917930714829708E-07        -2.289870931759808E-10
         1.000367283821106E+00         1.006466945341344E-07        -2.006770721818540E-10
         1.000259757041931E+00         2.431652887935343E-07        -1.020441370291891E-10
         1.000130414962769E+00        -2.525412128306925E-07         2.186900105449752E-10
         1.000190615653992E+00        -2.161877148409985E-07         1.239376240524948E-10
         1.000640511512756E+00        -9.454688552068546E-07         4.913459639155349E-10
         1.000512361526489E+00        -1.786684435955976E-07         1.381523229149195E-10
         1.000285506248474E+00         4.476069648262637E-07        -8.465690648495894E-11
         1.000310301780701E+00         6.378705847964738E-07        -2.146151034665422E-10
         1.000098109245300E+00         7.323502586586983E-07        -2.183605102290542E-10
         9.999445676803589E-01         9.821446838031989E-07        -2.815730149041684E-10
         9.999691247940063E-01         8.696497957316751E-07        -1.684487271891300E-10
         9.999754428863525E-01         1.834782352716502E-07        -1.036184159308728E-12
         9.998142123222351E-01         3.254572504829412E-07        -1.436206570337717E-10
         9.997208118438721E-01         4.414064491697900E-08         4.781414500443226E-11
         9.998449087142944E-01        -2.565959107414528E-07        -1.521251180580663E-11
         9.997565150260925E-01         1.380757765900853E-07        -2.014796524063556E-10
         9.998031258583069E-01         4.018438914954459E-07        -3.807522630516758E-10
         1.000051498413086E+00        -1.842431629484054E-08        -2.053975600713187E-10
         1.000131011009216E+00         3.764631628655479E-07        -2.757906958361644E-10
         9.997819662094116E-01         7.474174026356195E-07        -2.473254379076195E-10
         9.999425411224365E-01        -9.324210736849636E-08        -7.230510027517179E-12
         9.994887113571167E-01         1.294553158004419E-06        -6.105695393721078E-10
         1.000074982643127E+00         7.516192823686652E-08        -1.007874478320403E-10
         9.991834163665771E-01         1.762344140843197E-06        -3.732507081188885E-10
         9.997474551200867E-01         3.715672391990665E-08         8.637351944784655E-11
         9.987761974334717E-01         1.619393742657849E-06        -3.196306552766259E-10
         9.989717006683350E-01         7.159456458794011E-07         8.804208057044960E-11
         9.989996552467346E-01         7.677519420212775E-07        -1.758049400502060E-10
         9.989791512489319E-01         6.262869192141807E-07        -8.076064816897599E-11
         9.989587068557739E-01         9.081105645236676E-07        -1.703763657934232E-10
         9.998985528945923E-01        -1.022585394139242E-07         5.357423185636812E-11
         1.000069499015808E+00         4.786607519235986E-07        -1.809386807050117E-10
         1.000457406044006E+00        -5.577233537223947E-07         1.792638398834256E-10
         1.000110864639282E+00         5.212590963310504E-07        -1.936605459329499E-10
         1.000702500343323E+00        -5.537781362363603E-07         4.968609204625274E-11
         1.000342965126038E+00         3.039722855646687E-07        -2.878184357513192E-10
         1.000459074974060E+00        -1.830787823564606E-07         4.515545923289288E-11
         1.000093221664429E+00         4.466182801365903E-08         2.609849558687927E-10
         1.000032544136047E+00        -2.751455951965909E-07         4.212060422670305E-10
         1.000211358070374E+00        -2.074035165833266E-07         2.454823289088637E-10
         1.000309944152832E+00         3.568240458662331E-08         5.506974043445467E-11
         1.000650525093079E+00        -7.258608434312919E-07         6.130710522578298E-11
         9.999232292175293E-01         3.157613264193060E-07        -1.492715118178722E-10
         9.997554421424866E-01         5.007648269383935E-07        -2.532273835065268E-10
         1.000085592269897E+00        -2.537529724122578E-07         1.118967765667556E-10
         9.996117353439331E-01         2.086262327338773E-07        -1.519867218191528E-11
         9.996942281723022E-01        -6.333798552304870E-08         7.587275252518566E-11
         9.999629259109497E-01         2.649169417168196E-08         9.911535481244016E-11
         1.000589966773987E+00        -9.359825980936876E-07         2.292230016909258E-10
         1.000477910041809E+00        -5.305979584591114E-07         1.161745283306814E-10
         1.000720024108887E+00        -2.989671941122651E-07         2.336803493763195E-11
         1.000374794006348E+00         4.878751269643544E-07        -6.766901622379251E-11
         1.000579118728638E+00        -1.698678602224390E-07         4.492209382256362E-11
         1.000490188598633E+00        -1.060121306295514E-07        -6.064154733920191E-11
         1.000141263008118E+00         5.170580834601424E-07        -2.108628549546410E-10
         1.000228166580200E+00         2.697651950711588E-07        -8.823805575097765E-11
         0.000000000000000E+00         0.000000000000000E+00         0.000000000000000E+00
         0.000000000000000E+00         0.000000000000000E+00         0.000000000000000E+00
         9.994910955429077E-01         4.044757702104107E-07        -2.047345105948839E-11
         9.995879530906677E-01         3.624216731168417E-07        -1.150871932475983E-11
         9.995236992835999E-01         3.257275693613337E-07        -1.053733419964509E-10
         9.995149970054626E-01         4.172882483999274E-07        -2.593580905596582E-10
         9.996664524078369E-01        -4.054554949561862E-07         3.725098007834049E-11
         9.997100830078125E-01         3.089474489570421E-07        -2.751254501998091E-10
         1.000096797943115E+00        -4.086196838670730E-07         3.289460717703641E-11
         9.997318387031555E-01         4.488826448323380E-07        -1.104322258638213E-10
         0.000000000000000E+00         0.000000000000000E+00         0.000000000000000E+00
         9.994232654571533E-01         6.673463417428138E-07        -1.112926140134363E-10
         9.998279213905334E-01        -2.931936364802823E-07         2.139028121295183E-10
         1.000286817550659E+00        -1.248252374352887E-06         3.149435989779903E-10
         9.997042417526245E-01        -1.379559080305626E-07         2.187590941726825E-10
         0.000000000000000E+00         0.000000000000000E+00         0.000000000000000E+00
         0.000000000000000E+00         0.000000000000000E+00         0.000000000000000E+00
         9.991769194602966E-01         1.935235616201680E-07         5.649165510379639E-11
         1.000022292137146E+00        -1.278972035834158E-06         4.202029557642817E-10
         9.990728497505188E-01         6.896009949741710E-07        -1.141519725966766E-10
         9.993166923522949E-01        -2.114286132837151E-07         1.602460109051407E-10
         9.991726875305176E-01         7.454385126948182E-07        -3.188395936160049E-10
         9.998091459274292E-01        -3.327466231439757E-07         2.168082900710910E-11
         9.998192191123962E-01        -3.179576708589593E-07        -3.286440217187270E-11
         9.994657635688782E-01        -8.007213381233669E-08         5.197154165359485E-11
         9.994121789932251E-01        -2.904824896177161E-07         7.935656992641427E-11
         9.989415407180786E-01         7.636852501491376E-07        -7.417767788897578E-11
         9.998395442962646E-01        -1.093334958568448E-06         3.890957278596119E-10
         9.997874498367310E-01        -5.737691708418424E-07         2.628249007319283E-10
         1.000395178794861E+00        -1.140466110882699E-06         4.151381738370929E-10
         1.000258922576904E+00        -3.716645835538657E-07         2.922430908380846E-10
         9.999712705612183E-01         4.985691361980571E-07         1.229484656445345E-11
         9.995783567428589E-01         9.386449164594524E-07        -9.906520048730272E-11
         9.997032880783081E-01         7.704341555836436E-07        -2.912678986888295E-10
         9.999371170997620E-01         4.760820502269780E-07        -2.961846601312601E-10
         9.999568462371826E-01         5.273573719932756E-07        -2.918527364226264E-10
         9.997692108154297E-01         6.581040565833973E-07        -2.946557164928976E-10
         9.996106624603271E-01         8.245932576755877E-07        -3.762772593507435E-10
         9.994612932205200E-01         1.222810624312842E-06        -6.208408787067299E-10
         9.994035363197327E-01         1.531013140265713E-06        -5.683142290102694E-10
         9.996469616889954E-01         9.637833500164561E-07        -3.085309507877554E-10
         9.997545480728149E-01         4.878908157479600E-07        -2.019962530575015E-10
         9.997399449348450E-01         1.219186742673628E-07        -1.348888639673973E-10
         9.996904134750366E-01         2.811894148635474E-07        -2.069554527750483E-10
         9.995825886726379E-01         6.403870429494418E-07        -3.531399617173747E-10
         9.995671510696411E-01         7.771468517603353E-07        -3.936774795043618E-10
         9.997282028198242E-01         2.424772560516431E-07        -2.632410678327091E-10
         1.000031828880310E+00        -2.643792527123878E-07        -3.522823005530640E-11
         1.000165104866028E+00        -4.159758759669785E-07         4.429364167113370E-11
         9.999198317527771E-01        -2.896444470934512E-07         4.578704776436737E-11
         9.994519352912903E-01         7.906150472081208E-07        -1.983250369486100E-10
         9.995958209037781E-01         1.124217533288174E-06        -3.512379553871625E-10
         9.991413950920105E-01         1.284554400626803E-06        -2.568435464311847E-10
         9.991334080696106E-01         9.949228569894331E-07        -1.590663295525374E-10
         9.997103214263916E-01         3.890350228630268E-07        -5.231782888859282E-12
         9.999943971633911E-01        -1.086806378225447E-07         5.434929307816805E-13
         1.000155568122864E+00        -4.381560074762092E-07         2.399326293200943E-10
         1.000177383422852E+00        -1.001192458716105E-06         4.762402139313338E-10
         9.999054670333862E-01        -6.573039854629315E-07         3.862543895838400E-10
         9.994382262229919E-01         6.656522373305052E-07        -6.230604226997727E-11
         9.994710683822632E-01         1.071923179551959E-06        -1.933045529201038E-10
         9.995142221450806E-01         9.161083198705455E-07        -1.781766401087737E-10
         9.997050166130066E-01         5.091504817755776E-07        -2.157939660296648E-10
         9.995337128639221E-01         1.372342921968084E-06        -5.328305574536785E-10
         9.996148347854614E-01         1.824040509745828E-06        -5.963867177882776E-10
         9.997291564941406E-01         1.750324940985593E-06        -7.053731487793868E-10
         9.999294281005859E-01         1.348865112049680E-06        -5.030354466306619E-10
         1.000310063362122E+00         8.652258429719950E-07        -2.858584202680703E-10
         1.000645637512207E+00         3.079421446727792E-07        -2.089716871767067E-10
         1.000108122825623E+00         1.059681267179258E-06        -5.391193047543652E-10
         9.993298649787903E-01         2.140821834473172E-06        -9.157942737481051E-10
         9.991909861564636E-01         2.421361614324269E-06        -1.038438113276641E-09
         9.991120696067810E-01         2.286987182742450E-06        -8.903471293564280E-10
         9.992768168449402E-01         2.040957269855426E-06        -8.844751042680343E-10
         9.990015029907227E-01         1.858055725278973E-06        -6.305373445592011E-10
         9.988062381744385E-01         1.695311425464752E-06        -6.216603898323569E-10
         9.988857507705688E-01         1.337517005595146E-06        -4.645412110537706E-10
         9.975754022598267E-01         2.986349272759981E-06        -1.103314328787519E-09
         9.971035718917847E-01         3.620014240368619E-06        -1.122643200623941E-09
         9.983855485916138E-01         2.228357743661036E-06        -6.292564247445398E-10
         9.992039799690247E-01         2.326199819435715E-06        -7.263460943818245E-10
         9.990153908729553E-01         2.877107590393280E-06        -1.044186959120452E-09
         0.000000000000000E+00         0.000000000000000E+00         0.000000000000000E+00
         0.000000000000000E+00         0.000000000000000E+00         0.000000000000000E+00
         0.000000000000000E+00         0.000000000000000E+00         0.000000000000000E+00
         1.001003265380859E+00        -5.978751687507611E-06         3.957200345183765E-09
         1.001153111457825E+00        -5.777804744866444E-06         3.802349546333517E-09
         1.001166462898254E+00        -5.192243861529278E-06         3.605533427375462E-09
         1.001231074333191E+00        -4.401004389364971E-06         2.981957125669510E-09
         1.000204443931580E+00        -8.837398013383790E-07         3.940481829722842E-10
         1.000132083892822E+00        -8.628201726423868E-07         3.648331914352099E-10
         1.000540256500244E+00        -1.431610371582792E-06         4.857617086351240E-10
         1.000701308250427E+00        -1.437801756765111E-06         5.360010768562518E-10
         1.000804185867310E+00        -1.603834448360431E-06         5.704665073658077E-10
         1.000351905822754E+00        -1.302538066738634E-06         5.137806846633453E-10
         1.000048875808716E+00        -8.739733630136470E-07         3.872641374247365E-10
         1.000450611114502E+00        -1.181410311801301E-06         3.996032671427230E-10
         1.000905752182007E+00        -1.405964326295361E-06         5.152975268707394E-10
         1.001043558120728E+00        -1.398291033183341E-06         4.856991475676864E-10
         1.000725984573364E+00        -8.720124355932057E-07         2.647743135852920E-10
         1.000652551651001E+00        -1.053042524290504E-06         3.803010406588925E-10
         1.000584244728088E+00        -8.943005127548531E-07         3.698956418940469E-10
         1.000787496566772E+00        -7.565693067590473E-07         2.451555902727165E-10
         1.001032710075378E+00        -1.353203629150812E-06         4.487972493638637E-10
         1.001269698143005E+00        -1.769703430909431E-06         5.264641500524192E-10
         1.001375198364258E+00        -1.627008032301092E-06         4.712729650968583E-10
         1.001330852508545E+00        -1.332025817646354E-06         3.534703085783519E-10
         1.001316905021667E+00        -1.698145297268638E-06         5.533760116804842E-10
         1.000941634178162E+00        -1.182965888801846E-06         3.144807747545997E-10
         1.000828981399536E+00        -9.937817821992212E-07         2.852791614049721E-10
         1.000679850578308E+00        -9.343103783976403E-07         2.834659729167299E-10
         1.000749826431274E+00        -1.048788362822961E-06         2.300733076276984E-10
         1.000146389007568E+00        -3.749963539689816E-08        -1.530829976670312E-11
         1.000164031982422E+00        -2.020410789782545E-07         4.094982339331033E-11
         9.999070167541504E-01         2.240448111479054E-07        -1.539849081577671E-10
         9.999251961708069E-01        -1.641529649987206E-07         2.775650716213551E-11
         1.000375151634216E+00        -7.944328785924881E-07         2.240556767896251E-10
         1.000218391418457E+00        -4.471266095151805E-07         2.069729387876862E-10
         1.000525593757629E+00        -8.484241789119551E-07         2.551529265648611E-10
         1.000573992729187E+00        -8.430304774265096E-07         2.876857085887252E-10
         1.000925421714783E+00        -1.443164251213602E-06         3.094006995052467E-10
         1.000788331031799E+00        -7.343655283875705E-07         2.354287875760974E-10
         1.000661849975586E+00        -5.141675956110703E-07         2.532456744308575E-10
         9.998688101768494E-01         2.602189752565209E-08         1.354616557813770E-10
         9.996376633644104E-01         2.366087983318721E-07         1.115587830446962E-10
         9.996614456176758E-01         1.234078297329688E-07         1.553256412378801E-10
         9.995508790016174E-01         4.718147863513877E-07        -7.155367270916813E-11
         9.995360374450684E-01         3.326132969050377E-07        -1.497891220780811E-11
         9.994646310806274E-01         5.197138079893193E-07        -5.098141700465852E-11
         9.994162917137146E-01         1.133059186031460E-06        -2.482676564330433E-10
         9.995370507240295E-01         9.922674735207693E-07        -2.786837982604595E-10
         9.996085166931152E-01         7.771647005938576E-07        -2.576112934082886E-10
         9.998282790184021E-01         7.309893703677517E-07        -2.819603439618845E-10
         1.000361561775208E+00        -1.435186334219907E-07         1.411755573554885E-10
         1.000833153724670E+00        -7.037932618914056E-07         1.705554725228708E-10
         1.000765085220337E+00        -2.314110503220945E-07         2.117291368272656E-12
         1.000688791275024E+00        -4.101680701751320E-07         9.085483754223134E-11
         1.000287413597107E+00        -8.935127482345706E-08         5.425455570917670E-11
         9.998186230659485E-01         3.279757265772787E-07        -2.567454929214286E-11
         9.998217821121216E-01         7.678049485093652E-08         6.059345386555393E-11
         1.000040292739868E+00        -3.870904663472174E-07         2.645106633725192E-10
         1.000124096870422E+00        -6.017630767019000E-07         2.133234561219055E-10
         1.000201702117920E+00        -1.015514385471761E-06         4.191800517805433E-10
         1.000176191329956E+00        -9.337569508716115E-07         2.928371711785616E-10
         1.000496745109558E+00        -8.969823284132872E-07         2.435042445458890E-10
         1.000730872154236E+00        -1.116147359425668E-06         2.911200447375251E-10
         1.000770688056946E+00        -7.761584583931835E-07         1.906022284448028E-10
         1.000950694084167E+00        -1.227909137924144E-06         3.332434883596136E-10
         1.000768184661865E+00        -1.317454575655574E-06         3.732472664275122E-10
         1.000236034393311E+00        -3.378987400992628E-07         4.004863454754037E-11
         9.998149275779724E-01         2.268646994707524E-07        -1.770129320899372E-10
         9.994236826896667E-01         8.804192930256249E-07        -3.801710890538601E-10
         9.996032118797302E-01         6.551836690960045E-07        -3.514186719399959E-10
         9.997087717056274E-01         4.753639757382189E-07        -2.371100538134385E-10
         9.993761777877808E-01         7.392747534140653E-07        -3.689827887676245E-10
         9.989524483680725E-01         1.221790626004804E-06        -3.943409210283022E-10
         9.994328618049622E-01         1.053607093126629E-06        -4.139482090437241E-10
         9.997759461402893E-01         3.537774375672598E-07        -1.419036693706133E-10
         9.997437000274658E-01         5.008132575312629E-07        -2.137269389246299E-10
         9.997693896293640E-01         3.067491149977286E-07        -1.934064158826132E-10
         9.998639225959778E-01         2.625602348871325E-07        -1.627592088881968E-10
         1.000137209892273E+00         2.973688140173181E-07        -1.062424592745970E-10
         1.000502228736877E+00         1.202931940724739E-07        -1.505146285385450E-10
         1.000430226325989E+00         3.272413948707253E-07        -2.498681261897673E-10
         1.000449419021606E+00         1.784962648798682E-07        -2.285223538178727E-10
         1.000485181808472E+00         1.621167555754255E-08        -1.401664062594676E-10
         1.000246644020081E+00        -1.834219744978327E-07        -3.902320307169749E-12
         1.000152587890625E+00         3.393041225763227E-08        -3.715397087211691E-11
         1.000049591064453E+00         3.097180467648286E-07        -6.549568526414973E-11
         1.000177741050720E+00         2.716505491662247E-07        -1.344046124396314E-10
         1.000341892242432E+00         8.338859913692431E-08        -3.939969878130611E-11
         1.000353336334229E+00        -1.521150494454560E-08         7.781802112416525E-12
         1.000693678855896E+00        -3.331032871756179E-07         8.197101331042234E-11
         1.000253438949585E+00        -3.978707141527593E-08         1.777137881298074E-10
         9.999067783355713E-01        -2.420165401417762E-07         2.308128133066134E-10
         1.000350952148438E+00        -9.047950584317732E-07         2.850820413069499E-10
         1.000459432601929E+00        -6.810088279962656E-07         1.288738282756441E-10
         1.000234484672546E+00        -5.380371703722631E-07         4.027101430104096E-10
         1.000033855438232E+00        -2.113781079060573E-07         2.312824376460298E-10
         1.000294089317322E+00        -1.010207597573753E-06         3.603272957786174E-10
         1.000489711761475E+00        -1.476681291023851E-06         4.357607330529589E-10
         1.000818252563477E+00        -1.600244218025182E-06         4.980558743206132E-10
         1.001245737075806E+00        -1.686261384747922E-06         3.116876756692477E-10
         1.001109957695007E+00        -1.487357849327964E-06         4.221378246960228E-10
         1.001126885414124E+00        -1.650505737416097E-06         5.160264993087083E-10
         1.001307606697083E+00        -1.882503738670493E-06         5.047778861566599E-10
         1.000852227210999E+00        -1.658100700296927E-06         6.719492184892317E-10
         1.000373601913452E+00        -1.382580308018078E-06         4.600812508748220E-10
         9.998885989189148E-01        -6.613080358874868E-07         1.549674971679238E-10
         9.997404813766479E-01         2.116834707521775E-08        -5.283616252849122E-11
         9.994808435440063E-01         6.395183618224110E-07        -3.226819644819301E-10
         9.993431568145752E-01         1.110028051698464E-06        -5.989012619167511E-10
         9.996787309646606E-01         8.803906439425191E-07        -3.565334694144440E-10
         1.000301957130432E+00        -2.264049783207156E-07         9.769614978116792E-11
         1.000466942787170E+00        -8.412932857027045E-07         3.667668668771995E-10
         1.000063776969910E+00        -4.754472229251405E-07         3.424533712159672E-10
         9.996955990791321E-01         1.223325938326525E-07         2.634066298412563E-10
         9.995896816253662E-01         9.116030241784756E-08         1.253784714938533E-10
         9.994807839393616E-01        -4.074876756021695E-07         2.842858726204156E-10
         9.994617700576782E-01        -4.323512996506906E-07         2.888239925002978E-10
         9.993774890899658E-01        -2.290795322323902E-07         8.330678508139400E-11
         9.994577765464783E-01        -3.436147153479396E-07         2.769653673073691E-10
         9.994663596153259E-01        -1.581032904596213E-07         7.089728110143412E-11
         9.997979998588562E-01         2.290463214649208E-07        -8.736639189876882E-11
         9.999805688858032E-01         5.325591132532281E-07        -2.693561484967688E-10
         1.000112771987915E+00         4.494127381349244E-07        -2.029388324054082E-10
         9.999666810035706E-01         4.568493920942274E-07        -1.383250458619756E-10
         1.000393152236938E+00        -1.945884093856876E-07        -4.533396227857089E-11
         9.999930858612061E-01         3.674504398532008E-07        -2.177018287863319E-10
         9.998335838317871E-01        -4.584146395814059E-08         4.024977226513293E-11
         9.990959763526917E-01         6.074551492929459E-07        -2.921962671820211E-10
         9.987441301345825E-01         6.129039888946863E-07        -3.649507432368360E-11
         9.985808730125427E-01         9.635039077693364E-07        -2.893933703784768E-10
         9.990180730819702E-01         6.164287356114073E-07        -1.480943007114988E-10
         9.993757605552673E-01         6.685086191282608E-07        -2.175579022489771E-10
         9.997951984405518E-01         2.084646695266201E-07        -2.481607142001963E-10
         9.998368620872498E-01         3.347808501530380E-07        -1.659755388683237E-10
         1.000230073928833E+00        -5.644904490509361E-07         3.531754055874359E-11
         1.000123977661133E+00        -3.995315580596071E-07         6.804766819468178E-12
         9.999186992645264E-01        -6.908083349799199E-08        -3.578508583207407E-12
         9.998380541801453E-01         1.572676495698033E-07        -1.491733125913441E-10
         9.999675154685974E-01         1.602504369202506E-07         4.007269863159912E-11
         9.998365640640259E-01         5.139230552231311E-07        -1.700739271637275E-10
         1.000139236450195E+00         4.554526640276890E-07        -1.541479027755699E-10
         1.000002861022949E+00         1.341406807853218E-08         1.738103411197400E-10
         1.000231027603149E+00        -5.837938488184591E-07         2.211630323323277E-10
         1.000198364257812E+00        -4.193242659766838E-07         3.057915587412197E-10
         1.000247716903687E+00        -3.014448566318606E-07         2.215249927939311E-10
         9.995317459106445E-01         1.675623053642994E-07         2.778597352204315E-10
         9.994909167289734E-01         1.767742219271895E-07         1.533237148354516E-10
         9.995080828666687E-01         4.351769860022614E-07         3.326483880017328E-11
         9.994399547576904E-01         1.118649947784434E-06        -3.142390792021388E-10
         9.994094371795654E-01         1.397996129526291E-06        -3.822026028998948E-10
         1.001109242439270E+00        -2.352788214921020E-06         5.769779654052343E-10
         1.000864267349243E+00        -1.435164904250996E-06         7.461156137367198E-10
         1.000775218009949E+00        -1.931472752403351E-06         9.889532526230482E-10
         1.000530481338501E+00        -1.550018055240798E-06         7.410279612152237E-10
         1.000224828720093E+00        -1.407187482982408E-06         5.122293145198853E-10
         1.000057697296143E+00        -7.564296424789063E-07         5.387565393810689E-10
         9.995929002761841E-01         5.536863341149001E-07         5.603009028964934E-11
         1.000153422355652E+00        -2.575441442331794E-07         2.584626609958285E-11
         9.996014237403870E-01         9.956345365935704E-07        -3.871452325387992E-10
         9.999091029167175E-01        -6.782415340467196E-08        -3.791403302422225E-11
         1.000668406486511E+00        -2.327514948774478E-06         6.474949465484769E-10
         1.000760793685913E+00        -2.759873950708425E-06         8.458405642564060E-10
         1.000477313995361E+00        -1.601375629434187E-06         4.615899884541363E-10
         1.000090241432190E+00        -2.164199486287544E-07         5.849553480485881E-11
         1.000089049339294E+00        -1.953273738308781E-07        -3.323211844596941E-11
         1.000136852264404E+00        -2.589029293176281E-07         6.112640948963133E-11
         9.995700716972351E-01         4.499043200212327E-07        -2.045861674515592E-10
         9.991639852523804E-01         1.806353338906774E-06        -4.850584933713264E-10
         9.998045563697815E-01         7.595838269480737E-07        -2.878050020527212E-10
         9.999948143959045E-01         4.478226287574216E-07        -2.690451750275713E-10
         1.000759243965149E+00         6.434723331949499E-08        -3.176301999197051E-10
         1.000653505325317E+00         5.438400876300875E-07        -5.089892396448192E-10
         1.000733852386475E+00         4.798274062522978E-07        -4.349662574565372E-10
         1.001080751419067E+00        -4.262874142568762E-07        -1.064850915777349E-10
         1.000960350036621E+00        -9.530064204454902E-08        -3.411469440273152E-10
         1.001066684722900E+00        -2.422189027129207E-07        -1.844171482190404E-10
         1.000878930091858E+00        -4.978454057891213E-07         1.365429123934003E-11
         1.000672101974487E+00        -1.935621867232840E-07        -9.706414838550614E-11
         1.000028967857361E+00         9.977933359550661E-07        -4.969243350139152E-10
         9.993900060653687E-01         1.613444624126714E-06        -6.634018889783988E-10
         9.989036917686462E-01         1.893426315291435E-06        -6.036507960160975E-10
         9.988013505935669E-01         1.648428792577761E-06        -4.949098353357329E-10
         9.986675381660461E-01         1.491715806878346E-06        -3.893375899455265E-10
         9.988049864768982E-01         8.054232125687122E-07        -1.857865944421278E-10
         9.986213445663452E-01         8.990737683234329E-07        -2.278048721882087E-10
         9.986395835876465E-01         7.728561968178838E-07        -1.499361051982007E-10
