         1.001273036003113E+00         3.852940366755320E-08        -1.242510261345586E-10
         1.002199530601501E+00        -1.329641463598819E-06         4.460499747338531E-10
         1.002126336097717E+00        -1.476469378758338E-06         4.992151692029267E-10
         1.001715779304504E+00        -2.119316064863597E-07        -4.591027211175991E-11
         1.001780748367310E+00        -1.060869635693962E-06         2.732313264530717E-10
         1.002094030380249E+00        -1.626927655706822E-06         5.178150686013794E-10
         1.001755356788635E+00        -1.249946762982290E-06         3.700615369695015E-10
         1.001555323600769E+00        -1.691890815891384E-06         5.954552961817683E-10
         1.001671433448792E+00        -2.458076096445438E-06         9.123475863681563E-10
         1.000662446022034E+00        -7.944887556732283E-07         2.760240647159407E-10
         9.997939467430115E-01         3.738707050615631E-07        -5.166235841902456E-11
         9.999648928642273E-01        -3.685258604946284E-07         2.511312824360346E-10
         1.000095248222351E+00        -6.852250180600095E-07         3.153971528391253E-10
         1.000331640243530E+00        -1.260021008420154E-06         5.041658202031840E-10
         1.000115752220154E+00        -8.494181997775740E-07         3.950546278996825E-10
         9.997176527976990E-01         9.797459910032558E-08         3.412430754634599E-11
         9.992668628692627E-01         9.408522601006553E-07        -1.991702774928328E-10
         9.995152354240417E-01         2.882330818465562E-08         1.583689429596191E-10
         9.990233182907104E-01         6.023693686074694E-07        -1.966456945196038E-12
         9.995957016944885E-01         2.401050664957438E-07         3.638719967696824E-12
         9.997733831405640E-01         1.457517129210828E-07         9.634971639971290E-12
         1.000044465065002E+00         2.123151290334135E-07        -4.297115094309412E-11
         1.000526309013367E+00         2.105371521565758E-08         2.597879376897705E-11
         1.000817894935608E+00        -4.329465923547104E-07         2.051064040831108E-10
         1.000779509544373E+00        -2.256554125779076E-07         1.369338253898178E-10
         1.001080989837646E+00        -4.972621923116094E-07         2.137476307062514E-10
         1.000721335411072E+00        -4.426866340168090E-08         7.456643635883609E-11
         1.000601530075073E+00         3.447458141181414E-08         1.969848242855399E-11
         1.000554323196411E+00        -4.279543830421062E-08         5.795105714745397E-11
         1.000721693038940E+00        -5.213037113094288E-08         4.002275247327880E-11
         1.000637650489807E+00         2.370416325447877E-07        -1.590808873519478E-10
         1.000505685806274E+00         5.671178655575204E-07        -2.801240628347301E-10
         1.000150442123413E+00         6.737014928148710E-07        -3.005585502702246E-10
         9.999449849128723E-01         8.372326192329638E-07        -3.402841619593033E-10
         9.999122619628906E-01         1.161725094789290E-06        -4.710118406414665E-10
         9.996896982192993E-01         1.678650505709811E-06        -6.892171833250416E-10
         1.000164747238159E+00         2.076765497349697E-07        -8.555196134851784E-11
         9.997458457946777E-01         5.970135248389852E-07        -2.329512416299195E-10
         9.995939135551453E-01         7.047793815218029E-07        -2.468446280712300E-10
         9.989084601402283E-01         1.707100295789132E-06        -5.440800587841466E-10
         9.982089400291443E-01         2.671149331945344E-06        -8.343228330431884E-10
         9.987092018127441E-01         1.695016521807702E-06        -5.088636179095829E-10
         9.998140931129456E-01         2.958426819077431E-07        -1.302496027699718E-10
         9.991921782493591E-01         9.174057709060435E-07        -2.825159828301338E-10
         9.983690381050110E-01         1.671715040174604E-06        -4.758825000727995E-10
         9.980624318122864E-01         1.609862010809593E-06        -4.035476119934600E-10
         9.983960390090942E-01         1.658990754549450E-06        -4.894987748471635E-10
         9.988923668861389E-01         7.221651685540564E-07        -1.480040118240211E-10
         9.994180798530579E-01        -8.636156678676343E-08         1.325810156105334E-10
         9.992870092391968E-01         4.825288328902388E-07        -9.626605068646654E-11
         9.993548393249512E-01         7.422933094858308E-07        -2.462283710258362E-10
         9.995769858360291E-01         1.056215808148409E-07        -4.407801207362283E-11
         9.993588328361511E-01         3.171545870372938E-07        -1.468642846225165E-10
         9.990704655647278E-01         5.061223191660247E-07        -1.916385938827148E-10
         9.991557002067566E-01         2.298996832905686E-07        -6.759194592920181E-11
         9.990248680114746E-01         2.867327282274346E-07        -4.934813668810989E-11
         9.988741874694824E-01         5.566531626755022E-07        -1.395601689768711E-10
         9.992564320564270E-01         3.383514979304891E-08         2.428503752260891E-11
         9.993420243263245E-01         3.944235515973560E-07        -1.488328765786306E-10
         9.994486570358276E-01        -4.098158701282273E-09         1.731029729279410E-11
         9.995524883270264E-01        -2.852341367542977E-07         8.964379238918241E-11
         9.995259642601013E-01        -4.330483704961807E-07         1.131280139010649E-10
         9.994820356369019E-01        -3.303624112049874E-07         1.194813137317396E-10
         9.988336563110352E-01         5.125347684042936E-07        -1.356698781096455E-10
         9.989895820617676E-01         1.714891340043323E-07        -1.513492629834357E-11
         9.991922378540039E-01        -1.170115826454321E-08         2.478437594044536E-11
         9.991770982742310E-01         2.677200257039658E-07        -9.781580406764689E-11
         9.994258880615234E-01        -4.824593702323909E-07         2.261481696352874E-10
         9.995525479316711E-01        -5.308063464326551E-07         2.227381890040903E-10
         9.996498823165894E-01        -4.073831121331750E-07         1.843581676208572E-10
         9.999759793281555E-01        -7.556307650702365E-07         2.873236371048193E-10
         1.000405788421631E+00        -1.219792579831847E-06         4.363365224691051E-10
         1.000189065933228E+00        -1.056951191458211E-06         4.043865520220180E-10
         1.000018119812012E+00        -6.736411819474597E-07         2.465380954941310E-10
         9.999901056289673E-01        -7.242771857818298E-07         2.751197325512322E-10
         1.000376224517822E+00        -1.190263446915196E-06         4.576516110521567E-10
         9.999374151229858E-01        -3.293013719485316E-07         1.639872820868860E-10
         1.000309586524963E+00        -9.227769623976201E-07         3.985101693082527E-10
         1.000531673431396E+00        -1.608866114111152E-06         6.916204831064476E-10
         1.000831007957458E+00        -2.510379772502347E-06         1.027115281715396E-09
         1.000323891639709E+00        -1.013735982269282E-06         4.243700668649097E-10
         9.998686313629150E-01        -8.955979069469322E-08         6.387868706214661E-11
         9.996169209480286E-01         3.517143341014162E-07        -9.226479996682357E-11
         9.997782707214355E-01         2.897869251228258E-07        -1.077263694915231E-10
         1.000054955482483E+00        -2.497833122561133E-07         5.356457985494778E-11
         1.000395894050598E+00        -4.020934056825354E-07         7.770115106886522E-11
         1.000566124916077E+00        -2.067646960313141E-07        -3.594762291656006E-13
         1.000676512718201E+00        -3.418763938611846E-08        -6.814568354052142E-11
         1.001044988632202E+00        -6.428767278521264E-07         1.134890306730973E-10
         1.000907897949219E+00        -1.886656235683404E-07        -2.851390304425827E-11
         1.000352501869202E+00         3.755754676149081E-07        -1.613325445459779E-10
         1.000290274620056E+00         4.556381156817224E-07        -2.486383043898144E-10
         1.000231504440308E+00         2.224619777280168E-07        -1.623749745771619E-10
         9.998691082000732E-01         3.847140988000319E-07        -2.320232200814232E-10
         9.997892379760742E-01         4.984414090358769E-07        -3.043230667465480E-10
         9.996020793914795E-01         4.735177867587481E-07        -2.482629379851886E-10
         9.998764991760254E-01        -5.492396581985304E-08        -5.878061232200693E-11
         1.000251293182373E+00        -3.770588534734998E-07         7.604441382147442E-11
         1.000337481498718E+00        -7.567101079075655E-07         2.768845708267520E-10
         1.000405907630920E+00        -4.902008754470444E-07         1.586352299520755E-10
         1.000452995300293E+00        -3.539491331139288E-07         7.571118731952708E-11
         1.000049471855164E+00        -1.126820095009862E-07         7.731057460880209E-11
         1.000034928321838E+00         1.057890628430869E-07        -3.827713493387286E-11
         1.000227451324463E+00        -1.377105718347593E-07         2.576912988550006E-11
         1.000184774398804E+00        -9.313381355013917E-08         2.639639375134895E-11
         1.000426769256592E+00        -5.549044885810872E-07         1.862447279732393E-10
         1.000341653823853E+00        -5.429919838206843E-07         1.847401814858429E-10
         1.000192880630493E+00        -4.152898824827389E-08         3.350534780177661E-11
         1.000449180603027E+00        -2.272736310260370E-07         8.884838698097752E-11
         1.000389099121094E+00        -4.050027158086777E-08        -2.396494287737472E-11
         1.000467300415039E+00        -4.122844359244482E-07         1.145823366743848E-10
         9.999725222587585E-01         5.115690555612673E-07        -2.456501113634602E-10
         9.998362064361572E-01         4.706853644620423E-07        -1.820481959624587E-10
         1.000004649162292E+00         1.274118091032506E-07        -8.326993261587035E-11
         1.000215411186218E+00        -3.458126514033211E-07         1.043857986160468E-10
         1.000229597091675E+00        -5.614259066533123E-07         2.503099671979925E-10
         1.000634789466858E+00        -1.104953071262571E-06         4.101165518299865E-10
         1.000729203224182E+00        -1.338630454483791E-06         5.007863013162250E-10
         1.000604391098022E+00        -9.207855100612505E-07         3.250092972528762E-10
         1.000262498855591E+00        -3.516487936394697E-07         1.701172674950513E-10
         9.999904036521912E-01         1.956961312998828E-07        -9.620821500577748E-11
         1.000182867050171E+00        -1.633138708712067E-07         3.326630637623396E-11
         9.999451041221619E-01         1.956307471573382E-07        -8.019912511869620E-11
         9.995744228363037E-01         7.805929271853529E-07        -3.301574846847899E-10
         9.996703863143921E-01         5.434437184703711E-07        -2.582060121270047E-10
         9.998645782470703E-01         4.284167971491115E-07        -2.282007083298510E-10
         9.997777342796326E-01         3.458057165062201E-07        -1.546086314530015E-10
         9.996797442436218E-01         4.126924295633216E-07        -1.669098331769092E-10
         9.998628497123718E-01         4.276363085864432E-07        -1.513551228793375E-10
         9.999409317970276E-01         1.621245218075273E-07        -4.765448452515031E-11
         9.997939467430115E-01         4.105119160158210E-07        -1.030506582844204E-10
         9.997828006744385E-01         7.412082823066157E-07        -2.604487736590499E-10
         1.000201106071472E+00         1.954808084292381E-07        -7.440311561301982E-11
         1.000242710113525E+00         2.463460475610191E-07        -1.061821741643598E-10
         1.000246405601501E+00         2.822349927100731E-07        -1.229170515371081E-10
         1.000206708908081E+00         4.683288068463298E-07        -2.020375949873809E-10
         1.000085949897766E+00         6.275378723330505E-07        -2.689523603827126E-10
         1.000285148620605E+00         2.202736126832860E-08        -4.783855950263316E-11
         1.000300645828247E+00        -2.974352497631116E-08        -4.588067772925974E-11
         1.000120162963867E+00         1.443809765078186E-07        -1.204940591748027E-10
         1.000023961067200E+00        -2.835645886989369E-07         4.953601417945208E-11
         9.999062418937683E-01        -1.797484294741025E-08        -4.451070761968268E-11
         9.997554421424866E-01        -2.742536509003912E-08        -1.126925375932730E-11
         9.996863007545471E-01        -2.638396381371422E-07         8.494386444235502E-11
         9.994775056838989E-01         1.537988936206602E-07        -6.855354478529918E-11
         9.991503357887268E-01         7.899880074546672E-07        -2.528736942064569E-10
         9.994087815284729E-01         3.669749730761396E-07        -8.299316789361910E-11
         9.996309280395508E-01        -1.969819436453690E-07         1.261387938544800E-10
         9.999437332153320E-01        -5.963449325463444E-07         2.721297076568874E-10
         1.000045776367188E+00        -7.334092515520751E-07         3.323024355683657E-10
         1.000120639801025E+00        -9.613095244276337E-07         4.467231029536833E-10
         9.997052550315857E-01        -3.436503845932748E-07         1.813757338764432E-10
         1.000040531158447E+00        -5.047113518230617E-07         2.181586578053896E-10
         1.000080108642578E+00        -6.265896672630333E-07         2.642672747299457E-10
         9.997367262840271E-01        -7.498493914681603E-08         5.242470346722428E-11
         9.994909167289734E-01         3.252763178807072E-07        -8.549971147742141E-11
         9.998059868812561E-01        -4.851623103263591E-08         4.734339656420339E-11
         9.997033476829529E-01         2.590097665233770E-07        -9.410455054092992E-11
         9.999652504920959E-01        -3.208408827504172E-07         1.246598796411647E-10
         9.999083876609802E-01         1.411886785263050E-07        -7.603458834770649E-11
         1.000440597534180E+00        -3.089609776907309E-07         1.023526333132629E-10
         1.000376224517822E+00        -1.049643785222543E-07         1.569460186812144E-11
         1.000290632247925E+00        -4.857898971977193E-08         8.901081260948018E-12
         1.000277996063232E+00        -2.011081647879109E-07         6.143739683661664E-11
         1.000192403793335E+00         3.137337500902504E-07        -1.393824500262042E-10
         1.000492691993713E+00        -1.832276694813118E-07         7.427156112349564E-11
         1.000491261482239E+00        -8.990779321038644E-08         3.257514050170052E-11
         1.000382423400879E+00        -2.305730504303938E-07         1.241208663627091E-10
         1.000225543975830E+00        -4.479948145785784E-08         2.834407535068362E-11
         1.000399470329285E+00        -3.108637542936776E-07         1.167237140276001E-10
         1.000475764274597E+00        -2.888355083996430E-07         6.516292366809395E-11
         1.000398516654968E+00        -8.022443864774687E-08        -3.616483848500884E-11
         1.000471115112305E+00        -4.724695941149548E-07         1.317496112207550E-10
         1.000476360321045E+00        -5.742008966080903E-07         1.483107942013007E-10
         1.000369668006897E+00        -7.044999392746831E-07         1.877710903430696E-10
         1.000172495841980E+00        -7.530705943281646E-07         2.522911324298605E-10
         1.000399112701416E+00        -1.266443064196210E-06         4.491060856537388E-10
         1.000451326370239E+00        -1.579715330990439E-06         5.744735243062848E-10
         1.000000834465027E+00        -8.496405143887387E-07         3.049235863805677E-10
         1.000030636787415E+00        -1.128372673520062E-06         4.030545341926484E-10
         9.999542236328125E-01        -1.144415705311985E-06         3.619845811986266E-10
         1.000050902366638E+00        -1.290768977924017E-06         4.011912468904200E-10
         0.000000000000000E+00         0.000000000000000E+00         0.000000000000000E+00
         0.000000000000000E+00         0.000000000000000E+00         0.000000000000000E+00
         0.000000000000000E+00         0.000000000000000E+00         0.000000000000000E+00
         0.000000000000000E+00         0.000000000000000E+00         0.000000000000000E+00
         0.000000000000000E+00         0.000000000000000E+00         0.000000000000000E+00
         0.000000000000000E+00         0.000000000000000E+00         0.000000000000000E+00
         0.000000000000000E+00         0.000000000000000E+00         0.000000000000000E+00
         1.000311970710754E+00        -1.181986846177097E-07         6.085691672819138E-11
         1.000183939933777E+00         2.928054243511724E-07        -1.021089532371455E-10
         1.000376939773560E+00        -3.152406691242504E-07         1.171743813088710E-10
         1.000144720077515E+00        -5.206759912113057E-09         1.254436918923796E-11
         9.998530149459839E-01         3.924158136214828E-07        -1.255372888975259E-10
         1.000002622604370E+00         2.206407145877165E-07        -6.429939913843441E-11
         1.000116467475891E+00         2.824754687935638E-07        -1.121149284522005E-10
         1.000129580497742E+00         1.580473139028982E-07        -4.965696950853804E-11
         9.999388456344604E-01         1.066015826722833E-07        -7.883526297047805E-12
         9.996149539947510E-01         4.962888624504558E-07        -1.365727114732707E-10
         9.997903108596802E-01         3.997871544925147E-07        -1.198741661490033E-10
         9.998149275779724E-01         5.160948717275460E-07        -1.711021740957719E-10
         1.000053286552429E+00         1.974329109089012E-07        -6.348722242366378E-11
         9.999821782112122E-01         3.509268537982280E-07        -1.061831456095064E-10
         9.998419880867004E-01         6.106218819468268E-08         5.951243664537031E-11
         1.000025868415833E+00         5.703917693722360E-08         2.908230253839683E-11
         1.000057458877563E+00         5.037371124672063E-07        -1.544272210107778E-10
         9.999951720237732E-01         4.280347241092386E-07        -1.306230679176679E-10
         9.996866583824158E-01         6.918819508427987E-07        -2.211952565556174E-10
         9.997222423553467E-01         3.928365117644717E-07        -1.269646193735596E-10
         9.998341798782349E-01         5.394411459747062E-07        -2.149078831559237E-10
         1.000408649444580E+00         9.368588393954269E-08        -7.918190408906511E-11
         1.000491857528687E+00         1.448556652405841E-08        -6.270410579656271E-11
         1.000441551208496E+00         4.475076664789412E-08        -4.589081545325335E-11
         1.000576138496399E+00        -3.049452175218903E-07         7.794536543981323E-11
         1.000636816024780E+00        -4.320393145462731E-07         9.859976723980424E-11
         1.000932693481445E+00        -9.444747774978168E-07         2.924815389881985E-10
         1.000520586967468E+00        -4.068103578447335E-07         8.158126257873377E-11
         1.000295877456665E+00        -4.085553584332047E-08        -5.204280409398798E-11
         1.000301957130432E+00        -4.932240358357376E-07         1.534650184709108E-10
         1.000117897987366E+00        -3.427530259614286E-07         7.120914274905132E-11
         1.000199317932129E+00        -4.151641519456462E-07         1.023292631185946E-10
         1.000218629837036E+00        -2.368659011153795E-07         3.743944737566451E-11
         9.999043941497803E-01         1.200472894424820E-07        -9.157258284986369E-11
         9.994480609893799E-01         7.851819532334048E-07        -2.913292385109401E-10
         9.995883107185364E-01         7.728374953330786E-07        -3.149132343782668E-10
         9.997097253799438E-01         8.295111797451682E-07        -3.553183580695674E-10
         9.999222159385681E-01         7.944875619614322E-07        -3.221291566823936E-10
         1.000008821487427E+00         7.125997285584162E-07        -3.018248706521121E-10
         9.998533725738525E-01         7.188731387941516E-07        -2.964342660227715E-10
         9.996497035026550E-01         9.554237294651102E-07        -3.757700817175191E-10
         9.995849132537842E-01         1.180448521154176E-06        -4.745776549519576E-10
         9.999357461929321E-01         4.671806266287604E-07        -2.563193823856835E-10
         1.000011205673218E+00         1.648771501550073E-07        -1.509130737042952E-10
         1.000208139419556E+00         2.345721306085125E-08        -7.261925089041554E-11
         9.997820854187012E-01         3.900631782016717E-07        -1.542624500361356E-10
         9.995728135108948E-01         6.705116675220779E-07        -2.596976245161642E-10
         9.992161989212036E-01         6.859376071588486E-07        -2.341144500483949E-10
         9.991962313652039E-01         3.229755520806066E-07        -8.467446882542973E-11
         9.991882443428040E-01         1.411296182141086E-07        -2.442918783929215E-11
         9.994568824768066E-01         1.114889371933714E-07        -3.747188323521833E-11
         9.994820952415466E-01         3.584232786124630E-07        -1.251991149642251E-10
         9.995237588882446E-01         1.890564078621537E-07        -5.082883766660551E-11
         9.992096424102783E-01         5.158741487321095E-07        -1.613907063546804E-10
         9.993994235992432E-01         9.467529338280656E-08         1.134221275927993E-11
         9.992743134498596E-01         5.401452085607161E-07        -1.803800997457472E-10
         9.993688464164734E-01         3.851795895570831E-07        -1.012668074396039E-10
         9.997380971908569E-01         7.421323289236170E-08         2.620401118313964E-11
         9.995955824851990E-01         1.616642464341567E-07         4.305491293349339E-12
         9.995906352996826E-01         4.567646882946974E-08         4.138617573645753E-11
         9.998689293861389E-01        -4.388271577226988E-07         1.989748504849231E-10
         9.997429847717285E-01         2.514932795349978E-08        -9.844926523311370E-13
         9.998757243156433E-01        -3.523020950524369E-07         1.396153748167706E-10
         9.998903870582581E-01        -7.222933806616538E-09         7.549239011694908E-12
         9.996498823165894E-01         6.804706913499103E-07        -2.499933315913694E-10
         9.996343255043030E-01         2.545063750858390E-07        -5.395948965425390E-11
         9.996673464775085E-01         9.180167381828142E-08        -1.730657804566160E-11
         9.998072385787964E-01        -1.423692452817704E-07         6.086786630277174E-11
         9.996798038482666E-01         3.673769555234685E-08         1.968246052252987E-11
         9.994515776634216E-01         5.007012191526883E-07        -1.855813003270868E-10
         9.999712109565735E-01        -4.140159148846578E-08         1.312170641240562E-12
         9.999703764915466E-01         1.016649946450343E-07        -3.667293205222855E-11
         9.998821020126343E-01         5.034693231209530E-07        -2.167115237261541E-10
         9.999096393585205E-01         2.655198159118299E-07        -1.273019883951676E-10
         1.000088930130005E+00         2.481572494161810E-07        -1.454808079559555E-10
         1.000176429748535E+00         6.493352344705272E-08        -6.357176590698899E-11
         1.000084519386292E+00        -2.199841730998742E-07         8.390615979791960E-11
         9.999694824218750E-01         1.715406767743843E-07        -7.967975584888265E-11
         1.000160098075867E+00        -2.869291790830175E-07         9.681688090124041E-11
         9.999479651451111E-01        -3.160309915983817E-07         1.225796825155001E-10
         9.999393820762634E-01        -3.734036226887838E-07         1.378165220833338E-10
         9.997896552085876E-01         8.875338153302437E-08        -5.301802399881872E-11
         9.994657635688782E-01         3.264498218413792E-07        -1.482999417712350E-10
         9.994570016860962E-01         2.932544020950445E-07        -1.091937443242763E-10
         9.996570348739624E-01        -6.811844599496908E-08         1.253372492598936E-11
         9.993643164634705E-01         4.718691570815281E-07        -1.828787954405442E-10
         9.995486736297607E-01         2.194949075828845E-07        -8.797116507475167E-11
         9.999210238456726E-01        -3.378964379407989E-07         1.372470470606402E-10
         9.998708963394165E-01         4.377266549226988E-08        -1.098881315803046E-11
         9.998067021369934E-01         2.388208315551310E-07        -6.672844915511789E-11
         9.997420907020569E-01         4.322501183651184E-07        -1.472976601801790E-10
         9.999545216560364E-01         1.351072569377720E-07        -1.856092536611786E-11
         1.000180006027222E+00        -2.426500884666893E-07         1.395185772468110E-10
         1.000282168388367E+00        -2.392726514699461E-07         1.067189947523417E-10
         9.999831914901733E-01         2.214036101122474E-07        -6.041520062005645E-11
         9.998580217361450E-01         1.747865780998836E-07        -1.924907455652658E-11
         9.994717240333557E-01         8.366130259673810E-07        -2.771720630789787E-10
         9.995574951171875E-01         4.179444488272566E-07        -1.262515508804185E-10
         9.998108148574829E-01         2.410218513659856E-08         3.247385867155561E-12
         9.997445344924927E-01         3.895030147305079E-07        -1.484942724339078E-10
         9.999635219573975E-01        -3.399358661226870E-08         2.752625904989259E-11
         1.000368833541870E+00        -7.277386089299398E-07         2.607341842431055E-10
         1.000180721282959E+00        -2.970638490751298E-07         1.150883763290089E-10
         1.000170111656189E+00        -1.308637678221203E-07         6.391300683139534E-11
         1.000487565994263E+00        -8.121100449898222E-07         3.270885229333942E-10
         1.000037312507629E+00         6.042969857844582E-08        -2.330436364716970E-11
         1.000102400779724E+00        -4.504612860500856E-08        -9.207885322271014E-12
         1.000235557556152E+00        -6.170732831378700E-07         2.580027858023470E-10
         1.000006556510925E+00        -3.254169769206783E-07         1.112545611192672E-10
         9.999183416366577E-01        -4.261911499270354E-07         1.563488227773746E-10
         1.000194311141968E+00        -1.001096393338230E-06         3.724605068811115E-10
         9.998328089714050E-01        -3.256685374708468E-07         1.202098004471353E-10
         9.996507167816162E-01         3.230686616007006E-07        -1.300465984899191E-10
         9.998648762702942E-01         3.313492413781205E-07        -1.242862757155905E-10
         9.999908804893494E-01         4.567219207274320E-07        -1.873974170285564E-10
         1.000211834907532E+00         8.834165754478818E-08        -6.172398009374191E-11
         1.000224351882935E+00         1.186576739087286E-07        -6.709061778353842E-11
         1.000401616096497E+00        -3.067479497076420E-07         8.328644024446774E-11
         9.998422861099243E-01         9.118313641920395E-07        -3.651042246310965E-10
         1.000302910804749E+00        -1.860342564441453E-07         6.585171991035921E-11
         1.000055193901062E+00         1.409712435673782E-08        -2.798403869741506E-11
         1.000007271766663E+00         4.264007031906658E-07        -2.144564109629599E-10
         1.000151157379150E+00         3.298889339475863E-07        -1.709486996404053E-10
         1.000362634658813E+00        -1.054851423987202E-07         4.646387788409534E-11
         1.000227689743042E+00         4.255088725813039E-08        -1.613735403985239E-12
         1.000058889389038E+00         9.893385310988378E-08        -1.789249304273710E-11
         1.000495910644531E+00        -6.058622261662094E-07         2.572382862275902E-10
         1.000449657440186E+00        -4.431398963333777E-07         2.081298605682846E-10
         1.000075459480286E+00         4.485393958475470E-07        -1.328506055164880E-10
         1.000260114669800E+00         4.342527049061573E-08         3.860784261733308E-11
         1.000170350074768E+00         4.945483667029293E-08         3.627952799289957E-11
         9.999668598175049E-01         4.141816418723465E-07        -1.175519959151217E-10
         1.000029921531677E+00         1.414332757576631E-07        -4.860962327102314E-11
         1.000150680541992E+00         6.408539832136739E-08        -4.033181080775883E-11
         1.000447630882263E+00        -5.017915327698574E-07         1.864596810285946E-10
         9.999385476112366E-01        -1.197211503267681E-07         2.492273575016579E-11
         9.999428987503052E-01        -2.760744166607765E-07         1.067312141445065E-10
         9.998468756675720E-01        -2.224674204853727E-07         1.108680369732440E-10
         9.997879266738892E-01        -3.200516687229538E-07         1.571504315567296E-10
         9.997915625572205E-01        -3.206251903975499E-07         1.282601802543581E-10
         9.998494386672974E-01        -3.531568211201375E-07         1.441722297101933E-10
         9.996550083160400E-01         3.401034405214887E-07        -1.195721299751540E-10
         9.997897744178772E-01         6.435155075479315E-09        -1.451855562856208E-11
         9.995754361152649E-01         1.860434224454366E-07        -5.468665104091386E-11
         9.996120333671570E-01         3.792049767525896E-07        -1.520787246134248E-10
         9.997705221176147E-01         1.415890977796153E-07        -5.226308621986142E-11
         9.996539354324341E-01         4.810964355783653E-07        -2.040088237231785E-10
         9.999762773513794E-01         2.675612265079508E-08        -6.670867851166218E-12
         9.998544454574585E-01         2.965670091725769E-07        -1.087278461708863E-10
         9.998148083686829E-01         4.972947635906166E-07        -2.108313940096807E-10
         1.000173091888428E+00        -1.567818657122189E-07         5.825889770605386E-11
         1.000112414360046E+00        -2.589963230548165E-07         9.934329747718351E-11
         9.999479055404663E-01         4.029339351063754E-08        -3.156298790038536E-12
         9.997978210449219E-01         2.148820072989110E-07        -5.463444627262781E-11
         9.996364712715149E-01         2.637080172007700E-07        -9.964964964304102E-11
         9.995073676109314E-01         4.254988823504391E-07        -1.586385051099981E-10
         9.995967149734497E-01         8.252700745003949E-09         6.067245230528817E-12
         9.994956851005554E-01        -1.640163844740528E-07         7.029382631529302E-11
         9.995268583297729E-01        -5.669724600920745E-07         1.789307452204625E-10
         9.992077946662903E-01        -5.138983283359266E-07         1.801279125857036E-10
         9.991499781608582E-01        -3.881066561461921E-07         1.236378915914216E-10
         9.991331696510315E-01        -4.061888603246189E-07         1.251349163178261E-10
         9.989049434661865E-01         1.830117781764784E-07        -9.261702516027981E-11
         9.991855621337891E-01        -5.442136057354219E-07         1.619800543695149E-10
         9.991298913955688E-01        -9.019064464155235E-07         3.027027795088344E-10
         9.992120862007141E-01        -1.300646886193135E-06         4.461745140016404E-10
         9.990092515945435E-01        -1.149404965872236E-06         3.730917519373378E-10
         9.990625381469727E-01        -1.422451873622776E-06         5.021948412675670E-10
         9.989890456199646E-01        -1.187698558169359E-06         3.944442827918948E-10
         9.990179538726807E-01        -1.316274619966862E-06         4.267627917720063E-10
         9.988434314727783E-01        -1.093064270207833E-06         3.489909750076237E-10
         9.985305666923523E-01        -9.825200777413556E-07         3.237514700771271E-10
         9.983561635017395E-01        -9.416241368853662E-07         3.184677521694823E-10
         9.982004165649414E-01        -8.829507009977533E-07         3.215858690452933E-10
         9.979872107505798E-01        -7.588188282170449E-07         2.879665672583798E-10
         9.975686073303223E-01        -1.696122922112409E-07         4.459711072657413E-11
         9.978037476539612E-01        -9.894080221783952E-07         3.702935735816482E-10
         0.000000000000000E+00         0.000000000000000E+00         0.000000000000000E+00
         0.000000000000000E+00         0.000000000000000E+00         0.000000000000000E+00
         0.000000000000000E+00         0.000000000000000E+00         0.000000000000000E+00
         0.000000000000000E+00         0.000000000000000E+00         0.000000000000000E+00
         0.000000000000000E+00         0.000000000000000E+00         0.000000000000000E+00
         0.000000000000000E+00         0.000000000000000E+00         0.000000000000000E+00
         0.000000000000000E+00         0.000000000000000E+00         0.000000000000000E+00
         1.002126812934875E+00         4.828139026358258E-07        -1.738928445682575E-10
         1.002210497856140E+00         2.250444453011369E-07        -7.078554409289950E-11
         1.001949548721313E+00         5.272295311442576E-07        -1.536378663180571E-10
         1.001827597618103E+00         7.206395480352512E-07        -2.279274130545517E-10
         1.001666903495789E+00         8.252039833678282E-07        -2.839098678375507E-10
         1.001521706581116E+00         8.682981729180028E-07        -2.909024132691229E-10
         1.001336693763733E+00         8.238594659815135E-07        -2.638505802732283E-10
         1.001297473907471E+00         7.489923063985771E-07        -2.274686689007765E-10
         1.001212716102600E+00         9.509808478469495E-07        -3.034566486981305E-10
         1.001213431358337E+00         8.814265015644196E-07        -2.685734690199837E-10
         1.001291871070862E+00         7.788062248437200E-07        -2.545543220655588E-10
         1.001434326171875E+00         4.320124276091519E-07        -1.385541681386826E-10
         1.001270890235901E+00         6.587881102859683E-07        -2.225897244301223E-10
         1.001255154609680E+00         3.554307852482452E-07        -8.167368170663991E-11
         1.001255035400391E+00         3.807979283010354E-07        -9.739978962253204E-11
         1.001258134841919E+00         4.586363502312452E-07        -1.361466772653586E-10
         1.001183032989502E+00         2.954738249627553E-07        -5.720000861852981E-11
         1.000917911529541E+00         5.760549584010732E-07        -1.603199378807929E-10
         1.000847697257996E+00         5.597142376245756E-07        -1.728910764553504E-10
         1.000933527946472E+00         1.522105179674327E-07        -3.446280066876639E-11
         1.000813126564026E+00        -1.053821492291718E-07         5.136855177334532E-11
         1.000643253326416E+00        -8.498763470754511E-09         1.723937312347879E-11
         1.000349044799805E+00         6.003664765330541E-08         4.468890535402892E-12
         1.000169873237610E+00         2.268347731870790E-09         5.370729555531639E-11
         1.000024199485779E+00         3.828750205769893E-09         5.287054474778508E-11
         9.999618530273438E-01        -3.597241260422379E-08         5.344534190210304E-11
         9.999905228614807E-01        -9.428200087313598E-08         5.743579570283153E-11
         9.999631047248840E-01        -1.072499031806728E-07         7.810490448845187E-11
         9.999023675918579E-01        -7.405701296647749E-08         5.210842521363723E-11
         9.998931884765625E-01        -1.895493113579505E-07         9.559520536273070E-11
         9.998950362205505E-01        -2.247209494044000E-07         1.184784909069592E-10
         9.998008608818054E-01         1.645617544454581E-07        -5.719118234548404E-11
         9.997893571853638E-01         2.493593171948305E-07        -6.717679884582495E-11
         9.997679591178894E-01         5.630982400361972E-07        -1.691608103593367E-10
         9.999450445175171E-01         4.334660843596794E-07        -1.292217027826226E-10
         9.999455213546753E-01         4.118342360470706E-07        -1.471169297495578E-10
         1.000000953674316E+00         4.114269245292235E-07        -1.513608266501265E-10
         1.000072360038757E+00         2.892720090130751E-07        -1.189506132481810E-10
         1.000068068504333E+00         3.181117449457815E-07        -1.391999154831680E-10
         1.000245094299316E+00        -5.304018557694690E-08         6.735555255904524E-12
         1.000271201133728E+00        -2.881474472360424E-07         1.136008925817222E-10
         1.000230312347412E+00        -1.697384703902571E-07         6.361262211429519E-11
         1.000416517257690E+00        -5.554032895815908E-07         2.227753675976274E-10
         1.000182747840881E+00        -3.995336612661049E-07         1.698713253395212E-10
         1.000080227851868E+00        -5.357078407541849E-07         2.149419531249919E-10
         1.000210285186768E+00        -7.427231025758374E-07         2.766664397579888E-10
         1.000180482864380E+00        -8.004951723705744E-07         2.777945373733104E-10
         1.000197172164917E+00        -7.955127898640058E-07         2.730457804300812E-10
         1.000093460083008E+00        -5.298854830471100E-07         1.654512776783079E-10
         1.000174999237061E+00        -5.055992460256675E-07         1.694291512643886E-10
         1.000302076339722E+00        -5.112087251291086E-07         1.684750117192380E-10
         1.000231862068176E+00        -3.663652989871480E-07         1.194392779124698E-10
         1.000178456306458E+00        -2.352050501031044E-07         8.211879787278775E-11
         1.000295877456665E+00        -3.093700797762722E-07         9.971188458246516E-11
         1.000298380851746E+00         3.626464106787353E-08        -4.631406369526303E-11
         1.000383973121643E+00        -2.503951179733122E-07         7.981693084246899E-11
         1.000153899192810E+00        -8.596995826337661E-08         3.468281911667148E-11
         9.998829960823059E-01         2.512745709282171E-07        -9.579555204641821E-11
         9.997569322586060E-01         2.723480179156468E-07        -1.032595467465036E-10
         9.994700551033020E-01         3.417614493628207E-07        -9.995116539984750E-11
         9.994081854820251E-01         5.267215215098986E-07        -1.719446390824331E-10
         9.994168281555176E-01         4.783800591212639E-07        -1.677972760738555E-10
         9.993253946304321E-01         6.358892505886615E-07        -2.350247774174363E-10
         9.995090365409851E-01         5.221071432970348E-07        -1.805898486306745E-10
         9.997321367263794E-01         2.453836600579962E-07        -7.159293297087643E-11
         1.000050783157349E+00         1.667149973627602E-07        -1.125946905156106E-10
         9.997810125350952E-01         2.122891515909942E-07        -6.418999359825150E-11
         9.996630549430847E-01         2.361434212616587E-07        -5.189281643280808E-11
         9.995257854461670E-01         5.234271043264016E-07        -1.636749902278467E-10
         9.994603991508484E-01         6.853224476799369E-07        -2.327203985075244E-10
         9.995140433311462E-01         6.605177986784838E-07        -2.094697054699779E-10
         9.997515678405762E-01         4.217450850774185E-07        -1.440425695387049E-10
         9.998422861099243E-01         3.980279643656104E-07        -1.644896580055288E-10
         9.998064041137695E-01         1.922394119446835E-07        -9.874467910009344E-11
         9.998806118965149E-01         1.481581506368457E-07        -9.929896488403145E-11
         1.000081419944763E+00         2.711185516091064E-07        -1.393562765183987E-10
         1.000134706497192E+00         3.392320380157798E-08        -2.562494313962382E-11
         1.000071406364441E+00         1.252184063105233E-07        -6.573110805652149E-11
         9.999267458915710E-01         4.519993268559119E-08        -4.374487924674320E-11
         9.998327493667603E-01         5.009189063542863E-09        -1.704490715237483E-11
         9.997583031654358E-01         4.239637263481200E-08        -1.195777418055988E-11
         9.996880292892456E-01         2.019683051912580E-07        -8.223678682472979E-11
         9.997486472129822E-01        -8.186653133179789E-08         3.768641648749238E-11
         9.996651411056519E-01         2.656123569977353E-07        -9.949484292004485E-11
         9.998013377189636E-01         2.011301525328690E-08        -8.927515844636691E-12
         9.998115301132202E-01         1.314897275506155E-07        -6.935196861235227E-11
         9.996287226676941E-01         3.477081236269441E-07        -1.377166020111176E-10
         9.996074438095093E-01         4.031016089811601E-07        -1.445588371229434E-10
         9.996835589408875E-01         3.590637618344772E-07        -1.284519296484987E-10
         9.995619654655457E-01         4.796782491212070E-07        -1.755160322636229E-10
         9.996306896209717E-01         3.484119304175692E-07        -1.250960307563886E-10
         9.996770620346069E-01         2.050628040706215E-07        -9.322976418646434E-11
         9.996042251586914E-01         4.177411128125641E-08        -1.395981420737602E-11
         9.996451139450073E-01        -2.607167104429209E-08        -8.740004379947930E-12
         9.998078942298889E-01        -1.854025981629093E-07         7.534640272810478E-11
         9.996916055679321E-01        -6.576516398126842E-08         3.903481704536915E-11
         9.997230172157288E-01        -4.522336638501656E-08         4.633343708704274E-11
         9.999097585678101E-01        -3.485337884967521E-08         1.849113744067932E-11
         9.997786879539490E-01         1.920375609643088E-07        -4.301806480477843E-11
         9.998082518577576E-01         3.912476813638932E-07        -1.059424631355554E-10
         0.000000000000000E+00         0.000000000000000E+00         0.000000000000000E+00
         9.995445609092712E-01         2.110414243361447E-07        -6.496267412892109E-11
         9.997742772102356E-01         4.960661925679233E-08        -2.144452150576459E-11
         9.997276067733765E-01         1.825522133458435E-07        -6.790384921018244E-11
         9.997559189796448E-01         2.157533884883378E-07        -6.798619306414011E-11
         9.999797344207764E-01        -9.978641912766761E-09         3.993973988342114E-12
         1.000202894210815E+00        -2.724573278101161E-07         9.901673231338393E-11
         1.000263452529907E+00        -1.062963619347101E-07         3.591510075451332E-11
         1.000201344490051E+00        -9.070107154229845E-08         4.424080893294935E-11
         1.000353813171387E+00        -3.604736491524818E-07         1.418081346793443E-10
         1.000426292419434E+00        -4.043923809149419E-07         1.540282484890909E-10
         1.000417351722717E+00        -3.618471566824155E-07         1.139910527081511E-10
         1.000512599945068E+00        -3.610805379139492E-07         1.100014385135850E-10
         1.000498652458191E+00        -1.720150066830683E-07         3.829335459837324E-11
         1.000379562377930E+00        -2.199520281465084E-07         5.199077279804953E-11
         1.000168204307556E+00         1.068335464537995E-07        -5.593361884770331E-11
         1.000007629394531E+00         2.697887850899860E-07        -1.046701267326533E-10
         9.999833106994629E-01         4.218287870116910E-07        -1.441255448320078E-10
         9.998463392257690E-01         3.414690468162007E-07        -1.112781256029649E-10
         9.997882246971130E-01         2.582833360520453E-07        -9.415505181076256E-11
         9.997215270996094E-01         2.948960968751635E-07        -9.481474633199483E-11
         9.999116659164429E-01         1.381617948936764E-07        -6.095650373350026E-11
         9.999973177909851E-01         1.044925994619916E-07        -5.292508792331674E-11
         1.000096678733826E+00        -6.129218910189138E-09        -2.137413163127988E-11
         9.998753070831299E-01         1.558711630877951E-07        -8.272794949082396E-11
         9.997136592864990E-01        -1.128325308741296E-07         1.249282795268147E-11
         9.994827508926392E-01        -8.218152913741505E-08         7.076468751254783E-12
         9.995848536491394E-01         4.809770715041850E-08        -4.580895038297506E-11
         9.997832775115967E-01        -1.882175268974606E-07         4.992880414667056E-11
         9.997779130935669E-01        -1.091146160092649E-07         2.258571801805331E-11
         9.995224475860596E-01         9.057369965148609E-08        -1.963804292792748E-11
         9.993796348571777E-01         1.962844180525281E-07        -2.882824014227570E-11
         9.995123744010925E-01         2.037576791735773E-07        -4.271603903927002E-11
         9.997494816780090E-01         4.515431939466907E-08         1.764831336625861E-11
         9.999182224273682E-01         5.748132636540504E-08         2.059066632476014E-11
         1.000059485435486E+00        -1.251221704023919E-07         1.010211914120873E-10
         9.999540448188782E-01        -9.018248903203130E-08         7.090573267420908E-11
         1.000115394592285E+00        -2.872614004445495E-07         1.266894505969063E-10
         1.000363945960999E+00        -3.080045303249790E-07         1.293020690518176E-10
         1.000431656837463E+00        -4.893125264970877E-07         1.957822931553110E-10
         1.000488638877869E+00        -5.671801091011730E-07         2.258883496919495E-10
         1.000461816787720E+00        -3.202047196282365E-07         1.115437464616065E-10
         1.000636577606201E+00        -5.931808573222952E-07         2.153565797913259E-10
         1.000566124916077E+00        -4.842846124120115E-07         1.744520639057612E-10
         1.000453591346741E+00        -3.307422673515248E-07         1.136934435486125E-10
         1.000408411026001E+00        -1.972876617628572E-07         4.662940866762000E-11
         1.000359177589417E+00        -1.790017307712333E-07         3.787935590193747E-11
         1.000324130058289E+00        -3.808060569099325E-07         1.253356723962540E-10
         1.000280141830444E+00        -4.946272156303166E-07         1.727908094384389E-10
         1.000472545623779E+00        -7.861182211854612E-07         2.618562033873673E-10
         1.000695824623108E+00        -8.575043466407806E-07         2.877549309943106E-10
         1.000627040863037E+00        -6.925100706212106E-07         2.393609199735636E-10
         1.000528812408447E+00        -3.009219824434695E-07         6.210913033877219E-11
         1.000581860542297E+00        -7.253141234286886E-07         2.624120920557971E-10
         1.000518798828125E+00        -7.066407761158189E-07         2.573271318251358E-10
         1.000081539154053E+00        -3.640385273229185E-07         1.362314427932887E-10
         9.996763467788696E-01        -1.620910694555278E-07         5.669943334285499E-11
         9.994905591011047E-01        -2.056859500498831E-07         7.412854358124221E-11
         9.991829395294189E-01         1.413825003737657E-07        -5.247874010350095E-11
         9.991146326065063E-01        -1.026210441068542E-07         4.430084771245291E-11
         9.987865686416626E-01        -6.122112239381750E-08         2.918198321877341E-11
         9.986768364906311E-01        -1.870780863555410E-07         6.049972328669995E-11
         9.984739422798157E-01        -2.150456026583925E-07         8.578110444190656E-11
         9.983065128326416E-01        -1.483724219042415E-07         6.641556055120290E-11
         9.979591965675354E-01        -4.642203066396178E-09         1.445279117738563E-12
         9.974666237831116E-01         3.533098720254202E-07        -1.081859116180972E-10
         9.971680045127869E-01         5.426384177553700E-07        -1.618297579275563E-10
         9.969469308853149E-01         7.977653240232030E-07        -2.504791374313697E-10
         9.967824816703796E-01         8.829554758449376E-07        -2.647920771536860E-10
         9.968665242195129E-01         8.739503982724273E-07        -2.686788291850206E-10
         9.968841671943665E-01         1.004738237497804E-06        -3.364095113589372E-10
         9.967845082283020E-01         9.535295362184115E-07        -3.252648983487205E-10
         9.965611100196838E-01         8.623049438938324E-07        -2.795536857558290E-10
         9.964396357536316E-01         7.576559255539905E-07        -2.667678300483090E-10
         9.966030120849609E-01         4.409781411141012E-07        -1.457807347060580E-10
         9.963920712471008E-01         8.035039513742959E-07        -2.804432241987342E-10
         9.963155388832092E-01         4.936883328809927E-07        -1.585831882477962E-10
         9.960941076278687E-01         2.726041543610336E-07        -7.418244490908776E-11
         0.000000000000000E+00         0.000000000000000E+00         0.000000000000000E+00
         0.000000000000000E+00         0.000000000000000E+00         0.000000000000000E+00
         0.000000000000000E+00         0.000000000000000E+00         0.000000000000000E+00
         0.000000000000000E+00         0.000000000000000E+00         0.000000000000000E+00
         0.000000000000000E+00         0.000000000000000E+00         0.000000000000000E+00
         0.000000000000000E+00         0.000000000000000E+00         0.000000000000000E+00
         0.000000000000000E+00         0.000000000000000E+00         0.000000000000000E+00
         0.000000000000000E+00         0.000000000000000E+00         0.000000000000000E+00
         1.003610730171204E+00        -4.903932335764694E-07         1.954992001618194E-10
         1.003623843193054E+00        -6.457096333178924E-07         2.435770474207288E-10
         1.003641605377197E+00        -4.940335998071532E-07         1.504701224730454E-10
         1.003578543663025E+00        -5.971011773908685E-07         1.864561283149158E-10
         1.003301024436951E+00        -5.908360662942869E-07         1.977167041200545E-10
         1.003271341323853E+00        -6.469995810221008E-07         2.097841206305517E-10
         1.003280997276306E+00        -6.505147212010343E-07         2.022033929183209E-10
         1.003198027610779E+00        -8.315753348142607E-07         2.787235997558923E-10
         1.003106832504272E+00        -1.082587573364435E-06         3.869168596626338E-10
         1.003075838088989E+00        -9.782169172467547E-07         3.398025194556453E-10
         1.003029704093933E+00        -9.985358246922260E-07         3.426670613926319E-10
         1.003002047538757E+00        -1.006839625006251E-06         3.222803968139232E-10
         1.002745270729065E+00        -9.055667078428087E-07         2.771800289291804E-10
         1.002724766731262E+00        -1.252514607585908E-06         4.271427378466086E-10
         1.002281427383423E+00        -8.906920356821502E-07         3.003756410269176E-10
         1.001965999603271E+00        -5.622121079795761E-07         1.830527673885030E-10
         1.001914739608765E+00        -5.394308573158924E-07         1.706356861364000E-10
         1.001577734947205E+00        -2.245040349180272E-07         5.372002842563006E-11
         1.001228213310242E+00         5.245962331201781E-09        -2.095448987937676E-11
         1.001074314117432E+00        -1.756031338118191E-07         5.732773283861903E-11
         1.000779628753662E+00        -2.252037205607849E-07         8.480120078369069E-11
         1.000512480735779E+00        -9.393060196316583E-08         5.121130949858888E-11
         1.000348567962646E+00         2.487970505171688E-07        -6.161249288538784E-11
         1.000294566154480E+00         3.916295838735095E-07        -1.136349556118965E-10
         1.000191330909729E+00         5.071295845482382E-07        -1.658486403766091E-10
         9.999567866325378E-01         4.323821087837132E-07        -1.338211208512519E-10
         9.998296499252319E-01         4.936973141411727E-07        -1.614308825503841E-10
         9.996758103370667E-01         5.750868581344548E-07        -2.016259798010012E-10
         9.996741414070129E-01         4.149546271037252E-07        -1.306637853470960E-10
         9.997764825820923E-01         3.666198722385161E-07        -1.128589860455165E-10
         9.998795986175537E-01         2.557122797952616E-07        -7.626543840899558E-11
         9.997297525405884E-01         4.374641946469637E-07        -1.403516053377629E-10
         9.999446272850037E-01         3.300100956948882E-07        -1.114147454850389E-10
         1.000009298324585E+00         1.659962549638294E-07        -5.520892076837924E-11
         9.999260902404785E-01         4.826304333960252E-08        -1.230342043523347E-11
         1.000082492828369E+00        -1.926815969000018E-07         9.176253507048315E-11
         1.000129580497742E+00        -9.641097875601190E-08         2.383601649391665E-11
         1.000145435333252E+00         3.796134517841665E-09         1.403194400950714E-12
         1.000218749046326E+00         5.259119006950641E-08        -1.034345265688019E-11
         1.000258803367615E+00         2.262155440746483E-08        -1.591356386942966E-11
         1.000320315361023E+00        -2.070111406737851E-07         6.893327575419050E-11
         1.000241160392761E+00        -3.994833619458404E-08        -1.261095936878898E-12
         1.000274658203125E+00        -1.306877237539084E-07         2.561970774417333E-11
         1.000369787216187E+00        -3.505538472836633E-07         9.388676641686189E-11
         1.000354170799255E+00        -5.796429149995674E-07         1.814020877954903E-10
         1.000198960304260E+00        -4.148259620251338E-07         1.163777962887025E-10
         1.000088095664978E+00        -2.213880065937701E-07         5.865711388830519E-11
         9.999721050262451E-01        -3.062664006847626E-07         9.512974435965660E-11
         1.000046849250793E+00        -3.342397860706114E-07         1.161640644786743E-10
         1.000111222267151E+00        -1.683101089611228E-07         3.928537009589839E-11
         1.000192999839783E+00        -1.471530310936942E-07         3.402391562934426E-11
         1.000224471092224E+00        -1.763800696608087E-07         6.200443630755004E-11
         1.000314354896545E+00        -2.937609906439320E-07         1.247764808143259E-10
         1.000231862068176E+00        -5.790567314534201E-08         4.297584163537316E-11
         1.000102281570435E+00         1.422612854184990E-07        -4.006252621313600E-11
         1.000112175941467E+00         2.583010711987299E-07        -1.021679754686922E-10
         1.000133156776428E+00         2.506288296899584E-07        -1.116308087634188E-10
         1.000117421150208E+00         3.994259145656542E-07        -1.853533715401312E-10
         1.000100731849670E+00         2.084179868688807E-07        -8.435906140302762E-11
         1.000037789344788E+00         3.493150870781392E-07        -1.283663314533001E-10
         1.000201702117920E+00         1.280466364050881E-07        -5.561225785433166E-11
         1.000162363052368E+00         1.206168604994673E-07        -6.571172772584788E-11
         9.999481439590454E-01         1.960039099913047E-07        -8.581253069239736E-11
         9.999558925628662E-01         1.109010767663676E-07        -4.867070635405923E-11
         9.999794960021973E-01         2.644760854764172E-07        -1.163859911224030E-10
         1.000092387199402E+00         3.074829351135122E-07        -1.354979739520701E-10
         1.000168561935425E+00         2.751795875610696E-07        -1.390390025335364E-10
         1.000230073928833E+00         2.651998727287719E-07        -1.460167958766689E-10
         1.000046253204346E+00         2.769060358787101E-07        -1.190916532056718E-10
         9.997716546058655E-01         2.387030235695420E-07        -7.431235488075671E-11
         9.998058676719666E-01         2.482804859482712E-07        -9.048046339943383E-11
         9.998581409454346E-01         8.164581544178873E-08        -4.296308100948387E-11
         1.000042915344238E+00         8.562281550439366E-08        -6.401086605212214E-11
         1.000110745429993E+00         2.334533775183445E-07        -9.937824868577749E-11
         1.000124931335449E+00         1.822876072310464E-07        -7.754898112555253E-11
         1.000206708908081E+00         1.663960702558143E-08        -1.312540137340945E-12
         1.000124573707581E+00         2.480344996058648E-08         7.524246850576510E-12
         1.000101208686829E+00        -1.774468501025694E-07         8.278337043643447E-11
         9.999145269393921E-01        -1.625961658646702E-07         9.704100717433661E-11
         9.999940395355225E-01        -2.823491911385645E-07         1.369951790897161E-10
         9.999195337295532E-01        -4.861500535469077E-09         2.891384527636820E-11
         1.000108480453491E+00        -3.738647169626574E-09         1.167368285370785E-11
         1.000238299369812E+00         5.389084734019889E-08        -2.927315681522380E-11
         1.000401020050049E+00        -2.514101709039096E-07         7.336650037492731E-11
         1.000297904014587E+00        -1.423697000291213E-07         2.496209489111223E-11
         1.000209331512451E+00        -5.183493634319802E-09        -2.041625549176196E-11
         1.000383853912354E+00        -3.019762857547903E-07         8.953807140166248E-11
         1.000341534614563E+00        -1.512479883558626E-07         1.326515720184718E-11
         1.000550985336304E+00        -4.671531428357412E-07         1.187855647177827E-10
         1.000676989555359E+00        -5.643011604661297E-07         1.334654053941620E-10
         1.000476598739624E+00        -2.765681017535826E-07         4.560620978089069E-11
         1.000389575958252E+00        -1.703693470744838E-07         1.785733713677295E-11
         1.000121355056763E+00        -2.179625795406537E-07         4.079117252309139E-11
         1.000137090682983E+00        -2.744567950685450E-07         5.073621384132920E-11
         1.000221490859985E+00        -4.935896527058503E-07         1.433577423437526E-10
         1.000130772590637E+00        -6.086445409891894E-07         2.053946873692425E-10
         0.000000000000000E+00         0.000000000000000E+00         0.000000000000000E+00
         0.000000000000000E+00         0.000000000000000E+00         0.000000000000000E+00
         9.993316531181335E-01        -3.893772415608510E-08         5.496206267885384E-11
         9.995037317276001E-01         2.273096981753042E-07        -3.683746710447799E-11
         9.996926784515381E-01         1.860337590642303E-07        -5.614969947331794E-11
         9.995130300521851E-01         4.493064125199453E-07        -1.551050260450992E-10
         9.997836947441101E-01        -1.450274567105225E-07         6.063014673651779E-11
         9.999716877937317E-01        -2.874125470953004E-07         1.045800043786294E-10
         1.000063061714172E+00        -3.952681879582087E-07         1.518106057529778E-10
         1.000034809112549E+00        -3.468160514330521E-07         1.458765747086588E-10
         0.000000000000000E+00         0.000000000000000E+00         0.000000000000000E+00
         9.995126724243164E-01        -3.659021103885607E-07         1.690293877087967E-10
         9.996318817138672E-01        -9.409674106564125E-08         3.930294978360394E-11
         9.995812773704529E-01         4.819389687327202E-08        -2.042799089607694E-12
         9.996469616889954E-01         1.069206447823490E-07        -3.975061599326146E-11
         0.000000000000000E+00         0.000000000000000E+00         0.000000000000000E+00
         0.000000000000000E+00         0.000000000000000E+00         0.000000000000000E+00
         9.991402626037598E-01         4.088429363946489E-07        -1.487444195591436E-10
         9.992643594741821E-01         4.816886871594761E-07        -1.772146041023603E-10
         9.993171691894531E-01         3.725063493220659E-07        -1.478139832755687E-10
         9.992494583129883E-01         5.071034934189811E-07        -1.992526421634722E-10
         9.991267323493958E-01         6.124849392108445E-07        -2.240682639431668E-10
         9.991284012794495E-01         5.964830620541761E-07        -2.252559666571230E-10
         9.991670846939087E-01         6.536778300869628E-07        -2.437455237647157E-10
         9.990990757942200E-01         8.652966130284767E-07        -3.058180930715082E-10
         9.994141459465027E-01         5.125575626152568E-07        -1.834435797709588E-10
         9.994254708290100E-01         3.334428981816018E-07        -1.096189805593895E-10
         9.994788765907288E-01         2.123375963947183E-07        -8.533482948047677E-11
         9.995645284652710E-01         3.030384618796234E-07        -1.032477575657609E-10
         9.996355175971985E-01         4.442090926204401E-07        -1.503025759408416E-10
         9.998536705970764E-01         4.134117546072957E-07        -1.341155519973825E-10
         9.998399615287781E-01         4.617809565843345E-07        -1.379644593013651E-10
         9.996802210807800E-01         7.414530500682304E-07        -2.478730276589403E-10
         9.996284246444702E-01         7.992906603249139E-07        -2.822594658002942E-10
         9.997285008430481E-01         5.229942985351954E-07        -1.862044407552332E-10
         9.999116063117981E-01         4.681655525473616E-07        -1.735814408876379E-10
         9.998072385787964E-01         7.165606916714751E-07        -2.639593543740659E-10
         1.000019550323486E+00         2.584718288289878E-07        -1.000975691223260E-10
         9.999139308929443E-01         4.382679605896556E-07        -1.701153523603338E-10
         9.999887347221375E-01         2.343760883150026E-07        -9.815084855979705E-11
         9.998015761375427E-01         5.780186711490387E-07        -2.114621117099702E-10
         9.998350739479065E-01         7.801759238645900E-07        -2.702903179052640E-10
         9.999529123306274E-01         6.532381462420744E-07        -2.087308798026655E-10
         9.997971057891846E-01         5.860383112121781E-07        -1.737547467017819E-10
         9.996035695075989E-01         6.396601293090498E-07        -1.905873514562728E-10
         9.995771646499634E-01         5.254859161141212E-07        -1.511908515050564E-10
         9.996238946914673E-01         3.304823508187837E-07        -7.513576566475777E-11
         9.997206330299377E-01         3.550621272552235E-07        -9.750990986878705E-11
         9.998720288276672E-01         2.347660625900971E-07        -6.180874562167205E-11
         9.998738765716553E-01         2.893113446589268E-07        -8.300563708596442E-11
         9.997118115425110E-01         3.584717660487513E-07        -9.329644695688089E-11
         9.996875524520874E-01         3.421353369503777E-07        -8.818977492719426E-11
         9.996553063392639E-01         2.419011480014888E-07        -3.939269743735707E-11
         9.996920824050903E-01         2.056393100247078E-07        -2.553170001806659E-11
         9.996835589408875E-01         2.310721498588464E-07        -4.490625232778100E-11
         9.996175765991211E-01         1.993862781546341E-07        -3.756060740212064E-11
         9.992287755012512E-01         7.929152729957423E-07        -2.407899990508611E-10
         9.993879795074463E-01         2.869937532068434E-07        -7.261342915843016E-11
         9.992644786834717E-01         3.652525890629477E-07        -1.057800028125833E-10
         9.992673993110657E-01         3.932433116915490E-07        -1.346372180410782E-10
         9.992172718048096E-01         1.135600911084111E-07        -5.799143804052775E-11
         9.989116787910461E-01         3.345506058849423E-07        -1.543451338958945E-10
         9.989975690841675E-01         1.096883437412544E-07        -9.950947704728819E-11
         9.989673495292664E-01        -1.271207672459695E-08        -5.696547400457774E-11
         9.991238117218018E-01        -5.121778556826939E-08        -5.761677246418628E-11
         9.988692402839661E-01         5.443508399594066E-08        -8.528591027845422E-11
         9.986830353736877E-01         2.895311297379521E-07        -1.817877931520329E-10
         9.983833432197571E-01         6.616375571866229E-07        -3.293462447206963E-10
         9.981196522712708E-01         7.097072511896840E-07        -3.227487443968613E-10
         9.981024861335754E-01         6.147925546429178E-07        -2.636682538970092E-10
         9.978677630424500E-01         6.912360959177022E-07        -2.771463891715342E-10
         9.978109598159790E-01         3.076449672789749E-07        -1.309954228423393E-10
         9.974857568740845E-01         3.239238139940426E-07        -1.222574125270270E-10
         9.973632693290710E-01         1.948018280018005E-07        -7.589463779655858E-11
         9.971879720687866E-01         1.147900547948666E-07        -4.089699759401988E-11
         9.970208406448364E-01        -7.607187768599033E-09         4.582385686180412E-12
         9.965851902961731E-01         2.083810812791853E-07        -6.811162051034714E-11
         9.961947202682495E-01         6.284768119257933E-07        -2.360728001971069E-10
         9.962072372436523E-01         4.832808144783485E-07        -1.955908074391388E-10
         9.960625767707825E-01         6.398725531653326E-07        -2.673848920053956E-10
         9.961326122283936E-01         2.166123209690340E-07        -1.325957815767609E-10
         9.960082769393921E-01         1.234542956751739E-08        -6.759348636364848E-11
         0.000000000000000E+00         0.000000000000000E+00         0.000000000000000E+00
         0.000000000000000E+00         0.000000000000000E+00         0.000000000000000E+00
         0.000000000000000E+00         0.000000000000000E+00         0.000000000000000E+00
         0.000000000000000E+00         0.000000000000000E+00         0.000000000000000E+00
         0.000000000000000E+00         0.000000000000000E+00         0.000000000000000E+00
         0.000000000000000E+00         0.000000000000000E+00         0.000000000000000E+00
         0.000000000000000E+00         0.000000000000000E+00         0.000000000000000E+00
         1.003487110137939E+00         5.421949254014180E-07        -2.016602718146743E-10
         1.003315687179565E+00         3.723838233327115E-07        -1.406718214136404E-10
         1.003253817558289E+00         6.301718258328037E-08        -2.510544029610262E-11
         1.003247976303101E+00        -1.007043266554319E-07         6.009719111244038E-11
         1.003007292747498E+00         7.571540550088685E-08         5.337479156569680E-12
         1.002852916717529E+00         6.680300401740169E-08         2.014325338473011E-11
         1.002784967422485E+00        -5.637427591409505E-08         5.376580430871414E-11
         1.002844572067261E+00        -3.338716112466500E-07         1.115472228474523E-10
         1.002650380134583E+00        -2.297602179623937E-07         7.685725667005983E-11
         1.002473235130310E+00        -5.451247488963418E-07         2.133536958215387E-10
         1.002349615097046E+00        -4.918624654237647E-07         1.976916685908492E-10
         1.002272844314575E+00        -5.189815510675544E-07         2.035514118370330E-10
         1.002148747444153E+00        -3.164314819059655E-07         1.491893691918378E-10
         1.002045989036560E+00        -3.682034730445594E-07         1.770282809232526E-10
         1.002175927162170E+00        -8.767756867200660E-07         3.988525898446227E-10
         1.001842617988586E+00        -7.191435997810913E-07         3.225178457633149E-10
         1.001977086067200E+00        -1.013943233374448E-06         4.266768049987490E-10
         1.001682877540588E+00        -5.659773592014972E-07         2.260293202605013E-10
         1.001499891281128E+00        -4.926201881971792E-07         1.799117937961725E-10
         1.001387119293213E+00        -4.639079236312682E-07         1.328153004243049E-10
         1.001178145408630E+00        -9.810791823383624E-08        -2.363789719517229E-11
         1.001136302947998E+00        -4.246026819032522E-08        -7.857244715969713E-11
         1.000741958618164E+00         1.617647029661384E-07        -1.607863425734379E-10
         1.000254511833191E+00         5.252003347777645E-07        -2.795436382374561E-10
         9.999346733093262E-01         8.137781151162926E-07        -3.472032383822210E-10
         9.999347925186157E-01         5.942044367657218E-07        -2.601711346361668E-10
         1.000067591667175E+00         2.334958253413788E-07        -9.214268237300871E-11
         1.000015497207642E+00         2.879004057376733E-07        -1.033989005527758E-10
         1.000212669372559E+00        -1.257943296195663E-07         7.906886950737047E-11
         1.000126242637634E+00        -1.939895497571342E-07         9.629510383524220E-11
         1.000009417533875E+00         5.919228129869225E-08        -3.679620844132536E-11
         1.000055909156799E+00         2.326575909705753E-08        -2.610347354936593E-11
         1.000114202499390E+00         8.287621255931299E-08         2.949558566139876E-12
         9.999719262123108E-01         2.777269401121885E-07        -5.442641476394172E-11
         9.999036788940430E-01         1.046394118020544E-07         2.476640073578729E-11
         9.999713897705078E-01         2.429474577070323E-08         4.857535207403174E-11
         9.998522996902466E-01         2.907452483214001E-07        -6.826818277350100E-11
         1.000048279762268E+00         1.436073517879777E-07        -3.086254168893632E-11
         1.000072121620178E+00         8.927914052492270E-08        -2.960851702704659E-11
         1.000291347503662E+00        -2.781187333766866E-07         1.055861925669532E-10
         1.000403285026550E+00        -1.547218886344126E-07         5.035966435529282E-11
         1.000375628471375E+00        -1.760660950367310E-07         3.016074542894209E-11
         1.000421762466431E+00        -5.095646429253975E-07         1.608751604154079E-10
         1.000268697738647E+00        -3.220114592750178E-07         8.276374030558031E-11
         1.000697374343872E+00        -8.787225169726298E-07         2.625130390843111E-10
         1.000729322433472E+00        -9.653474535298301E-07         2.691273315313936E-10
         1.000630974769592E+00        -8.487851346217212E-07         2.227809187127505E-10
         1.000783562660217E+00        -1.027796656671853E-06         2.502426876827002E-10
         1.000581860542297E+00        -6.280896513999323E-07         1.218835032901211E-10
         1.000447392463684E+00        -2.870764603812859E-07         1.766171583983400E-11
         1.000521421432495E+00        -4.445616923476337E-07         1.046099526447186E-10
         1.000455379486084E+00        -6.690582381452259E-07         1.946648536810258E-10
         1.000672459602356E+00        -9.564589618094033E-07         3.134412729366431E-10
         1.000713229179382E+00        -9.280864219363139E-07         3.280177518494298E-10
         1.000912904739380E+00        -1.178994921247067E-06         4.596077962659706E-10
         1.000750660896301E+00        -9.258662316824484E-07         4.249411655887769E-10
         1.000641942024231E+00        -5.859509428773890E-07         2.934666676335240E-10
         1.000634789466858E+00        -7.643461117368133E-07         3.380959956444940E-10
         1.000653862953186E+00        -1.048655235535989E-06         4.167267364518779E-10
         1.000652313232422E+00        -7.914398452157911E-07         3.114328517295206E-10
         1.000628232955933E+00        -6.755049071216490E-07         2.818150712791123E-10
         1.000110030174255E+00         2.883941192521888E-07        -5.869278674186518E-11
         9.997597932815552E-01         6.440199626922549E-07        -1.453969167286573E-10
         9.998036026954651E-01         6.471973961197364E-07        -1.713796743407769E-10
         9.996964335441589E-01         9.422162747796392E-07        -2.841558099930808E-10
         9.997697472572327E-01         7.808023383404361E-07        -2.004318377935022E-10
         9.993624091148376E-01         1.142758492278517E-06        -3.071152221423290E-10
         9.995615482330322E-01         6.338441949083062E-07        -1.270413357845612E-10
         9.995746612548828E-01         4.663544928007468E-07        -8.103115400892591E-11
         9.995324611663818E-01         5.419792046268412E-07        -1.325766579851617E-10
         9.997375607490540E-01         4.409686482631514E-07        -1.216151207517058E-10
         1.000051856040955E+00         4.319694255627837E-07        -1.815384370607021E-10
         1.000025749206543E+00         4.285723491648241E-07        -1.986853459534643E-10
         1.000034213066101E+00         3.928716694190371E-07        -1.922208225924038E-10
         9.999238848686218E-01         6.543338599840354E-07        -3.392494341003527E-10
         9.999177455902100E-01         5.067545885140134E-07        -2.756184724894695E-10
         1.000122308731079E+00         2.961764664632938E-07        -1.967792456758488E-10
         9.999077916145325E-01         3.660678657979588E-07        -2.156200079594939E-10
         9.998517632484436E-01         2.528629394760173E-08        -6.768227645004288E-11
         9.999320507049561E-01         1.025201399329490E-07        -1.038864064217826E-10
         1.000086903572083E+00         1.023192268689854E-07        -1.067566729462399E-10
         1.000319957733154E+00         1.454940523615278E-08        -8.335859086328057E-11
         1.000346064567566E+00        -1.483591347550828E-07        -2.097207650597621E-11
         1.000406026840210E+00        -6.410984951799037E-07         1.822896694703147E-10
         1.000610232353210E+00        -9.441310453439655E-07         3.043571783489796E-10
         1.000380158424377E+00        -8.408155736105982E-07         2.867637516335009E-10
         1.000351548194885E+00        -9.856142924036249E-07         4.087803984198501E-10
         1.000195384025574E+00        -6.544069037772715E-07         2.802383047839641E-10
         1.000072598457336E+00        -3.241463559788826E-07         1.181221787049935E-10
         1.000056743621826E+00        -4.649231755138317E-08         4.388537601894560E-13
         1.000196933746338E+00        -1.520171650781776E-07        -5.004214273865437E-13
         1.000243663787842E+00        -3.951789437905973E-07         1.173873082072063E-10
         1.000209450721741E+00        -3.412887110698648E-07         9.400392270153546E-11
         9.999797344207764E-01        -4.434230902461422E-07         1.425799478482759E-10
         1.000026345252991E+00        -5.450709750220994E-07         1.843358798936379E-10
         1.000185728073120E+00        -6.942375989638094E-07         2.801970877541748E-10
         1.000224232673645E+00        -6.147731141936674E-07         2.750150385200101E-10
         1.000296950340271E+00        -9.158706006928696E-07         4.118873020431124E-10
         1.000067114830017E+00        -6.665575824627012E-07         3.314099827900208E-10
         9.998805522918701E-01        -3.634312761846559E-08         7.435192045379679E-11
         9.994683265686035E-01         3.450202541444014E-07        -7.865518653060732E-11
         9.993278384208679E-01         6.530727887366083E-07        -2.144970590034490E-10
         9.989468455314636E-01         1.350088155049889E-06        -4.970082123634256E-10
         9.990487098693848E-01         1.012011694001558E-06        -3.581176188927060E-10
         9.995599985122681E-01         2.636130034261441E-07        -8.394358819163728E-11
         9.999856352806091E-01        -6.191567081259564E-07         2.595005876848688E-10
         1.000136375427246E+00        -9.718077080833609E-07         4.250667040572864E-10
         9.999880194664001E-01        -6.363713964674389E-07         3.099183687460538E-10
         1.000281691551208E+00        -7.227000082821178E-07         3.072921916924543E-10
         1.000110387802124E+00        -4.203303092253918E-07         2.029410389736697E-10
         1.000025749206543E+00        -4.093730154863806E-08         4.081264146083008E-11
         1.000241756439209E+00        -4.138359201988351E-07         1.600479332397597E-10
         1.000192403793335E+00        -2.252761248655588E-07         8.614905316894905E-11
         1.000162839889526E+00         2.568343688835739E-07        -9.799353689610157E-11
         1.000122904777527E+00         4.345187392118532E-07        -1.984005598698602E-10
         1.000243186950684E+00         4.783254325957387E-07        -2.276861754690884E-10
         1.000453233718872E+00        -2.631293405386259E-09        -2.030786996898293E-11
         1.000581264495850E+00        -4.706285494648910E-07         1.672685462361656E-10
         1.000439763069153E+00        -6.247118449209665E-07         2.004545140987801E-10
         1.000486016273499E+00        -6.173456199576322E-07         1.440275954056602E-10
         1.000373363494873E+00        -5.934728619649832E-07         1.685799416728528E-10
         1.000399112701416E+00        -5.051714992987399E-07         1.973718549708181E-10
         1.000094890594482E+00        -2.260806581944053E-07         1.275884536910965E-10
         1.000027775764465E+00        -4.220419214107096E-07         1.939073207557485E-10
         9.999518394470215E-01        -3.778520465402835E-07         1.706683266933240E-10
         1.000071167945862E+00        -5.523792196981958E-07         2.310816815676020E-10
         1.000048160552979E+00        -7.269534307852155E-07         2.471602644771309E-10
         1.000294446945190E+00        -7.826538421795703E-07         2.437513801911706E-10
         1.000407099723816E+00        -7.719140171502659E-07         2.120077030598466E-10
         1.000322937965393E+00        -5.752877427767089E-07         1.649194669717247E-10
         1.000077962875366E+00        -4.377752702566795E-07         1.572907082358910E-10
         1.000214457511902E+00        -3.465282247816504E-07         1.301527358110732E-10
         9.999496936798096E-01        -7.200576845889373E-08         4.970896264056002E-11
         1.000157475471497E+00        -2.977052986352646E-07         9.450001892119531E-11
         9.999950528144836E-01        -3.789213849358930E-07         1.540673422173455E-10
         9.999867081642151E-01        -3.981329825819557E-07         2.195751774847210E-10
         9.998924136161804E-01        -1.707802681494286E-07         1.334293647792251E-10
         1.000309109687805E+00        -8.711981536180247E-07         4.076139703546033E-10
         1.000773549079895E+00        -1.560226905894524E-06         6.502695049093177E-10
         1.000897169113159E+00        -1.945317080753739E-06         8.648320948267951E-10
         1.000479221343994E+00        -1.657015332057199E-06         7.910062604921109E-10
         1.000180244445801E+00        -9.383996371070680E-07         5.196620911362970E-10
         1.000057220458984E+00        -4.368311863345298E-07         3.391804059837966E-10
         9.997560977935791E-01        -4.363086247849424E-08         1.791841397480454E-10
         9.991713166236877E-01         9.239806217919977E-07        -2.070912191731722E-10
         9.990876317024231E-01         9.598072665539803E-07        -1.872431654170725E-10
         9.993633031845093E-01         7.023940611361468E-07        -8.043301441551520E-11
         9.998949170112610E-01        -8.692089181749907E-08         1.634074958678511E-10
         1.000205159187317E+00        -6.699854111502646E-07         3.450970342822046E-10
         1.000232100486755E+00        -6.555220011250640E-07         3.412808369240850E-10
         1.000748991966248E+00        -1.125593030337768E-06         4.531479913527647E-10
         1.000292658805847E+00        -1.007397827379464E-06         3.742550991336913E-10
         1.000452160835266E+00        -1.036189473779814E-06         3.432145123660746E-10
         1.000738739967346E+00        -1.635912781239313E-06         5.908588063263664E-10
         1.001004219055176E+00        -2.438122237435891E-06         8.581405586127744E-10
         1.001104593276978E+00        -2.841660489139031E-06         1.026195795006402E-09
         1.000765681266785E+00        -2.152306706193485E-06         7.558197956392121E-10
         1.000468373298645E+00        -1.269789891011897E-06         3.725224295703100E-10
         1.000528931617737E+00        -1.185502469525090E-06         3.112672619653978E-10
         1.000132083892822E+00        -6.154983793749125E-07         1.382494951851498E-10
         9.996273517608643E-01        -1.209985782679723E-07         4.496004610277105E-11
         9.991802573204041E-01         1.082727749235346E-06        -4.120766505799622E-10
         9.994150996208191E-01         1.047131149789493E-06        -4.624253757690155E-10
         9.989746809005737E-01         2.081072125292849E-06        -9.117189225804623E-10
         9.999786615371704E-01         5.162639808986569E-07        -4.104344919486635E-10
         1.000365138053894E+00         2.027043066732404E-08        -2.629335638104635E-10
         1.000389814376831E+00        -1.015177417684754E-07        -2.134108584295191E-10
         1.000484704971313E+00        -2.517625148357183E-07        -1.125937607038274E-10
         1.000492572784424E+00        -1.712003978582288E-07        -1.225308604579922E-10
         1.000533819198608E+00        -1.325981031641277E-07        -1.433785451476766E-10
         1.001001596450806E+00        -7.391681151602825E-07         4.566859043708682E-11
         1.000771999359131E+00        -5.327512440089777E-07        -6.488786591374307E-11
         1.000034689903259E+00         4.021925690267381E-07        -3.493534350695882E-10
         9.990552663803101E-01         1.734964371280512E-06        -7.370903887249369E-10
         9.985713362693787E-01         2.148198973372928E-06        -7.961111769816398E-10
         9.982145428657532E-01         2.473923814250156E-06        -8.136795681679132E-10
         9.981943368911743E-01         2.388208713455242E-06        -7.301236837342628E-10
         9.982407093048096E-01         1.976339717657538E-06        -5.858097895661274E-10
         9.982136487960815E-01         2.138481022484484E-06        -7.006168423195902E-10
         9.982563257217407E-01         1.850119474511303E-06        -6.085537629374471E-10
