         1.001116514205933E+00        -4.831862909782103E-08         9.326771993611871E-12
         1.001853227615356E+00        -1.187096700050461E-06         6.468257596203841E-10
         1.001604318618774E+00        -6.161005785543239E-07         3.859828567875923E-10
         1.001442790031433E+00        -7.644409549811826E-08         4.388812924194241E-11
         1.001672744750977E+00        -5.977163368697802E-07         8.924144756505825E-11
         1.001521229743958E+00        -1.591291010072382E-07        -1.302216806609025E-10
         1.001921534538269E+00        -1.083125880541047E-06         7.050240252715056E-11
         1.001737236976624E+00        -1.080761535376951E-06         1.374540203880059E-10
         1.001497983932495E+00        -8.765685493017372E-07        -6.742328917397344E-11
         1.000924944877625E+00        -2.397989646851784E-07        -1.050984646533415E-10
         1.000641703605652E+00         3.234464713841589E-07        -3.016929761567866E-10
         1.000357866287231E+00         1.099317955777224E-06        -5.816628845245475E-10
         1.000738263130188E+00        -1.986428088684988E-08        -1.863464105245072E-10
         1.001050949096680E+00        -7.314602612495946E-07         9.540762624382637E-11
         1.000531196594238E+00        -2.869149540174476E-08         1.190077619783736E-10
         1.000285625457764E+00         5.814130190628930E-07        -1.119888279332848E-10
         9.999315738677979E-01         1.342622113043035E-06        -4.008920695408591E-10
         1.000185370445251E+00         5.102824047753529E-07         1.521840466145452E-11
         1.000169396400452E+00         5.524568109649408E-07        -1.194162269069210E-10
         1.000673413276672E+00        -3.233797372104164E-07        -1.356565970667134E-10
         1.000357270240784E+00         4.996011284674751E-07        -3.870924969451295E-10
         9.999929666519165E-01         1.267300604013144E-06        -4.381381923934669E-10
         9.996924996376038E-01         1.403646479047893E-06        -9.611145213028749E-11
         1.000154137611389E+00         1.128451458498603E-06        -2.974111928955026E-11
         1.000293016433716E+00         7.823235250725702E-07         1.509423142032063E-11
         1.000852942466736E+00        -2.988345215726440E-07         2.948490063214848E-10
         1.000787854194641E+00         1.893781558237606E-07         5.871936270551714E-11
         1.001095652580261E+00        -1.863793386291945E-07         3.706152607030333E-10
         1.001254677772522E+00        -4.142346909929984E-08         2.208878080445231E-10
         1.000815033912659E+00         5.848314685863443E-07         5.611949446815423E-11
         1.000623941421509E+00         9.922200661094394E-07        -7.043218092084302E-11
         1.001399636268616E+00        -1.999502217131521E-07         1.816633926621236E-10
         1.001619577407837E+00        -5.376471108320402E-07         5.933980390393501E-11
         1.000923514366150E+00         4.097682904102840E-07        -9.535836009710863E-11
         1.000641703605652E+00         1.527810979951028E-07        -7.515243288791496E-11
         9.996171593666077E-01         9.208166602547863E-07        -1.303437635602478E-10
         9.998453259468079E-01         9.137862377883721E-08         1.897874218892426E-10
         9.998881220817566E-01        -1.573279817534967E-08         1.113409642261587E-10
         9.995788931846619E-01         2.882719911667664E-07         1.305732050260744E-10
         9.995355606079102E-01         6.348163310576638E-07        -3.246652252597571E-11
         9.995478987693787E-01         4.861715297010960E-07         1.744444866336181E-10
         1.000077366828918E+00        -2.114302475320073E-07         2.792276410090722E-10
         1.000209689140320E+00         1.529972735170304E-07        -3.483745583676701E-11
         9.997537732124329E-01         6.997786385909421E-07        -2.376727981090454E-10
         9.993867278099060E-01         8.209232191802585E-07        -2.385952269090552E-10
         9.992181062698364E-01         6.243492407520534E-07        -2.893421613414660E-10
         9.992470145225525E-01         6.749790486537677E-07        -2.938750909287080E-10
         9.991041421890259E-01         5.101506417304336E-07        -2.638219642747686E-10
         9.993940591812134E-01        -8.323090128214972E-08        -1.000775226578376E-10
         9.991773962974548E-01         4.073711750152142E-07        -2.675594121259728E-11
         9.991880059242249E-01         7.721226324974850E-07        -3.468018372476678E-10
         9.992203712463379E-01        -5.299951411075199E-08        -2.142099136959175E-10
         9.990906715393066E-01        -5.379552021622658E-07        -9.030254322084375E-11
         9.989272952079773E-01        -5.231566433394619E-07         5.523473605578699E-12
         9.989478588104248E-01         1.814021288737422E-07        -3.191304442928811E-10
         9.988019466400146E-01         1.921201118193494E-07        -1.905723218120770E-10
         9.989399909973145E-01         2.208473972586944E-07        -2.318467223760834E-10
         9.986823201179504E-01         7.347809969360242E-07        -2.856193059841416E-10
         9.984514713287354E-01         1.505576733507041E-06        -4.256901497967647E-10
         9.984499216079712E-01         1.243923520632961E-06        -1.984398617649319E-10
         9.985257387161255E-01         1.710642550278862E-06        -2.562526024707523E-10
         9.986141324043274E-01         1.943474217114272E-06        -6.430480592456433E-10
         9.987142086029053E-01         9.415977046955959E-07        -1.502631075123162E-10
         9.986878037452698E-01         8.072820492088795E-07        -3.435758066938632E-10
         9.993683099746704E-01        -4.975123033545970E-07        -1.257481202499022E-10
         9.990785121917725E-01        -6.203014777383942E-07         4.258611518981326E-11
         9.988908171653748E-01        -3.744584944342932E-07        -2.783398338201959E-11
         9.990378022193909E-01        -1.076895159712876E-07         1.754985046176216E-10
         9.991954565048218E-01         2.963220424589963E-07         6.370588084836371E-11
         9.997991919517517E-01         6.128674812089230E-08         1.095713866861026E-10
         1.000204324722290E+00         2.559190370732267E-08         3.721456194420714E-13
         1.000783801078796E+00        -1.144610337178165E-06         3.772585854822097E-10
         1.000743508338928E+00        -9.582771554050851E-07         3.103427237416412E-10
         1.000429987907410E+00        -3.819043286057422E-07         4.836779934902502E-11
         9.993380308151245E-01         6.878013323330379E-07        -7.753043346214739E-11
         9.996863603591919E-01         1.010527626021940E-07         8.747247370877176E-11
         9.999260306358337E-01        -5.331439112410408E-08         1.374892283356743E-10
         1.000320315361023E+00        -5.182184281693480E-07         2.440223578759060E-10
         1.000722169876099E+00        -1.228076143888757E-06         3.949441329531567E-10
         1.000898241996765E+00        -1.443974042558693E-06         4.285815868865228E-10
         1.000451683998108E+00        -1.906209945445880E-07         1.046551994371425E-11
         9.999372363090515E-01         9.639580156317606E-08        -1.800091881110077E-10
         9.995801448822021E-01         5.557155304813932E-07        -3.167142936799650E-10
         9.996117353439331E-01         2.188963748039896E-07        -2.445764146763452E-10
         9.996782541275024E-01        -6.915298911280843E-08        -6.039805461321990E-11
         9.995505213737488E-01        -2.258768745377893E-07        -1.238129997832571E-11
         9.988031387329102E-01         3.156471564125241E-07        -6.477968161888725E-11
         9.987349510192871E-01         6.671034498140216E-07        -1.688274381406174E-10
         9.993227124214172E-01        -2.681960324935062E-07         1.929413434575977E-10
         9.992919564247131E-01        -2.815685604673490E-07         9.176688575696090E-11
         9.988052248954773E-01         4.836724656342994E-07        -1.277758177042898E-10
         9.990376234054565E-01         4.751793767354684E-07        -1.982743413897481E-10
         9.990484118461609E-01         7.930914307507919E-07        -2.549626065828647E-10
         9.993429183959961E-01         4.726117310838163E-07        -2.231139162311990E-10
         1.000140190124512E+00        -2.518276858154422E-07        -8.368220005827709E-11
         1.000200867652893E+00        -1.296956924079495E-07        -9.632334513343110E-11
         1.000348567962646E+00        -3.547003188941744E-07         1.308936205951516E-11
         1.000983357429504E+00        -9.842732424658607E-07         1.218324607865640E-10
         1.001217484474182E+00        -1.372457631987345E-06         3.264487846710296E-10
         1.001366734504700E+00        -8.058128742050030E-07         1.246250602715548E-10
         1.001279830932617E+00        -5.141446877132694E-07         9.203895978693311E-11
         1.000517368316650E+00         4.761386094287445E-07        -8.135445095369676E-11
         1.000606060028076E+00         4.463473430860176E-07        -1.469073994397885E-11
         1.000744342803955E+00         1.758167833543212E-09         1.866937576755490E-10
         1.000576257705688E+00        -3.921365703263291E-07         3.879360166436641E-10
         1.000648736953735E+00        -7.897277214397036E-07         3.963595285316757E-10
         1.000356078147888E+00        -1.147929197031772E-06         4.804195929963839E-10
         1.000145554542542E+00        -5.943738869973458E-07         3.451500751872061E-10
         1.000228762626648E+00        -5.976060606371902E-07         2.155757100608113E-10
         1.000395774841309E+00        -9.405996479472378E-07         3.226692246727225E-10
         1.000269532203674E+00        -6.188776069393498E-07         1.173078439942188E-10
         1.000013470649719E+00        -2.729806567458581E-07        -1.222732193273401E-10
         9.998216032981873E-01        -8.815205632117795E-08        -1.628661649988317E-10
         9.996932148933411E-01         1.411752066360350E-07        -2.036511653757955E-10
         1.000053167343140E+00        -5.963342459835985E-07         2.995762709082084E-12
         9.996923208236694E-01        -2.644832761689031E-07         2.935191811825888E-10
         9.995231628417969E-01         2.885523642248700E-08         2.031847953776200E-11
         9.991520047187805E-01         2.766502689155459E-07         1.308774529723555E-11
         9.995028972625732E-01         1.506606821521927E-07        -2.386269133680674E-11
         9.991914033889771E-01         9.518612387182657E-07        -8.451253585839424E-11
         9.992356896400452E-01         1.199659891426563E-06        -3.850881558076225E-10
         9.995908737182617E-01         6.689970177831128E-07        -3.804339898660913E-10
         9.996029734611511E-01         4.981982328899903E-07        -2.785695008000744E-10
         9.995751976966858E-01         4.494867482662812E-07        -2.386468800352759E-10
         9.994713664054871E-01         4.534911113296403E-07        -2.381806973872358E-10
         9.994225502014160E-01         4.465605343284551E-07        -2.751484873275700E-10
         9.995846748352051E-01         3.926172098545067E-07        -3.922062674632798E-10
         9.998107552528381E-01         2.625128843192215E-07        -3.535791937014920E-10
         9.998260140419006E-01         7.553729233222839E-07        -4.703233913438964E-10
         9.998018741607666E-01         9.149165975941287E-07        -4.540762488236538E-10
         9.997644424438477E-01         1.233010493706388E-06        -4.979091583479089E-10
         9.997041225433350E-01         1.530112285763607E-06        -4.846125722934858E-10
         9.999346137046814E-01         1.382989921694389E-06        -3.510406132445354E-10
         1.000137805938721E+00         1.212875531564350E-06        -1.758400786089354E-10
         1.000354766845703E+00         8.322087978740456E-07        -2.298444351511719E-10
         1.000091671943665E+00         6.815602091592154E-07        -2.023796547012680E-10
         1.000228404998779E+00         1.717250484034594E-07        -7.789736911067990E-11
         1.000624775886536E+00        -1.401615179474902E-07        -3.015777558235122E-11
         1.000645756721497E+00        -1.577243722294952E-07        -1.809935396002160E-10
         1.000371098518372E+00        -4.310301733312372E-07         2.259276099536578E-12
         1.000295758247375E+00        -5.297117127156525E-07         6.048881534548300E-11
         1.000381708145142E+00        -2.868306410164223E-07        -3.668651493704544E-11
         1.000324964523315E+00        -4.589605282490083E-07         1.483875175511962E-11
         1.000113368034363E+00        -9.140554766418063E-07         1.194985083108335E-10
         9.999417662620544E-01        -8.390356356358097E-07         1.538044830384777E-10
         9.996399283409119E-01        -2.507930503270472E-07         1.086707737685266E-10
         1.000031590461731E+00        -5.408057859312976E-07         5.935127389555817E-11
         1.000421166419983E+00        -1.029749000736047E-06         2.164770862567167E-10
         1.000506639480591E+00        -8.548811365471920E-07         2.565079537664161E-10
         1.000092506408691E+00         1.092303669736339E-08         2.645548190238767E-11
         9.998930096626282E-01         3.633735161656659E-07        -8.511244486975045E-11
         9.994294643402100E-01         1.080499487216002E-06        -2.179176838978947E-10
         9.999078512191772E-01         6.314651841421437E-07        -1.809011551667794E-10
         9.997904896736145E-01         9.396877658218727E-07        -2.623488093433934E-10
         9.993491172790527E-01         1.245069597644033E-06        -2.735713600099388E-10
         9.993446469306946E-01         6.087665269660647E-07        -1.226885815164280E-10
         9.989249706268311E-01         3.366627367995534E-07         8.198996342967391E-11
         9.990478157997131E-01         3.055216382108483E-07         1.455098680436251E-10
         9.993256330490112E-01         3.195227975538728E-07         1.649440167783567E-10
         9.997389316558838E-01         4.708520293661422E-07         1.315279968272520E-10
         1.000217318534851E+00         3.402397297236348E-08         2.222545203434123E-10
         1.000789880752563E+00        -3.266159467329999E-07         3.020070582504530E-10
         1.001288175582886E+00        -7.486483468710503E-07         5.327667751409138E-10
         1.001670837402344E+00        -1.156394546342199E-06         3.225176237187100E-10
         1.001962304115295E+00        -1.400714040755702E-06         2.333388759989674E-10
         1.001680850982666E+00        -9.252127028958057E-07         6.368882504714790E-11
         1.002094864845276E+00        -1.503055386820051E-06         1.404930477511002E-10
         1.001810908317566E+00        -9.094179063140473E-07         8.544939755772418E-11
         1.001636266708374E+00        -1.004371483759314E-06         4.948015955297258E-11
         1.001261711120605E+00        -8.077082043200789E-07        -3.690853872528876E-11
         1.001081466674805E+00        -8.162705285030825E-07        -5.668857050444842E-11
         1.001255869865417E+00        -1.436647721675399E-06         8.167042736539898E-11
         1.000752687454224E+00        -9.211971701006405E-07         4.722076202279268E-11
         1.000442862510681E+00        -6.311711899797956E-07         2.466445277182761E-11
         1.000939965248108E+00        -1.468833261242253E-06         2.607934979081961E-10
         1.000939488410950E+00        -1.317219926022517E-06         1.296530660610529E-10
         1.001404762268066E+00        -1.851439492384088E-06         1.585900161193976E-10
         9.997489452362061E-01         8.289045894116498E-08        -2.747969352068225E-10
         1.000224947929382E+00        -3.227758895718580E-07        -2.391486730868309E-10
         1.001728296279907E+00        -2.032229758697213E-06         2.540938293105199E-10
         1.002832412719727E+00        -3.215423021174502E-06         6.674822361496524E-10
         1.004548549652100E+00        -4.480604275158839E-06         8.997620981610055E-10
         0.000000000000000E+00         0.000000000000000E+00         0.000000000000000E+00
         0.000000000000000E+00         0.000000000000000E+00         0.000000000000000E+00
         0.000000000000000E+00         0.000000000000000E+00         0.000000000000000E+00
         9.993830323219299E-01        -1.544728092994774E-06         6.956780707056964E-10
         9.995527863502502E-01        -1.487576923864253E-06         4.877204751174702E-10
         9.992111325263977E-01        -3.063501594624540E-07        -3.991126318325655E-10
         9.990230202674866E-01         1.751880347455881E-07        -2.182511116277652E-11
         9.988120198249817E-01         8.309448276122566E-07         3.304628515277130E-10
         9.992461204528809E-01        -3.121651914739232E-08         3.580397645031042E-10
         9.991439580917358E-01        -3.967126644965902E-07         2.907971363708128E-10
         9.990105628967285E-01        -7.485655260097701E-07         3.615418242564061E-10
         9.990254640579224E-01        -7.148964300540683E-07         4.499305927829766E-10
         9.994243383407593E-01        -6.808255648138584E-07         4.246132612184539E-10
         9.996091723442078E-01        -9.377255878462165E-07         5.003686354143611E-10
         9.996759891510010E-01        -1.314114342676476E-06         5.282949078200261E-10
         9.995411634445190E-01        -5.918146257499757E-07         3.772223644560313E-10
         1.000344753265381E+00        -1.122973230849311E-06         3.927441982742863E-10
         1.000774741172791E+00        -1.006894422062032E-06         3.776487456086386E-10
         1.000771522521973E+00        -1.888269025585032E-07         2.814021515806786E-10
         1.000891923904419E+00         4.131901505388669E-07         1.988855746759555E-10
         1.000913262367249E+00         7.036587703623809E-07         6.124138002272517E-11
         1.000659823417664E+00         7.203991003734700E-07         9.534458639270937E-11
         1.000260829925537E+00         1.063231820808141E-06        -7.041842109423158E-11
         1.000254988670349E+00         9.970427754524280E-07        -7.205765845119672E-11
         1.000957369804382E+00         2.385142465755052E-07        -3.071550652711252E-11
         1.000970840454102E+00        -9.084163110628651E-08         1.154352516352652E-10
         1.000428795814514E+00        -5.275581216324099E-08         1.690539236376409E-10
         1.000449061393738E+00         9.007329992982704E-09         9.056642935600934E-11
         1.001041293144226E+00        -4.172991623363487E-07         4.488544952385709E-11
         1.000897765159607E+00        -2.458641006342077E-07        -6.934225763033375E-12
         1.000731229782104E+00        -2.874565439014987E-07        -5.086426765887886E-11
         1.000561594963074E+00         2.106557985825930E-07        -1.197601601221621E-10
         1.000772595405579E+00         3.164219322115969E-07        -6.138973357439070E-11
         1.000789880752563E+00         2.332006090455252E-07        -1.311201321130273E-11
         1.000879764556885E+00        -3.449066099392439E-08        -4.308351245208009E-11
         1.000640988349915E+00        -1.168937515672042E-07         3.516820515359065E-11
         9.998786449432373E-01         7.953182716846641E-07        -1.978719410544727E-10
         9.997590184211731E-01         8.629576200291922E-07        -1.681671052411460E-10
         9.999963641166687E-01         3.361411984315055E-07        -9.655477806180812E-11
         1.000150561332703E+00        -5.236846050138411E-07         9.907295123179338E-11
         1.000137090682983E+00        -1.020868126033747E-06         5.694104215914209E-11
         9.997647404670715E-01        -7.958163905641413E-07         7.720762223994981E-11
         9.998710751533508E-01        -1.250500190508319E-06         8.385818428546798E-11
         9.998671412467957E-01        -1.200111114485480E-06         2.143905053486606E-10
         9.999875426292419E-01        -5.068291670795588E-07         6.867094393125939E-11
         9.997227191925049E-01         1.757592684725751E-07        -8.745265622778220E-11
         9.999121427536011E-01        -6.488139359106526E-09         2.976759463924061E-12
         9.996349811553955E-01         3.772581465000258E-07        -2.533839284224459E-11
         9.994393587112427E-01         3.801700643180084E-07        -1.554664869063416E-10
         9.995673894882202E-01        -6.555681153486148E-08        -8.561045622412777E-11
         9.993872642517090E-01         4.098401689134334E-07        -1.259513604523477E-10
         9.991468787193298E-01         8.356581702173571E-07        -2.192435122339020E-10
         9.992965459823608E-01         3.356130093834508E-07        -4.674507655955118E-11
         9.986315965652466E-01         8.849918344822072E-07        -1.142421435229579E-10
         9.982005357742310E-01         1.109294544221484E-06        -1.359863749383905E-10
         9.987094402313232E-01         3.515273760967830E-07        -9.862874406074695E-12
         9.990552067756653E-01         1.945773764333580E-09        -6.466520027781364E-12
         9.993588328361511E-01        -8.520612482243450E-07         1.612517341875730E-10
         9.989646673202515E-01        -2.525163154132315E-07        -1.170325086841117E-10
         9.991124272346497E-01        -2.465034576459857E-08        -2.720113197185459E-12
         9.991694688796997E-01         4.548928700387478E-07        -1.900468254989462E-10
         9.988151788711548E-01         4.911936457574484E-07        -6.521826134697761E-11
         9.984798431396484E-01         9.457496048526082E-07        -1.582419091594733E-11
         9.983032345771790E-01         1.436919774278067E-06        -6.053148954299203E-11
         9.985965490341187E-01         1.112317136175989E-06        -5.846820944066522E-11
         9.990642666816711E-01         6.873142979202385E-07        -1.184187609082343E-10
         9.999178051948547E-01        -1.643339402335187E-07         4.735422470814044E-11
         1.000391483306885E+00        -6.063831392566499E-07         7.195315870900387E-11
         1.000432968139648E+00        -6.797504283895250E-07         1.841096580745827E-10
         1.000921726226807E+00        -2.986460003739921E-07        -8.203757985436599E-12
         1.000934123992920E+00        -1.119494328349901E-07         2.526646773748364E-11
         1.000573515892029E+00         8.408355967048919E-08         3.677199603840942E-12
         1.000247240066528E+00         1.435094105772805E-07        -3.132178544307251E-11
         9.999661445617676E-01         1.660824580085318E-07         3.934639766778325E-11
         1.000070452690125E+00        -2.331004651523472E-07         1.302295493665895E-10
         9.998123645782471E-01         1.262458368955777E-07         2.604739167411108E-11
         9.996282458305359E-01         5.947812837803212E-07        -1.020026632603255E-10
         9.996963739395142E-01         4.276841991668334E-07        -4.839029524306149E-11
         9.998877048492432E-01         2.169411601471438E-07        -3.222174263517452E-11
         1.000025510787964E+00        -5.931516611212828E-08         2.356485145904585E-11
         1.000176787376404E+00         5.164371685850710E-08         2.757591550939242E-11
         1.000479817390442E+00        -3.364558551766095E-07         6.100978056089446E-11
         1.000094890594482E+00         4.542261535789294E-07        -5.894863763789004E-11
         1.000007510185242E+00         6.426780601032078E-07        -1.310137970333969E-10
         1.000007152557373E+00         6.851268494756368E-07        -1.990805714724431E-10
         1.000037789344788E+00         2.122111908420266E-07         2.517725090911416E-11
         9.998108148574829E-01         2.423602154522086E-07         6.945921615653106E-11
         9.998146295547485E-01         3.963201038459374E-07        -7.728497009029667E-11
         9.998536705970764E-01         3.865718269935314E-07        -7.317237094017770E-11
         9.997615218162537E-01         2.726876857650495E-07        -1.343471583981071E-10
         1.000056147575378E+00        -1.499496136148082E-07        -1.404601990273591E-10
         1.000091910362244E+00        -2.697837828691263E-07        -5.042197562254991E-11
         9.999669194221497E-01         5.399342484224690E-08        -6.268392055419625E-11
         1.000048398971558E+00         3.925284204342461E-07        -2.097290674463181E-10
         1.000672578811646E+00        -3.726287332028733E-07         4.494254794706887E-12
         1.000555157661438E+00        -3.904908680851804E-07         4.504014175510385E-11
         1.000192880630493E+00        -3.065084968056908E-07         2.066668537692440E-11
         1.000016212463379E+00        -5.402526426223631E-07         6.471388702689040E-11
         9.991168379783630E-01         4.775591833094950E-07        -9.032745384995877E-11
         9.986709356307983E-01         8.474907531308418E-07        -1.143210040521758E-10
         9.987905025482178E-01         5.766268600382318E-07        -1.183211723043698E-10
         9.988838434219360E-01         5.540931624636869E-07        -4.290311161891935E-11
         9.989554286003113E-01         5.468691597343422E-07        -1.305947711083277E-10
         9.991292357444763E-01         6.050833576409786E-07        -6.526429396913613E-11
         9.995167851448059E-01         2.539208878715726E-07        -1.409090344406394E-10
         9.998396635055542E-01        -4.004054972028825E-07         1.398448856715362E-10
         9.997725486755371E-01        -3.121069767075824E-07         1.895421875008907E-10
         1.000104069709778E+00        -4.939000177728303E-07         1.281250522344735E-10
         1.000118732452393E+00        -5.083189194010629E-07         1.044698008656475E-10
         9.998968839645386E-01        -2.048606688731525E-07         7.177704264282880E-11
         1.000045418739319E+00        -2.707052715322789E-07         1.816999606329972E-10
         9.995806217193604E-01         3.642405772552593E-07         2.266299127529070E-12
         9.997724294662476E-01         1.005915795104784E-08         7.938483898017878E-11
         1.000197649002075E+00        -2.464374517785473E-07         1.866891224944212E-10
         1.000265240669250E+00         2.190946020164120E-07        -3.929084921999726E-12
         1.000892877578735E+00        -5.763396870861470E-07        -9.034117204320680E-12
         1.000852584838867E+00        -4.758371119351068E-07        -1.631902113441441E-10
         1.001160860061646E+00        -8.144991738845420E-07        -1.394484441114008E-11
         1.001006722450256E+00        -6.294523586802825E-07         1.099017821193371E-10
         1.000536203384399E+00         4.448652077826409E-07        -2.128472398332804E-10
         1.000536322593689E+00         2.483088792359922E-07        -1.909792601839655E-10
         1.000433564186096E+00         4.822310870622459E-07        -2.152492628582081E-10
         1.000144958496094E+00         4.016237085124885E-07        -1.254299025754690E-10
         1.000342011451721E+00        -3.198656770564412E-07        -1.048349462795528E-10
         9.999342560768127E-01         3.170549689457403E-07        -1.490054191144452E-10
         9.997301697731018E-01         8.675172011862742E-07        -2.509454866128635E-10
         9.993278980255127E-01         9.740997484186664E-07        -2.047460118115296E-10
         9.993821382522583E-01         7.208224133137264E-07        -9.671023704083126E-11
         9.989221692085266E-01         9.638919209464802E-07        -2.439759227979010E-10
         9.983922243118286E-01         1.379176410409855E-06        -2.424864198324883E-10
         9.982822537422180E-01         1.497779521741904E-06        -2.918518482442067E-10
         9.986696243286133E-01         7.237725299091835E-07        -6.347055520050660E-11
         9.983657598495483E-01         1.195356048810936E-06        -2.890098438346200E-10
         9.985524415969849E-01         1.154148435489333E-06        -2.541414578782764E-10
         9.990302920341492E-01         6.276540034377831E-07        -1.737715804583928E-10
         9.997679591178894E-01        -5.066592052571650E-07        -1.399789464028023E-12
         9.999229907989502E-01        -2.826159857249877E-07        -2.962148928919994E-11
         1.000367879867554E+00        -4.602101739692444E-07        -3.178927954206046E-11
         1.000227212905884E+00         5.441565065211762E-08         1.301385822022327E-11
         1.000484704971313E+00        -1.860172744727606E-07         6.635633015283915E-11
         9.997563958168030E-01         8.676988159095345E-07        -1.452487852215967E-10
         9.996760487556458E-01         6.156508334242972E-07        -7.519965899982495E-11
         9.998595714569092E-01         3.051754049465671E-07         1.032988972138327E-11
         1.000080585479736E+00        -1.173185353309236E-07         1.495824297759185E-10
         1.000315308570862E+00        -6.084235906200774E-07         1.904387342266389E-10
         1.000445008277893E+00        -7.898868830125139E-07         1.674006350205204E-10
         1.000770568847656E+00        -1.105037085835647E-06         1.995047044234255E-10
         1.000769734382629E+00        -8.731788057048107E-07         1.187059894824927E-10
         1.000863194465637E+00        -1.259285340893257E-06         2.520142150519433E-10
         1.000750064849854E+00        -5.707123023057648E-07        -6.928579932008461E-11
         1.000728130340576E+00        -1.016631472339213E-06         2.154568884416008E-10
         1.000536084175110E+00        -8.475168442600989E-07         1.841081037623482E-10
         1.000060677528381E+00        -2.492226940375986E-07         9.336403178350494E-11
         9.995988011360168E-01         3.623379996042786E-07        -1.312502537209603E-11
         9.997870922088623E-01         3.521365954384237E-07         5.201531566578765E-11
         9.998876452445984E-01         7.378646387223853E-07        -9.841815556965727E-11
         1.000280976295471E+00         4.253179497482051E-07        -1.322374154621997E-11
         1.000468254089355E+00         2.745957488059503E-07         7.340934110589004E-11
         1.000048160552979E+00         2.384369679475640E-07         4.461522470911028E-11
         9.997982382774353E-01         6.843447408755310E-07        -8.241681642706666E-11
         9.998817443847656E-01         1.118166537139587E-07         2.843364606264220E-11
         9.997088313102722E-01         2.242841219413094E-07         1.397067617842085E-11
         9.998286366462708E-01        -1.296227480906964E-07         2.694874011444082E-11
         1.000310063362122E+00        -7.275049824784219E-07         1.442495151104950E-10
         1.000477910041809E+00        -3.483000625692512E-07         1.448830083683461E-10
         1.000561714172363E+00        -2.619690633309801E-07         1.656433601393559E-10
         1.000440955162048E+00        -2.255215036939262E-08         2.042020996739780E-10
         1.000496506690979E+00         9.504095288548342E-08         2.327564946336125E-10
         1.000053882598877E+00         8.648640346109460E-07         9.418691521156930E-11
         9.994153976440430E-01         1.710693140921649E-06        -1.867748178341344E-10
         9.990342855453491E-01         1.511026198386389E-06        -9.691120822497012E-11
         9.989447593688965E-01         1.086413362827443E-06         2.303237461864782E-11
         9.988781213760376E-01         1.008601998364611E-06        -5.879432357636105E-11
         9.990842938423157E-01         5.101727538203704E-07         4.706598305537213E-11
         9.992808103561401E-01         3.184202910233580E-07         3.190868055891194E-11
         9.993472695350647E-01         4.487623925797379E-07         1.505652408306801E-10
         9.991658926010132E-01         1.281972345168469E-06        -5.169215402944793E-11
         9.993972182273865E-01         1.271202791031101E-06         4.418226201563513E-11
         9.990060925483704E-01         1.525516609035549E-06         2.993017986230306E-11
         9.985376596450806E-01         2.257125970572815E-06        -1.590504533632853E-10
         9.991216659545898E-01         2.181546051360783E-06        -1.091404466802004E-10
         9.972186684608459E-01         4.749378149426775E-06        -7.336632967813728E-10
         9.980206489562988E-01         3.239158331780345E-06        -3.179394247876388E-10
         9.974386096000671E-01         3.934159849450225E-06        -5.534631641879173E-10
         0.000000000000000E+00         0.000000000000000E+00         0.000000000000000E+00
         0.000000000000000E+00         0.000000000000000E+00         0.000000000000000E+00
         0.000000000000000E+00         0.000000000000000E+00         0.000000000000000E+00
         0.000000000000000E+00         0.000000000000000E+00         0.000000000000000E+00
         1.001028895378113E+00        -4.962372713634977E-06         2.532680509759189E-09
         1.000799536705017E+00        -3.935504537366796E-06         1.911442337743097E-09
         1.000683307647705E+00        -3.532969913067063E-06         1.510910063728943E-09
         1.000543713569641E+00        -1.879055275821884E-06        -1.438736629832960E-10
         1.000705957412720E+00        -1.619449676582008E-06        -1.269703508999243E-10
         1.000845909118652E+00        -1.302803980252065E-06        -1.847410696642626E-10
         1.000982165336609E+00        -1.043986117110762E-06        -3.007758209161437E-10
         1.001006364822388E+00        -8.920105756260455E-07        -3.077416654839737E-10
         1.001185774803162E+00        -1.013783275993774E-06        -2.615367644676070E-10
         1.001665234565735E+00        -1.397768755850848E-06        -1.496020252123031E-10
         1.001632928848267E+00        -1.029145664688258E-06        -1.435195157162283E-10
         1.001438736915588E+00        -1.042879716806056E-06        -1.191432646985291E-10
         1.001590967178345E+00        -2.049125214398373E-06         7.981956068325857E-11
         1.001248002052307E+00        -1.574445377627853E-06        -6.109659306252624E-11
         1.001045703887939E+00        -8.508812925356324E-07        -1.144891681459370E-10
         1.000888228416443E+00        -3.829818524536677E-07        -2.064418219704933E-10
         1.000564694404602E+00         1.005474956627950E-07        -2.847749258627630E-10
         1.000530004501343E+00         9.681970425390318E-08        -4.405870113188826E-10
         1.000546932220459E+00         6.933623808436096E-08        -3.635591272477257E-10
         1.000182271003723E+00         5.833915110997623E-07        -4.301369260772958E-10
         1.000520825386047E+00         1.011753383295400E-07        -2.988255753955116E-10
         1.000578880310059E+00         3.223094324766862E-07        -3.365330791815779E-10
         1.000336170196533E+00         7.158905077631061E-07        -3.052435249006891E-10
         1.000407814979553E+00         6.679552484456508E-07        -5.736177852155855E-11
         1.000448942184448E+00         3.149225449305959E-07         9.209082107997091E-11
         1.000491499900818E+00        -2.419485944926691E-08        -1.695021033254474E-11
         1.000085592269897E+00        -3.655368630006706E-07         1.413273248429547E-10
         9.997317194938660E-01        -5.012483370592236E-07         1.704754531983710E-10
         9.994293451309204E-01        -5.149444177732221E-07         1.887972694847306E-10
         9.991021156311035E-01        -4.440523753146408E-07         1.293991025441699E-10
         9.985790848731995E-01        -7.619706821060390E-08         6.838309779544360E-11
         9.990386962890625E-01        -1.951087398310847E-07        -1.515333344914715E-11
         9.996968507766724E-01        -3.009978399859392E-07         4.120031399379442E-11
         9.999602437019348E-01        -2.633046847222431E-07         1.252389858485969E-10
         1.000113368034363E+00         6.742242675272792E-08         9.774713156940340E-12
         1.000501155853271E+00        -4.152304313720379E-07         1.533250783281037E-11
         1.000279188156128E+00        -4.147373147134203E-07         2.897661624534642E-11
         9.998711347579956E-01        -1.195645182860972E-07        -6.623517012638303E-11
         9.996926188468933E-01        -2.135005949810420E-08         2.743411574301913E-11
         9.996539354324341E-01         2.782199430839682E-07        -5.791849291836293E-11
         1.000305891036987E+00        -6.236053309294221E-07        -1.478791741837959E-11
         9.999169111251831E-01        -1.393285202766492E-07        -6.603800145610350E-11
         9.997537136077881E-01         1.021732813910603E-07         6.460532803176378E-11
         9.999447464942932E-01        -2.399828531451931E-07         2.990706848837732E-10
         1.000307083129883E+00        -6.333752935461234E-07         5.358004040445508E-10
         1.000307798385620E+00        -1.530796964743786E-07         3.409141580146269E-10
         1.000430464744568E+00        -2.003331474043080E-07         3.323433750423987E-10
         1.000775933265686E+00        -4.039184773318993E-07         1.028434074012985E-10
         1.001271605491638E+00        -1.316976607768083E-07        -1.403713863895595E-11
         1.000797510147095E+00         2.847163216301851E-07        -4.392508926032157E-11
         1.000196576118469E+00         3.750376151856472E-07         6.943687291816047E-11
         1.000020265579224E+00         4.002351658982661E-07         5.265905420048789E-11
         9.998798370361328E-01         4.080939106643200E-07         7.751248427834145E-12
         1.000274062156677E+00         6.094239068943352E-08        -6.986078816134667E-12
         1.000216245651245E+00         1.074781064147601E-08         2.457379091880263E-11
         1.000694513320923E+00        -7.004438771218702E-07        -4.785520070493821E-12
         1.000827074050903E+00        -1.349098511127522E-06         1.654831688346903E-10
         1.000446200370789E+00        -5.479353717419144E-07        -8.616225094515428E-11
         9.998956918716431E-01        -8.843102250466472E-08        -1.792644088727258E-10
         9.996716380119324E-01        -1.305355823433274E-07        -8.748261143276537E-11
         9.991131424903870E-01         3.730005460056418E-07        -1.120518677844018E-10
         9.987487196922302E-01         5.321808203007095E-07         2.430647350060156E-10
         9.991786479949951E-01         3.397768466584239E-07         2.427395506821028E-10
         9.995350837707520E-01         6.305467081801908E-07        -8.242130393985858E-13
         9.995653629302979E-01         7.181920409493614E-07        -3.303105705620979E-11
         9.996938109397888E-01         8.228274168686767E-07         1.437519686620092E-10
         1.000353217124939E+00         1.512027978378683E-07        -1.747202937885106E-10
         1.000265836715698E+00         3.081144228644916E-08        -7.254585820959392E-11
         1.000079870223999E+00        -2.966434351492353E-07        -2.260140859189352E-11
         9.997404217720032E-01        -7.273469293522794E-08         1.514273775815589E-11
         9.996963143348694E-01         2.247778141395429E-08        -6.215364334316575E-11
         9.994215965270996E-01         3.551611200691696E-07        -1.745350808324275E-10
         9.992597699165344E-01         3.045538221613242E-07        -1.155840700928223E-10
         9.992452859878540E-01         4.996329039386183E-07        -2.528271203505739E-10
         9.991669654846191E-01         4.633078560800641E-07        -2.690734857146992E-10
         9.992451667785645E-01         2.383965949093181E-07        -2.244215924207538E-10
         9.992021322250366E-01         4.110175382265879E-07        -2.221939854329946E-10
         9.996027946472168E-01         3.634275174135837E-07        -2.372962659702438E-10
         9.997063875198364E-01         5.708214985133964E-07        -2.602280335661789E-10
         9.995957612991333E-01         5.370764597500965E-07        -2.676920352051582E-10
         9.998083710670471E-01         5.676704404322663E-07        -2.602836557397126E-10
         1.000059843063354E+00         6.374778536155645E-07        -1.757243101030426E-10
         1.000352382659912E+00         6.022079190870500E-08        -1.222910522846732E-10
         9.999390840530396E-01         9.795320465855184E-08        -1.453603903911471E-10
         1.000028371810913E+00         1.375570803929804E-07        -1.762044260500417E-10
         9.999209046363831E-01         5.114388841320761E-07        -1.739806076983541E-10
         1.000417351722717E+00         6.118987982972612E-08         2.637408867689484E-11
         1.000280022621155E+00         4.001603031156264E-07        -1.685089567882159E-11
         1.000099778175354E+00         6.245868178211822E-08         2.171470902395667E-12
         1.000085711479187E+00        -1.013161394780582E-07         7.811505609023328E-11
         9.999862313270569E-01         4.441867762494667E-09         1.204910754504240E-10
         9.997389912605286E-01         2.130202574335271E-07        -4.098516664940988E-11
         9.996324777603149E-01         1.598877190644998E-07         1.298942897687283E-11
         9.991866946220398E-01         6.611288085878186E-07        -1.391306791997948E-10
         9.989678263664246E-01         8.271816795968334E-07        -6.438499733363301E-11
         9.993632435798645E-01         4.582800556818256E-07        -1.731362136991876E-10
         9.998288750648499E-01        -3.496774354516674E-07        -8.294710751588497E-11
         1.000428915023804E+00        -6.319892236206215E-07         2.115936072188962E-11
         1.000771164894104E+00        -3.741322416317416E-07         1.832620166730692E-11
         1.000478029251099E+00        -6.662340013008361E-08         1.484619649438912E-10
         1.000135898590088E+00        -1.060999181845546E-07         3.171450602135195E-11
         1.000200152397156E+00        -5.342415647646703E-07         4.638095116304974E-11
         1.000511646270752E+00        -9.560513944961713E-07         1.296470153455687E-10
         0.000000000000000E+00         0.000000000000000E+00         0.000000000000000E+00
         9.997806549072266E-01        -1.368313462535298E-07        -2.056747567397155E-12
         9.997068047523499E-01         1.714297752641869E-07        -6.741558700174011E-11
         9.997455477714539E-01         9.740254824919248E-08        -5.382801843145657E-11
         9.998262524604797E-01         7.475967578329801E-08         1.103858324191798E-11
         9.998192787170410E-01         4.070691090873879E-07        -4.570295530914592E-11
         9.997851848602295E-01         3.698958721543022E-07        -1.925640202848911E-10
         9.996150135993958E-01         6.958506446608226E-07        -2.693194556258049E-10
         1.000018000602722E+00         7.182429726526607E-07        -2.555515798974284E-10
         1.000002264976501E+00         7.049580972307012E-07        -1.125132209622848E-10
         9.997889995574951E-01         4.104340973754006E-07        -1.070762228883027E-10
         9.994894266128540E-01         6.076629688323010E-07        -1.601437593645727E-10
         9.994841217994690E-01         3.937747692361881E-07        -1.210409550367331E-10
         9.997172355651855E-01        -3.139456694611908E-08        -1.488418936712588E-11
         9.999386668205261E-01        -1.362400752213944E-07        -5.071138387685581E-12
         9.997549653053284E-01        -9.493098218626983E-08        -7.718099596931705E-12
         9.994117021560669E-01         3.081382544678490E-07        -4.284979662760868E-11
         9.993348121643066E-01         8.326825877702504E-07        -2.785837116547896E-10
         9.994977116584778E-01         8.205631161217752E-07        -2.986513258917967E-10
         9.994165897369385E-01         6.500740141746064E-07        -2.828316469916103E-10
         9.997151494026184E-01         1.953315091896002E-07        -1.726104120747252E-10
         9.999426603317261E-01        -1.307007835293916E-07        -1.271304728156508E-10
         9.996820688247681E-01        -2.095869033880149E-09         7.516653272032769E-11
         9.996590614318848E-01         1.615797202703106E-07         3.242733026542766E-10
         9.998947978019714E-01         1.239780118567069E-07         3.442486018467861E-10
         9.997314810752869E-01         1.463247656374733E-07         9.567759778894569E-11
         1.000030755996704E+00        -2.305778536992875E-07         2.004892779572387E-10
         1.000044584274292E+00        -2.388315465395863E-07         6.297700555490948E-11
         9.998253583908081E-01        -8.519413086105487E-08         9.346901030937715E-11
         1.000023603439331E+00        -4.464249627744721E-07         7.422119169264718E-11
         9.995120167732239E-01         6.201166513619683E-08        -1.599970572696563E-10
         9.992653727531433E-01        -1.442497392645237E-07        -4.581951137949680E-11
         9.994411468505859E-01        -6.730546147082350E-07         1.147578351790024E-10
         9.994405508041382E-01        -5.560305567087198E-07         9.436591091871449E-11
         9.998446106910706E-01        -4.166300584529381E-07         1.480428453437543E-11
         9.999893903732300E-01        -1.458358980244157E-07        -8.083280572668272E-11
         9.996511340141296E-01         6.873740687751706E-08        -1.312165098799056E-10
         9.995555877685547E-01         1.209625963838334E-07        -1.401168903125694E-10
         9.995709657669067E-01        -7.814211500090096E-08        -8.946490076544578E-11
         1.000015258789062E+00        -6.514525097145452E-08        -5.887906828760947E-11
         1.000201344490051E+00         3.594872310941355E-08         3.733590173138346E-11
         1.000390291213989E+00        -1.006518886015328E-07         4.933265948525722E-11
         1.000412583351135E+00         7.574438853907850E-08         3.151421484881567E-11
         1.000622868537903E+00         1.976585650709239E-07         9.788087007578383E-11
         1.000578999519348E+00         2.403481289547926E-07         4.738589520769665E-10
         1.000441312789917E+00         7.252983778016642E-07        -1.060645252182191E-10
         1.000154256820679E+00         4.554835868475493E-07         1.381291053759170E-10
         9.997651576995850E-01         2.695491900794877E-07        -3.791772451577913E-11
         1.000202536582947E+00        -4.323090649904771E-07         3.646209029151137E-11
         1.000357866287231E+00        -4.207884529705552E-08        -1.547550559921618E-10
         1.001022815704346E+00        -1.099326823350566E-06         1.782141240136426E-10
         1.001059651374817E+00        -1.367596269119531E-06         2.047362002155495E-10
         1.000902175903320E+00        -1.212450797538622E-06         2.751389116539826E-10
         1.000713825225830E+00        -8.798998010206560E-07         3.782163471299782E-10
         1.000979304313660E+00        -1.095780817195191E-06         4.964140765117975E-10
         1.000928997993469E+00        -9.650004813011037E-07         2.970305668092976E-10
         1.000908493995667E+00        -6.457031531681423E-07         2.071483540255770E-10
         1.000639319419861E+00        -5.400383429332578E-07         1.950636457914712E-10
         1.000517129898071E+00        -8.142810656863730E-07         1.445623620810466E-10
         1.000445127487183E+00        -8.999489296002139E-07         4.678564133331342E-11
         1.000087499618530E+00        -1.082775725080865E-06         1.517246051019328E-10
         1.000114440917969E+00        -1.302335931541165E-06         1.582914493925003E-10
         1.000064611434937E+00        -1.322342882303928E-06         1.799226601040260E-10
         1.000038504600525E+00        -1.237423703059903E-06         1.981624447866537E-10
         9.999309182167053E-01        -6.862625809844758E-07        -2.636361181446167E-12
         1.000196099281311E+00        -8.518890695086156E-07         5.881167775001472E-11
         1.000104665756226E+00        -3.460975506186514E-07        -6.400417001950487E-11
         1.000463724136353E+00        -4.856318582824315E-07         3.807082427087494E-11
         1.000883817672729E+00        -9.405152923136484E-07         2.596626247353129E-10
         1.000659227371216E+00        -7.399975743282994E-07         2.488740047379423E-10
         1.000728011131287E+00        -1.052130073730950E-06         3.811186644053777E-10
         1.001334309577942E+00        -1.536844024485617E-06         3.006938587013508E-10
         1.001714706420898E+00        -1.593262709320697E-06         3.086962074849708E-10
         1.001734972000122E+00        -1.661065880398382E-06         2.324096054495683E-10
         1.001622200012207E+00        -1.913259211505647E-06         2.156370082495584E-10
         1.002901792526245E+00        -3.065376176891732E-06         5.392806756709945E-10
         1.003104209899902E+00        -3.888727860612562E-06         7.548032754378653E-10
         1.004008173942566E+00        -5.088882062409539E-06         1.032574137305176E-09
         0.000000000000000E+00         0.000000000000000E+00         0.000000000000000E+00
         0.000000000000000E+00         0.000000000000000E+00         0.000000000000000E+00
         0.000000000000000E+00         0.000000000000000E+00         0.000000000000000E+00
         0.000000000000000E+00         0.000000000000000E+00         0.000000000000000E+00
         9.992691874504089E-01         2.734861709541292E-06        -1.681243033679891E-09
         1.000579714775085E+00         1.333250310153744E-07        -1.252747211522021E-10
         9.996825456619263E-01         1.195657773678249E-06        -2.434954182728433E-10
         9.998718500137329E-01         2.789451114537655E-09         5.472177155851909E-10
         9.996199011802673E-01         8.516575462635956E-07         3.153343974826583E-10
         9.993423819541931E-01         1.846820282480621E-06        -8.746928181757596E-11
         9.999774098396301E-01         5.645352416649985E-07         3.052384456303514E-10
         9.999332427978516E-01         3.604486664698925E-07         1.605964666806514E-10
         9.998046755790710E-01        -1.364158350725120E-07         2.856432590458979E-10
         9.989133477210999E-01         1.481133949710056E-06        -1.562940055155337E-10
         9.989736676216125E-01         1.054580479831202E-06        -1.420089046355599E-11
         9.991904497146606E-01         4.022197117592441E-07         3.000494019911315E-10
         9.996148347854614E-01         9.660805488920232E-08         3.668622350350148E-10
         9.995094537734985E-01         7.811724458406388E-07        -1.219588319223419E-10
         9.989731907844543E-01         9.591731213731691E-07        -1.339604815964179E-10
         9.988283514976501E-01         1.282189373341680E-06        -1.993027548552462E-10
         9.994878172874451E-01         4.989246349396126E-07         9.064382057444309E-12
         1.000236868858337E+00         1.100788438179734E-07         5.017855228550694E-11
         1.000588774681091E+00        -4.326620626216027E-07         3.533640879904709E-10
         1.000697135925293E+00        -8.528465400559071E-07         4.813192622243889E-10
         1.000768661499023E+00        -8.987460091702815E-07         2.123108355789327E-10
         1.000655889511108E+00        -4.586960926644679E-07         5.166496744313243E-11
         1.000321149826050E+00         4.373748296870872E-08        -8.453159699994828E-11
         9.999849200248718E-01         4.835368372368976E-07        -1.482971245803100E-10
         9.999074935913086E-01         7.842431841709185E-07        -2.452782699169376E-10
         9.998139739036560E-01         1.253790401278820E-06        -4.089429350706553E-10
         9.998128414154053E-01         1.151447236225067E-06        -3.694078376526022E-10
         1.000040769577026E+00         9.122398409999732E-07        -3.371586621003786E-10
         1.000542402267456E+00         5.421913584768845E-08        -8.225128911298896E-11
         1.000528693199158E+00         1.188372209526278E-07        -8.397831735562633E-11
         1.000580549240112E+00        -8.300579423803356E-08        -1.348367164449860E-11
         1.000465393066406E+00        -1.213394682508806E-07         4.678698747873078E-11
         1.000572562217712E+00         6.094545028645371E-07        -7.783251820825399E-11
         1.001045465469360E+00         1.017025965666107E-07        -8.759343250730467E-11
         1.000992894172668E+00         4.546475338429445E-07        -2.676366905873806E-10
         1.001188278198242E+00        -7.241865773721656E-08        -1.522254544639168E-10
         1.000670433044434E+00         4.909608719572134E-07        -2.308780805426736E-10
         1.001451492309570E+00        -1.525112566014286E-06         2.800738807540171E-10
         1.001332163810730E+00        -1.141356392508897E-06         1.829525420049549E-10
         1.001207828521729E+00        -1.610274580343685E-06         3.291171779551405E-10
         1.000589728355408E+00        -1.911364279294503E-06         4.599828018481134E-10
         9.997671246528625E-01        -7.330186235776637E-07         1.633774088238837E-10
         9.995161294937134E-01        -1.182514353104125E-07        -6.285975906461516E-11
         9.996759891510010E-01         1.728184884086659E-07        -1.258251142166600E-10
         9.997173547744751E-01         4.413618341914116E-07        -1.862751897174775E-10
         9.995263218879700E-01         5.116461920806614E-07        -2.077492761154431E-10
         9.997968077659607E-01        -8.550928498607391E-08         2.922370956337517E-10
         1.000228285789490E+00        -3.761686855341395E-07         3.459094677360497E-10
         1.000334620475769E+00        -6.792535032218439E-07         5.927392465743253E-10
         1.000203251838684E+00        -2.129975484876923E-07         2.698213874552380E-10
         9.997530579566956E-01         3.063053952701011E-07         4.263389641323556E-11
         1.000077247619629E+00         1.186751106274642E-07         1.889242755293008E-11
         1.000015974044800E+00         2.442702680127695E-07        -8.682621982503136E-11
         9.996744394302368E-01         5.040729433858360E-07        -5.807181818751062E-11
         9.998048543930054E-01         3.539865645052487E-07        -6.420770165549428E-11
         1.000143408775330E+00         9.436652703698201E-08        -2.410072835745680E-11
         1.000295996665955E+00        -1.059111838230820E-07        -3.379879709441980E-11
         1.000160336494446E+00         4.214077531372595E-09        -7.301862586794883E-11
         1.000444650650024E+00        -3.042794389784831E-07         7.146726786755320E-13
         1.000183820724487E+00         4.245957256898691E-07        -2.196435811008257E-10
         1.000081539154053E+00         4.643593456421513E-07        -3.089314082327377E-10
         1.000104308128357E+00         4.513578915066319E-07        -3.052340047382529E-10
         9.998443126678467E-01         5.093020263302606E-07        -2.323189418618199E-10
         9.996430873870850E-01         9.650493666413240E-07        -3.085646183009771E-10
         1.000143170356750E+00         1.547001033941342E-07        -1.286006579004351E-10
         9.997937679290771E-01         1.220095214193861E-06        -4.792968244515805E-10
         1.000545144081116E+00         1.273182714811583E-08        -6.910775424140425E-11
         9.995291829109192E-01         1.998052084672963E-06        -5.181516882224457E-10
         9.998080134391785E-01         8.593724487582222E-07        -2.521769078278613E-11
         9.990938901901245E-01         2.351854618609650E-06        -3.522819536083688E-10
         9.998377561569214E-01         8.957611612459004E-07        -3.222084057896701E-11
         9.998943209648132E-01         1.196041921502911E-06        -2.245805486023045E-10
         1.000221014022827E+00         4.996001052859356E-07        -1.605890836975377E-10
         9.999597072601318E-01         4.127285819777171E-07        -1.731236543012216E-10
         1.000551819801331E+00        -6.712111826345790E-07         7.893272840897581E-11
         1.000985264778137E+00        -5.796231334898039E-07         9.509003827401497E-12
         1.001079797744751E+00        -7.030322421996971E-07         9.758449603936015E-11
         1.000744819641113E+00        -3.652480131677294E-07         5.277023176070150E-12
         1.001153349876404E+00        -1.468067466703360E-06         3.003161330727977E-10
         1.000621914863586E+00        -8.569643341616029E-07         1.627955548144655E-10
         1.000291109085083E+00        -5.858881308995478E-07         6.882238529071216E-11
         9.995641112327576E-01         3.485602633190865E-07        -1.375693170491132E-10
         9.993876814842224E-01         2.396312197561201E-07         1.191996779059679E-10
         9.996085166931152E-01         1.797559434635332E-08         3.407517323861242E-11
         9.998327493667603E-01         5.802085212280872E-08        -7.323092132693887E-11
         1.000381827354431E+00        -1.162335024673666E-06         1.399419469194640E-10
         9.999049305915833E-01         2.975036181851465E-07        -1.506531843720182E-10
         9.993520975112915E-01         6.551437081725453E-07        -9.268096706760431E-11
         9.994281530380249E-01         1.026011098304025E-08         1.816131273146837E-10
         9.991069436073303E-01         1.363351174177296E-07        -2.417216427019753E-11
         9.990733861923218E-01        -3.761079199193773E-07         7.887784869708980E-11
         9.990599751472473E-01        -6.530205354238205E-08        -2.286103164411690E-12
         9.999978542327881E-01        -7.432680604324560E-07         1.355177914330596E-10
         9.999061226844788E-01        -5.411780534814170E-07         5.381966400319627E-11
         9.995419979095459E-01         1.668556492973039E-08        -1.078616501670737E-10
         9.993684291839600E-01         6.528926519422384E-07        -2.098198420563691E-10
         9.997274875640869E-01         3.140479236662941E-07        -1.354215212190368E-10
         9.997705221176147E-01         2.582713705123751E-07        -7.421704223409265E-11
         9.998586773872375E-01         8.888768547876680E-07        -2.771784746169459E-10
         1.000050902366638E+00         6.526491347358387E-07        -2.983523983424163E-10
         0.000000000000000E+00         0.000000000000000E+00         0.000000000000000E+00
         0.000000000000000E+00         0.000000000000000E+00         0.000000000000000E+00
         9.992249608039856E-01         9.826787845668150E-07        -2.956825617683734E-10
         9.992603659629822E-01         8.123135444293439E-07        -2.313891439564841E-10
         9.991216659545898E-01         1.103211388908676E-06        -4.498030004018716E-10
         9.994500279426575E-01         3.673754918054328E-07        -2.698539169898595E-10
         9.995538592338562E-01         3.012096101429051E-07        -2.921078656736853E-10
         1.000035166740417E+00        -1.247432379614111E-07        -9.666929756679821E-11
         1.000492811203003E+00        -6.526271363327396E-07         3.173569462777692E-10
         1.000286817550659E+00         3.230569234347058E-07        -3.737748305310262E-11
         0.000000000000000E+00         0.000000000000000E+00         0.000000000000000E+00
         9.998532533645630E-01         3.180274177339015E-07        -1.244757075191671E-10
         9.995818734169006E-01         2.470787023867160E-07         6.685752645951837E-11
         9.997738003730774E-01        -4.474432273582352E-07         2.863721204615644E-10
         9.994006156921387E-01         6.579435307685344E-07        -8.985201471745086E-12
         0.000000000000000E+00         0.000000000000000E+00         0.000000000000000E+00
         0.000000000000000E+00         0.000000000000000E+00         0.000000000000000E+00
         9.993836879730225E-01         5.013710051571252E-07         2.370645346694289E-11
         1.000289201736450E+00        -8.968456768343458E-07         4.691433908021736E-10
         9.994693398475647E-01         8.061152811933425E-07        -2.326624448656389E-10
         9.997329711914062E-01        -1.483892617670790E-07         4.251722238168831E-11
         9.999008774757385E-01         1.672367488936288E-07        -2.123501097184288E-10
         1.000433802604675E+00        -7.173628091550199E-07         2.802745813212937E-10
         1.000540375709534E+00        -7.051650641187734E-07        -7.942629887125463E-11
         1.000280737876892E+00        -6.591058081539813E-07        -2.427311476815852E-11
         9.999200701713562E-01        -4.023505368877522E-07         1.913530722763568E-10
         9.992932677268982E-01         5.431675162981264E-07        -1.773059754572870E-10
         1.000283598899841E+00        -1.461492502130568E-06         6.295949872558992E-10
         1.000454902648926E+00        -8.357881711162918E-07         5.482337361861767E-10
         1.000645756721497E+00        -1.412183337379247E-06         6.822429843289513E-10
         1.000027060508728E+00        -6.001459382787289E-07         5.917901724217245E-10
         9.993362426757812E-01        -9.810388945652448E-08         2.620085537419214E-10
         9.987403750419617E-01         3.763026086289756E-07         1.051124534634518E-10
         9.990828633308411E-01         7.265514057053224E-08        -2.166655604929346E-10
         9.996790885925293E-01        -3.827078955964680E-07        -1.827754891881028E-10
         9.993896484375000E-01        -2.114668120611896E-07        -1.787855419266293E-10
         9.992809295654297E-01         3.380455950718897E-07        -3.047666841116126E-10
         9.995491504669189E-01         7.141497349039128E-07        -4.218761173735430E-10
         9.996661543846130E-01         1.582881395734148E-06        -6.767251203854130E-10
         9.996595382690430E-01         1.955783545781742E-06        -7.552729552884330E-10
         1.000056385993958E+00         1.134223793997080E-06        -5.463122176863067E-10
         1.000226378440857E+00         6.086049779696623E-07        -1.646565522817056E-10
         1.000328898429871E+00        -6.725068057988892E-09         3.372497767162308E-11
         1.000041484832764E+00         3.322257100535353E-07         7.188999395779661E-11
         9.997298121452332E-01         6.233455565052282E-07         3.802559656040927E-11
         9.996236562728882E-01         6.905208920215955E-07        -2.426807088617977E-10
         9.997898340225220E-01         2.966706631468696E-07        -2.387385567015343E-10
         1.000003814697266E+00        -5.797417088615475E-07         5.966734051288114E-11
         1.000317931175232E+00        -8.872159469319740E-07         1.086352882651020E-10
         1.000286459922791E+00        -3.223934470497625E-07        -3.583871047152520E-11
         9.999186396598816E-01         6.132557928140159E-07        -2.328925940986437E-10
         9.996985197067261E-01         9.895325092657004E-07        -4.161296862648101E-10
         9.996545910835266E-01         1.369358187730541E-06        -3.813413196329662E-10
         9.995704293251038E-01         1.342905534329475E-06        -2.751339989170987E-10
         9.999597668647766E-01         6.573647510776937E-07        -1.517509035098286E-10
         1.000258088111877E+00         3.244481092679052E-07        -4.576159590152784E-11
         1.000538229942322E+00        -1.022428293140365E-07         1.730623283568988E-10
         1.000575542449951E+00        -3.126392300600855E-07         2.635359153124739E-10
         1.000558972358704E+00        -1.214955602790724E-07         1.266226151708238E-10
         1.000372290611267E+00         4.136947779898037E-07        -2.017260664066711E-10
         9.998062849044800E-01         9.408321943737974E-07        -3.349828747722938E-10
         9.993440508842468E-01         8.541328497813083E-07        -3.066737419565868E-10
         9.992247223854065E-01         8.274097353933030E-07        -3.978357920875197E-10
         9.990851879119873E-01         1.709919160930440E-06        -5.778713618731501E-10
         9.991304278373718E-01         2.217531800852157E-06        -6.975949817800142E-10
         9.990904331207275E-01         2.290930979143013E-06        -7.345297703409415E-10
         9.994419217109680E-01         1.586099529049534E-06        -3.425168482174001E-10
         1.000020742416382E+00         1.164369336947857E-06        -2.804515508714189E-10
         1.000240325927734E+00         8.114049023788539E-07        -6.151976844614993E-11
         9.999731183052063E-01         1.845949213929998E-06        -5.361579513696313E-10
         9.993868470191956E-01         2.612466232676525E-06        -7.387435108086038E-10
         9.993060827255249E-01         2.390966074017342E-06        -6.275446828851727E-10
         9.994978904724121E-01         1.889794589260418E-06        -4.149198207237248E-10
         9.997293353080750E-01         1.558281383040594E-06        -3.442978402379282E-10
         9.992578625679016E-01         1.715195139695425E-06        -2.848161428925522E-10
         9.996433854103088E-01         9.777206742000999E-07        -1.560030576941429E-10
         9.998593926429749E-01         7.067098408697348E-07        -6.607850377982061E-11
         9.995265007019043E-01         7.222845397336641E-07        -1.089891857319891E-10
         9.996402859687805E-01         7.146258553802909E-07        -4.293979061209541E-11
         1.000994920730591E+00        -1.101695872307573E-07         2.717692459963672E-10
         1.002679109573364E+00        -1.313995426244219E-06         5.783324930064282E-10
         1.000996232032776E+00         6.629753670495120E-07         4.317615015514420E-11
         0.000000000000000E+00         0.000000000000000E+00         0.000000000000000E+00
         0.000000000000000E+00         0.000000000000000E+00         0.000000000000000E+00
         0.000000000000000E+00         0.000000000000000E+00         0.000000000000000E+00
         1.000621199607849E+00        -4.200400667286885E-07        -6.447382072671815E-10
         1.000832319259644E+00        -6.514161441373290E-07        -2.378951202697266E-10
         1.000490546226501E+00         8.880532220700843E-08        -6.737954083568809E-10
         1.000478625297546E+00         3.501922662962897E-07        -8.320911737413894E-10
         1.000741481781006E+00        -4.751530582325358E-07        -3.243220692006332E-10
         1.001025676727295E+00        -1.229713575412461E-06        -2.053080067065949E-10
         1.001161813735962E+00        -1.879539922811091E-06        -3.476578747108050E-11
         1.001193642616272E+00        -1.878012653833139E-06         5.137993155934772E-11
         1.001361012458801E+00        -1.619796194063383E-06        -1.293697961257667E-11
         1.001507520675659E+00        -1.699885388006805E-06         8.222898056908789E-11
         1.001184582710266E+00        -9.299569114773476E-07        -2.533958320949381E-10
         1.001109361648560E+00        -1.734360353111697E-06         3.333871373412123E-11
         1.000548362731934E+00        -1.434546788914304E-06        -4.630698602348104E-11
         1.000453829765320E+00        -1.527208382867684E-06         2.480532272641778E-11
         9.999777674674988E-01        -8.301337857119506E-07        -9.047024240871337E-11
         9.997028112411499E-01        -4.823442054657789E-07        -2.267268317535098E-10
         9.994984865188599E-01        -2.360222595143568E-07        -1.853222297842905E-10
         9.993317127227783E-01        -2.902613118749287E-07         9.037574855152997E-11
         9.997498989105225E-01        -7.260767915795441E-07         2.672100041234415E-10
         1.000047802925110E+00        -1.170278665085789E-06         6.876265112865099E-10
         1.000696063041687E+00        -1.009835386867053E-06         3.198897258194222E-10
         1.000290036201477E+00        -5.814786163682584E-07         1.147907394138947E-10
         9.999986886978149E-01        -4.036048153466254E-07         1.227094814648666E-10
         1.000018000602722E+00        -1.262935143131472E-07         1.143267217007526E-10
         1.000115156173706E+00        -2.889681240958453E-07         1.572171143271461E-10
         1.000505447387695E+00        -8.598608474130742E-07         1.387565617960718E-10
         1.000402212142944E+00        -1.118050136028614E-06         2.343518955283397E-11
         9.994379281997681E-01        -1.829195106495263E-08         6.128100631108691E-12
         9.991757273674011E-01         5.467995833896566E-07        -1.407587102431052E-10
         9.988100528717041E-01         6.600074584639515E-07        -6.295959587010458E-11
         9.990300536155701E-01         1.721008402455482E-07         2.840844226525974E-10
         9.988919496536255E-01         3.748328367692011E-07         2.807885590705439E-10
         9.992965459823608E-01        -1.276236787361995E-07         3.756415456468432E-10
         9.999123215675354E-01        -2.282722277868743E-07         2.239864405062519E-10
         1.000088810920715E+00        -4.600255465447844E-07         8.974221366031543E-11
         1.000468611717224E+00        -1.101163093153446E-06         3.083292232641810E-10
         1.000529527664185E+00        -6.079436616346356E-07         1.375413671844683E-10
         1.000078558921814E+00        -2.526585944906401E-07         5.920610529619452E-11
         9.996729493141174E-01         3.729572881638887E-07        -7.797205589521461E-12
         9.999067187309265E-01         3.726256920799642E-07         2.666685448848849E-11
         1.000012397766113E+00         3.026923707238893E-07        -1.624008739986582E-11
         9.999762177467346E-01         2.343470129062553E-07         2.195035472829510E-11
         9.998654723167419E-01         3.776933965582430E-07         1.493250315065531E-11
         1.000270247459412E+00         9.732607395562809E-07        -2.271061394498730E-10
         1.000204086303711E+00         1.345208147540689E-06        -2.460963099970570E-10
         1.000076889991760E+00         1.160591068583017E-06        -1.516323872019498E-10
         1.000032544136047E+00         1.038822915688797E-06        -1.539523092342066E-10
         9.996604323387146E-01         9.278722927774652E-07         1.356039586175584E-10
         9.995462894439697E-01         9.817505315368180E-07        -5.366963470865294E-11
         9.997814297676086E-01         1.412625181274052E-07         6.463967555658812E-11
         1.000020265579224E+00         3.424470662594103E-07        -1.839577101758749E-10
         1.000575065612793E+00         1.357742434038300E-07        -2.123768660933223E-10
         1.000712394714355E+00         1.216413210158862E-07        -3.232499268257527E-10
         1.000118851661682E+00         5.257286375126569E-07        -4.289082422559432E-10
         9.999029636383057E-01         8.657762009534054E-07        -4.422996413566693E-10
         1.000281214714050E+00         6.612845595554973E-07        -3.569768924904793E-10
         1.000563502311707E+00         4.047222148528817E-07        -3.250379965180628E-10
         1.000747919082642E+00        -2.666528757799824E-07        -1.972290560037226E-11
         1.000404834747314E+00        -1.990197517898196E-07        -6.223064424881741E-11
         1.000282287597656E+00        -2.418275641957734E-07         2.921984598724947E-10
         1.000641345977783E+00        -3.448120935445331E-07         2.009828588278584E-11
         1.000726699829102E+00        -2.499098741282069E-07        -6.792937740085492E-11
         1.001166224479675E+00        -2.917929577961331E-07        -3.052889538390779E-11
         1.001163601875305E+00        -1.415415908923023E-07         5.342273151631716E-11
         1.000513672828674E+00         4.082977795860643E-07        -7.431959908599239E-11
         1.000199913978577E+00         6.632292866015632E-07        -2.646154406704682E-10
         1.000198364257812E+00         5.594977210421348E-07        -4.339719694712585E-10
         9.998012185096741E-01         7.930600531835807E-07        -3.570709838918162E-10
         9.996345639228821E-01         3.037448834675160E-07        -1.123157469806735E-10
         9.993966817855835E-01        -1.277189767279197E-07        -1.102678573450255E-10
         9.994785189628601E-01        -2.736779549650237E-07        -6.689959697325776E-11
         9.998307824134827E-01        -1.833481491075872E-07         1.136777824650714E-11
         9.997226595878601E-01        -1.144734724789487E-07         4.838318547889520E-12
         9.995878338813782E-01        -1.692563387223345E-07        -4.168368341467277E-12
         9.995098114013672E-01        -1.726386074096808E-07        -5.654201759575095E-11
         9.994662404060364E-01        -8.092251846392173E-08        -3.809576959445948E-11
         1.000007510185242E+00        -2.123504714290902E-07        -2.988384886770667E-11
         1.000276684761047E+00        -2.737911586336850E-07         3.676015741804761E-11
         9.999552965164185E-01         5.246124246127692E-08        -1.089205531323856E-10
         9.997398853302002E-01         6.598369850507879E-07        -2.601425463932827E-10
         9.999169111251831E-01         5.400214035944373E-07        -2.417626099315839E-10
         9.996864795684814E-01         3.409976159218786E-07         1.343929915270659E-11
         9.996289610862732E-01         5.306029393636891E-08         2.005052651687933E-10
         9.991361498832703E-01         9.522963182462263E-07        -1.421543993629371E-10
         9.992719888687134E-01         7.417082201754965E-07        -1.071159688725842E-10
         9.996061325073242E-01         7.611716910105315E-07        -1.739016708413033E-10
         9.995517730712891E-01         9.498467079538386E-07        -3.944542470435408E-10
         9.999672174453735E-01         3.659923777377116E-07        -1.772399449428974E-10
         9.999839067459106E-01         2.888102414999594E-07        -1.559964935005098E-10
         9.997977614402771E-01         1.979254875550396E-07        -1.439991598184420E-10
         1.000191330909729E+00        -8.689579544807202E-07         2.102891888400293E-10
         1.000643730163574E+00        -1.254710923603852E-06         2.800004950120893E-10
         1.000538945198059E+00        -3.236300187836605E-07         1.457348547395654E-10
         1.000492095947266E+00        -1.391021697827455E-07         5.638490542525521E-12
         1.000739932060242E+00        -5.135361220709456E-07         4.054607344317063E-11
         1.001052379608154E+00        -1.010205210150161E-06         1.870963800554293E-10
         1.001247525215149E+00        -1.411556809216563E-06         6.145473019358860E-10
         1.001489996910095E+00        -1.800161385290266E-06         6.006640740352509E-10
         1.001507043838501E+00        -1.201755367219448E-06         4.359212435467441E-10
         1.001383543014526E+00        -1.223192157340236E-06         5.265761160444526E-10
         1.001435875892639E+00        -1.326734604845115E-06         2.471071125498270E-10
         1.000872015953064E+00        -9.212922691403946E-07         3.025379113896776E-10
         1.000571727752686E+00        -1.032012619361922E-06         3.345770327456421E-10
         1.000224947929382E+00        -1.151572860180750E-06         5.074253239811810E-10
         1.000172257423401E+00        -7.788861466906383E-07         1.548114275662371E-10
         9.999051690101624E-01        -3.962709911320417E-07         8.486527452999937E-11
         9.997687935829163E-01        -5.224536607784103E-07         3.315143298765477E-11
         9.994651675224304E-01        -1.994909837321757E-07         1.141267150228664E-10
         9.997247457504272E-01        -1.019290266413009E-06         3.384131308514782E-10
         1.000087499618530E+00        -1.506603098277992E-06         5.919959522593388E-10
         9.999520182609558E-01        -1.123564743465977E-06         4.303551681683615E-10
         9.998790025711060E-01        -6.585253231605748E-07         3.991212360610064E-10
         9.999170899391174E-01        -1.462727254875062E-07         6.132872855391103E-12
         1.000074028968811E+00        -2.111338943677765E-07        -1.924858016033593E-11
         1.000341296195984E+00        -6.604372515539580E-07         1.494066675933325E-10
         9.999696016311646E-01        -5.475220632433775E-07         1.687565642782829E-10
         9.998306035995483E-01        -1.733699406258893E-08        -1.410587896488735E-10
         9.999902248382568E-01        -2.453067970975553E-08        -2.048949621080709E-10
         9.998407959938049E-01         4.781920779350912E-07        -3.004097803849248E-10
         9.995567202568054E-01         1.363074488835991E-06        -5.943005532138557E-10
         9.999042749404907E-01         6.710912430207827E-07        -4.202651074369790E-11
         1.000221729278564E+00         5.916683676332468E-07        -9.769094561073999E-11
         1.000670313835144E+00        -3.380521889084775E-07         4.054860058833043E-10
         1.000262618064880E+00         2.579585611783841E-08         1.268076754712411E-10
         9.995840787887573E-01         9.421821687283227E-07        -2.936471621417525E-10
         9.991676211357117E-01         1.164438003797841E-06        -3.053107211492545E-10
         9.985828399658203E-01         1.200487872665690E-06        -2.163130369270405E-10
         9.982314109802246E-01         1.100401391340711E-06        -1.113259900931141E-10
         9.983568787574768E-01         1.315435724791314E-06        -2.820527422731089E-10
         9.984406828880310E-01         1.389771455251321E-06        -2.535283649685027E-10
         9.989048838615417E-01         5.974301870992349E-07        -2.646967367514463E-11
         9.989510178565979E-01         7.096059562172741E-07        -1.231697521753006E-10
         9.997173547744751E-01        -1.028651936962888E-07         9.776895265600771E-11
         9.993854165077209E-01         5.910084155402728E-07        -1.602302041048276E-10
         9.989358782768250E-01         1.044188820742420E-06        -3.333521236825732E-10
         9.993245005607605E-01         9.546077990307822E-07        -3.531418768520922E-10
         9.996218681335449E-01         9.281375810132886E-07        -3.201682807763007E-10
         9.993044137954712E-01         9.738092785482877E-07        -2.927458830903618E-10
         9.993854165077209E-01         4.136229563300731E-07         2.783450553378586E-14
         9.990642666816711E-01         4.691115691457526E-07         3.447072488560465E-11
         9.991778135299683E-01         3.112667172899819E-07         7.412097324799305E-11
         9.996172785758972E-01         8.425152131508185E-09         7.882636904321672E-11
         1.000192880630493E+00        -8.035106020543026E-07         2.739328486267567E-10
         1.000126838684082E+00        -4.777860453941685E-07         1.448371006462779E-10
         9.999798536300659E-01        -1.311118893454477E-07         2.833731166385078E-11
         1.000284314155579E+00        -4.532198829565459E-07         1.555607864744957E-10
         9.999066591262817E-01         6.691895464427944E-07        -2.251391850727202E-10
         1.000052213668823E+00         6.353327535180142E-07        -2.518064923240360E-10
         1.001827359199524E+00        -3.245281504860031E-06         4.806139930479958E-10
         1.000811457633972E+00        -1.911927711262251E-06         4.856268165376321E-10
         1.000835537910461E+00        -2.327996980966418E-06         7.231600318569065E-10
         1.000920534133911E+00        -1.938643663379480E-06         6.260328366813894E-10
         1.000899672508240E+00        -2.083163508359576E-06         4.379460960546311E-10
         9.997676014900208E-01         3.166661031173135E-07         7.105436378163077E-11
         1.000162959098816E+00         4.052308781865577E-07        -3.783519331168606E-11
         1.001043081283569E+00        -6.638728677899053E-07        -9.058279300255823E-13
         1.000218868255615E+00         6.834610530859209E-07        -1.360680734752151E-10
         1.000032663345337E+00         3.188866060099826E-07        -1.518401654410084E-10
         1.000637769699097E+00        -7.281054195118486E-07         9.100200454303931E-11
         1.000454902648926E+00        -1.120186539083079E-06         2.113722252783390E-10
         9.993774294853210E-01         4.517558807037858E-07        -3.086431110688181E-10
         9.993000030517578E-01         5.604068178399757E-07        -2.592628611797210E-10
         9.997234344482422E-01         1.614296110119540E-07         1.017855157797731E-11
         9.999158978462219E-01        -2.913638184054435E-07         3.758252042906918E-10
         9.999814033508301E-01        -2.345755660826399E-07         1.447875569438040E-10
         1.000187158584595E+00         1.070894697363656E-07         1.344337141606644E-10
         1.000375866889954E+00        -1.748919657984516E-07         7.216156838740773E-11
         1.000081300735474E+00        -1.785052035074841E-07        -1.160131886390747E-11
         1.000317335128784E+00         1.195291048361469E-07        -1.024934026538915E-10
         9.999510645866394E-01         4.930047907691915E-07        -2.317837310972237E-10
         1.000406503677368E+00        -5.175247110855707E-07         2.475693539061297E-10
         1.000874042510986E+00        -9.516473369330924E-07         4.598581793135992E-10
         1.001018047332764E+00        -7.102372023837233E-07         4.306983103496975E-10
         1.000982284545898E+00         1.329322714127557E-07         1.506272190310298E-10
         1.000468254089355E+00         9.822011861615465E-07        -1.221368006731893E-10
         9.996585249900818E-01         1.571124357724329E-06        -6.385595177627046E-12
         9.994302988052368E-01         2.101697191392304E-06        -5.801392699567032E-10
         9.995701909065247E-01         1.721665626064350E-06        -4.985172274984961E-10
         9.994493126869202E-01         1.450473405384400E-06        -5.910328892966277E-10
         9.991052150726318E-01         1.297164658353722E-06        -4.902757089197962E-10
         9.991994500160217E-01         1.201895997837710E-06        -4.789322827214448E-10
         9.995158314704895E-01         9.319190326095850E-07        -3.752301525050683E-10
         9.996150135993958E-01         4.922908374282997E-07        -1.553061013126467E-10
         9.989939332008362E-01         1.208113758366380E-06        -4.336772052582205E-10
