         1.000812530517578E+00        -9.619199090593611E-07         3.516274771353523E-10
         1.001971125602722E+00        -2.329857807126245E-06         7.726941309016411E-10
         1.001960754394531E+00        -2.053930529655190E-06         7.325235418242926E-10
         1.001708984375000E+00        -7.720502139818564E-07         1.905218899311834E-10
         1.002565264701843E+00        -1.527244307908404E-06         4.170684908544331E-10
         1.002891302108765E+00        -1.580676212142862E-06         4.840793876859095E-10
         1.002640485763550E+00        -1.581040010023571E-06         4.009734488885641E-10
         1.002379655838013E+00        -1.803873260541877E-06         5.919398859965952E-10
         1.002263426780701E+00        -1.770836433934164E-06         5.137895109363910E-10
         1.001201748847961E+00         2.222702200072035E-08        -1.104110761152022E-10
         1.000039577484131E+00         2.234381554444553E-06        -8.021566744176312E-10
         1.000391364097595E+00         1.401309305038012E-06        -5.868612262815986E-10
         1.000875949859619E+00        -4.253766050510421E-08        -9.612459439534149E-11
         1.001521587371826E+00        -1.285901248593291E-06         3.905981649232615E-10
         1.001583099365234E+00        -9.207482207784778E-07         2.990831471372246E-10
         1.001614093780518E+00        -3.682753515477089E-07         2.610329660757138E-11
         1.001039385795593E+00         5.374324132390029E-07        -2.889598282873607E-10
         1.001856446266174E+00        -9.967147889256012E-07         1.595335807902387E-10
         1.001674175262451E+00        -5.043038981966674E-07         1.896607176865572E-10
         1.002541542053223E+00        -1.253135678780382E-06         2.467291371210933E-10
         1.002489924430847E+00        -1.287209556721791E-06         4.651354301721256E-10
         1.001788496971130E+00        -3.221757367555256E-07         2.823576650268222E-10
         1.001564979553223E+00         1.142705059464788E-07         2.166513773937950E-10
         1.001722574234009E+00        -2.380522374778593E-07         3.772671064439237E-10
         1.001177310943604E+00         2.979559781124408E-07         1.750629224916977E-10
         1.001306772232056E+00        -1.350165064195608E-07         2.066763010732942E-10
         1.000557541847229E+00         8.604425829616957E-07        -1.415128014770062E-10
         1.000069022178650E+00         1.439616880816175E-06        -3.154754513179370E-10
         9.998407959938049E-01         1.336874561275181E-06        -1.893328688273854E-10
         9.995244741439819E-01         1.941645678016357E-06        -3.708904017241110E-10
         9.993688464164734E-01         1.942486051120795E-06        -4.016027510544973E-10
         9.994606971740723E-01         1.493837999078096E-06        -3.818008964540098E-10
         9.991749525070190E-01         1.534876901132520E-06        -5.121939539165510E-10
         9.993446469306946E-01         1.446154556106194E-06        -4.116453289348954E-10
         9.993687868118286E-01         1.604339217919915E-06        -6.700605625908906E-10
         9.991729259490967E-01         1.898014261314529E-06        -6.290277743126182E-10
         9.996057748794556E-01         5.735359422942565E-07        -2.480018967965236E-10
         9.993584752082825E-01         6.287671681093343E-07        -1.992082332424872E-10
         9.991878867149353E-01         7.766992098368064E-07        -2.524479514320888E-10
         9.986596107482910E-01         1.601751819180208E-06        -5.408257175432141E-10
         9.980646967887878E-01         1.925728383866954E-06        -6.597333235269787E-10
         9.980821013450623E-01         1.418907686456805E-06        -4.406294218384232E-10
         9.982737898826599E-01         1.223316644427541E-06        -4.656532381908107E-10
         9.978643059730530E-01         1.744313635754224E-06        -5.076112863378057E-10
         9.980521202087402E-01         1.707342789813993E-06        -5.554736670632110E-10
         9.985996484756470E-01         1.386328221997246E-06        -5.665119484632442E-10
         9.987448453903198E-01         1.788172767192009E-06        -7.303056492879989E-10
         9.988764524459839E-01         1.407580498380412E-06        -6.189534440537159E-10
         9.995485544204712E-01         3.975701901026696E-08        -2.124607156872571E-10
         9.997106790542603E-01        -1.436862220316470E-07        -3.446172860965824E-11
         9.998766779899597E-01        -2.756996764219366E-07         4.809080911272190E-11
         1.000458598136902E+00        -1.550755314383423E-06         3.603657094952695E-10
         1.000681161880493E+00        -1.703987209111801E-06         4.773731410168125E-10
         1.000242233276367E+00        -1.205211219712510E-06         2.544791599667917E-10
         9.999107718467712E-01        -1.445897481744396E-07        -1.875715728572036E-11
         9.996526241302490E-01         3.687259777507279E-07        -1.634711949138890E-10
         9.997500181198120E-01         1.455043445730553E-07        -7.599324641782701E-11
         1.000113844871521E+00        -4.179365191703255E-07         1.790466108708699E-10
         9.999654889106750E-01        -3.265566590471281E-07         2.303175705709037E-10
         9.997343420982361E-01        -1.090622259170004E-09         1.009140479513171E-10
         9.989860057830811E-01         6.128049676590308E-07        -6.976196703645243E-11
         9.985501766204834E-01         6.776084546800121E-07        -1.837161534012921E-10
         9.976649284362793E-01         1.751940203575941E-06        -5.072274267270416E-10
         9.974766969680786E-01         1.956487949428265E-06        -6.498025451051603E-10
         9.983857274055481E-01         6.365036711031280E-07        -3.566008599520387E-10
         9.991540312767029E-01         3.696183910051332E-07        -2.874630811167123E-10
         9.995816946029663E-01         1.871389514462862E-07        -1.688319622994428E-10
         9.998791813850403E-01        -3.209087822142465E-07         1.884333661328341E-10
         9.997688531875610E-01        -1.956908732836382E-07         1.718205577816434E-10
         9.999397993087769E-01        -2.126050446804584E-07         1.810431804472046E-10
         1.000295281410217E+00        -8.515490890204092E-07         2.973270518680238E-10
         1.000460267066956E+00        -1.843699465098325E-06         6.051117940053530E-10
         9.996583461761475E-01        -1.248126523023529E-06         5.164749183883544E-10
         9.993257522583008E-01        -1.408180310136231E-07         8.232865084112362E-11
         9.990973472595215E-01         7.928353795705334E-08         1.274738092860161E-10
         9.998210072517395E-01        -3.435085886849265E-07         1.607641242351576E-10
         9.999973177909851E-01        -6.118980877545255E-07         3.321742603201727E-10
         1.000238776206970E+00        -8.579482368986646E-07         4.940492459581947E-10
         1.000562071800232E+00        -1.360449232379324E-06         5.894204568868133E-10
         1.000964403152466E+00        -2.609215698612388E-06         9.990314131513856E-10
         1.000334382057190E+00        -7.032052167232905E-07         3.294720607449619E-10
         9.999825954437256E-01         1.940385914167564E-07        -5.480093809295816E-11
         9.998120069503784E-01         8.008892109501176E-07        -3.048309937803140E-10
         9.996914863586426E-01         1.171836402136250E-06        -5.090524113349204E-10
         1.000100374221802E+00         5.105331410959479E-07        -2.730939641093499E-10
         1.000216484069824E+00         9.327582262130818E-08        -1.127622994978594E-10
         9.994977712631226E-01         7.521236398133624E-07        -2.505348983827815E-10
         9.997416138648987E-01        -7.197370166522887E-08        -1.031565666220757E-10
         9.998751282691956E-01        -4.361058927315753E-07         5.875311348546575E-11
         9.997834563255310E-01        -7.422535475143377E-08        -1.176070352215675E-10
         9.993079304695129E-01         9.558327747072326E-07        -4.204529779894273E-10
         9.996047019958496E-01         8.518526328771259E-07        -4.212468707187611E-10
         9.993457198143005E-01         1.554778691570391E-06        -5.894211785317793E-10
         9.998529553413391E-01         6.617975714107160E-07        -3.343319510129561E-10
         1.000416755676270E+00        -1.882505529238188E-07        -1.107373290287761E-10
         9.998499751091003E-01         2.204838125408060E-07        -3.829281683409569E-11
         9.997568130493164E-01        -2.018820168814273E-07         1.207505345712789E-10
         9.996351599693298E-01        -3.214082653357764E-07         2.259325643239052E-10
         9.994958043098450E-01        -8.081436249085527E-07         5.434331318276975E-10
         9.993598461151123E-01        -1.452991540418225E-07         1.611109856636261E-10
         9.996540546417236E-01        -5.898110089219699E-07         2.425909195746812E-10
         9.991825222969055E-01        -2.497533024836684E-08         1.794198678517489E-10
         9.996011853218079E-01        -2.955395643766678E-07         1.268888882854924E-10
         9.996598958969116E-01        -4.931939656671602E-07         1.994734794008579E-10
         1.000109553337097E+00        -1.136332571149978E-06         3.346826427108596E-10
         1.001156687736511E+00        -2.269687001899001E-06         6.193758284034345E-10
         1.001087665557861E+00        -2.052908939731424E-06         6.432818167034782E-10
         1.000270724296570E+00        -2.778487271370977E-07         5.328989333142076E-11
         1.000693798065186E+00        -6.595390118491196E-07         1.934851445728469E-10
         1.000509381294250E+00        -2.047955263151380E-07         1.131713056601313E-10
         1.000385761260986E+00        -1.100080382343549E-07         6.075171615771424E-11
         9.998729825019836E-01         4.399419424316875E-07        -1.698427787300005E-10
         9.998725652694702E-01         2.821395810315153E-07        -7.414428793151018E-11
         1.000154614448547E+00        -2.086048027649667E-07         1.352649797725647E-10
         1.000375747680664E+00        -7.577499445687863E-07         2.914718189028775E-10
         9.999589323997498E-01         2.220807004960079E-07        -1.286116352305910E-11
         1.000557899475098E+00        -3.476754102393897E-07        -3.881144711170847E-11
         1.000359058380127E+00        -1.173977395296788E-07        -1.414832834223390E-10
         1.000272393226624E+00         1.495259311923292E-07        -2.796651243919257E-10
         9.998841285705566E-01         6.003987209624029E-07        -3.758867106462560E-10
         9.997639656066895E-01         5.576367243520508E-07        -5.061051022714480E-10
         9.997307062149048E-01         2.937045451290032E-07        -4.059593772254289E-10
         9.991526603698730E-01         8.782246254668280E-07        -6.135602026446918E-10
         9.989051818847656E-01         1.082674202734779E-06        -6.175860378654363E-10
         9.993492960929871E-01         5.640851554744586E-07        -4.189897873096982E-10
         9.994557499885559E-01         6.133561782917241E-07        -4.012799537100875E-10
         9.990841746330261E-01         1.019315959638334E-06        -4.303373768443919E-10
         9.993455410003662E-01         1.110739276555250E-06        -4.756357530055766E-10
         9.994235634803772E-01         1.537698153697420E-06        -5.775980804756387E-10
         9.999274611473083E-01         9.978598427551333E-07        -3.713589713516541E-10
         9.993118047714233E-01         2.023582055699080E-06        -6.267507624002633E-10
         9.995923638343811E-01         1.600582208993728E-06        -6.041807609769023E-10
         1.000013351440430E+00         7.337820306929643E-07        -2.813492494535552E-10
         1.000221014022827E+00         3.748143058146525E-07        -2.259229886503178E-10
         1.000261306762695E+00         2.526222715459880E-07        -1.668157001422088E-10
         9.998465776443481E-01         9.469742394685454E-07        -3.513418722622674E-10
         9.997490048408508E-01         7.456662274307746E-07        -3.081517263581190E-10
         9.998650550842285E-01         6.503987606265582E-07        -1.943935845627465E-10
         1.000331521034241E+00         5.141006909070711E-08         3.904333106818925E-11
         1.000432848930359E+00         7.355261288921611E-08         3.515945173893087E-11
         1.000902891159058E+00        -4.957520332027343E-07         2.477139049439359E-10
         1.000988841056824E+00        -3.162277906199051E-08         1.117058112676261E-10
         1.001055240631104E+00        -5.112281797892138E-08         5.632578431447044E-11
         1.000953078269958E+00         4.773728790041787E-08         6.052386369859164E-11
         1.000751852989197E+00         4.389345065192174E-08         2.195648177161225E-11
         1.000606536865234E+00        -2.160965237862911E-07         8.080085212025523E-11
         1.000480413436890E+00        -3.747665004993905E-07         2.265259091416283E-10
         1.000835895538330E+00        -1.260019757864939E-06         4.841797518473356E-10
         1.000526189804077E+00        -9.457143619329145E-07         4.321237534465894E-10
         1.000296711921692E+00        -8.644565241411328E-07         4.053611335486096E-10
         9.997373819351196E-01         4.091262155725417E-07         1.689519531222761E-11
         9.994136691093445E-01         9.429913347958063E-07        -1.450802811220342E-10
         9.995378255844116E-01         6.118623332440620E-07        -7.781667671347137E-11
         9.993415474891663E-01         1.592301117625539E-07         1.632687873787120E-10
         9.988105297088623E-01         7.422926273648045E-07         1.369571383386115E-11
         9.991528987884521E-01         1.442498813730708E-07         1.106790215033016E-10
         9.992936253547668E-01         2.626197215249704E-08         1.025298596024626E-10
         9.992200136184692E-01         4.725871693977979E-09         3.131627249186586E-11
         9.990444183349609E-01        -7.152082304173746E-08         5.891263171742267E-11
         9.992840886116028E-01        -2.935918530511117E-07        -1.165835050026542E-11
         9.995952248573303E-01        -7.740911769360537E-07         1.888182804554717E-10
         9.997679591178894E-01        -8.633743391328608E-07         2.240733432135045E-10
         9.998111128807068E-01        -8.933853905546130E-07         1.628867041247872E-10
         9.999616742134094E-01        -1.320740580013080E-06         3.019235139678500E-10
         9.999850392341614E-01        -9.385392445437901E-07         1.721740944260475E-10
         9.998509883880615E-01        -4.207134907119325E-07         5.992155382994468E-11
         9.999887943267822E-01        -6.269372647693672E-07         6.664885310314617E-11
         9.997971653938293E-01        -3.972980167077367E-08        -4.557589028397757E-11
         9.999089241027832E-01        -3.208345731309237E-07         1.088553899797340E-10
         9.999842643737793E-01        -8.049612176819210E-08         1.987065199882121E-11
         9.998175501823425E-01         3.097312912814232E-07        -3.129260045531268E-11
         9.999560713768005E-01         7.106177690729965E-08        -4.638772699294691E-11
         9.997482895851135E-01         4.029158446883230E-07        -5.315764495250619E-11
         9.998034238815308E-01         8.250297867107292E-08         7.403738733202658E-11
         9.999120831489563E-01        -6.356024186970899E-07         1.862828086229840E-10
         1.000037550926208E+00        -7.610912575728435E-07         3.325234532169929E-10
         1.001074194908142E+00        -2.394382590864552E-06         6.821854192651244E-10
         9.944468140602112E-01         5.392947059590369E-06        -1.364263813030675E-09
         9.956355690956116E-01         4.262655693310080E-06        -1.193144805178292E-09
         9.989123940467834E-01         5.926716539761401E-07        -2.957475930820408E-10
         1.000097274780273E+00        -7.201766720754676E-07         1.173809383026025E-10
         1.001968145370483E+00        -2.467261083438643E-06         5.089385579637451E-10
         0.000000000000000E+00         0.000000000000000E+00         0.000000000000000E+00
         0.000000000000000E+00         0.000000000000000E+00         0.000000000000000E+00
         0.000000000000000E+00         0.000000000000000E+00         0.000000000000000E+00
         1.000488519668579E+00         1.052408492796530E-06        -1.847629715889809E-09
         1.000659227371216E+00         2.332391346726581E-07        -1.114860315176713E-09
         1.000265240669250E+00         1.360650003334740E-06        -1.692655682283828E-09
         1.000198006629944E+00         1.247442241947283E-06        -9.977794146465158E-10
         1.000058770179749E+00         1.125254470935033E-06        -8.170448367351979E-13
         1.000745534896851E+00         2.539121339850681E-07         1.058991852542768E-10
         1.001186847686768E+00        -6.232206146705721E-07         1.490090134614874E-10
         1.000927805900574E+00        -5.348694571694068E-07         2.134470933334853E-10
         1.000598669052124E+00        -2.267206014039402E-07         1.209967126492018E-10
         1.000876903533936E+00        -4.395605230911315E-07         1.492585499640597E-10
         1.000927209854126E+00        -8.896315080164641E-07         3.278006754925400E-10
         1.000800490379333E+00        -1.399733605467191E-06         4.449812740503489E-10
         1.000214576721191E+00        -9.324229495177860E-07         2.880772842495105E-10
         1.000558614730835E+00        -1.713055212348991E-06         2.875653604128559E-10
         1.000479340553284E+00        -1.443770202058658E-06         1.634692381458080E-10
         1.000164270401001E+00        -4.792184995494608E-07        -8.198710460538550E-11
         9.998952150344849E-01         1.770679887158622E-07        -6.512875655451111E-11
         9.997919797897339E-01         7.263940915436251E-07        -1.400142501939428E-10
         9.997411966323853E-01         1.302310693063191E-06        -1.576361818855787E-10
         9.999524950981140E-01         1.238200638908893E-06        -1.824275869255487E-10
         1.000503063201904E+00         1.018650095829798E-06        -1.750997402627519E-10
         1.000918745994568E+00         2.981606428420491E-07        -1.029120677564777E-10
         1.000665068626404E+00         3.379665258762543E-07        -2.006038113400166E-10
         1.000367999076843E+00         4.025004329832882E-07        -1.792145737367079E-10
         1.000063896179199E+00         6.139536026239512E-07        -1.690450557312317E-10
         1.000075817108154E+00         2.381377299798260E-07        -2.090587425396251E-10
         9.998162388801575E-01         2.316430709470296E-07        -2.135830123872751E-10
         9.996315240859985E-01         3.606755569762754E-07        -2.077689548185546E-10
         9.997171163558960E-01         5.775185627499013E-07        -2.593289749608374E-10
         9.999858140945435E-01         1.876378519227728E-07        -9.794231398130293E-11
         1.000524401664734E+00        -4.185157536085171E-07        -7.968611881459253E-11
         1.000483393669128E+00         3.031959465715772E-07        -1.443056368843898E-10
         1.000822305679321E+00         3.468679494744720E-07        -1.400171367738068E-10
         1.000640034675598E+00         4.497053112118010E-07        -7.972868198979910E-11
         1.000292420387268E+00         5.667668006026361E-07        -9.504712294994277E-11
         1.000297904014587E+00         2.262467830860260E-07         9.591435284894700E-11
         1.000339269638062E+00         6.763834647927069E-08         7.838900362155954E-11
         1.000047206878662E+00        -3.512198176736092E-08         3.669270096096078E-11
         9.995674490928650E-01         4.853901032220165E-07        -8.250844452106776E-11
         9.997645616531372E-01        -1.867015413381523E-07         1.300427127093329E-11
         9.997156858444214E-01        -4.389717673802807E-07         1.504390778617193E-10
         9.995642304420471E-01         7.346971386823498E-08         6.826449128194412E-11
         9.997563362121582E-01         3.092332008236554E-07        -5.259758947828708E-11
         1.000206828117371E+00        -6.918450878856675E-08         3.350963603820922E-11
         1.000615835189819E+00        -1.329822225670796E-07         4.809520837145698E-13
         1.000686764717102E+00        -1.261850997025249E-07        -9.941349826680934E-11
         1.001121640205383E+00        -7.567643365291588E-07        -1.002997754295798E-10
         1.000810980796814E+00        -5.424111577667645E-07         1.999872489832910E-11
         1.000411748886108E+00         2.291492107175941E-09        -5.515807949274532E-11
         1.000152587890625E+00        -1.029049627732093E-07        -8.531693407309859E-11
         9.993367195129395E-01         8.655649139654997E-07        -2.759243389327537E-10
         9.990578889846802E-01         6.314498932624701E-07        -6.252780238025224E-11
         9.988802671432495E-01         6.617614189963206E-07        -8.891710284730792E-11
         9.991342425346375E-01         3.972745048486104E-07        -9.014033269805211E-11
         9.994967579841614E-01        -8.530848916166178E-09        -1.299612223393254E-10
         9.992614388465881E-01         3.716581318258250E-07        -1.843852570626581E-10
         9.988887310028076E-01         5.845923283231969E-07        -1.403216987050371E-10
         9.983478188514709E-01         1.100614326787763E-06        -3.386809444005934E-10
         9.980729818344116E-01         1.065301034941513E-06        -2.913192465037184E-10
         9.979950785636902E-01         1.312781819251541E-06        -3.615872046225377E-10
         9.979475736618042E-01         1.692586238277727E-06        -3.377129687009983E-10
         9.983109831809998E-01         1.537996922706952E-06        -1.768395985202176E-10
         9.991417527198792E-01         8.352101872333151E-07        -6.697770810193404E-11
         1.000066161155701E+00         1.377124192458723E-07        -4.696285027527836E-11
         1.000961542129517E+00        -1.417174075868388E-06         2.346505767469864E-10
         1.000512361526489E+00        -9.138645964412717E-07         2.066210119666678E-10
         1.000511646270752E+00        -7.585728099002154E-07         1.026118912061946E-10
         1.000302672386169E+00        -1.777009401848773E-07         3.237463422345321E-11
         9.996910095214844E-01         4.116908485229942E-07        -1.120580433999763E-10
         9.992286562919617E-01         6.133942633823608E-07        -4.865664468556297E-11
         9.993256330490112E-01         2.432924475215259E-07         7.539070756568123E-11
         9.998646974563599E-01        -2.876788585126633E-07         2.369464346951844E-10
         9.999471902847290E-01         7.426694992318517E-08         8.475700002952280E-11
         1.000156164169312E+00         1.889015806000316E-07         5.014055490248914E-11
         1.000347852706909E+00         4.719197477243142E-08         1.008643515931773E-10
         1.000106573104858E+00         2.182875817879903E-07        -4.931333986990527E-12
         1.000149369239807E+00         2.174805899812782E-07        -2.856158018427202E-11
         9.998871088027954E-01         2.211381939787316E-07        -2.363000203495225E-12
         9.999096989631653E-01        -6.321563006395081E-08        -3.099267370521019E-11
         9.995950460433960E-01         4.393008623537753E-07        -7.933047968533558E-11
         9.995045065879822E-01         1.280973691564213E-07        -6.413905517810292E-11
         9.994310140609741E-01        -5.316820050893512E-08        -4.160529212815511E-11
         9.992123246192932E-01        -1.695873095286515E-07        -1.643284119889898E-11
         9.990984797477722E-01         3.881030963270860E-08        -1.180888303808914E-10
         9.991191029548645E-01         1.622780843035798E-07        -1.021908113685299E-10
         9.992230534553528E-01         1.155921722784115E-07        -9.752351010083871E-11
         9.989243745803833E-01         3.817880553924624E-07        -1.694684531594604E-10
         9.993693828582764E-01        -1.964866385151254E-07         4.239364068125973E-11
         9.999881982803345E-01        -5.540719030250330E-07         1.719765579943910E-10
         1.000264406204224E+00        -6.927369895493030E-07         6.876821334600436E-11
         9.998660087585449E-01        -1.919427887742131E-07         8.019482994336968E-11
         9.996991753578186E-01        -3.812581326201325E-07         1.537134447504585E-10
         9.993763566017151E-01        -1.006193457442350E-07         1.129807220001666E-10
         9.988291859626770E-01         5.968965979263885E-07        -1.974523843040199E-11
         9.989982247352600E-01         9.472548612166065E-08         8.276066637558088E-11
         9.986932277679443E-01         1.008289473247714E-06        -3.075344492953214E-11
         9.996484518051147E-01         3.970055502122705E-07         1.983395253590814E-10
         1.000707149505615E+00        -4.083658211584407E-07         2.955478917154863E-10
         1.000845551490784E+00        -2.587852634405863E-07         2.014852729104177E-10
         1.000851869583130E+00         5.854487881151726E-07        -3.460728231763355E-11
         1.000771999359131E+00         9.215489171765512E-07        -4.162119607298287E-11
         1.001043438911438E+00         6.906990392963053E-07        -1.036269264842460E-10
         1.001306056976318E+00         2.970885191189154E-07        -2.336732196628333E-11
         1.000433206558228E+00         7.474575340893352E-07        -1.548198930167999E-10
         9.998764395713806E-01         7.918494588921021E-07        -3.055399822038396E-10
         1.000252366065979E+00        -3.726088380062720E-07        -1.866355513061371E-13
         9.999042153358459E-01        -4.154216526330856E-07         2.264678548857813E-11
         9.996721148490906E-01        -3.196828686213848E-07        -1.528532023176155E-10
         9.998540282249451E-01        -4.704464799942798E-07        -1.922378402297031E-11
         9.998559951782227E-01        -2.270113981239774E-07        -1.341903532736666E-10
         9.997889399528503E-01        -1.151584356762214E-07        -5.541413161669340E-11
         9.989584684371948E-01         7.351679300882097E-07        -2.429638434886527E-10
         9.991468787193298E-01         1.371030435848297E-07        -2.462382797663309E-10
         9.994226694107056E-01        -3.216097468339285E-07        -1.308498032148719E-10
         9.993216395378113E-01        -5.312635309451252E-08        -1.155758613813340E-10
         9.994575977325439E-01         3.384643605386373E-07        -1.835597368549102E-10
         9.995234012603760E-01         1.135721277023549E-06        -4.408302611835779E-10
         9.996722340583801E-01         1.094139406632166E-06        -4.841963496815538E-10
         9.998651742935181E-01         8.354430178769690E-07        -4.177624635115507E-10
         1.000355601310730E+00        -2.097991540495059E-07        -5.330689362148533E-11
         1.000142455101013E+00        -3.106447650225164E-07        -1.604472665839296E-10
         9.994696378707886E-01         3.237158523461403E-07        -1.836133745047874E-10
         9.986747503280640E-01         1.444439703846001E-06        -4.864694203021713E-10
         9.988452196121216E-01         1.122149683396856E-06        -2.526370501687580E-10
         9.992575645446777E-01         8.330784453391971E-07        -1.681713518442152E-10
         9.997791647911072E-01         5.952651349616644E-07        -1.171422819856716E-10
         1.000090003013611E+00         5.843481289957708E-07        -1.440639413319289E-10
         9.996024966239929E-01         1.084211248780775E-06        -2.912157459622478E-10
         9.996492266654968E-01         7.303866027541517E-07        -1.920269776523043E-10
         9.995437264442444E-01         4.971668658981798E-07        -5.981849737768385E-11
         9.994523525238037E-01         5.007813683732820E-07         5.700639266192908E-11
         9.996282458305359E-01         3.558063781383680E-07         3.847215254704217E-11
         1.000538110733032E+00        -4.096113457308093E-07         3.222000097280464E-11
         1.000782966613770E+00        -2.537508123623411E-07         7.305864940798656E-11
         1.000718474388123E+00        -3.343095897889725E-07         1.806754919286835E-11
         1.000359654426575E+00        -1.673536331736614E-07         1.246765329865340E-10
         1.000316381454468E+00        -4.951031655764382E-07         1.747372385674240E-10
         9.996947646141052E-01         3.465704310201545E-07        -9.365360917334975E-12
         9.995501637458801E-01         2.563534735600115E-07        -7.039441078660058E-12
         9.995805621147156E-01        -4.471331749300589E-07         2.268640414415657E-10
         9.995316863059998E-01        -4.338763801570167E-07         1.969279322944217E-10
         9.998705983161926E-01        -7.411940714519005E-07         2.774664942251093E-10
         9.998852014541626E-01        -4.065580299084104E-07         2.090827511125326E-10
         9.996985197067261E-01         1.246387881792543E-08         2.577460120334329E-11
         9.993457198143005E-01         4.645662841085141E-07        -3.944312237935677E-11
         9.998561143875122E-01        -6.511827876920506E-08         2.346363728311651E-11
         1.000114202499390E+00        -3.390410086012707E-07        -2.987573730073301E-11
         1.000072836875916E+00        -3.351705117893289E-07        -8.855336602886510E-11
         9.998766779899597E-01        -5.235827416072425E-07         1.379772962550874E-10
         9.994237422943115E-01         1.723789040397605E-07        -4.324527888566188E-11
         9.997542500495911E-01         1.298527649851167E-07         3.617271412958978E-11
         9.998795390129089E-01         5.269291136755783E-08         3.720265068229978E-11
         1.000166773796082E+00         6.423019982548794E-08         1.341483521488662E-11
         9.999902248382568E-01         2.512768446649716E-07         4.903188619009846E-11
         9.998980760574341E-01         2.770361504644825E-07        -7.399304779998062E-11
         9.995617866516113E-01         5.663526394528162E-07        -1.069563396183248E-10
         9.992974400520325E-01         7.823796295269858E-07        -1.598841753436275E-10
         9.995736479759216E-01         3.327812976294808E-07        -1.552881712107990E-10
         9.996192455291748E-01         3.885531327796343E-07        -1.393081483502812E-10
         9.998159408569336E-01        -6.321363343886333E-08        -1.297592866489339E-10
         1.000093579292297E+00        -3.983550982411543E-07        -2.731593284899247E-10
         1.000245928764343E+00        -5.744226427850663E-07        -5.552261081454013E-11
         1.000154137611389E+00        -8.283092824967753E-07         6.441672195656167E-11
         9.996283054351807E-01        -2.664711473698844E-07         5.390288215778583E-11
         9.995434880256653E-01         1.552019881501110E-07        -2.742817431511391E-11
         9.995129704475403E-01         6.617507324335747E-07        -1.113562714261107E-10
         9.992751479148865E-01         1.436899879081466E-06        -1.521058279330134E-10
         9.996548891067505E-01         8.188757760763110E-07        -1.482249219197929E-11
         9.996625781059265E-01         8.422045425504621E-07        -7.371838556258226E-11
         9.999151825904846E-01         6.469788900176354E-07        -6.928416174112328E-11
         1.000542163848877E+00         1.143660099955923E-07        -7.056397133275993E-11
         1.000806093215942E+00        -5.835131844378338E-08        -1.051475434499238E-10
         1.000760674476624E+00         3.106001145170012E-07        -1.771172791764641E-10
         1.000486373901367E+00         8.195125360543898E-07        -2.357721240464627E-10
         1.000467061996460E+00         1.096093797059439E-06        -2.802859888628717E-10
         9.999562501907349E-01         1.745972781463934E-06        -2.647294883306728E-10
         9.995017647743225E-01         1.715801886348345E-06        -2.279112454317556E-10
         9.994050860404968E-01         1.588808459018765E-06        -3.432001627334813E-10
         9.962377548217773E-01         5.091837465442950E-06        -1.265756388590944E-09
         9.978902935981750E-01         3.012894694620627E-06        -7.362311316150283E-10
         9.986888170242310E-01         1.716121573736018E-06        -4.108215434506235E-10
         0.000000000000000E+00         0.000000000000000E+00         0.000000000000000E+00
         0.000000000000000E+00         0.000000000000000E+00         0.000000000000000E+00
         0.000000000000000E+00         0.000000000000000E+00         0.000000000000000E+00
         0.000000000000000E+00         0.000000000000000E+00         0.000000000000000E+00
         1.000758051872253E+00        -3.773073103729985E-06         1.992099374348300E-09
         1.000310063362122E+00        -3.177618282279582E-06         2.061325110602752E-09
         1.000497937202454E+00        -4.115174306207336E-06         3.037998075328119E-09
         9.998720288276672E-01        -8.587888942201971E-07         3.232640821693167E-10
         9.999950528144836E-01        -1.050639752975258E-06         3.501008927209170E-10
         9.998984336853027E-01        -8.141222451740759E-07         2.150386674282245E-10
         1.000026345252991E+00        -7.984689887052809E-07         2.148083516617660E-10
         9.998369216918945E-01        -6.734442763445259E-07         1.304713559413528E-10
         9.997278451919556E-01        -5.220508683123626E-07         5.073566566871079E-11
         9.998763799667358E-01        -6.546601980517153E-07         2.427754351719269E-11
         1.000077843666077E+00        -7.091235261214024E-07         5.184910834010736E-11
         1.000319838523865E+00        -9.383248311678472E-07         1.198735694041275E-10
         1.000705480575562E+00        -1.261758711734728E-06         1.476914840425891E-10
         1.000807523727417E+00        -1.198960944748251E-06         1.232652452332061E-10
         1.000761508941650E+00        -8.120256325128139E-07        -4.695015556888116E-11
         1.000766396522522E+00        -2.389403448432859E-07        -2.202602683576416E-10
         1.000933647155762E+00         9.140344303659731E-08        -1.700445478869383E-10
         1.000975370407104E+00         8.671462126130791E-08        -1.675863198213889E-10
         1.001057505607605E+00        -3.300081630186469E-07        -1.033660657068225E-11
         1.000398635864258E+00        -1.417606654285919E-07        -1.762062717958202E-11
         9.999178647994995E-01         2.810693331412040E-07        -2.443439894861399E-11
         1.000138759613037E+00         2.092345283699615E-07         2.065654505084558E-12
         1.000386714935303E+00         3.159319206247346E-08         1.002622637691353E-10
         1.000925540924072E+00        -3.732805282652407E-07         2.207022758993205E-10
         1.001096606254578E+00        -6.605944236071082E-07         2.331622395157495E-10
         1.000975608825684E+00        -7.606205372212571E-07         1.658447823515985E-10
         1.000397682189941E+00        -3.342731247357733E-07         4.675105441664940E-11
         1.000183105468750E+00        -2.438094668377744E-07         7.198831114552107E-11
         1.000087141990662E+00         5.619954279723061E-08         7.582830305503940E-13
         1.000234961509705E+00        -9.746153040168792E-08         4.006990919624975E-11
         9.999482035636902E-01         2.703151835703466E-07        -8.090690617468255E-11
         9.996952414512634E-01         3.143929632187792E-07        -8.211602231522619E-11
         9.997667074203491E-01         1.697225258112667E-07         1.052646164678706E-11
         1.000076413154602E+00         2.325553367654720E-07        -1.852982394259794E-12
         1.000384688377380E+00         3.361389246947510E-07        -4.135808015504061E-11
         1.000625967979431E+00         1.013493111656771E-08        -6.327878498968431E-11
         1.000791072845459E+00         6.300113852830691E-08        -6.884984943278383E-11
         1.000714898109436E+00         2.713651667818340E-07        -5.168707128966332E-11
         1.000812292098999E+00         6.508958705353507E-08         8.607354412548673E-11
         1.000610470771790E+00         1.225918850877861E-07         1.007804881214547E-10
         1.000533461570740E+00        -4.614880708686542E-07         2.346337568681633E-10
         1.000194311141968E+00        -5.924420065639424E-07         3.032410988978995E-10
         1.000064253807068E+00        -6.695001957268687E-07         3.197364872864483E-10
         9.999943971633911E-01        -9.532466265227413E-07         4.129094843818848E-10
         1.000271797180176E+00        -1.678075705058291E-06         5.900893662591500E-10
         1.000105500221252E+00        -1.763333671078726E-06         6.465248336695595E-10
         1.000088691711426E+00        -1.501176484453026E-06         5.981513617747680E-10
         1.000172138214111E+00        -1.276289367524441E-06         5.725712126647409E-10
         9.999904632568359E-01        -1.232176487064862E-06         6.294174070831104E-10
         9.994011521339417E-01        -1.057847725860483E-06         3.794233260911994E-10
         9.995692968368530E-01        -1.294056573897251E-06         3.795618264135214E-10
         9.993143677711487E-01        -9.842102599577629E-07         2.559036038629614E-10
         9.988553524017334E-01        -4.656357646126708E-07         8.888129121586985E-11
         9.988586902618408E-01        -4.329340868025611E-07         4.723692270669488E-11
         9.988862872123718E-01        -2.747763971910899E-07         8.917265363617144E-12
         9.994880557060242E-01        -7.983031764524640E-07         1.513572600586599E-10
         9.999914765357971E-01        -8.346453341800952E-07         1.515647607419623E-10
         9.999480247497559E-01        -2.461087262872752E-07         7.694441611638680E-11
         1.000072240829468E+00        -2.524139119941538E-07         1.095050924937446E-10
         1.000028967857361E+00        -1.094720545324890E-07         6.604280317068500E-11
         9.998723268508911E-01         3.735972882168426E-07        -4.424497573873865E-11
         9.997921586036682E-01         5.013775989937130E-07        -6.231441057602538E-11
         9.994719028472900E-01         1.004260980153049E-06        -2.211363869797367E-10
         9.996407032012939E-01         7.064501232889597E-07        -1.510778724345130E-10
         1.000046730041504E+00         4.434819800280820E-07        -1.312298325562011E-10
         1.000406265258789E+00         6.106027967689442E-07        -1.531382937125514E-10
         1.000800609588623E+00         3.408172233321238E-07        -1.843611652230237E-10
         1.000468254089355E+00         5.863384799908999E-08        -1.156949952507702E-10
         1.000309944152832E+00        -1.005677816579009E-07        -1.086565837304931E-10
         1.000505924224854E+00        -1.334317119017214E-07        -1.485481460061777E-10
         1.000299811363220E+00        -2.921844100001181E-08        -1.212408090589534E-10
         1.000277280807495E+00         3.669151453777886E-07        -2.063394177742595E-10
         1.000087976455688E+00         4.002707498784730E-07        -2.285984457284229E-10
         9.996837973594666E-01         5.191078003008442E-07        -1.901405838333758E-10
         9.995018839836121E-01         7.026558819234197E-07        -2.340100058173533E-10
         9.996622800827026E-01         5.521647494788340E-07        -2.344854588276490E-10
         9.998143315315247E-01         4.154450721216563E-07        -2.804910470555200E-10
         1.000023961067200E+00         2.301267016946440E-07        -2.122966802353687E-10
         9.997441768646240E-01         7.775566359669028E-07        -2.350576955301165E-10
         9.997634887695312E-01         7.350618602686154E-07        -1.739733218597550E-10
         9.996090531349182E-01         5.779089633506374E-07        -1.566394097762824E-10
         9.995102882385254E-01         4.116921843433374E-07         5.354879734076334E-12
         9.996200799942017E-01         4.039767418362317E-07         4.807671188239437E-12
         9.999371767044067E-01         4.675155196309788E-07        -7.292425344140874E-12
         9.999726414680481E-01         5.816272619085794E-07        -4.230257463766485E-11
         9.996803998947144E-01         4.769678980665049E-07        -1.510349484368234E-11
         9.995691776275635E-01         1.051649292094226E-07         4.258239594268076E-11
         9.994738101959229E-01         3.348408199599362E-07        -1.586011010024091E-11
         9.998478889465332E-01        -2.416077222733293E-07         6.949604086647909E-11
         1.000177741050720E+00        -1.894222094733777E-07         7.708774590886591E-11
         1.000212907791138E+00        -4.361491505733284E-07         8.278053242882777E-11
         9.999227523803711E-01        -3.681493865315133E-07        -1.634223485702524E-11
         9.996193647384644E-01        -2.745295546446869E-07         2.487346266455415E-11
         9.992474913597107E-01        -1.022713220777405E-07        -5.164361299714315E-11
         9.989883899688721E-01        -8.060379030894183E-08        -2.281274474880135E-11
         9.992171525955200E-01         1.147319252936541E-07        -9.000149930882273E-11
         9.994476437568665E-01        -1.096520065857476E-07         2.216995684256595E-12
         9.992915391921997E-01        -1.086604584088491E-07         2.002836611836312E-11
         9.994413852691650E-01        -1.230417865372146E-07         1.841136097746610E-11
         9.993996620178223E-01        -5.050566187492223E-08         5.681499975346282E-12
         9.996349215507507E-01        -4.495283008054685E-07         1.148719175336765E-10
         9.996216297149658E-01        -3.421264125336165E-07         6.280758552135168E-11
         9.996752738952637E-01        -3.213095851606340E-07         6.237958760646478E-11
         0.000000000000000E+00         0.000000000000000E+00         0.000000000000000E+00
         9.995726943016052E-01         9.388786637032354E-09        -8.883242752499854E-11
         9.998116493225098E-01         9.023861480272899E-08        -1.838354884986515E-10
         9.998764395713806E-01        -3.945498505686373E-08        -1.287074335998284E-10
         9.999224543571472E-01         2.310149938011818E-08        -1.294912788107894E-10
         1.000018596649170E+00         2.196040327362425E-07        -1.707127494920968E-10
         1.000409126281738E+00         2.515209303055599E-07        -8.395643208425341E-11
         1.000240564346313E+00         7.244140647344466E-07        -2.009807043013012E-10
         9.999539256095886E-01         8.384349143852887E-07        -2.480644023528100E-10
         9.998026490211487E-01         6.314480742730666E-07        -9.316015320282034E-11
         9.998826384544373E-01         3.076032726312405E-07        -2.955726288722538E-11
         9.995443224906921E-01         2.958812501674402E-07         5.653436052632799E-12
         9.998397827148438E-01        -2.500331106602971E-07         1.064892479751833E-10
         1.000277519226074E+00        -6.724386025780404E-07         1.841972130378622E-10
         1.000350236892700E+00        -6.744592155882856E-07         2.612590421779970E-10
         1.000410199165344E+00        -6.645661301263317E-07         1.934251647739416E-10
         1.000233054161072E+00        -8.956190100661843E-08         8.253554090176252E-12
         9.999735951423645E-01         6.084245001147792E-07        -1.112619787968505E-10
         9.998708963394165E-01         7.889236144364986E-07        -8.370730497642143E-11
         9.998364448547363E-01         6.385600954672555E-07        -2.128254690536568E-11
         1.000112414360046E+00         9.102551246087387E-08         4.502204165035550E-11
         1.000360250473022E+00        -3.578981875307363E-07         1.393089255063984E-10
         1.000474810600281E+00        -4.115644003377383E-07         1.310960229261582E-10
         1.000396013259888E+00        -3.550202904989419E-07         9.367751713229566E-11
         1.000080823898315E+00        -2.970375305721973E-07         7.669730822668086E-11
         9.998975396156311E-01        -5.543537326957448E-07         1.324058085394597E-10
         9.999420046806335E-01        -5.678209049619909E-07         1.599936849672190E-10
         9.999337196350098E-01        -4.414869181346148E-07         9.142899631831014E-11
         9.998027682304382E-01        -8.999833767120435E-08         6.433439891928572E-11
         9.996620416641235E-01        -2.493953843440977E-07         7.281116681800981E-11
         9.990437030792236E-01         3.896331577379897E-07        -6.207339330044359E-12
         9.987329244613647E-01         6.519776434288360E-07        -8.397912920621309E-11
         9.992054104804993E-01         2.776164080842136E-07         1.045035585844900E-11
         9.998911023139954E-01         1.817487671473828E-08         5.513675627177861E-11
         1.000463008880615E+00         1.008665151402965E-07        -5.946684117352774E-11
         1.000748634338379E+00         2.198459370106320E-08        -5.080049228500805E-11
         1.000660777091980E+00         1.778509428618236E-08        -1.062564689013890E-10
         1.000288724899292E+00         4.673478670724762E-08         2.377578862955421E-11
         1.000033140182495E+00         1.902499207062647E-07         1.565493221167280E-11
         9.998162388801575E-01         1.551205741634476E-07        -8.234341160318071E-12
         9.997192025184631E-01         8.915605320680697E-08        -3.018492053530331E-11
         9.997228980064392E-01         1.041046715499760E-07        -6.762379545222075E-11
         9.997095465660095E-01         2.298393475541616E-08        -4.011932452918643E-11
         9.997986555099487E-01        -6.797252893875338E-08         4.948228025242196E-12
         9.996855258941650E-01         8.232483850179051E-08        -3.765384531950744E-11
         9.999300241470337E-01         4.175694456876045E-08        -3.040073054405568E-11
         1.000164031982422E+00         6.769017346641704E-08        -9.273729700831623E-11
         1.000480175018311E+00        -5.312687889613699E-08        -1.257729198567148E-10
         1.001057386398315E+00        -3.079030364006030E-07        -8.532574646835656E-11
         1.001507163047791E+00        -5.783310825790977E-07        -1.257164858325943E-11
         1.001668691635132E+00        -1.020128024720179E-06         9.199435657691879E-11
         1.001449942588806E+00        -1.019781848299317E-06         3.852669572257383E-11
         1.001810669898987E+00        -1.370657287225185E-06         2.326430575960714E-10
         1.001935958862305E+00        -1.615012934053084E-06         2.677100485737327E-10
         1.001209974288940E+00        -1.514711925665324E-06         2.713695934630778E-10
         1.000811100006104E+00        -1.237498736372800E-06         2.852018343713070E-10
         1.000319242477417E+00        -7.480845169993700E-07         2.931416498430650E-10
         9.998727440834045E-01        -6.639021989940375E-07         2.684292510490849E-10
         9.996681213378906E-01        -6.875760618640925E-07         2.835045531668356E-10
         9.994041323661804E-01        -7.949462315082201E-07         2.743507088176500E-10
         9.995148777961731E-01        -9.192910965793999E-07         3.105627421895463E-10
         9.998894333839417E-01        -1.016126361719216E-06         3.360590139500630E-10
         9.998899102210999E-01        -8.296418627651292E-07         2.709235336073590E-10
         1.000198245048523E+00        -8.258778052550042E-07         2.915050145713138E-10
         1.000371813774109E+00        -4.431476270383428E-07         2.374672680716117E-10
         1.000383973121643E+00        -4.878660888607556E-07         2.201678839242049E-10
         1.000211477279663E+00        -4.773020734205602E-08         1.218548734138736E-10
         1.000066757202148E+00        -1.265449469656232E-07         1.913799119179771E-10
         1.000009417533875E+00        -4.536138646926702E-07         2.272535354341798E-10
         9.998238682746887E-01        -4.323186431065551E-07         2.905153617671630E-10
         1.000186324119568E+00        -7.842241984690190E-07         3.239851997793863E-10
         1.000500321388245E+00        -1.238565005223791E-06         3.956333316512683E-10
         1.000624537467957E+00        -1.479370666856994E-06         4.597254243954296E-10
         9.976263046264648E-01         1.855014943430433E-06        -4.977777079417933E-10
         9.996680021286011E-01        -1.200709220938734E-07        -1.190029238345991E-11
         1.000508069992065E+00        -1.071074962055718E-06         3.544713411685052E-10
         1.001429200172424E+00        -2.145263806596631E-06         6.305943545115156E-10
         1.003869295120239E+00        -4.928389444103232E-06         1.430881080288771E-09
         0.000000000000000E+00         0.000000000000000E+00         0.000000000000000E+00
         0.000000000000000E+00         0.000000000000000E+00         0.000000000000000E+00
         0.000000000000000E+00         0.000000000000000E+00         0.000000000000000E+00
         0.000000000000000E+00         0.000000000000000E+00         0.000000000000000E+00
         9.982129931449890E-01         1.400658675265731E-06        -2.236556218004893E-10
         9.988731145858765E-01         1.052660763889435E-06        -1.001361660257771E-09
         9.981447458267212E-01         3.138782858513878E-06        -2.178801583596623E-09
         9.985924959182739E-01         2.661442067619646E-06        -2.394552112150450E-09
         9.995416998863220E-01         2.393062743522023E-07        -1.674007876761863E-10
         9.992043375968933E-01         1.280087758459558E-06        -4.304742597539130E-13
         9.999165534973145E-01         4.841698455493315E-07        -6.163864557651166E-11
         1.000090479850769E+00         4.119609116060019E-07        -1.071233726723797E-10
         1.000511884689331E+00        -5.486639054197440E-08         8.669094088420426E-12
         9.999303817749023E-01         8.729267051421630E-07         2.363932660731649E-10
         1.000321030616760E+00        -1.037251795565908E-08         2.283674221947862E-10
         1.000465512275696E+00        -7.573804055027722E-07         2.730658199556757E-10
         1.000940322875977E+00        -1.110649577640288E-06         3.189981334639214E-10
         1.000374913215637E+00        -3.021597549945909E-08         2.104099672273207E-10
         1.000221848487854E+00         8.308485632824159E-08         3.121770619785025E-10
         1.000128149986267E+00         7.978443505862742E-08         2.692980005658541E-10
         1.000266909599304E+00        -4.810841005564725E-07         2.553126321469534E-10
         1.000241160392761E+00        -2.765957560768584E-07         1.413326677912607E-10
         1.000814914703369E+00        -1.028252086143766E-06         1.672751694103969E-11
         1.001231193542480E+00        -1.191985575133003E-06        -2.437461066318036E-10
         1.001132726669312E+00        -6.246049792935082E-07        -2.627554562817380E-10
         1.001094579696655E+00        -3.377557504791184E-07        -3.329899411763648E-10
         1.000419259071350E+00         4.626994325462874E-07        -3.713435114960362E-10
         1.000350952148438E+00         4.468683698632958E-07        -1.659835741074644E-10
         1.000323534011841E+00         5.470930659612350E-07        -9.699221981129824E-11
         1.000022649765015E+00         1.144696625487995E-06        -1.477015454387498E-10
         1.000087857246399E+00         1.091605554393027E-06        -1.643038066712066E-10
         1.000193715095520E+00         1.163487127087137E-06        -2.126475662223015E-10
         1.000543951988220E+00         9.025059455325390E-08        -2.261936887792970E-10
         9.999313354492188E-01         1.438029073597136E-07        -1.224576690050938E-10
         9.996746778488159E-01        -3.157756509608589E-07        -7.197175494466634E-11
         9.997754096984863E-01        -4.482309918785177E-07        -2.415702915481432E-10
         9.996680021286011E-01         4.380089890787531E-08        -1.052918030541861E-10
         9.998114705085754E-01         4.655720076129910E-08        -8.615728963601299E-11
         9.996166825294495E-01         6.565406920344685E-07        -5.335464361988507E-11
         9.999704360961914E-01         5.194191317059449E-07        -9.497751196629878E-11
         9.999964237213135E-01         9.547941317578079E-07        -1.408720778917072E-10
         1.001209378242493E+00        -8.862701861289679E-07        -2.586058867048990E-10
         1.000947833061218E+00        -2.554089348905109E-07        -2.432908596805561E-10
         1.001155734062195E+00        -8.323423230649496E-07        -2.540790355887168E-10
         1.001184821128845E+00        -8.070175567809201E-07        -1.306912217335920E-10
         1.000774264335632E+00        -1.845466712779853E-08        -9.716968896178457E-11
         1.000245094299316E+00         5.223774337537179E-07         6.156294918291394E-11
         1.000011205673218E+00         5.534306524168642E-07         1.456482018324934E-10
         1.000013351440430E+00         3.114800790626759E-07         2.527059117518604E-10
         9.999197721481323E-01         1.308787744846995E-07         2.656827258196159E-10
         1.000190496444702E+00        -7.438897000611178E-07         2.343276406246986E-10
         1.000219345092773E+00        -1.016510850604391E-06         2.585608116500993E-10
         1.000439405441284E+00        -1.455790652471478E-06         3.776585710824065E-10
         1.000379204750061E+00        -1.008615072350949E-06         2.368695795063047E-10
         1.000341057777405E+00        -6.022314664733130E-07         2.799219189775215E-10
         1.000200390815735E+00        -4.919267553304962E-07         1.562669715848841E-10
         9.998669028282166E-01         1.010668082557231E-08         2.057025660917589E-10
         9.998699426651001E-01         2.956940363674221E-07         1.150216658030168E-10
         9.998642802238464E-01         2.653958688370039E-07         1.980697550418853E-10
         1.000134587287903E+00        -1.173954373712149E-07         1.414175720970690E-10
         9.998948574066162E-01         5.135554204116488E-08         1.291451945384381E-10
         9.997299909591675E-01         3.858694412883779E-07         6.491280429843371E-11
         1.000042796134949E+00         4.951159553456819E-07        -1.224541718025662E-10
         1.000081539154053E+00         8.469734211757896E-07        -1.692330858782398E-10
         1.000179529190063E+00         7.709560918556235E-07        -3.009551496901963E-10
         1.000432252883911E+00         4.538124187547510E-07        -2.414227706637462E-10
         1.000368356704712E+00         5.302886734170897E-07        -2.226494960622105E-10
         1.000021576881409E+00         8.207484256672615E-07        -2.356006778558850E-10
         1.000161886215210E+00         4.007953080531479E-08        -2.525723796775736E-10
         9.993482232093811E-01         8.458478646389267E-07        -9.397716632664199E-11
         9.997900724411011E-01        -2.399373215666856E-07        -1.347059130907269E-10
         9.987800121307373E-01         1.112115569412708E-06         2.993812608844543E-13
         9.996503591537476E-01        -4.556366661745415E-07         6.013601422383275E-11
         9.991411566734314E-01         8.294211966131115E-07         4.041362036688589E-11
         9.998643398284912E-01        -2.061172921230536E-07         2.115851417683334E-11
         9.997793436050415E-01        -1.394876676386048E-07         2.146460509333536E-10
         1.000037193298340E+00        -2.013010487189604E-07         1.360712792441987E-10
         9.999805092811584E-01         2.472495630456706E-08         2.783136499040495E-10
         1.000485539436340E+00        -6.680855335616798E-07         1.660682424908799E-10
         1.000189781188965E+00        -1.136927068046134E-07         3.019874905696440E-10
         1.000626683235168E+00        -9.325005407845310E-07         8.163458797838530E-11
         1.000181555747986E+00        -6.751936609816767E-08         2.199658233337232E-10
         1.000739693641663E+00        -9.506284186500125E-07         2.510831299817884E-11
         1.000114440917969E+00         1.310752679728466E-07         5.295725316600830E-11
         1.000404238700867E+00        -2.426528169507947E-07        -1.941222044221647E-10
         1.000384211540222E+00         1.294657749895123E-07        -1.874308069860220E-10
         1.000937581062317E+00        -6.316732736877384E-08        -3.026282557883064E-10
         1.001194953918457E+00        -2.490138513167039E-07        -1.571906667330314E-11
         1.001029729843140E+00         1.238780278356444E-08        -6.365781513029134E-11
         1.001300454139709E+00        -7.101889991645294E-07        -1.485675887868965E-10
         1.000464320182800E+00         2.824904186127242E-07        -1.225035628493742E-10
         1.000165939331055E+00         3.854541148484714E-07        -1.293778972843995E-10
         1.000542879104614E+00        -3.676781545891572E-07        -1.980700187198536E-10
         1.000218391418457E+00         7.762944065348165E-09        -1.311325770192440E-10
         1.000339746475220E+00        -2.661629991962400E-07        -1.002299354624370E-10
         1.000010490417480E+00        -1.165791552182327E-08         9.901798825318053E-11
         1.000469326972961E+00        -8.873636261341744E-07         4.092500296981605E-11
         1.000296950340271E+00        -6.431620818148076E-07         1.399110965971673E-10
         9.998018741607666E-01        -8.328098743959345E-08        -1.976161248529174E-11
         9.991785883903503E-01         3.983322187650629E-07        -1.013441830455264E-10
         9.992851018905640E-01        -1.164759879657140E-07         6.499772248202973E-11
         9.994502067565918E-01        -2.325177348438956E-07         5.830043392496265E-11
         9.992311596870422E-01         3.464861890734028E-07         1.853744102664479E-10
         9.993383288383484E-01         2.470334550253028E-07         2.119654451959718E-10
         0.000000000000000E+00         0.000000000000000E+00         0.000000000000000E+00
         0.000000000000000E+00         0.000000000000000E+00         0.000000000000000E+00
         9.987796545028687E-01         1.097766585189675E-06        -1.973038052383025E-11
         9.991632103919983E-01         1.137562549047288E-06        -1.041993089034854E-10
         9.990189075469971E-01         1.085463509298279E-06        -1.390617482277534E-10
         9.990617632865906E-01         1.035490299727826E-06         4.910421722015279E-11
         9.993972182273865E-01         2.056453070053976E-07         7.063036266963252E-11
         9.993744492530823E-01         3.486644004624395E-07         1.595284460087498E-10
         9.998018145561218E-01        -5.403969680628506E-07         2.207949240107254E-10
         9.992225766181946E-01         3.412172588923568E-07         2.378500174593512E-10
         0.000000000000000E+00         0.000000000000000E+00         0.000000000000000E+00
         9.991967082023621E-01        -8.756722280622853E-08         2.714447278062693E-10
         9.997665882110596E-01        -5.282176402943151E-07         2.115527614199308E-10
         1.000129699707031E+00        -1.145308033301262E-06         1.664411802826393E-10
         9.995402693748474E-01        -1.044900770352797E-07         9.364217040674916E-11
         0.000000000000000E+00         0.000000000000000E+00         0.000000000000000E+00
         0.000000000000000E+00         0.000000000000000E+00         0.000000000000000E+00
         9.988585114479065E-01        -1.579800681383858E-07         1.364753449140110E-10
         9.996528625488281E-01        -1.120954721045564E-06        -1.826308826391454E-10
         9.989393353462219E-01         1.488563725615677E-07         1.980821583147385E-11
         9.995266795158386E-01        -5.948119792265061E-07         3.937663389796953E-11
         9.992204904556274E-01         2.804370922149246E-07        -1.251245079769703E-10
         1.000021576881409E+00        -5.447578246275953E-07        -5.266067443221445E-11
         9.998456239700317E-01        -7.947942748387504E-08        -1.154692591542883E-10
         9.996505379676819E-01         3.033038638022845E-07        -4.005088205527585E-10
         9.997005462646484E-01        -5.487243015522836E-08        -6.285141851414267E-11
         9.991466403007507E-01         8.366571364604170E-07        -1.161584162190366E-10
         1.000396490097046E+00        -9.821139883570140E-07        -1.631422635872681E-10
         1.000475883483887E+00        -7.456081903001177E-07         1.035166535823251E-10
         1.000695586204529E+00        -7.359900564551936E-07        -1.282438460981083E-10
         1.000263690948486E+00        -1.849055450975357E-07        -1.245065162081005E-10
         1.000090360641479E+00         2.255397504313805E-07        -7.878283442286360E-11
         9.998836517333984E-01         5.196859547140775E-07        -3.768532708114947E-10
         9.996331334114075E-01         4.090889262897690E-07        -1.280084233057366E-10
         9.998738169670105E-01         1.470141164361394E-08        -3.762632219683759E-11
         9.999334216117859E-01         1.657637938023981E-07        -1.599431281862351E-10
         9.997302889823914E-01         4.163918845279113E-07        -2.820022514116172E-11
         9.995759725570679E-01         7.844747642593575E-07        -1.391626258673284E-10
         9.993512630462646E-01         1.513219672233390E-06        -2.484641936639775E-10
         9.993029236793518E-01         1.615456426407036E-06        -1.071021674126094E-10
         9.997025728225708E-01         8.993002893475932E-07        -3.185575969677501E-10
         9.998349547386169E-01         3.642085175670218E-07        -5.741525033187145E-10
         9.997459053993225E-01         1.538114560162285E-07        -4.133502984338122E-10
         9.993741512298584E-01         2.401156962150708E-07        -2.740408247547954E-11
         9.994054436683655E-01         6.796570346523367E-07         2.220610414299662E-12
         9.995611906051636E-01         7.223305260595225E-07         1.892122014623965E-10
         9.995388984680176E-01         5.127505460222892E-07         2.347861627338688E-10
         1.000038981437683E+00        -3.714513923114282E-07         1.520504694374480E-10
         1.000176191329956E+00        -6.432004511225387E-07        -5.172911404782710E-11
         1.000039696693420E+00        -9.843964221545320E-08        -1.249348818843643E-10
         9.995131492614746E-01         9.380862024954695E-07        -1.979748170954920E-10
         9.991266131401062E-01         1.117326291932841E-06        -3.566470382909692E-11
         9.988251328468323E-01         1.147856551142468E-06         5.796163549121047E-11
         9.993474483489990E-01         8.030302751649288E-07         8.212786006822625E-11
         9.998461008071899E-01         2.413647166576993E-07         1.758856428557554E-11
         9.998286962509155E-01        -9.442172910212321E-08        -1.348863104544407E-10
         9.999617338180542E-01        -1.947670682511671E-07        -7.880823771344581E-11
         1.000676155090332E+00        -7.096869012457319E-07        -1.076307584724212E-10
         1.000707745552063E+00        -4.361038747902057E-07        -1.744935307357309E-10
         1.000152349472046E+00         2.871282447358681E-07        -2.148770744669903E-10
         9.999041557312012E-01         3.801774823841697E-07        -5.772648678514791E-11
         1.000158071517944E+00         8.730884815122408E-08        -2.789111823442436E-11
         1.000516653060913E+00        -1.352683511868236E-07        -6.887227593788126E-11
         1.000099182128906E+00         7.729070148343453E-07        -1.105452257510464E-10
         9.997127652168274E-01         1.568399284224142E-06        -2.715828950616839E-10
         9.994084239006042E-01         1.913143933052197E-06        -4.184008417507101E-10
         9.998503327369690E-01         1.617852262825181E-06        -6.277827147016524E-10
         1.000133872032166E+00         1.572462679177988E-06        -7.455435158121304E-10
         1.000561833381653E+00         9.303906267632556E-07        -6.486033377051115E-10
         1.000294685363770E+00         1.582971776770137E-06        -6.383080730643087E-10
         9.997766017913818E-01         2.340328364880406E-06        -6.817835740413614E-10
         9.997209310531616E-01         2.128092546627158E-06        -5.319606977138847E-10
         9.996127486228943E-01         1.779661943146493E-06        -5.448705930888309E-10
         9.992565512657166E-01         1.649990053920192E-06        -4.438326095534961E-10
         9.991541504859924E-01         1.396668039888027E-06        -3.503581036401471E-10
         9.992001652717590E-01         9.637999482947635E-07        -2.790073727609865E-10
         9.995637536048889E-01         8.393428743147524E-07        -4.424998700791605E-10
         1.000790715217590E+00        -1.086265868366354E-07        -4.051861068887774E-10
         1.000969052314758E+00         8.942821239088516E-08        -5.988607387763523E-10
         1.001985907554626E+00        -8.851201869219949E-07        -9.628911556980313E-11
         1.001408696174622E+00        -8.167371134959467E-08         4.395150909886070E-11
         1.001032829284668E+00        -2.519286681490485E-07        -1.991790413158334E-11
         0.000000000000000E+00         0.000000000000000E+00         0.000000000000000E+00
         0.000000000000000E+00         0.000000000000000E+00         0.000000000000000E+00
         0.000000000000000E+00         0.000000000000000E+00         0.000000000000000E+00
         9.998040795326233E-01        -3.066809313168051E-06         1.930531512428502E-09
         9.996926188468933E-01        -1.922025830936036E-06         1.062680943242356E-09
         1.000004649162292E+00        -1.189274712487531E-06         6.818269282504730E-10
         1.000152111053467E+00        -4.882764983449306E-07         2.215821831574871E-10
         1.000028014183044E+00         2.831779966072645E-07         4.793780390005553E-13
         1.000528454780579E+00        -4.426990471984027E-07         1.496785889676389E-10
         1.000787258148193E+00        -1.041800260281889E-06         2.428520995412242E-10
         1.000877737998962E+00        -1.699300696600403E-06         4.678173404215613E-10
         1.000361561775208E+00        -1.669455400588049E-06         5.539662617515262E-10
         1.000139713287354E+00        -1.459768213862844E-06         5.421274540395871E-10
         1.000217556953430E+00        -1.285089865632472E-06         5.425801474778780E-10
         1.000851631164551E+00        -1.854855781857623E-06         5.597348140540248E-10
         1.000840663909912E+00        -1.748701834003441E-06         4.968087607970517E-10
         1.000474452972412E+00        -1.469386916141957E-06         3.086078059766351E-10
         1.000050544738770E+00        -7.785943125782069E-07         1.554585071783521E-10
         9.999207258224487E-01        -4.551094150428980E-07         7.839585924873660E-11
         1.000137209892273E+00        -6.796595926061855E-07         1.616385081337768E-10
         1.000544071197510E+00        -1.054902213581954E-06         3.029062278780970E-10
         1.001140594482422E+00        -1.769733103174076E-06         5.713710060639698E-10
         1.001208662986755E+00        -2.016838834606460E-06         5.703214567276405E-10
         1.001400828361511E+00        -2.118989641530789E-06         5.857085372262816E-10
         1.001299023628235E+00        -1.650788931328862E-06         4.304533118837384E-10
         1.001361489295959E+00        -1.522976617707172E-06         3.514982749308615E-10
         1.001294851303101E+00        -1.282323864870705E-06         3.018597038995097E-10
         1.001094222068787E+00        -1.069344648385595E-06         2.641959706561892E-10
         1.000669002532959E+00        -7.863346809244831E-07         2.200245541317258E-10
         1.000378608703613E+00        -7.598979436806985E-07         1.925773707167622E-10
         9.996418952941895E-01         1.229737307539835E-07        -6.838512395246354E-11
         9.995020031929016E-01         5.923553203501797E-07        -1.983042480224739E-10
         9.994416236877441E-01         7.357111257988436E-07        -2.877038607351778E-10
         9.995733499526978E-01         2.407809915894177E-07        -1.391731591082745E-10
         9.994828701019287E-01         1.004055008024807E-07         4.407974332765185E-11
         9.998908638954163E-01        -3.774419781166216E-07         2.791271380697680E-10
         1.000231862068176E+00        -5.202614374866243E-07         3.363944400813779E-10
         1.000182032585144E+00        -6.240766765586159E-07         2.411394139922862E-10
         1.000438451766968E+00        -1.161520231107716E-06         2.788797248687302E-10
         1.000011444091797E+00        -3.396756085294328E-07         5.422243209984856E-11
         9.997038245201111E-01         9.307647985679068E-08        -4.476037162443047E-12
         9.993651509284973E-01         5.606262902801973E-07        -7.965201415105483E-11
         9.994599223136902E-01         6.271711185945605E-07        -1.021531054190561E-10
         9.995585083961487E-01         4.814145313503104E-07        -2.205168339597385E-11
         9.995797276496887E-01         4.736238565783424E-07        -3.065821554959491E-11
         9.996906518936157E-01         4.682975713876658E-07        -4.176733958694001E-11
         9.996794462203979E-01         5.179683171263605E-07        -1.064098462122409E-10
         9.996094107627869E-01         6.972700248297770E-07        -1.128043769504927E-10
         1.000195622444153E+00         6.277738293647417E-07        -2.728833825571542E-10
         1.000533342361450E+00         7.594241537844937E-07        -2.961116629673910E-10
         1.000796556472778E+00         3.953794305289193E-07        -2.261659193258936E-10
         1.000601053237915E+00         3.588468189263949E-07        -1.401639776466013E-10
         1.000813007354736E+00        -1.081708731476283E-07        -9.455040049510810E-12
         1.000790834426880E+00        -1.281965040789146E-07        -9.807032963493612E-11
         1.000486731529236E+00         1.363898718409473E-07        -1.436763485962445E-10
         9.999469518661499E-01         6.981381375226192E-07        -2.725035475048543E-10
         9.997805356979370E-01         8.452900601696456E-07        -3.091937816890322E-10
         9.998272657394409E-01         8.260301456175512E-07        -2.399785370421625E-10
         1.000191569328308E+00        -1.407868932545853E-08        -7.101447901947111E-11
         1.000426530838013E+00        -4.754494682401855E-07         1.919024800178804E-10
         1.000795841217041E+00        -9.102196827370790E-07         2.443076019265078E-10
         1.000901341438293E+00        -1.117760689339775E-06         3.448844820841401E-10
         1.001057267189026E+00        -9.308381549999467E-07         3.667225967340926E-10
         1.001104116439819E+00        -9.719277613839949E-07         2.705996537955002E-10
         1.001362442970276E+00        -1.448601096853963E-06         4.446675527791655E-10
         1.001605987548828E+00        -1.848999090725556E-06         5.471754715991040E-10
         1.001320481300354E+00        -1.623476237000432E-06         4.068313741445451E-10
         1.000509858131409E+00        -7.094436114130076E-07         1.830142010161850E-10
         9.999946355819702E-01         2.980106614813849E-07        -1.574604890919318E-10
         9.996178746223450E-01         9.289363447351207E-07        -4.204809000984966E-10
         9.995263814926147E-01         1.054370386555092E-06        -4.581338641784782E-10
         9.995223283767700E-01         1.196445850837335E-06        -3.579441187895327E-10
         9.996591210365295E-01         1.313994630436355E-06        -3.886489463589271E-10
         9.991928339004517E-01         1.509513253949990E-06        -3.371971590837575E-10
         9.989935755729675E-01         1.342125869996380E-06        -2.888087269337092E-10
         9.987614750862122E-01         1.123321112572739E-06        -2.726190939661421E-10
         9.986369609832764E-01         1.121180844165792E-06        -2.487190176037046E-10
         9.990876317024231E-01         7.950768576847622E-07        -1.763191259662733E-10
         9.997276067733765E-01         4.827298880627495E-07        -1.622168926962431E-10
         1.000044226646423E+00         3.429095727369713E-07        -1.525012616188093E-10
         1.000295639038086E+00         2.952071156414604E-07        -1.962162793356370E-10
         1.000147461891174E+00         4.843113288188761E-07        -2.099621865259138E-10
         9.999217987060547E-01         4.447537946816738E-07        -2.372633201019880E-10
         1.000134348869324E+00         3.917064361758094E-08        -6.394808987897349E-11
         9.997735619544983E-01         1.765949235732478E-07        -7.201263196865426E-11
         9.994865059852600E-01         2.334802502446109E-07        -5.306515296621406E-11
         9.992790222167969E-01         6.814577204750094E-07        -2.093033246719500E-10
         9.992022514343262E-01         6.261032012844225E-07        -1.596991150432103E-10
         9.995429515838623E-01         5.514647796189820E-07        -1.668612331640063E-10
         9.997501969337463E-01         1.478268956134343E-07        -6.212504816138775E-11
         9.999655485153198E-01        -5.185450291378402E-08         2.623842289273259E-11
         1.000229835510254E+00        -3.042113760898246E-08         1.979605368518378E-10
         1.000597476959229E+00        -6.729663368787442E-07         4.079883098029313E-10
         1.001000761985779E+00        -1.459745817555813E-06         6.289628262656777E-10
         1.001064777374268E+00        -1.450814238523890E-06         5.724736795720275E-10
         1.000877380371094E+00        -8.543605645172647E-07         5.015831638921497E-10
         1.000617384910583E+00        -5.489791874424554E-07         3.700959816388405E-10
         1.000842571258545E+00        -1.389441990795603E-06         4.342343706831286E-10
         1.001022696495056E+00        -2.079809291899437E-06         6.249536443903025E-10
         1.001147508621216E+00        -2.077744284179062E-06         5.220365806302141E-10
         1.001407861709595E+00        -2.192201463913079E-06         3.992150776621628E-10
         1.001258134841919E+00        -1.551073978589557E-06         1.863590531892001E-10
         1.001315593719482E+00        -1.782928393367911E-06         2.975352741962922E-10
         1.001466751098633E+00        -1.602731913408206E-06         2.419077160809024E-10
         1.001350164413452E+00        -1.456157860957319E-06         3.120527169997445E-10
         1.001183271408081E+00        -1.648127067710448E-06         3.953235239162467E-10
         1.000259518623352E+00        -7.158583343880309E-07         1.320881043431754E-10
         9.996993541717529E-01        -4.517696772232682E-10        -9.301973774578087E-11
         9.993843436241150E-01         7.862292932259152E-07        -3.997258080090660E-10
         9.992167353630066E-01         1.244587679138931E-06        -4.566782230153166E-10
         9.993619322776794E-01         9.401402962794236E-07        -2.245263003297637E-10
         9.998955726623535E-01        -3.303834148482565E-07         1.882294597965739E-10
         1.000597596168518E+00        -1.274566557185608E-06         5.233868893839144E-10
         1.000406146049500E+00        -1.114238443733484E-06         5.766781496774342E-10
         9.999843835830688E-01        -4.730976570499479E-07         3.808156567863819E-10
         9.999842643737793E-01        -3.629994012044335E-07         2.261122400426530E-10
         1.000061154365540E+00        -7.300103561647120E-07         3.972862039347547E-10
         9.998439550399780E-01        -1.039154312820756E-06         3.899910394622452E-10
         9.993979930877686E-01        -9.400677072335384E-07         4.351605464858466E-10
         9.993873834609985E-01        -1.013062046695268E-06         3.498774048260600E-10
         9.992612600326538E-01        -6.516016242130718E-07         2.093996503971240E-10
         9.993828535079956E-01        -3.410763724787103E-07         1.074597494321594E-10
         9.992121458053589E-01         4.433861420238827E-07        -1.514506714483943E-10
         9.995403289794922E-01         1.126642246163101E-07        -9.210478213450557E-11
         9.997531175613403E-01        -9.291285607559985E-08         8.013038149679019E-11
         1.000001430511475E+00        -4.658486147945951E-07         6.277135061738548E-11
         9.997635483741760E-01         1.737747368224518E-07        -6.957423526188222E-11
         9.997836351394653E-01         3.368225236499711E-07        -1.322281034665806E-10
         9.995430707931519E-01         8.452443580608815E-07        -3.090822320306330E-10
         9.995451569557190E-01         6.957702112231345E-07        -1.648561287481698E-10
         9.989188909530640E-01         1.177377043859451E-06        -3.709882678837317E-10
         9.991867542266846E-01         1.032691329783120E-06        -3.219874922244514E-10
         9.992411136627197E-01         1.092845423045219E-06        -2.806369581165313E-10
         9.994222521781921E-01         6.112621235843108E-07        -2.562895451418967E-10
         9.991762638092041E-01         7.064070928208821E-07        -3.204450316207641E-10
         9.997743964195251E-01        -2.679257136151136E-07        -7.088234860175291E-11
         9.998593330383301E-01         2.428412315680362E-08        -1.865139709344987E-10
         1.000046730041504E+00         2.233751246194515E-07        -1.933695842337713E-10
         1.000037789344788E+00         4.501753210206516E-07        -2.001323828881851E-10
         1.000073671340942E+00         7.724916031293105E-07        -2.850274460897140E-10
         9.998814463615417E-01         1.063985791915911E-06        -3.957372207707976E-10
         1.000011563301086E+00         6.465992328230641E-07        -2.704413359921887E-10
         9.996933937072754E-01         7.459157131961547E-07        -2.357846418110654E-10
         9.999949932098389E-01         2.077143932410763E-07        -2.930327855366066E-11
         1.000016450881958E+00         3.535564303547289E-07         7.958592812551402E-11
         1.000302314758301E+00         5.962682791960106E-08         1.568124241568825E-10
         9.997148513793945E-01         4.093185737019667E-07         1.472750532638401E-10
         9.992728233337402E-01         3.302218942735635E-07         1.980061253847865E-10
         9.988948106765747E-01         8.322789994963387E-07        -1.502993042523659E-11
         9.986694455146790E-01         1.631598365747777E-06        -4.155702448827014E-10
         9.986728429794312E-01         1.735109663059120E-06        -5.154148219332910E-10
         1.000727057456970E+00        -2.316750624231645E-06         4.108497708710246E-10
         1.000188589096069E+00        -1.288551629841095E-06         4.747451320952223E-10
         1.000679135322571E+00        -2.174467226723209E-06         8.835723819267116E-10
         1.000482082366943E+00        -1.797675849957159E-06         8.294021580645961E-10
         1.000491023063660E+00        -1.851770093708183E-06         6.243006667183693E-10
         1.000271439552307E+00        -1.408908815392351E-06         9.268624201475006E-10
         9.998643398284912E-01         5.301388910083915E-07         1.590642617621540E-10
         1.000681400299072E+00        -4.890365516985185E-07         1.387357867477235E-10
         1.000061035156250E+00         9.708281822895515E-07        -1.257713377889047E-10
         1.000477910041809E+00        -4.140079834513699E-09         9.510265491785574E-11
         1.001217603683472E+00        -1.963094291568268E-06         7.282874858738353E-10
         1.001396417617798E+00        -3.248335360694909E-06         1.135883609393318E-09
         1.000433802604675E+00        -1.728270717649139E-06         7.428637149864414E-10
         9.998761415481567E-01        -6.285751510404225E-07         4.046193380347063E-10
         9.999225139617920E-01        -2.459560448642151E-07         2.762446105197824E-10
         1.000070691108704E+00        -5.026131475460716E-07         3.242267287983935E-10
         9.996407032012939E-01         3.979163523126772E-07        -7.650689110016984E-11
         9.993005394935608E-01         1.654873472034524E-06        -3.663138681275768E-10
         9.998877644538879E-01         9.685215900390176E-07        -3.062114173335573E-10
         1.000156402587891E+00         4.924821155327663E-07        -3.006619953005440E-10
         1.000556111335754E+00         4.703140348283341E-07        -3.846633012116740E-10
         1.000767946243286E+00         2.658648554643150E-07        -3.752256283462430E-10
         1.001082420349121E+00        -1.664605662199392E-07        -2.904071150222620E-10
         1.001514315605164E+00        -1.278232502954779E-06         1.523913495393714E-10
         1.001511812210083E+00        -1.346971203020075E-06         1.610675898211511E-10
         1.001523971557617E+00        -1.112618633669626E-06         8.857391903260847E-11
         1.001537680625916E+00        -1.357932660539518E-06         2.388438613554200E-10
         1.001064300537109E+00        -1.275676027034933E-06         3.359831579619055E-10
         1.000033736228943E+00         4.066438350491808E-07        -2.852168223821394E-10
         9.990949630737305E-01         1.617449242985458E-06        -6.033912813840914E-10
         9.986894726753235E-01         1.325463358625711E-06        -4.195856995181657E-10
         9.982341527938843E-01         1.525579705230484E-06        -3.995047348492875E-10
         9.984804987907410E-01         9.947523267328506E-07        -1.748291927894385E-10
         9.989669322967529E-01         2.831675658399035E-07        -5.163573735256222E-11
         9.988732337951660E-01         5.346480520529440E-07        -1.748005490354032E-10
         9.989565610885620E-01         8.148633696691832E-07        -2.329560155889254E-10
