71 2
-3.5 0.0
-3.4 0.0
-3.3 -2.017
-3.2 -1.828
-3.1 -1.529
-3.0 -1.306
-2.9 -1.091
-2.8 -0.920
-2.7 -0.761
-2.6 -0.622
-2.5 -0.500
-2.4 -0.392
-2.3 -0.295
-2.2 -0.212
-2.1 -0.142
-2.0 -0.085
-1.9 -0.041
-1.8 -0.010
-1.7 +0.014
-1.6 +0.030
-1.5 +0.040
-1.4 +0.043
-1.3 +0.042
-1.2 +0.037
-1.1 +0.030
-1.0 +0.022
-0.9 +0.012 
-0.8 +0.005
-0.7 -0.001
-0.6 -0.006
-0.5 -0.013
-0.4 -0.011
-0.3 -0.010
-0.2 -0.011
-0.1 -0.009
0.0 +0.000
0.1 +0.013
0.2 +0.031
0.3 +0.053
0.4 +0.077
0.5 +0.103
0.6 +0.130
0.7 +0.159
0.8 +0.187
0.9 +0.217
1.0 +0.243
1.1 +0.266
1.2 +0.288
1.3 +0.309
1.4 +0.322
1.5 +0.327
1.6 +0.326
1.7 +0.310
1.8 +0.281
1.9 +0.245
2.0 +0.197
2.1 +0.137
2.2 +0.068
2.3 -0.010
2.4 -0.101
2.5 -0.212
2.6 -0.338
2.7 -0.483
2.8 -0.636
2.9 0.0
3.0 0.0
3.1 0.0
3.2 0.0
3.3 0.0
3.4 0.0
3.5 0.0