17 16
0.0  -3.5  -3.0  -2.5  -2.0  -1.5  -1.0  -0.5  0.0   0.5   1.0   1.5   2.0   2.5   3.0   3.5
45.0 -0.40 -0.40 -0.23 -0.09 -0.01  0.02  0.02 0.00 -0.02 -0.03 -0.02  0.05  0.19  0.36  0.36
47.5 -0.21 -0.21 -0.11 -0.04  0.00  0.01  0.01 0.00 -0.00 -0.02 -0.01  0.03  0.11  0.19  0.19
50.0 -0.01 -0.01 -0.01  0.00  0.00  0.00  0.00 0.00  0.00  0.00  0.00  0.00  0.01  0.01  0.01
52.5  0.18  0.17  0.08  0.03  0.00 -0.01 -0.01 0.00  0.01  0.02  0.00 -0.03 -0.11 -0.16 -0.16
55.0  0.37  0.33  0.16  0.05  0.00 -0.02 -0.02 0.01  0.03  0.03  0.00 -0.08 -0.26 -0.33 -0.33
57.5  0.56  0.48  0.22  0.07 -0.01 -0.03 -0.02 0.01  0.04  0.04 -0.01 -0.14 -0.42 -0.50 -0.50
60.0  0.74  0.60  0.27  0.08 -0.02 -0.04 -0.02 0.02  0.06  0.05 -0.02 -0.21 -0.58 -0.66 -0.66
62.5  0.91  0.70  0.31  0.09 -0.02 -0.05 -0.03 0.03  0.07  0.06 -0.04 -0.29 -0.73 -0.81 -0.81
65.0  1.07  0.78  0.34  0.09 -0.03 -0.06 -0.03 0.04  0.08  0.07 -0.06 -0.38 -0.87 -0.95 -0.95
67.5  1.22  0.85  0.36  0.09 -0.04 -0.07 -0.02 0.05  0.10  0.07 -0.09 -0.48 -1.01 -1.09 -1.09
70.0  1.33  0.90  0.38  0.09 -0.05 -0.07 -0.02 0.06  0.11  0.07 -0.13 -0.58 -1.13 -1.21 -1.21
72.5  1.43  0.95  0.39  0.08 -0.06 -0.08 -0.02 0.07  0.12  0.07 -0.16 -0.68 -1.24 -1.32 -1.32
75.0  1.52  0.98  0.40  0.08 -0.06 -0.08 -0.02 0.08  0.13  0.06 -0.20 -0.78 -1.34 -1.42 -1.42
77.5  1.58  1.01  0.41  0.08 -0.07 -0.08 -0.01 0.08  0.13  0.06 -0.24 -0.87 -1.43 -1.51 -1.51
80.0  1.63  1.03  0.41  0.07 -0.07 -0.08 -0.01 0.09  0.14  0.05 -0.27 -0.94 -1.50 -1.58 -1.58
82.5  1.67  1.05  0.42  0.07 -0.08 -0.08  0.00 0.09  0.14  0.04 -0.30 -0.99 -1.55 -1.63 -1.63