17 16
0.0  -3.5  -3.0  -2.5  -2.0  -1.5  -1.0  -0.5  0.0   0.5   1.0   1.5   2.0   2.5   3.0   3.5
45.0  1.66  1.04  0.41  0.07 -0.08 -0.08 -0.01 0.09  0.14  0.05 -0.29 -0.98 -1.54 -1.61 -1.61
47.5  1.76  1.08  0.42  0.06 -0.09 -0.09  0.00 0.11  0.15  0.02 -0.38 -1.14 -1.70 -1.78 -1.78
50.0  1.85  1.11  0.42  0.05 -0.09 -0.08  0.02 0.12  0.15 -0.01 -0.49 -1.30 -1.86 -1.94 -1.94
52.5  1.92  1.14  0.42  0.04 -0.10 -0.08  0.03 0.14  0.15 -0.05 -0.61 -1.46 -2.02 -2.10 -2.10
55.0  1.99  1.16  0.42  0.03 -0.11 -0.08  0.04 0.15  0.15 -0.10 -0.76 -1.62 -2.18 -2.26 -2.26
57.5  2.04  1.17  0.41  0.02 -0.11 -0.07  0.06 0.16  0.14 -0.16 -0.91 -1.78 -2.34 -2.42 -2.42
60.0  2.08  1.18  0.40  0.01 -0.11 -0.06  0.07 0.17  0.12 -0.23 -1.06 -1.93 -2.48 -2.56 -2.56
62.5  2.12  1.18  0.39  0.00 -0.12 -0.05  0.08 0.18  0.10 -0.32 -1.21 -2.07 -2.63 -2.71 -2.71
65.0  2.14  1.18  0.39 -0.01 -0.11 -0.04  0.10 0.18  0.07 -0.41 -1.34 -2.20 -2.76 -2.84 -2.84
67.5  2.16  1.18  0.38 -0.01 -0.11 -0.04  0.11 0.19  0.04 -0.51 -1.47 -2.33 -2.89 -2.97 -2.97
70.0  2.18  1.18  0.37 -0.02 -0.11 -0.03  0.12 0.18  0.01 -0.60 -1.58 -2.45 -3.01 -3.09 -3.09
72.5  2.19  1.18  0.36 -0.02 -0.11 -0.02  0.13 0.18 -0.03 -0.70 -1.69 -2.55 -3.11 -3.19 -3.19
75.0  2.20  1.17  0.36 -0.02 -0.10 -0.01  0.13 0.18 -0.06 -0.80 -1.78 -2.65 -3.21 -3.28 -3.28
77.5  2.20  1.17  0.35 -0.02 -0.10  0.00  0.14 0.17 -0.10 -0.88 -1.86 -2.73 -3.28 -3.36 -3.36
80.0  2.21  1.17  0.35 -0.03 -0.10  0.01  0.14 0.16 -0.13 -0.94 -1.93 -2.79 -3.35 -3.43 -3.43
82.5  2.21  1.16  0.34 -0.03 -0.09  0.01  0.15 0.16 -0.15 -1.00 -1.98 -2.84 -3.40 -3.48 -3.48