71 2
-3.5 -2.098
-3.4 -1.892
-3.3 -1.685
-3.2 -1.479
-3.1 -1.272
-3.0 -1.066
-2.9 -0.869
-2.8 -0.696
-2.7 -0.545
-2.6 -0.416
-2.5 -0.305
-2.4 -0.212
-2.3 -0.133
-2.2 -0.068
-2.1 -0.015
-2.0 +0.028
-1.9 +0.060
-1.8 +0.085
-1.7 +0.101
-1.6 +0.112
-1.5 +0.116
-1.4 +0.117
-1.3 +0.113
-1.2 +0.106
-1.1 +0.097
-1.0 +0.086
-0.9 +0.074
-0.8 +0.062
-0.7 +0.049
-0.6 +0.038
-0.5 +0.027
-0.4 +0.018
-0.3 +0.010
-0.2 +0.005
-0.1 +0.001
0.0 +0.000
0.1 +0.002
0.2 +0.007
0.3 +0.014
0.4 +0.023
0.5 +0.034
0.6 +0.048
0.7 +0.063
0.8 +0.080
0.9 +0.097
1.0 +0.115
1.1 +0.132
1.2 +0.149
1.3 +0.163
1.4 +0.175
1.5 +0.183
1.6 +0.187
1.7 +0.184
1.8 +0.175
1.9 +0.157
2.0 +0.129
2.1 +0.089
2.2 +0.036
2.3 -0.033
2.4 -0.121
2.5 -0.228
2.6 -0.360
2.7 -0.517
2.8 -0.699
2.9 -0.883
3.0 -1.066
3.1 -1.249
3.2 -1.433
3.3 -1.616
3.4 -1.800
3.5 -1.983