         1.000810742378235E+00         6.740186790921143E-07        -2.852944547271363E-10
         1.001754283905029E+00        -4.810900691154529E-07         4.835459463392588E-11
         1.001993298530579E+00        -1.019570618154830E-06         1.893982609635358E-10
         1.001553416252136E+00        -2.675438395272067E-07        -4.605708869842573E-11
         1.001541376113892E+00        -6.464399007199972E-07         1.274557542840782E-10
         1.001560568809509E+00        -7.045106826808478E-07         2.063196141710577E-10
         1.001625895500183E+00        -8.658528827254486E-07         2.751921190924378E-10
         1.001204490661621E+00        -4.098388046713808E-07         1.288106704633307E-10
         1.000687837600708E+00        -9.594523930900323E-08         1.669655733116393E-11
         1.000134706497192E+00         3.442386571350653E-07        -5.792129970094706E-11
         9.999340176582336E-01         5.125443749420810E-07        -1.538134480894016E-10
         9.999474883079529E-01         4.754561757636111E-07        -1.650856812362989E-10
         1.000079393386841E+00         3.630421074873880E-09        -5.378756121054984E-11
         1.000316858291626E+00        -5.046940714237280E-07         2.129707521447699E-10
         1.000197052955627E+00        -4.330010483499791E-07         1.853171505139528E-10
         1.000038385391235E+00         9.637454390087896E-09        -2.137593921314185E-11
         9.998286962509155E-01         4.673584044212475E-07        -2.248719266351173E-10
         9.998496174812317E-01         3.945971229768475E-07        -1.181841707831310E-10
         9.997465610504150E-01         4.793762968802184E-07        -6.772146732281215E-11
         9.998393058776855E-01         3.942066939544020E-07        -4.870003705859105E-11
         9.998095035552979E-01         5.873088753105549E-07        -1.191864384963992E-10
         9.998475313186646E-01         5.560239060287131E-07        -7.862877016151515E-13
         1.000198960304260E+00         4.795077188646246E-07         1.069392838171090E-10
         1.000515818595886E+00         4.400818340855039E-07         5.256284990595717E-12
         1.000545978546143E+00         3.503966468088038E-07         7.106228105957513E-11
         1.000895380973816E+00        -2.940801380191260E-07         7.718216343821638E-11
         1.000856876373291E+00        -1.166597698443184E-07         4.774114784056316E-11
         1.001031279563904E+00        -4.584071007229795E-07         1.377449682093967E-10
         1.000884413719177E+00        -1.068307895479848E-07         7.292511039480587E-11
         1.001032471656799E+00        -3.534688346462644E-07         2.017742362081520E-10
         1.000723481178284E+00        -7.620423048138036E-08         1.951638156638680E-10
         1.000967860221863E+00        -6.518237114505609E-07         3.128176606637112E-10
         1.001071333885193E+00        -8.425291184721573E-07         2.723899716894351E-10
         1.000700712203979E+00        -3.360572407018481E-07         2.520909314629449E-10
         1.000671386718750E+00        -2.106603034235377E-07         1.461163967597656E-10
         1.000296473503113E+00         7.111484592314810E-07        -2.040364682764917E-10
         1.000289916992188E+00         3.085301898408943E-07        -1.285219569657770E-10
         1.000290393829346E+00        -1.537098199833054E-07         1.398443721933873E-10
         9.999772310256958E-01        -2.266504566250660E-07         1.598273596803423E-10
         9.997594952583313E-01         2.262044596079704E-08         8.342289359308808E-11
         9.995769262313843E-01         1.211300428849427E-07        -4.575973974740855E-11
         9.998211264610291E-01        -5.366098321246682E-07         1.461706866656698E-10
         9.998825788497925E-01        -4.491140543905203E-07         1.873511068506417E-10
         9.997435212135315E-01        -2.942373953374045E-07         8.428898551349207E-11
         9.996967315673828E-01        -3.675658888369071E-08        -6.759973223552374E-12
         9.997456073760986E-01        -4.906758022116264E-07         3.016125196819708E-11
         9.998838901519775E-01        -7.364893122030480E-07         1.078254152631075E-10
         9.994282722473145E-01        -6.034046151626171E-08        -1.634415658369193E-10
         9.995232820510864E-01        -3.272856190505991E-07         1.492464901664547E-10
         9.993910789489746E-01         5.401378455616168E-09         5.900552615956123E-12
         9.991489052772522E-01         6.097068876442790E-07        -1.265266363903450E-10
         9.991460442543030E-01         6.406935426639393E-07        -1.737999189010964E-10
         9.994398951530457E-01         1.499065973575853E-07         2.392974707277062E-11
         9.996021986007690E-01         3.373302774889453E-07        -1.039088745602434E-10
         9.997364282608032E-01         4.340321879681142E-07        -2.313632757600104E-10
         9.994330406188965E-01         6.560781571351981E-07        -2.216442168689881E-10
         9.997451901435852E-01         2.189178900380284E-07        -5.607007219632365E-11
         9.996457695960999E-01         5.294717766446411E-07        -1.242149993974095E-10
         9.994098544120789E-01         9.640585858505801E-07        -2.520491038104922E-10
         9.994338154792786E-01         8.606567121205444E-07        -2.667319698446136E-10
         9.995972514152527E-01         7.058625897116144E-07        -1.314915398786809E-10
         9.995837211608887E-01         3.702535877891933E-07        -9.068555628655162E-11
         9.997236728668213E-01         2.518541464269219E-07        -1.742985616948189E-10
         9.997961521148682E-01         4.475828419003847E-08        -8.287000946571865E-11
         1.000055193901062E+00        -4.075619699506206E-07         2.892875522464422E-11
         9.996532201766968E-01        -5.424801230446974E-08        -8.617517116560336E-11
         9.996485114097595E-01        -2.110258066068127E-07         6.991577455872644E-11
         9.995237588882446E-01         3.003763993092434E-07        -7.506182481131773E-11
         9.992664456367493E-01         7.440957574544882E-07        -1.543368211009977E-10
         9.993187785148621E-01         5.371640554585611E-07        -1.453469428147613E-10
         9.993729591369629E-01         3.900149181390589E-07        -1.604274352251522E-10
         9.999920725822449E-01        -5.613741222987301E-07         1.574998742537304E-10
         1.000064611434937E+00        -6.841208914920571E-07         2.433749868302471E-10
         1.000085353851318E+00        -5.211664984017261E-07         1.405575378310431E-10
         9.992388486862183E-01         4.721204334146023E-07        -2.656606601370015E-10
         9.991394877433777E-01         5.877490139027941E-07        -2.134349363913657E-10
         9.991675019264221E-01         6.201238988978730E-07        -1.632020352193564E-10
         9.995546340942383E-01         2.713821629640734E-07        -5.236466468772072E-11
         9.997863173484802E-01        -4.276144522918912E-07         1.849546349408371E-10
         9.997557401657104E-01        -5.359496526580187E-07         1.645395486526979E-10
         9.998403787612915E-01        -2.450283886901161E-07         8.911572868530726E-11
         9.998822212219238E-01        -1.906639965909562E-07         1.145110395395221E-11
         9.996551275253296E-01        -7.378875466201862E-08        -1.293408158353770E-10
         9.994420409202576E-01         3.160360506626603E-07        -3.173518114962803E-10
         9.997874498367310E-01        -1.433505332215645E-07         4.027687471735986E-12
         9.999756217002869E-01        -4.254911516454740E-07         1.743063610115669E-10
         1.000003695487976E+00        -3.524042710978392E-07         1.730462578786174E-10
         9.998894929885864E-01         5.780838208124806E-08        -9.297621700321557E-12
         9.998852610588074E-01         2.118298567665988E-07        -5.379031248198274E-11
         9.999547600746155E-01         3.422936174501956E-07        -1.331988408459495E-10
         9.995321631431580E-01         8.692292112755240E-07        -2.034009904949841E-10
         9.996138215065002E-01         4.536911433206114E-07        -8.309779253590222E-11
         9.992742538452148E-01         1.077276806427108E-06        -2.283101763200790E-10
         9.991293549537659E-01         9.078389666683506E-07        -3.360361433557557E-10
         9.996105432510376E-01         7.145172276068479E-08        -1.192879128808499E-10
         9.993349313735962E-01         4.387105718706152E-07        -1.438858199254156E-10
         9.991933107376099E-01         5.121360686644039E-07        -1.482196171354033E-10
         9.994326233863831E-01         1.482233642491337E-07        -4.138123871344490E-11
         9.996865987777710E-01        -7.983859973137442E-07         2.782008234891720E-10
         9.993051290512085E-01         1.760536463280005E-07        -3.854610033937611E-11
         9.991549253463745E-01         5.639123514811217E-07        -2.138949850571947E-10
         9.989007115364075E-01         8.518575782545668E-07        -6.847796635289782E-11
         9.992101788520813E-01         4.816254204342840E-07         4.288427946086415E-11
         9.995146989822388E-01         2.706485133785463E-07        -3.002277940145071E-11
         1.000038981437683E+00        -5.571599217546463E-07         1.119095927037961E-10
         1.000382900238037E+00        -9.500511168880621E-07         2.007421173733093E-10
         1.000356197357178E+00        -1.171773647001828E-06         2.367260276692207E-10
         1.000349283218384E+00        -9.661332569521619E-07         1.729879156586733E-10
         1.000285387039185E+00        -7.336150247283513E-07         2.002711746440511E-10
         1.000244021415710E+00        -5.871550001756987E-07         2.208642158052498E-10
         1.000458240509033E+00        -5.990914360154420E-07         1.328222393182088E-10
         1.000043153762817E+00        -4.303869616251177E-08        -1.035533117588194E-11
         9.996819496154785E-01         3.288205334683880E-07         3.624950686842432E-11
         9.997366070747375E-01         2.459680956690136E-07         8.104997922808721E-11
         9.998149871826172E-01         3.593087285480578E-07        -1.993480519546509E-10
         1.000000119209290E+00        -3.203248297722894E-07         1.680202643683515E-10
         1.000183343887329E+00        -2.128942497847675E-07         1.068057586817162E-10
         1.000245809555054E+00        -3.189687163285271E-07         8.944665841337240E-11
         1.000535845756531E+00        -8.218825655603723E-07         3.175870677551984E-10
         1.000170230865479E+00        -1.878285473821961E-07         8.471332663129161E-11
         9.999786019325256E-01         2.708206636725663E-07        -4.196158351343904E-11
         9.998080134391785E-01         3.057481876567181E-07        -1.056948001343372E-10
         9.999257922172546E-01        -8.020337816105894E-08        -4.861738095440771E-11
         9.997293353080750E-01         2.874316749057471E-07        -6.423075959993696E-11
         9.997598528862000E-01         3.223534008611750E-07        -9.192355210352332E-11
         9.997951984405518E-01         3.893347013672610E-07        -2.153180134190080E-10
         9.997276067733765E-01        -1.002236871272544E-07         4.549777915530129E-11
         9.998340010643005E-01        -2.059180417290918E-07         3.480522467458336E-11
         9.999014735221863E-01        -1.141752079547587E-07         1.172998503884415E-10
         9.997653961181641E-01         1.988248232720480E-09         5.791024604295814E-11
         9.997789859771729E-01         1.004573348950544E-07        -1.650442976730560E-11
         1.000249028205872E+00        -4.399649071729073E-07         5.889121135194131E-11
         1.000195384025574E+00        -2.959058349460975E-07        -5.100524169687759E-12
         1.000165462493896E+00        -7.007089664057276E-08        -1.605490185241365E-10
         1.000355839729309E+00        -8.616432012331643E-08        -1.563021101436135E-10
         1.000358223915100E+00         6.681886333126386E-08        -1.360173362829897E-10
         1.000474691390991E+00        -5.906305204916862E-07         2.622730331525158E-11
         1.000474810600281E+00        -6.502090741378197E-07         2.687157718561650E-10
         1.000463724136353E+00        -3.306293763216672E-07         7.799495771454446E-11
         1.000518321990967E+00        -3.659719709503406E-07         8.407100016150082E-11
         1.000238895416260E+00        -1.270820604304390E-07         4.168803843795921E-11
         1.000187397003174E+00         2.635653402194293E-07        -1.306029451253465E-10
         1.000266551971436E+00        -8.492730962927908E-09        -1.314870989865824E-10
         1.000049471855164E+00        -2.072113716167223E-07        -6.337306547588017E-12
         1.000051021575928E+00        -3.655777049971221E-07         8.195595591065086E-11
         1.000225424766541E+00        -6.466440822805453E-07         1.533783100526875E-10
         9.997217655181885E-01        -3.332990416993198E-08         3.175817248068924E-11
         9.998595118522644E-01        -5.721262823499274E-07         3.075186771894778E-10
         1.000123143196106E+00        -5.676886303263018E-07         3.216571453634742E-10
         1.000398278236389E+00        -8.628752539152629E-07         3.516302526929138E-10
         1.000442147254944E+00        -7.430622872561798E-07         3.265347436887112E-10
         1.000424981117249E+00        -3.194799376160518E-07         1.987340986220332E-10
         1.000487446784973E+00         1.113062708668622E-07         9.212917234657780E-11
         1.000068426132202E+00         7.268500326063076E-07        -1.306987712501595E-10
         9.998663067817688E-01         9.134346896644274E-07        -5.925397672523758E-11
         9.999244809150696E-01         5.288325155561324E-07        -9.276820978065814E-11
         1.000009417533875E+00         2.264635412529969E-07         5.100773622923604E-11
         1.000032663345337E+00         1.148818332130652E-10         4.649999829631213E-11
         1.000150918960571E+00        -3.129965762127540E-07         1.132261021052905E-10
         9.999310970306396E-01         1.124447237543791E-07         3.728158840671236E-12
         1.000036120414734E+00        -6.524997431256452E-09         4.039650124826322E-12
         1.000048756599426E+00         2.300716062109132E-08        -2.774761670432113E-11
         9.998542666435242E-01        -9.848585946770072E-09        -7.610145846825844E-11
         9.999616146087646E-01        -3.484581156953936E-07         2.172613478013119E-11
         9.998403787612915E-01        -1.544494381278128E-07        -3.666615275288443E-11
         9.995768070220947E-01        -1.075652846793673E-07         9.227871938799481E-11
         9.996417760848999E-01        -3.886889601290022E-07         9.499059872020155E-11
         9.994322657585144E-01        -2.400372345334745E-08         5.774589140195019E-11
         9.995057582855225E-01        -2.392439739651309E-07         1.540591265669633E-10
         9.993472099304199E-01        -1.845184982585124E-08         5.938968934693367E-12
         9.991878867149353E-01        -1.522115589125406E-08         4.760077054744016E-11
         9.990108013153076E-01        -2.836113992543687E-07         1.712054664704254E-10
         9.989647269248962E-01        -3.548180700363446E-07         2.539533305867536E-10
         9.988384246826172E-01        -3.979779137353034E-07         2.631777851203054E-10
         9.990139007568359E-01        -9.243320278073952E-07         3.374010515422299E-10
         9.987277388572693E-01        -6.496068181149894E-07         2.872542481657803E-10
         9.987813234329224E-01        -7.742766001683776E-07         2.399629661642422E-10
         9.961087703704834E-01         2.765047838693135E-06        -7.091252585134100E-10
         9.976484179496765E-01         1.009624952530430E-06        -2.706645740868652E-10
         9.972061514854431E-01         1.244687950929801E-06        -2.951758004687832E-10
         9.990034699440002E-01        -4.904782713310851E-07         1.763714035929453E-10
         1.000688195228577E+00        -2.101891595884808E-06         5.865014029993176E-10
         0.000000000000000E+00         0.000000000000000E+00         0.000000000000000E+00
         0.000000000000000E+00         0.000000000000000E+00         0.000000000000000E+00
         0.000000000000000E+00         0.000000000000000E+00         0.000000000000000E+00
         1.000479221343994E+00        -1.162919431862974E-07        -4.072202575144956E-10
         1.000645041465759E+00        -2.155099565470664E-07        -3.439795670523438E-10
         1.000442385673523E+00         8.685520924700540E-07        -1.146635564275300E-09
         1.000344514846802E+00         1.070883399734157E-06        -1.022359752411717E-09
         9.999671578407288E-01         1.401081817675731E-06        -1.503899504928796E-10
         1.000347852706909E+00         7.152441980906588E-07        -4.133539691086874E-11
         1.000712394714355E+00         5.727841880798223E-07        -1.993583909065677E-10
         1.000881314277649E+00         6.000815346851596E-07        -1.758562878650949E-10
         1.000717163085938E+00         5.754152994086326E-07        -7.952494912588648E-11
         1.000865459442139E+00         1.722593623298962E-07        -4.268524769757143E-11
         1.000971794128418E+00        -9.823025948207942E-09         3.434392700785160E-11
         1.001146554946899E+00        -5.693150342267472E-07         1.898581708514868E-10
         1.000984191894531E+00        -4.223154803639773E-07        -4.724419813695313E-11
         1.001173377037048E+00        -7.730714060016908E-07        -6.908459915244691E-11
         1.001252412796021E+00        -8.842206398185226E-07         2.975182600284398E-11
         1.000792145729065E+00         6.172131605808318E-08        -8.115727534452333E-11
         1.000605225563049E+00         5.576834496423544E-07        -8.128993311817823E-11
         1.000825881958008E+00         2.722752867612144E-07        -1.077447853159441E-10
         1.000595331192017E+00         4.404298579174792E-07         6.985833439498990E-11
         1.000443458557129E+00         8.823080293041130E-07        -8.279803925814733E-11
         1.000597000122070E+00         7.748154189357592E-07        -1.039693053872526E-10
         1.000822663307190E+00         2.200829101184354E-07        -9.866701206062700E-11
         1.000479698181152E+00         4.001345530468825E-07        -1.357786244549075E-10
         1.000196099281311E+00         5.526715654013969E-07        -1.575166108658266E-10
         1.000060081481934E+00         6.179771503411757E-07        -6.929555540491350E-11
         1.000483989715576E+00         2.642188121626532E-07        -7.300007820454368E-11
         1.000378012657166E+00         1.293705196303563E-07        -4.033623782206952E-11
         1.000091075897217E+00         2.610328522223426E-07        -8.181660904327259E-11
         9.997882843017578E-01         5.326804739524960E-07        -1.098721530423674E-10
         9.997758865356445E-01         4.667241455535986E-07        -1.081463113505876E-10
         9.999463558197021E-01         3.908476742253697E-07        -1.282549760839302E-10
         9.999330639839172E-01        -4.376209972178913E-08         1.901906236667639E-11
         9.998040795326233E-01         7.316980088489800E-08        -1.083083189107326E-11
         9.995599985122681E-01         4.611436850154860E-07        -7.072916557993025E-11
         9.994753599166870E-01         6.661397264906554E-07        -1.456691295365076E-10
         9.995748400688171E-01         6.437217052734923E-07        -2.775218665984625E-10
         9.999135732650757E-01         3.957200078730239E-08        -4.851008830741854E-11
         1.000153660774231E+00        -5.318107696439256E-07         1.264955241248034E-11
         9.998767971992493E-01         6.104928473860127E-08        -1.541969052443193E-10
         1.000161647796631E+00        -5.451595939121034E-07        -1.021239256354667E-11
         1.000198245048523E+00        -8.369157740162336E-07         3.190128022856342E-11
         9.998310208320618E-01         2.135332408670365E-07        -1.746516264944376E-10
         9.997671246528625E-01        -4.782753393328676E-08        -7.113083733134573E-11
         9.992611408233643E-01         5.530421844923694E-07        -2.035655394250213E-10
         9.992838501930237E-01         3.032395454738435E-07        -1.723126363817329E-10
         9.993383884429932E-01         1.047401170239937E-07        -5.085538240523491E-11
         9.996492862701416E-01        -3.612823604726145E-07        -9.491821217899599E-11
         9.994239807128906E-01         4.304196750126721E-07        -1.686839279368968E-10
         9.994822740554810E-01         5.063645289737906E-07        -8.459299233321005E-11
         9.997171163558960E-01         2.208367675393674E-07        -1.464516702354146E-10
         9.993464350700378E-01         7.943385185171792E-07        -1.270390043162095E-10
         9.991177916526794E-01         9.797304301173426E-07        -1.250148318199251E-10
         9.993848204612732E-01         5.278471917335992E-07        -8.669829437701893E-11
         9.995993375778198E-01         6.619487180614669E-07        -2.347503580413246E-10
         1.000051617622375E+00        -3.917859814350777E-08        -1.149508127573640E-10
         1.000098824501038E+00         9.004600620698966E-09        -1.294317777955634E-11
         9.998814463615417E-01         1.478569373603023E-07        -3.051571495493732E-11
         9.995520710945129E-01         5.791023340862012E-07        -8.916452992613344E-11
         9.994210600852966E-01         3.976026619056938E-07         2.562717182560958E-12
         9.995639324188232E-01         3.452840076079156E-07         1.934858349927904E-11
         9.993366003036499E-01         1.069608174475434E-06        -3.204485982122307E-11
         9.995548725128174E-01         8.592370477344957E-07        -1.625564266527491E-11
         9.996756315231323E-01         8.106742370728170E-07        -1.180840286663098E-10
         1.000124216079712E+00        -1.708083487983458E-07         6.534011526282413E-11
         1.000317454338074E+00        -5.872765314052231E-07         1.971429686165038E-10
         1.000230193138123E+00        -3.077730355016683E-07         5.946288600400251E-11
         1.000188589096069E+00        -2.245830472702437E-07         1.524092831106660E-11
         9.999117255210876E-01         2.766946352039668E-07        -6.128553220463573E-11
         9.997385740280151E-01         6.013843290020304E-07        -2.771627649611474E-10
         9.994823336601257E-01         6.530025302708964E-07        -1.012002703859594E-10
         9.998204112052917E-01         1.884538036733829E-08         5.774489567067498E-11
         9.998885989189148E-01        -4.684020495915320E-07         1.815291111872952E-10
         9.998846054077148E-01        -4.147833294609882E-07         5.458570227767634E-12
         9.996388554573059E-01         3.058362665342429E-07        -1.476785360665644E-10
         9.997515082359314E-01        -2.555133171711077E-08         2.891336128851840E-11
         9.998919367790222E-01        -6.673003127843913E-08         4.118934707197930E-11
         1.000031232833862E+00        -4.458386726469143E-08        -2.701388245041070E-11
         9.999452829360962E-01         8.587728927977878E-08        -2.148681406410891E-11
         1.000086307525635E+00        -4.442604790710902E-07         1.029664409291087E-10
         9.996795654296875E-01         1.458179781366198E-07         1.227032104395009E-11
         9.995823502540588E-01         4.127640522710863E-07         2.332754128753223E-11
         9.996893405914307E-01         4.335161634116957E-07        -2.025308046271768E-11
         9.997321963310242E-01         2.095141411473378E-07        -7.978120247775777E-11
         9.997094273567200E-01        -8.647020166563379E-08         5.217156914816279E-11
         9.997994303703308E-01        -4.661067123379325E-07         1.492668211255932E-10
         9.995107650756836E-01         8.033052445455269E-09        -1.306990626837035E-10
         9.992670416831970E-01         4.783835265698144E-07        -2.447311520104023E-10
         9.994782805442810E-01         2.405988368536782E-07        -1.931154819390102E-10
         1.000067234039307E+00        -3.456362094311771E-07        -1.107864928268087E-11
         1.000174522399902E+00         7.458963580120326E-08        -6.113876072078028E-11
         1.000366210937500E+00        -1.119241801461612E-07         5.162969704541887E-11
         1.000339150428772E+00        -1.475707023246287E-07         1.010783123867043E-10
         9.998403191566467E-01         4.172385672518431E-07        -1.024298007523683E-10
         9.996150135993958E-01         7.187029495980823E-07        -7.775672467014161E-11
         9.996311664581299E-01         5.936105935688829E-07        -1.588167652943895E-10
         9.991471171379089E-01         1.479315528740699E-06        -2.965408474331355E-10
         9.992467761039734E-01         1.216750433741254E-06        -2.150298133996031E-10
         9.995704889297485E-01         5.813710117763549E-07        -3.890426175656714E-11
         9.998551607131958E-01         1.571164318647789E-07        -9.998835093227854E-12
         9.995031952857971E-01         6.519452426800854E-07        -1.204816801880781E-10
         9.993236660957336E-01         1.003174020297593E-06        -2.562455525545460E-10
         9.994412064552307E-01         7.462268172275799E-07        -2.585325564741225E-10
         9.997775554656982E-01         9.997430083785730E-08        -6.612874831057880E-11
         9.997844099998474E-01        -1.088852119579542E-08        -9.292558042495180E-12
         1.000011205673218E+00        -8.341498869413044E-08        -4.920549731557422E-11
         1.000452280044556E+00        -3.807100199537672E-07        -8.067254503307808E-11
         1.000352978706360E+00        -1.534407516601277E-07        -7.883728392332756E-11
         1.000658273696899E+00        -7.684753882131190E-07         8.102040566226876E-11
         1.000557661056519E+00        -6.613856839976506E-07         2.064949738977973E-10
         1.000364661216736E+00        -3.743339789252786E-07         1.037942509718448E-10
         1.000213623046875E+00        -4.338611176990526E-07         1.332766258466123E-10
         9.997581839561462E-01         1.976384425006472E-07         3.659766933949982E-11
         9.999784827232361E-01        -3.447785843491147E-07         5.636263677999409E-11
         1.000107526779175E+00        -5.453276230582560E-07         1.187758502663172E-10
         1.000219225883484E+00        -9.793277513381327E-07         2.251361597149781E-10
         1.000089883804321E+00        -6.556421112691169E-07         1.863628001919082E-10
         9.997910261154175E-01         1.918171363968213E-07        -8.263619649673259E-11
         9.998971223831177E-01         5.059756063019449E-07        -1.861535786629176E-10
         9.997939467430115E-01         3.917506319339736E-07        -1.600124754919108E-10
         1.000067949295044E+00        -2.642562435539730E-07         2.203109916720791E-11
         9.999083280563354E-01        -1.424359084012394E-07        -6.550954917416973E-11
         9.994993805885315E-01         3.607511018799414E-07        -9.238179665693735E-11
         9.994782209396362E-01         5.282719826027460E-07        -1.309852226683006E-10
         9.994209408760071E-01         8.457237186121347E-07        -2.252507208533316E-10
         9.997270703315735E-01         5.624493155664823E-07        -1.934015309013049E-10
         9.998841881752014E-01         5.887197929155263E-08        -3.553946026357835E-11
         9.999276399612427E-01         1.591965315128618E-07        -1.787455426727202E-11
         9.999701976776123E-01         4.730250395823532E-07        -1.000800275985370E-10
         9.998449683189392E-01         4.753218263431336E-07        -1.109548564137697E-10
         9.995504021644592E-01         8.256498063019535E-07        -1.728839987835684E-10
         9.995208978652954E-01         7.565259920738754E-07        -1.118263259769492E-10
         9.997812509536743E-01         1.320939873039606E-07        -3.906276344056714E-12
         9.999995827674866E-01        -1.105888145502831E-07        -3.548088906013547E-11
         9.999812841415405E-01        -1.908971114517044E-07        -8.693346043031625E-11
         1.000147461891174E+00        -4.536410074251762E-07         2.476045236898816E-11
         1.000074267387390E+00        -3.514518880365358E-07         1.098187582537768E-10
         9.998350143432617E-01        -4.572108025513444E-08        -1.022956927498875E-10
         9.995521306991577E-01         6.652653894434479E-08         1.000066626732909E-10
         9.995656609535217E-01         3.948556752675358E-07         1.552706054008812E-11
         9.996892809867859E-01         2.777072438675532E-07        -5.486842577506756E-11
         9.996225237846375E-01         1.054130081001858E-07         1.773201863120022E-10
         9.998213052749634E-01        -2.550437443460396E-07         8.124304701206952E-11
         9.998070597648621E-01        -3.926919873720180E-07         1.198087046239138E-10
         9.997910261154175E-01        -4.278682297353953E-07         6.747162550890806E-11
         9.995651245117188E-01         1.845577486392358E-07         1.617364228656548E-12
         9.998954534530640E-01        -3.088475750701036E-07         1.004823724226611E-10
         1.000370621681213E+00        -7.939210036056465E-07         1.306752622776131E-10
         1.000067710876465E+00        -3.174227458657697E-07        -1.557189446832474E-11
         9.999933242797852E-01        -1.804218214829234E-07         5.514855933030915E-11
         9.998084306716919E-01        -1.177011057507116E-07         1.997761157890299E-11
         9.995239377021790E-01         8.276217045022349E-07        -3.776768064955860E-10
         9.998125433921814E-01         4.128357034005603E-07         1.138402219713619E-11
         9.999536871910095E-01         3.899781972904748E-07        -5.651356813074493E-11
         9.997943043708801E-01         6.420823410735466E-07        -3.743364646036085E-11
         9.998859763145447E-01         5.436414767245878E-07        -7.342003394139596E-11
         9.998408555984497E-01         6.001063184157829E-07        -4.178200493920592E-11
         9.996414184570312E-01         1.200848942062294E-06        -2.273786020579038E-10
         9.999361038208008E-01         6.851271905361500E-07        -2.143332455961655E-10
         1.000025033950806E+00         3.623925977080944E-07        -1.240721692052915E-10
         1.000162005424500E+00         1.674608967050517E-07        -2.724445669066711E-10
         1.000428080558777E+00        -3.228456080250908E-07        -2.185052555558897E-10
         1.000595331192017E+00        -2.933987559572415E-07         4.602731390468406E-11
         1.000711321830750E+00        -6.066142645977379E-07         7.607387636499041E-11
         1.000158190727234E+00         3.090802920269198E-07        -3.235826537273390E-11
         1.000152230262756E+00         5.209907385506085E-07        -5.971033389950975E-11
         9.996956586837769E-01         1.013751443679212E-06        -5.443740597188551E-11
         9.991343021392822E-01         1.612731239220011E-06        -6.486398917981973E-11
         9.991903305053711E-01         1.652564037613047E-06        -2.299384155302064E-10
         9.994455575942993E-01         7.723316457486362E-07         1.473787585026809E-11
         9.993594288825989E-01         1.047675709742180E-06        -1.394557663791929E-10
         9.994781017303467E-01         7.144748224163777E-07        -1.207318411911018E-10
         9.996092915534973E-01         2.952689328594715E-07        -6.877995135240456E-12
         9.991766214370728E-01         7.873853746787063E-07        -2.501157961298794E-11
         9.987677931785583E-01         1.339096229457937E-06        -1.800758847592121E-10
         9.985884428024292E-01         1.453014192520641E-06        -1.666782267761846E-10
         9.982963800430298E-01         1.690605245130428E-06        -9.880075230173091E-11
         9.980787038803101E-01         2.185131279475172E-06        -2.283315064799396E-10
         9.983683824539185E-01         1.905993485706858E-06        -1.894187168227646E-10
         9.952185750007629E-01         5.355606390367029E-06        -1.088251488923220E-09
         9.957284331321716E-01         4.114283001399599E-06        -7.580696070874637E-10
         9.967541694641113E-01         2.932198640337447E-06        -5.086662757669558E-10
         0.000000000000000E+00         0.000000000000000E+00         0.000000000000000E+00
         0.000000000000000E+00         0.000000000000000E+00         0.000000000000000E+00
         0.000000000000000E+00         0.000000000000000E+00         0.000000000000000E+00
         0.000000000000000E+00         0.000000000000000E+00         0.000000000000000E+00
         1.002107620239258E+00        -4.563528364087688E-06         2.216255623466168E-09
         1.002046704292297E+00        -4.390178219182417E-06         2.367204654518673E-09
         1.001941323280334E+00        -4.800724127562717E-06         2.880032212715378E-09
         1.000961184501648E+00        -1.233663738275936E-06         3.968636530515823E-11
         1.001176595687866E+00        -1.162493276751775E-06         2.057945480693490E-11
         1.001105308532715E+00        -1.010834921544301E-06        -3.791953556708805E-11
         1.000937104225159E+00        -9.907292906063958E-07         5.304597039401671E-11
         1.000890731811523E+00        -1.117598003474995E-06        -2.689726393001468E-11
         1.000624537467957E+00        -7.493170528505289E-07        -2.737315756007330E-11
         1.000721216201782E+00        -7.593986879328440E-07        -4.530431238491950E-11
         1.000616669654846E+00        -6.811193316025310E-07         2.650914557311701E-11
         1.000697731971741E+00        -8.331983849529934E-07        -7.866573711878821E-12
         1.000728368759155E+00        -8.414968988290639E-07         1.272434501514708E-11
         1.001027941703796E+00        -1.241153881892387E-06         2.083358832671856E-11
         1.000901103019714E+00        -8.824397355056135E-07        -5.747587128457354E-11
         1.000687837600708E+00        -8.596136922278674E-07        -3.363952562687733E-12
         1.000285744667053E+00        -1.999597856183755E-07        -9.511952336893614E-11
         1.000184774398804E+00         1.137888148150523E-07        -1.902031726563891E-10
         1.000307917594910E+00        -7.659314604779865E-08        -5.347037743130834E-11
         1.000091433525085E+00         2.899871560657630E-07        -1.570883874368878E-11
         9.999022483825684E-01         5.080435130366823E-07        -1.588387060769136E-10
         9.998788833618164E-01         3.637259737843124E-07        -6.087459095832637E-12
         9.999683499336243E-01         1.394752473515837E-07         9.107010978670615E-11
         9.999250769615173E-01         1.135743303848358E-07        -4.827983152155824E-11
         1.000110626220703E+00        -1.215314284763735E-07         7.416209313326760E-11
         1.000241518020630E+00        -6.010789661559102E-07         6.179346617729564E-11
         1.000153779983521E+00        -6.035132855686243E-07         1.774717456326513E-10
         1.000487089157104E+00        -7.787013487359218E-07         1.043763131480802E-10
         1.000516772270203E+00        -5.679218588738877E-07         4.090059541050906E-11
         1.000540256500244E+00        -5.867348704668984E-07         1.017684339577052E-10
         1.000436305999756E+00        -4.892862648375740E-07         1.370343560846976E-10
         1.000608444213867E+00        -6.803820156164875E-07         1.316812353602259E-10
         1.000577330589294E+00        -7.098094556567958E-07         2.667134395284432E-11
         1.000388741493225E+00        -6.026373853273981E-07         1.412797934197130E-10
         1.000387310981750E+00        -3.932914296456147E-07         4.031953243499586E-11
         1.000670075416565E+00        -5.582384687841113E-07         1.503526123047827E-11
         1.000571608543396E+00        -4.649218112717790E-07         3.457268499262867E-11
         1.000161767005920E+00         2.350261354422400E-07        -1.203631083690482E-10
         1.000281691551208E+00        -9.544680601436539E-09        -1.475863875555206E-11
         1.000117659568787E+00         5.906665592192439E-07        -1.701190993630419E-10
         1.000430345535278E+00         1.428001610292995E-07        -4.866119313051698E-11
         1.000306367874146E+00         6.838306632062086E-08        -5.383617510124061E-11
         1.000192165374756E+00         2.532704490576521E-09        -3.224542508006856E-11
         1.000166058540344E+00         7.001232038561511E-09        -5.875917807873776E-11
         1.000236511230469E+00        -1.889799960963501E-07         3.034941742363628E-11
         1.000131726264954E+00        -1.403434879421184E-07         4.428164432357384E-11
         1.000242710113525E+00        -4.771714046114539E-08         7.773692106693986E-11
         1.000389575958252E+00        -1.687171220510209E-07         8.841428977834909E-11
         1.000146985054016E+00         8.502833281909261E-08         1.513372621664288E-10
         9.999430179595947E-01         2.043360751713408E-07        -4.912229997766637E-11
         1.000159621238708E+00         4.808589082472281E-08        -1.812191022243503E-11
         9.999813437461853E-01         3.658310561149847E-07        -1.985266256943063E-10
         1.000015020370483E+00         1.558792632749828E-07         2.754078562428042E-11
         1.000071167945862E+00         2.947392658825265E-07        -1.083842668392343E-10
         9.997853040695190E-01         5.731234296035836E-07        -7.474946356333945E-11
         9.999783635139465E-01         3.354083730755519E-07        -6.977981387157328E-11
         9.997721910476685E-01         4.944096190229175E-07        -1.078851175062567E-10
         9.995649456977844E-01         1.002214617074060E-06        -1.596707349671433E-10
         9.997928738594055E-01         5.186353178032732E-07        -4.140560116994152E-11
         9.999257922172546E-01         6.382593937814818E-07        -7.925809314413002E-11
         1.000166654586792E+00         2.840975525941758E-07        -9.891284839802506E-12
         1.000314712524414E+00        -2.049361711442543E-07         3.341285928493143E-11
         9.997922182083130E-01         5.181045708013698E-07        -9.920120280781930E-11
         9.993277788162231E-01         5.915875931350456E-07        -1.687525813531821E-10
         9.992099404335022E-01         3.776969208502123E-07        -9.457762351061660E-11
         9.992173910140991E-01         5.087691192784405E-07        -1.354797107833150E-10
         9.994774460792542E-01        -2.433117352040881E-08        -6.849934508501576E-11
         9.997020959854126E-01        -2.294521266321681E-07         1.013993489867859E-11
         9.997347593307495E-01        -4.247333720286406E-07         3.103911225266209E-11
         9.993245005607605E-01         4.083745608340905E-08        -9.311791615562726E-11
         9.992505908012390E-01         5.248000256585783E-09        -3.519652234593162E-12
         9.991416931152344E-01         7.535088997201456E-08        -6.303616656433420E-11
         9.990140199661255E-01         5.871634130016901E-07        -1.817413441962401E-10
         9.992518424987793E-01         4.455984878859454E-07        -3.038080551021061E-11
         9.994992613792419E-01         2.603945290502452E-07        -7.076621927337712E-11
         9.998092651367188E-01         2.732772657054738E-07        -1.345930034091225E-10
         1.000090360641479E+00         2.764266326948928E-08        -4.286488178295578E-11
         1.000283360481262E+00        -2.903528582010040E-07         5.084307280744937E-11
         1.000115633010864E+00        -2.178834712651678E-08        -3.986230096009180E-11
         1.000059843063354E+00         5.312081441388727E-08        -9.173305171028545E-11
         1.000083923339844E+00        -8.556107822244030E-09        -1.627116497093795E-11
         9.999083876609802E-01         1.810544176805706E-07        -8.111115945563796E-11
         9.999138712882996E-01         3.812081317278171E-08        -6.984807870979992E-11
         9.997081160545349E-01         3.155915635488782E-07        -8.048243321789883E-11
         9.995965361595154E-01         3.991182779827795E-07        -6.454155265789296E-11
         9.993510246276855E-01         7.533627695011091E-07        -1.564391671760035E-10
         9.994225502014160E-01         3.914943818017491E-07        -4.063312186719514E-11
         9.995046257972717E-01         4.478028756693675E-07        -1.711375312296592E-11
         9.997340440750122E-01         1.496209165452456E-07        -3.566888451267403E-11
         9.997938871383667E-01        -1.252768697668216E-07        -5.740048020230759E-11
         9.998266696929932E-01        -4.532556019398726E-08         4.027896419178667E-11
         9.998370409011841E-01        -5.544918479927219E-08        -1.156705980998041E-11
         9.997478723526001E-01         1.117520298521413E-07        -7.047520206304725E-11
         9.997587800025940E-01         3.231266703096480E-07        -1.213379258180325E-10
         1.000012278556824E+00        -2.379111094796826E-07         7.324425788102218E-12
         1.000260114669800E+00        -2.528066431750631E-07        -8.708703896909142E-12
         1.000147581100464E+00        -2.027689873784766E-07        -1.716919661998162E-11
         9.998604655265808E-01         1.473698745257934E-07        -1.197239252181959E-10
         9.996965527534485E-01         4.054389535212977E-07        -2.366015716681602E-10
         9.998608231544495E-01        -2.804082477325665E-08        -6.424280551975414E-11
         9.998512864112854E-01         9.938919021124093E-09         1.122573822093242E-11
         9.999100565910339E-01         6.610263625361767E-08         2.958643399719740E-11
         9.998440146446228E-01        -1.309648069991454E-07         1.087934325960660E-10
         0.000000000000000E+00         0.000000000000000E+00         0.000000000000000E+00
         9.998283982276917E-01         3.884038619617058E-07        -1.752165634805181E-10
         1.000199913978577E+00         6.899917792679844E-08         2.818921832070664E-11
         1.000103235244751E+00         2.730285757479578E-07         2.924677861004810E-11
         1.000005602836609E+00         6.166353045955475E-07        -1.059253466190180E-11
         9.997564554214478E-01         5.799296900477202E-07        -5.006464687262735E-11
         9.995583891868591E-01         5.846014232702146E-07        -1.354665130071098E-10
         9.994587302207947E-01         9.383641668136988E-07        -1.733298921058335E-10
         9.995039105415344E-01         9.220069046023127E-07        -1.908524588367655E-10
         9.996715784072876E-01         7.468318585779343E-07        -1.323673948228077E-10
         9.999038577079773E-01         4.646591023060864E-08         3.528904946037414E-11
         9.996712803840637E-01         1.722111733215570E-07        -4.020669908122443E-11
         9.999646544456482E-01        -2.323619128219434E-07         6.508989527920228E-12
         1.000096321105957E+00        -4.076108268691314E-07         3.402681608699609E-11
         1.000037431716919E+00        -5.173914132683421E-07         1.160182644399654E-10
         1.000044345855713E+00        -5.517303520718997E-07         1.416470551962590E-10
         9.998434782028198E-01        -9.641471621080200E-08        -6.161587906561294E-11
         9.996234178543091E-01         5.004296781407902E-07        -1.346353584175120E-10
         9.995964169502258E-01         8.243047204814502E-07        -1.383687053824190E-10
         9.997907876968384E-01         5.043553983341553E-07        -1.369861030164898E-10
         9.999738335609436E-01        -3.696886352599904E-08         4.178314638725311E-11
         1.000200867652893E+00        -4.266390760676586E-07         8.159901226933997E-11
         1.000094771385193E+00        -2.298171182246733E-07         8.099746567902244E-12
         1.000061035156250E+00        -1.155390947360502E-07         5.464911856378762E-11
         1.000081419944763E+00        -1.517944241413716E-07         7.579344790675790E-11
         1.000073313713074E+00        -1.769115272054478E-07         1.097053281551297E-10
         1.000078439712524E+00        -2.900725917243108E-07         1.030365168186442E-10
         1.000164270401001E+00        -3.076227130804909E-07        -4.585321271982634E-12
         9.998492002487183E-01        -2.938927678997061E-08        -5.816237075295660E-11
         9.999506473541260E-01        -1.763445425240207E-07        -4.550333027042441E-11
         9.996368288993835E-01         4.275430853795115E-07        -5.740791522712563E-11
         9.993098974227905E-01         5.734315209338092E-07        -1.544857713975389E-10
         9.995023012161255E-01         5.518815271443600E-08         2.812849432543008E-11
         9.996207356452942E-01         1.153914119811361E-08         1.109629055306982E-10
         9.997794032096863E-01        -6.967167109905859E-08         3.450284502548584E-11
         9.995542764663696E-01         1.862913023842339E-07         3.264136183567246E-11
         9.998483657836914E-01        -3.354329010107904E-07         8.953358887620055E-11
         9.996752142906189E-01         2.373065228766791E-07        -1.722771925116717E-11
         9.998053312301636E-01         5.162098659639014E-08         2.698901215361649E-12
         9.999464154243469E-01        -2.629257522812622E-08         1.014794359655014E-10
         1.000262379646301E+00        -2.458572225805256E-07         7.744398004827513E-12
         1.000314474105835E+00        -2.263782334921416E-07         1.924423467802860E-11
         1.000247001647949E+00        -6.673782593225042E-08         4.901466385542896E-11
         1.000441670417786E+00        -3.961029051424703E-07         1.437909097345980E-10
         1.000338912010193E+00         1.293747118324973E-07        -7.815307428993279E-11
         1.000364780426025E+00         1.301425855970706E-09         4.878471585034738E-11
         1.000123381614685E+00         1.062710630606034E-08         1.266861754389836E-10
         1.000457048416138E+00        -6.834335408711922E-07         2.163824258660796E-10
         1.000661253929138E+00        -7.512492743444454E-07         8.023369468812547E-11
         1.000632286071777E+00        -8.349659310624702E-07         2.239435442641380E-10
         1.000470995903015E+00        -9.264302889278042E-07         2.533352416733692E-10
         1.000749468803406E+00        -1.433217676094500E-06         2.317935426932038E-10
         1.001002073287964E+00        -1.551948571432149E-06         3.263740111503211E-10
         1.001180052757263E+00        -1.633477609175316E-06         3.344665100435407E-10
         1.001123547554016E+00        -1.517970872555452E-06         3.292509043184566E-10
         1.000764369964600E+00        -1.041536393131537E-06         2.907454277334409E-10
         1.000727772712708E+00        -1.050263335855561E-06         4.097757966281534E-10
         1.000444650650024E+00        -5.467425694405392E-07         2.916456798285338E-10
         1.000396728515625E+00        -6.096081506257178E-07         2.607051241554359E-10
         1.000304341316223E+00        -5.460752845465322E-07         2.566247492286067E-10
         1.000381946563721E+00        -7.213391199911712E-07         2.000644649946537E-10
         1.000203490257263E+00        -7.485431865461578E-07         2.982193381129150E-10
         1.000293135643005E+00        -7.939841566440009E-07         2.891433759089068E-10
         1.000354409217834E+00        -6.769205356249586E-07         2.828033640600580E-10
         1.000428676605225E+00        -9.861890930551453E-07         4.511867823797644E-10
         1.000240683555603E+00        -7.918739584056311E-07         4.299457179168797E-10
         9.999118447303772E-01        -4.972466740582604E-07         3.405288551139307E-10
         9.999528527259827E-01        -6.841990511929907E-07         3.504980472524011E-10
         1.000135421752930E+00        -1.275205022466253E-06         4.936577813197118E-10
         1.000172853469849E+00        -1.171998974314192E-06         4.982773083028746E-10
         1.000250458717346E+00        -1.419660520696198E-06         5.118112600399627E-10
         1.000746369361877E+00        -1.980381512112217E-06         7.307447980053894E-10
         1.000943064689636E+00        -2.017029828493833E-06         7.473064389529327E-10
         9.987468719482422E-01         6.339250262499263E-07        -8.770248416389848E-11
         9.986549615859985E-01         7.513250466217869E-07        -1.572386804093995E-10
         9.989040493965149E-01         3.609827103900898E-07        -1.327105005749507E-11
         9.994382262229919E-01        -6.267114827096520E-07         3.205633813951891E-10
         1.001108765602112E+00        -2.378125600444037E-06         7.513732969144371E-10
         0.000000000000000E+00         0.000000000000000E+00         0.000000000000000E+00
         0.000000000000000E+00         0.000000000000000E+00         0.000000000000000E+00
         0.000000000000000E+00         0.000000000000000E+00         0.000000000000000E+00
         0.000000000000000E+00         0.000000000000000E+00         0.000000000000000E+00
         9.980475306510925E-01         3.480988425508258E-06        -1.911703462198489E-09
         9.993567466735840E-01         1.060279487319349E-06        -6.987411760306372E-10
         9.987775087356567E-01         3.448619509072159E-06        -2.217999117704039E-09
         9.993911385536194E-01         1.920834847624064E-06        -1.409349748016098E-09
         9.996600151062012E-01         9.336192761111306E-07        -3.152314798082756E-10
         9.992132782936096E-01         2.237604348920286E-06        -6.797427065663442E-10
         9.995682835578918E-01         1.447321778869082E-06        -5.384628298799043E-10
         9.995579123497009E-01         1.197412302644807E-06        -3.199879528015259E-10
         9.995804429054260E-01         7.563285180367529E-07         3.094874356790456E-11
         9.989122152328491E-01         2.394876219113939E-06        -5.165517458216584E-10
         9.993504285812378E-01         1.549243847875914E-06        -1.336714072763812E-10
         9.999133944511414E-01         8.256013188656652E-07        -1.181991865495391E-10
         1.000249385833740E+00         2.510823549073393E-07        -2.176244080775991E-11
         1.000124335289001E+00         8.896031431504525E-07        -4.323496838321006E-10
         1.000066041946411E+00         1.143224380939500E-06        -5.621377807685235E-10
         9.998782873153687E-01         9.027860414789757E-07        -4.103277717604215E-10
         9.997931122779846E-01         3.988051560099848E-07        -2.075132843337713E-10
         9.998792409896851E-01         3.980326823693758E-07        -2.876318350164553E-10
         1.000574946403503E+00        -6.935604801583395E-07        -2.694634966549092E-11
         1.000581622123718E+00        -9.113435908147949E-07         9.836799430562593E-11
         1.000339031219482E+00        -2.977268138693034E-07        -3.253225466792742E-11
         1.000293850898743E+00        -2.527489471049194E-07        -1.125138719172691E-12
         9.999703168869019E-01         3.681903706365119E-07        -3.235533230228071E-10
         9.998115301132202E-01         7.447154644069087E-07        -2.885402472507792E-10
         9.996277093887329E-01         9.954902679965016E-07        -3.114574431695161E-10
         9.993794560432434E-01         1.449425667487958E-06        -4.403371833827663E-10
         9.994827508926392E-01         1.158779923571274E-06        -2.989054559421334E-10
         9.996033906936646E-01         9.206292475028022E-07        -2.550535338485815E-10
         1.000271439552307E+00        -1.908733651134753E-07         1.197923565898762E-10
         1.000161886215210E+00         3.644484891651700E-08         2.235729483490712E-11
         1.000463724136353E+00        -7.698787385379546E-07         2.321117326120614E-10
         1.000418305397034E+00        -8.364988275388896E-07         3.378424484612452E-10
         1.000113606452942E+00        -8.913440296964836E-08         1.389430098752698E-10
         1.000081777572632E+00         1.629430244065588E-07        -3.049699728863153E-11
         9.996697306632996E-01         8.889037417247891E-07        -2.817356070661248E-10
         9.997312426567078E-01         4.387283354390092E-07        -8.866205686297590E-11
         9.996506571769714E-01         6.837072987764259E-07        -1.383202996585453E-10
         1.000509858131409E+00        -1.098386519515770E-06         2.638570750779223E-10
         1.000558495521545E+00        -8.586254693909723E-07         8.621945518649810E-11
         1.000738263130188E+00        -9.130444027505291E-07         5.287142945675782E-11
         1.000794172286987E+00        -1.153693688138446E-06         3.115901425765344E-10
         1.000486254692078E+00        -3.600546563120588E-07         1.150129089189100E-10
         1.000193953514099E+00        -3.129006032054349E-08        -8.654093414106612E-11
         1.000091791152954E+00         3.575583829018569E-09        -8.753011510043152E-11
         9.999095201492310E-01         2.974513506615040E-07        -1.603436272645808E-10
         1.000041961669922E+00         2.207910938523128E-07        -1.112801795155605E-10
         1.000306367874146E+00        -3.425901411446830E-07         1.445731034888098E-10
         1.000509500503540E+00        -4.627806049484207E-07         4.185007895785020E-11
         1.000387907028198E+00        -5.069005624136480E-07         3.664996917063235E-10
         1.000373005867004E+00        -3.562868755579984E-07         9.944635392944434E-11
         1.000108957290649E+00         3.331267350858980E-07        -1.076867692240135E-10
         1.000219106674194E+00         8.805251638932532E-08        -1.755511430667767E-10
         9.999064803123474E-01         5.497445272339974E-07        -1.200014670965643E-10
         9.999515414237976E-01         5.070288580100168E-07        -1.711738112364358E-10
         9.999116063117981E-01         5.119239290252153E-07        -2.166682666615571E-10
         1.000014305114746E+00         3.078660029132152E-07        -1.740076693845793E-10
         1.000143051147461E+00         4.353957194780378E-07        -7.927863227008558E-11
         1.000422000885010E+00        -2.482736647380079E-07         7.932825230039242E-11
         1.000468254089355E+00         3.574840690134806E-08        -5.359064234045086E-11
         1.000330686569214E+00         1.872456181217785E-07        -8.406785684256235E-11
         1.000482201576233E+00        -3.071908949436875E-08        -1.520800152476909E-10
         1.000390768051147E+00        -4.113423912599501E-08        -1.605029442686146E-10
         1.000350117683411E+00        -2.656003417200736E-09        -1.048967510075549E-10
         1.000183701515198E+00         4.190063691567047E-07        -2.556679590259847E-10
         1.000445842742920E+00        -6.401306222869607E-07         9.065918848971677E-11
         9.996207952499390E-01         9.058906584868964E-07        -4.269476994167576E-10
         1.000035643577576E+00        -1.152387980596359E-07         9.730432432020208E-11
         9.991434812545776E-01         1.675356429586827E-06        -4.167049760805952E-10
         9.993543028831482E-01         3.967400630244811E-07         1.882576872169750E-10
         9.987431764602661E-01         1.927844323290628E-06        -4.208461912291739E-10
         9.992296695709229E-01         4.579238463975344E-07         3.368414713822432E-10
         9.988731741905212E-01         1.215822862832283E-06        -1.453147879804106E-10
         9.993599057197571E-01         5.669597271662496E-07        -9.544610934941744E-11
         9.996694326400757E-01         6.411197546185576E-07        -2.222204226187685E-10
         9.999804496765137E-01        -5.433039973468112E-08        -1.419091372190096E-10
         9.999327063560486E-01         3.988834862411750E-07        -2.381482788749167E-10
         1.000116229057312E+00        -2.285419782310782E-07        -1.693075367403818E-11
         9.999131560325623E-01         5.108119580654602E-07        -3.127760828114390E-10
         1.000338435173035E+00        -4.125629970985756E-07         3.853538668718848E-11
         1.000039100646973E+00         5.332697128324071E-08        -1.205120864211651E-10
         9.999377727508545E-01        -2.005005050875752E-08        -3.194066539036200E-11
         9.995488524436951E-01         5.406608920566214E-07         2.750118188732387E-11
         9.997483491897583E-01         1.115749981295266E-07         1.661872167657563E-10
         9.997580051422119E-01        -6.272983199551163E-08         1.571051067017493E-10
         9.998893141746521E-01         1.532863835862486E-09        -6.860347706583170E-11
         1.000295042991638E+00        -7.004048825365317E-07         7.376071108067261E-12
         9.999327063560486E-01         3.388446430108161E-07        -1.864709636700823E-10
         9.999505877494812E-01         2.322869221416113E-07        -1.229000373692557E-10
         1.000166893005371E+00        -4.714543422323914E-07         1.638696955907903E-10
         9.998099803924561E-01         8.050564304085128E-08         2.091667256065577E-10
         9.998442530632019E-01        -2.012767765791068E-07         1.074739741646624E-10
         9.995575547218323E-01         3.557512400220730E-07        -9.816245039040439E-11
         1.000192880630493E+00        -7.987969183886889E-07         1.980008240698439E-10
         1.000273346900940E+00        -6.248712907108711E-07         1.582174946612724E-10
         1.000320196151733E+00        -1.439896095689619E-07        -3.112647292691229E-11
         1.000178933143616E+00         4.341799808571523E-07        -1.630036799982193E-10
         1.000291943550110E+00         1.140139005428864E-07        -8.164031256585602E-11
         1.000335812568665E+00        -3.222608668806970E-08        -4.756066374067558E-11
         1.000046849250793E+00         5.666090032718785E-07        -2.225978706915654E-10
         1.000027537345886E+00         7.599827256399294E-08        -1.305737740153745E-10
         0.000000000000000E+00         0.000000000000000E+00         0.000000000000000E+00
         0.000000000000000E+00         0.000000000000000E+00         0.000000000000000E+00
         9.995358586311340E-01         3.743911065612338E-07         1.230072432800711E-10
         9.997502565383911E-01         2.339438083254208E-07         7.206397978354318E-11
         9.996173977851868E-01         2.598041533019568E-07         2.923947889366119E-11
         9.994576573371887E-01         3.891306334935507E-07        -1.303879781922035E-10
         9.996434450149536E-01        -3.027409789524427E-08         2.014850959686232E-11
         9.996784329414368E-01         9.250631904933471E-08        -6.653076700668947E-11
         9.998419284820557E-01        -2.197741366671835E-07         1.471344573955591E-11
         9.993683099746704E-01         9.127302860179043E-07        -2.223462386430342E-10
         0.000000000000000E+00         0.000000000000000E+00         0.000000000000000E+00
         9.993695020675659E-01         6.907000056344259E-07        -6.623877141231915E-11
         9.995542764663696E-01         1.962097258001450E-07         1.083901093879014E-10
         9.997793436050415E-01        -3.136817099402833E-07         2.621718397932682E-10
         9.996603727340698E-01         4.314799184612639E-07         1.102214639003840E-10
         0.000000000000000E+00         0.000000000000000E+00         0.000000000000000E+00
         0.000000000000000E+00         0.000000000000000E+00         0.000000000000000E+00
         9.993624687194824E-01         4.846854722018179E-07         1.437261941406032E-11
         1.000174403190613E+00        -8.631271271042351E-07         4.325306779406901E-10
         9.996942877769470E-01         7.864131248425110E-07        -2.636057760962984E-10
         1.000032901763916E+00        -2.539160561809695E-07         1.260525989144057E-10
         9.997841119766235E-01         5.549013053496310E-07        -2.718404945589725E-10
         1.000174045562744E+00        -3.735166274054791E-07        -6.093327231670997E-11
         1.000186443328857E+00        -4.981856704944221E-07        -7.210312902294902E-11
         1.000156760215759E+00        -6.176899205456721E-07         5.927162927132912E-11
         9.999157786369324E-01        -4.941899760524393E-07         1.262989712813578E-10
         9.993333816528320E-01         7.445672736139386E-07        -1.413153760676522E-10
         1.000157833099365E+00        -1.171551161860407E-06         4.716988466491046E-10
         9.999954104423523E-01        -6.345049428091443E-07         4.306749679106048E-10
         1.000129461288452E+00        -6.040370408300078E-07         3.152453853516590E-10
         9.998121261596680E-01         1.646016158929342E-07        -6.665373114556061E-11
         9.995210170745850E-01         6.057870791664755E-07        -2.063605952784542E-10
         9.993813037872314E-01         9.997277174988994E-07        -3.047077867801562E-10
         9.996097087860107E-01         5.198811550144455E-07        -3.472374332513795E-10
         9.998316168785095E-01         1.491855528001906E-07        -2.982135649531870E-10
         9.996410012245178E-01         4.222864049552300E-07        -3.017134597715909E-10
         9.995075464248657E-01         5.615463010144595E-07        -3.725008912436323E-10
         9.994209408760071E-01         7.762829454804887E-07        -4.065892622584499E-10
         9.991210103034973E-01         1.386809003633971E-06        -6.303630395443349E-10
         9.990183115005493E-01         1.409594915458001E-06        -5.360907828766415E-10
         9.994771480560303E-01         6.136316983429424E-07        -3.707798512664340E-10
         9.997033476829529E-01        -7.009686697756479E-08        -1.611411004631691E-10
         9.999665021896362E-01        -6.113167501098360E-07        -9.179815241289191E-11
         9.997966289520264E-01        -1.582502306973765E-07        -1.208166622301832E-10
         9.997683167457581E-01         1.272304217536657E-07        -1.198455223949679E-10
         9.997971653938293E-01         6.226428013178520E-07        -3.387183866720989E-10
         1.000070571899414E+00         5.627726409329625E-07        -2.892769634943448E-10
         1.000237941741943E+00        -2.925554269950226E-07         9.553331042910784E-11
         1.000302910804749E+00        -8.913502824725583E-07         2.084479533426276E-10
         1.000037193298340E+00        -4.046785306854872E-07         1.165412627512907E-10
         9.993509650230408E-01         9.126975442086405E-07        -1.808023314398000E-10
         9.993640184402466E-01         9.140436532106833E-07        -1.625700268848007E-10
         9.991829395294189E-01         1.121088871514075E-06        -1.417904266221015E-10
         9.993015527725220E-01         7.839943805265648E-07         7.740818402934835E-12
         9.996553063392639E-01         2.958309437417483E-07         7.071841723327310E-11
         9.998018741607666E-01         7.384088007711398E-08         1.886691219921133E-10
         1.000028014183044E+00         5.874715469644798E-08         2.403531818018223E-10
         1.000377535820007E+00        -6.221530384209473E-07         3.977662088594514E-10
         1.000129699707031E+00        -3.944286106616346E-07         3.398963610568018E-10
         9.996039271354675E-01         6.231591669347836E-07        -1.126997661859974E-10
         9.993620514869690E-01         1.162412104349642E-06        -3.197247189223873E-10
         9.997336268424988E-01         7.028494906080596E-07        -2.025943995898061E-10
         9.996826052665710E-01         9.689484841146623E-07        -3.216062416377952E-10
         9.992308020591736E-01         1.723532818687090E-06        -5.075978526392078E-10
         9.990103840827942E-01         2.135117938451003E-06        -6.334834323773464E-10
         9.990663528442383E-01         2.055739969364367E-06        -5.758821752799292E-10
         9.997197389602661E-01         1.295030529036012E-06        -4.939636477629961E-10
         9.998722672462463E-01         1.069936274689098E-06        -2.690382638892430E-10
         1.000226974487305E+00         3.707037024014426E-07        -2.122955977679197E-10
         9.997158050537109E-01         1.154869892161514E-06        -2.944795240988896E-10
         9.993959069252014E-01         1.883333084151673E-06        -6.626466042547463E-10
         9.995518326759338E-01         1.462733052903786E-06        -4.783514695461122E-10
         9.996149539947510E-01         1.278773993362847E-06        -4.017725874216893E-10
         9.997430443763733E-01         1.036056232806004E-06        -4.556818256062911E-10
         9.993234276771545E-01         1.411401626683073E-06        -4.231017203260024E-10
         9.994038343429565E-01         8.828128557070158E-07        -2.495779416467059E-10
         9.997516274452209E-01         2.941793013633287E-07        -1.211056949168565E-10
         9.981821775436401E-01         1.694944558039424E-06        -5.093884203333232E-10
         9.980307221412659E-01         1.920143631650717E-06        -6.081508630018106E-10
         9.988353848457336E-01         1.400341375301650E-06        -4.049790780502605E-10
         9.968889951705933E-01         3.931588707928313E-06        -9.149591639889820E-10
         9.982029795646667E-01         2.548906195443124E-06        -5.908628031292551E-10
         0.000000000000000E+00         0.000000000000000E+00         0.000000000000000E+00
         0.000000000000000E+00         0.000000000000000E+00         0.000000000000000E+00
         0.000000000000000E+00         0.000000000000000E+00         0.000000000000000E+00
         1.000257134437561E+00        -1.105403725887300E-06        -5.306957998052475E-11
         1.000433921813965E+00        -1.422682430529676E-06         3.632313338997051E-10
         1.000351905822754E+00        -4.065301482114592E-07        -3.126987835333495E-10
         1.000667095184326E+00        -1.376367549710267E-06         5.927362489721588E-10
         1.000540971755981E+00        -5.976233978799428E-07         9.918759607055461E-13
         1.000961065292358E+00        -1.142474957305240E-06         6.427394033670097E-11
         1.001124620437622E+00        -1.609075638953072E-06         4.191621008620139E-11
         1.001203298568726E+00        -1.666665070843010E-06         1.766485846488308E-10
         1.000846385955811E+00        -1.304801685364509E-06         1.280031358685818E-10
         1.000720977783203E+00        -9.261485161005112E-07        -8.834079301411890E-11
         1.000890254974365E+00        -9.843901125350385E-07        -1.318907656699952E-11
         1.001198649406433E+00        -1.412693450220104E-06         8.329324036049357E-11
         1.000844240188599E+00        -5.116422130413412E-07        -4.363547717600724E-11
         1.000794291496277E+00        -1.138280708801176E-06         1.140638000718397E-10
         1.000653624534607E+00        -8.776937647780869E-07         4.579480197830499E-11
         1.000649571418762E+00        -8.740719863453705E-07         8.596148098893863E-11
         1.000475883483887E+00        -4.107373001716041E-07         5.832962585161638E-11
         1.000317454338074E+00        -4.817346166419156E-07         3.383042734839137E-10
         1.000389575958252E+00        -7.248945053106581E-07         4.428171163084471E-10
         1.000196456909180E+00        -6.341954303934472E-07         4.894414318279416E-10
         1.000333666801453E+00        -5.616745397674094E-07         4.603127601310320E-10
         1.000432491302490E+00        -7.145973199840228E-07         2.870685078537605E-10
         1.000197529792786E+00        -3.938823454063822E-07         2.216451744363468E-10
         1.000128269195557E+00        -1.629468471264772E-07         3.010261762081967E-10
         1.000183105468750E+00        -2.159425491754519E-07         3.913845358916035E-10
         1.000195145606995E+00        -8.571224441311642E-08         2.791184124106838E-11
         1.000339865684509E+00        -4.247864353601472E-07         1.266808047351020E-10
         1.000259399414062E+00        -1.244439005176901E-07        -3.050582009223035E-11
         1.000119924545288E+00         2.323061636388957E-07         5.483551460128133E-11
         9.999371767044067E-01         3.858399111322797E-07         7.771682603019414E-11
         1.000007748603821E+00        -5.783372003520526E-08         2.924540054571878E-10
         9.998729825019836E-01         2.456998231537000E-07        -1.008972419502818E-10
         1.000287055969238E+00        -6.921816293470329E-07         2.556284073307324E-10
         1.000383138656616E+00        -8.736739118830883E-07         2.290916345515370E-10
         1.000666260719299E+00        -1.339624532192829E-06         3.261282910393959E-10
         1.000858545303345E+00        -1.416913846696843E-06         1.963457868514595E-10
         1.000750064849854E+00        -9.418447461939650E-07         1.594102905233541E-10
         1.000312685966492E+00        -4.239932138716540E-07         2.392094300418535E-10
         9.998750686645508E-01         2.392294220499025E-07         8.413569146936695E-11
         1.000123858451843E+00         3.779895152433710E-08        -1.097692839402420E-10
         9.999452829360962E-01         1.817400772097244E-07         1.271251715007082E-10
         9.998201131820679E-01         3.404548181151767E-07        -1.357602918972134E-10
         9.999430179595947E-01        -1.005820422506076E-07         9.869850076116293E-11
         9.996135234832764E-01         4.292776907277585E-07         6.862742318869408E-11
         9.991848468780518E-01         1.239544076270249E-06        -4.120617735914323E-11
         9.992756843566895E-01         8.802664410723082E-07         1.834939006295500E-10
         9.994089603424072E-01         7.859248398744967E-07         1.673593486017921E-10
         9.998310804367065E-01         3.687557352805015E-07        -2.423284142794024E-11
         9.999607801437378E-01        -1.787087811067067E-08         1.875152290387039E-11
         1.000135064125061E+00        -4.017983883386478E-07        -2.429656953059633E-12
         1.000296354293823E+00        -6.245882104849443E-07         1.534409960202154E-10
         1.000145792961121E+00        -5.278149615151051E-07        -3.925503325175050E-11
         1.000129222869873E+00        -3.600363527311856E-07        -1.377689073933652E-10
         1.000192403793335E+00        -1.404085452350046E-07        -1.667000704141941E-10
         9.999051094055176E-01         2.030057970614507E-07        -4.436811595204260E-12
         1.000298738479614E+00        -3.136496218303364E-07        -2.461975068257516E-11
         1.000501036643982E+00        -2.225321793503099E-07        -4.301541761675409E-11
         1.000692129135132E+00        -3.597537840960285E-07        -5.365439429555474E-12
         1.000347614288330E+00        -4.022823532068287E-07         1.938741528428878E-10
         1.000072479248047E+00        -1.687321429244548E-07         2.032144869046348E-10
         1.000247955322266E+00        -4.627449925465044E-07         1.164528889985306E-10
         1.000559210777283E+00        -1.131154135691759E-06         1.600878457574950E-10
         1.000231981277466E+00        -5.008875518797140E-07         5.520536111580654E-11
         9.998996853828430E-01        -9.010638279960403E-08         3.336757606331453E-11
         9.996525049209595E-01         7.579046155115066E-07        -2.320504621788899E-10
         9.997010231018066E-01         8.362194989786076E-07        -3.954044036635906E-10
         9.997960925102234E-01         2.830443577295227E-07        -3.363631873032347E-10
         9.996899366378784E-01         3.103624237610347E-07        -3.097185008460457E-10
         1.000100731849670E+00         1.062801331386254E-07        -1.674106547833176E-10
         1.000020265579224E+00         2.031518988587777E-07        -1.693413881342920E-10
         9.999595880508423E-01         2.435364478969859E-07        -6.281259540275030E-11
         1.000362515449524E+00        -1.840019905330337E-07        -4.690622196212857E-11
         1.000254273414612E+00         4.809116660453583E-08        -1.399439869542718E-10
         1.000013232231140E+00         4.490424032610463E-07        -2.396760290235278E-10
         9.998758435249329E-01         4.937209610034188E-07        -3.425590644479115E-10
         9.996943473815918E-01         3.322723785004200E-07        -1.133318716650678E-10
         9.997802972793579E-01         4.187431272839603E-07         3.731989023370019E-11
         9.999138116836548E-01         3.567196529274952E-07         3.981721896639812E-11
         1.000067710876465E+00        -1.418366508687541E-07        -3.734944645228389E-11
         9.998301267623901E-01         3.680976590203500E-07        -2.518277808505331E-10
         9.996473193168640E-01         4.057555713643524E-07         1.917285124067303E-12
         9.997254610061646E-01         2.227702964319178E-07         4.691817247215457E-12
         9.998760819435120E-01         1.945935537150945E-07         1.554180395491045E-10
         9.997124671936035E-01         3.565564838936552E-07         2.187640762985055E-10
         9.997422695159912E-01         5.626237111755472E-07         2.054193759537526E-10
         1.000270247459412E+00         6.224321680292633E-08         1.402602860245405E-11
         9.999900460243225E-01         5.387976216297830E-07        -9.213110135908309E-11
         1.000472187995911E+00        -2.962538871997822E-07        -9.372787962425022E-11
         1.000177741050720E+00        -1.557836526444589E-07        -7.754945297033800E-11
         1.000163197517395E+00        -7.010241915850202E-07         8.690611424944095E-11
         1.000186324119568E+00        -5.375945875130128E-07         7.600385598660608E-11
         1.000400662422180E+00        -4.872293288826768E-07         5.132478209796121E-12
         1.000224232673645E+00         7.772337085043546E-08        -9.190165989325649E-12
         1.000343799591064E+00        -6.861260004598080E-08        -8.359538061775140E-11
         1.000756144523621E+00        -1.009339143820398E-06         2.017549322053114E-10
         1.000928044319153E+00        -1.057466533893603E-06         2.893777439894052E-10
         1.000759840011597E+00        -1.064666321326513E-06         4.322319446803391E-10
         1.001000523567200E+00        -1.569074129292858E-06         4.539733589048467E-10
         1.000820517539978E+00        -1.293586592510110E-06         4.025925148809506E-10
         1.000711679458618E+00        -1.318510499004333E-06         5.306206585231621E-10
         1.000661253929138E+00        -1.120513161367853E-06         3.778966584100374E-10
         1.000377416610718E+00        -6.255409630284703E-07         2.202384524752077E-10
         1.000558376312256E+00        -8.118263394862879E-07         2.933789045034274E-10
         9.999822974205017E-01        -2.865972987819987E-07         2.835500723108453E-10
         1.000000715255737E+00        -3.888485480274539E-07        -6.707624039536952E-11
         9.996186494827271E-01         2.101604081872210E-07        -8.179337068758841E-11
         9.992887377738953E-01         5.595691732196428E-07        -1.523316750517978E-10
         9.992018938064575E-01         9.150893447440467E-07        -3.331790676686097E-10
         9.996173977851868E-01        -2.223064683448683E-07         5.841398198480618E-11
         9.999635815620422E-01        -9.488989007877535E-07         2.885815475472953E-10
         9.996372461318970E-01        -4.817367766918323E-07         2.348055083700729E-10
         9.996871352195740E-01        -1.784977854413228E-07         8.802079898284632E-11
         9.998695850372314E-01        -3.316607433134777E-07         7.610174990180241E-11
         9.999318122863770E-01        -4.565905555864447E-07         2.337997295764893E-10
         1.000089287757874E+00        -4.551814072328852E-07         1.680776073875734E-10
         9.998815059661865E-01        -2.267215961637703E-07         1.244789132881507E-10
         9.997305870056152E-01        -6.240671268642473E-08         1.381711273173991E-10
         9.996995329856873E-01         9.784855148353699E-10         9.017525615107047E-11
         9.996854662895203E-01         3.465847839834169E-07        -1.027199020287028E-10
         9.990149140357971E-01         1.402247676196566E-06        -3.135804671483555E-10
         9.992303848266602E-01         1.002897420221416E-06        -8.195438078173467E-11
         9.993953704833984E-01         7.820308383088559E-07        -1.172330010845712E-10
         9.997940063476562E-01         2.255324460520569E-07         9.791386451629691E-11
         9.998770356178284E-01         4.970856934960466E-07        -2.339774207715806E-10
         9.997907876968384E-01         6.706922590637987E-07        -3.146088667360658E-10
         9.996656179428101E-01         7.163708914958988E-07        -2.664985454536861E-10
         1.000039458274841E+00         3.784715261190286E-07        -2.275038074595059E-10
         9.997587800025940E-01         7.208470265140932E-07        -3.567533490844710E-10
         9.997470378875732E-01         7.169920763772097E-07        -1.811326089118381E-10
         9.995083808898926E-01         9.481580036663217E-07        -2.367758211718751E-10
         9.998667240142822E-01         3.430039043905708E-07        -5.883857290278627E-11
         9.997627139091492E-01         2.852827947208425E-07        -8.934556566808638E-11
         9.998065829277039E-01         4.029195821431131E-08         4.968158523466215E-11
         9.993744492530823E-01         5.171111752133584E-07        -1.081963199589531E-10
         9.994108080863953E-01         2.566661123637459E-07        -5.960162918761114E-11
         9.994482398033142E-01         1.631636195043029E-07        -5.612264472598660E-11
         9.995213747024536E-01         5.551804065362376E-07        -1.932720927744214E-10
         9.992777705192566E-01         1.229341364705760E-06        -4.108405837754958E-10
         9.994981884956360E-01         6.137905188552395E-07        -1.686848716264677E-10
         9.991747736930847E-01         7.460088227162487E-07        -1.415392109072044E-10
         9.989074468612671E-01         1.741189066706283E-06        -6.687266296268035E-10
         9.993560314178467E-01         5.586875317931117E-07         1.950730896260744E-11
         9.998947978019714E-01         9.739891737581274E-08        -2.868934777244814E-11
         9.996639490127563E-01         3.184105992204422E-07        -6.541022584682921E-11
         9.998458623886108E-01         2.055721370908259E-09         1.330289628453940E-10
         9.998272061347961E-01        -1.203824666617948E-07         5.145485166418995E-12
         9.994195103645325E-01         6.890757617838972E-07        -1.193428134094177E-10
         9.995340704917908E-01         1.593830631918536E-07        -3.685260083208242E-11
         1.000926613807678E+00        -3.218735855625710E-06         4.266787756446178E-10
         1.000446200370789E+00        -2.467428430463769E-06         5.947331516154009E-10
         1.000468254089355E+00        -2.304532017660677E-06         6.109565631184921E-10
         1.000347256660461E+00        -1.073691919373232E-06         3.061133013737560E-10
         1.000736117362976E+00        -1.633010015211767E-06         2.871547999383495E-10
         9.998521804809570E-01         2.696263550205913E-07         8.025128478417187E-11
         1.000060558319092E+00         3.540341575458683E-09         1.177293124099421E-10
         1.000884771347046E+00        -1.416670670550957E-06         2.696946832525526E-10
         1.000368595123291E+00         1.846773045599548E-08         8.163373622915859E-12
         1.000580787658691E+00        -5.573353973886697E-07         1.586503983741494E-10
         1.001073479652405E+00        -1.429075723535789E-06         3.453169694633829E-10
         1.000751733779907E+00        -1.099212227018143E-06         4.840800538197243E-10
         1.000191926956177E+00        -7.597671469738998E-08        -8.443986482253862E-11
         1.000121712684631E+00         1.458463145809219E-07        -1.947559752357719E-10
         1.000394940376282E+00         7.780457167427812E-08        -1.658126830283990E-10
         1.000573039054871E+00        -2.144991668728835E-07         1.078599848325368E-10
         1.000111222267151E+00         2.612701450743771E-07        -1.549582163973273E-11
         1.000183343887329E+00         5.845213877364586E-07        -7.726604078772681E-11
         1.000408291816711E+00         3.651516919944697E-07        -2.337244842109953E-10
         1.000582218170166E+00        -7.740339924566797E-07        -3.349210015227144E-12
         1.000230193138123E+00        -6.600626534236653E-08        -1.377295916205057E-10
         9.997884631156921E-01         7.024680712675035E-07        -2.336302817873559E-10
         1.000005245208740E+00         2.051418306336927E-07        -5.213603507248088E-11
         1.000114917755127E+00         1.551837982560755E-07         6.684977571502770E-11
         1.000372052192688E+00        -2.722770489071991E-07         1.470058935693075E-10
         1.000315308570862E+00         5.456120106828166E-07        -9.713783943876564E-11
         1.000369310379028E+00         3.241699744194193E-07        -4.394164546117629E-11
         9.999303817749023E-01         1.095487505153869E-06        -2.572043689141879E-10
         9.999427795410156E-01         1.001291366264923E-06        -3.618017274664709E-10
         9.998152852058411E-01         8.007991141312232E-07        -1.850669895109291E-10
         9.998279809951782E-01         5.538761342904763E-07        -2.064863696693564E-10
         9.999215602874756E-01         3.466430484877492E-07        -8.539614848590560E-11
         9.999526739120483E-01         2.997572323693021E-07        -1.130271987115350E-10
         1.000145792961121E+00         2.072863125590629E-08        -5.258673357877441E-11
         1.000069022178650E+00         7.372951671413830E-08        -1.366722620493865E-11
         9.995748996734619E-01         4.221021470129926E-07        -5.366285193986187E-11
