         1.000223636627197E+00         5.136691356710799E-07        -1.919879810685643E-10
         1.001526117324829E+00        -7.219819622150681E-07         1.799613374986464E-10
         1.001831889152527E+00        -1.007859054880100E-06         2.632175311045870E-10
         1.001581072807312E+00        -3.532108223680552E-07         4.711816006808256E-11
         1.001873016357422E+00        -6.760516839676711E-07         1.377170461003274E-10
         1.001875519752502E+00        -2.145807798115129E-07        -6.902451527013298E-11
         1.002279877662659E+00        -9.239523137694050E-07         2.397244902585527E-10
         1.001774549484253E+00        -8.082100748652010E-07         3.358603117842307E-10
         1.001287937164307E+00        -3.585453214327572E-07         1.413656969262433E-10
         1.000645279884338E+00         4.878030495092389E-07        -9.014310825561367E-11
         1.000347375869751E+00         6.162019872135716E-07        -1.235691410306217E-10
         1.000040531158447E+00         1.171229314422817E-06        -3.430491168909811E-10
         1.000108957290649E+00         7.622139150953444E-07        -2.172949875589580E-10
         1.000635504722595E+00        -4.960858390745670E-08         9.527054839475468E-11
         1.000585556030273E+00         5.554205273483603E-08         1.353493567224362E-10
         1.000239729881287E+00         7.715635774729890E-07        -1.369066110479267E-10
         9.997829198837280E-01         1.578018782311119E-06        -3.930699654652869E-10
         1.000281095504761E+00         9.225713597516005E-07        -2.475828431158789E-10
         1.000931262969971E+00         3.188798416431382E-07        -9.153413027540580E-10
         1.000441551208496E+00         6.868763193779159E-07        -2.766229745265747E-10
         1.000341653823853E+00         3.942706996440393E-07        -1.370455970928219E-10
         1.000400304794312E+00         3.019924861291656E-07        -2.219486573695750E-11
         1.000402569770813E+00         3.565132828953210E-07        -2.297704734810502E-11
         1.000580549240112E+00         2.837055887994211E-07         7.926982681372152E-11
         1.000882506370544E+00         1.002432910013340E-07         1.099893925937678E-10
         1.001271128654480E+00        -2.990404084357579E-07         1.727858828237672E-10
         1.001052379608154E+00         3.993449979589059E-07        -1.098497959262090E-10
         1.001053929328918E+00        -9.102144815642532E-08         9.666283051767977E-11
         1.000960946083069E+00         1.131528577502650E-07         6.296250326665032E-11
         1.000991702079773E+00         1.026424722994079E-08         1.394999948889364E-10
         1.000865578651428E+00         3.362380027738254E-07         2.256061309990898E-11
         1.001256465911865E+00        -3.640342356447945E-07         1.706808444579266E-10
         1.001478552818298E+00        -1.000177576315764E-06         1.837956176142796E-10
         1.001048922538757E+00        -5.051153380009055E-07         2.378674757164134E-10
         1.000877737998962E+00        -1.333504116018958E-07         4.256360194854203E-11
         1.000463247299194E+00         4.615563966581249E-07        -9.090626862384710E-11
         1.000233054161072E+00        -1.355694312366040E-08         6.256802020931929E-11
         1.000007033348083E+00        -2.923247564012854E-07         1.561667878346995E-10
         9.996150135993958E-01         1.171552455048186E-07         3.989110777813387E-11
         9.994417428970337E-01         2.860678876004386E-07        -1.608594681068443E-11
         9.992589950561523E-01         5.051829532476404E-08         4.646552240195057E-11
         9.992955327033997E-01        -1.512661214064792E-07         8.530550571483886E-11
         9.992843866348267E-01        -1.102173072808910E-07         1.299241790542194E-11
         9.990529417991638E-01         2.122054354458669E-07        -3.589533531522804E-11
         9.988681077957153E-01         3.378440851520281E-07        -1.200196331208048E-10
         9.990618228912354E-01        -1.101440005868426E-07        -1.434612428852233E-10
         9.994008541107178E-01        -3.257198102346592E-07        -3.669771517916809E-12
         9.993520975112915E-01        -1.474147381941293E-07        -1.027132406905551E-10
         9.994161725044250E-01        -3.583769228043820E-07         4.138682799248450E-11
         9.990897774696350E-01         5.715407169759601E-08        -6.447070655113407E-11
         9.987191557884216E-01         7.804792971910501E-07        -2.229750550863940E-10
         9.989621639251709E-01         2.476222391578631E-07        -1.291127066371800E-10
         9.991741180419922E-01        -1.785933250175731E-07         8.129703160664192E-11
         9.991223216056824E-01         2.351270467215727E-07        -2.818049960051638E-11
         9.989906549453735E-01         7.250984026541119E-07        -3.204029264125552E-10
         9.989120960235596E-01         1.840135013253530E-07        -5.276135084386624E-11
         9.988701939582825E-01         5.251636139291804E-07        -1.214895267720451E-10
         9.988594651222229E-01         9.380093501931697E-07        -3.390475955544758E-10
         9.990428090095520E-01         9.469295036979020E-07        -2.782194752359857E-10
         9.993686079978943E-01         5.511176937034179E-07        -1.920196085469783E-10
         9.994211792945862E-01         5.819427997266757E-07        -1.776872815550945E-10
         9.996279478073120E-01         1.850580417794845E-07        -7.109990374232211E-11
         9.998238682746887E-01         5.526605946215568E-07        -1.411674527274087E-10
         1.000190138816833E+00        -1.213263622901195E-08         4.745301374065036E-11
         1.000618219375610E+00        -4.277730170088034E-07         4.898955199839072E-11
         1.000248789787292E+00         2.641911294176680E-07        -1.400801835638177E-10
         1.000246286392212E+00         4.728587654767580E-08         1.080081440951730E-10
         1.000474214553833E+00         1.175795105723410E-07        -5.969992278309633E-10
         9.998695850372314E-01         2.888680228352314E-07         1.257320497716208E-10
         9.996501803398132E-01         8.990325000013399E-07        -1.747558070475108E-10
         1.000048995018005E+00        -7.556529624253017E-08         7.882923480639903E-11
         1.000362277030945E+00        -7.139762487895496E-07         2.711815216827063E-10
         1.000276207923889E+00        -9.532847116133780E-07         3.840383566711125E-10
         9.999742507934570E-01        -3.722207395639998E-07         1.780391528649616E-10
         9.991053938865662E-01         6.745725045220752E-07         6.162694920347489E-12
         9.991745948791504E-01         5.561786338148522E-07         2.014327420141182E-11
         9.991261363029480E-01         6.524501827698259E-07         1.854623919717024E-11
         9.994804263114929E-01         4.279962411146698E-07         1.517772990622390E-10
         9.997388124465942E-01        -1.896531216516451E-07         2.766382400931633E-10
         9.996733069419861E-01        -2.670827541351173E-07         2.585343328309619E-10
         9.996859431266785E-01         8.845498200571456E-08         4.767742797784358E-11
         9.994153976440430E-01         4.473662613690976E-07        -5.497239122242981E-11
         9.991414546966553E-01         6.330718633762444E-07        -1.124687287745729E-10
         9.989466071128845E-01         4.431118725278793E-07         1.186905088101931E-11
         9.991295933723450E-01        -3.168806017583847E-07         1.767881674386018E-10
         9.995145201683044E-01        -3.321898986996530E-07        -4.989198498783765E-10
         9.991596341133118E-01        -6.744331670915926E-08         1.744963062932925E-10
         9.990988969802856E-01         8.995843181480723E-09         1.242378838695046E-10
         9.991680383682251E-01        -1.380121688043801E-07         1.660574039386020E-10
         9.994152188301086E-01        -3.211042098882899E-07         2.131834014873490E-10
         9.995697736740112E-01         4.235605501889950E-07        -7.371008803325196E-10
         9.994436502456665E-01         5.352157472771069E-07         1.026024491063149E-11
         9.991772770881653E-01         1.326636834164674E-06        -2.335878712678152E-10
         9.993482828140259E-01         1.282780885958346E-06        -2.564418677408753E-10
         1.000475049018860E+00         3.908089922788349E-07        -8.497848535959918E-10
         9.999291896820068E-01         3.089463973537931E-07         1.238713298601368E-10
         1.000085353851318E+00         1.101293349847765E-07        -6.016804277031440E-10
         1.000506043434143E+00        -3.139416833164432E-07        -5.706793926307796E-10
         1.000445604324341E+00        -4.775284878633101E-07        -4.694040711683556E-10
         1.000455141067505E+00        -2.560935854489799E-07        -4.375394491162865E-10
         1.000466823577881E+00        -1.337298698445011E-07        -4.165949807344305E-10
         9.994863271713257E-01         1.001317514237599E-06         9.703515768677562E-11
         9.999356269836426E-01         4.341048338574183E-07         2.476839566778466E-10
         1.000044584274292E+00         1.738970922815497E-08         3.369322876256575E-10
         1.000081419944763E+00        -3.785354749652470E-07         4.867448111234296E-10
         1.000429153442383E+00        -1.108223955270660E-06         6.918547401646435E-10
         1.000303626060486E+00        -1.335180172645778E-06         8.560102071619724E-10
         1.000237345695496E+00        -1.256563109564013E-06         7.244996269584192E-10
         1.000137209892273E+00        -9.402385785506340E-07         5.921738099878837E-10
         1.000274419784546E+00        -9.153170026365842E-07         6.729796164783863E-10
         1.000360965728760E+00        -1.020979880195227E-06         7.146785385714338E-10
         1.000299215316772E+00        -3.201797653673566E-07         3.210165744338411E-10
         1.000806331634521E+00        -1.797476585352342E-07        -6.635406113453257E-10
         1.000555634498596E+00         3.976824984874838E-07        -6.653882445029069E-10
         1.000430583953857E+00         1.251562231630032E-08        -2.031164680893482E-10
         1.000041127204895E+00         7.321929729187104E-08         4.136730680226464E-10
         9.998844265937805E-01         3.511673796197101E-08         3.137026194366399E-10
         9.996372461318970E-01        -3.576295171114907E-07         3.738338805181485E-10
         9.994434118270874E-01        -2.326924430917643E-07         3.729369590921294E-10
         9.989449977874756E-01         5.043731334808399E-07         1.575372610140846E-10
         9.994082450866699E-01         2.066965691938094E-07        -5.321018070603145E-10
         9.997511506080627E-01        -2.027801997428469E-07        -4.715253743015069E-10
         9.994987845420837E-01         3.192574240529211E-07        -2.928359499332345E-10
         9.998598694801331E-01         1.208327802260101E-07        -6.303019217668293E-10
         1.000187277793884E+00        -1.601866195244384E-08        -6.943307595541626E-10
         1.000243067741394E+00         2.395762521700817E-07        -7.207903163219953E-10
         9.999144673347473E-01         1.862360647919559E-07        -3.251678371007927E-10
         1.000207781791687E+00        -3.303579774183163E-07        -5.202159258921313E-10
         9.996240735054016E-01         8.008254894775746E-07        -3.834237094491044E-10
         9.998783469200134E-01         6.402815984074550E-07        -5.445127682079942E-10
         1.000116705894470E+00         5.039533448325528E-07        -5.952039416889932E-10
         1.000217914581299E+00         4.003420528420065E-08        -4.575985701471552E-10
         9.994217753410339E-01         3.928990395252185E-07         2.102829438355158E-10
         9.991846084594727E-01         4.464617120447656E-07         1.983317815534846E-10
         9.992966651916504E-01         4.863646836383850E-07         2.053340691920980E-10
         9.992991089820862E-01         6.571818289557996E-07         1.501827273653333E-10
         9.995001554489136E-01         1.469771717665935E-07         3.437002071837725E-10
         9.998457431793213E-01         1.286876312178720E-07         3.681298876845318E-10
         1.000840544700623E+00        -8.046280441931231E-08        -3.994113650929165E-10
         1.000829219818115E+00         1.615094902263081E-07        -3.946219462314104E-10
         1.000517368316650E+00         1.891261973696601E-07         2.635666407346804E-10
         1.000728607177734E+00         5.196628194426012E-07        -5.178655837489998E-10
         1.000278353691101E+00         4.532859634309716E-07         2.072129551278223E-10
         1.001039505004883E+00        -3.599164131173893E-07        -3.533305037439760E-10
         1.000608563423157E+00        -5.411487791207037E-07         5.502863165141036E-10
         1.000100016593933E+00         1.174299342210361E-07         4.356679461636759E-10
         9.996328949928284E-01         2.869882393952139E-07         4.498705297173444E-10
         9.999570846557617E-01        -6.732431074851775E-07         6.848692724048533E-10
         1.000284790992737E+00        -5.588154294855485E-07        -1.749096284475726E-10
         1.000384092330933E+00        -9.983970130633679E-07        -5.686377584079860E-12
         1.000011682510376E+00        -4.621678328931011E-07         1.087135798050198E-10
         9.999297261238098E-01         8.369713810907342E-08        -4.073886783473313E-10
         9.998154640197754E-01        -8.609028157025023E-09        -5.484102061359408E-11
         9.997763037681580E-01         3.466818725428311E-07        -4.383523544149170E-10
         9.996948838233948E-01         6.747953307240095E-07        -3.903297962626340E-10
         9.996294975280762E-01         6.621936563533382E-07         1.852139691616017E-10
         1.000075697898865E+00         4.273435649793100E-07         2.904719242913245E-10
         1.000279664993286E+00        -9.945149770373973E-08         4.095002392734415E-10
         1.000527024269104E+00        -6.751471914867579E-07         6.020922094229775E-10
         1.000540018081665E+00        -1.701910861129363E-07         4.490592064865240E-10
         1.001189470291138E+00        -9.179397579828219E-07         7.466409157608211E-10
         1.001026988029480E+00        -5.224218853072671E-07         6.079273751069536E-10
         1.001062035560608E+00        -5.343963493942283E-07         5.850162576592766E-10
         1.000878691673279E+00        -2.104107181821746E-07         3.940104353894469E-10
         1.000679492950439E+00        -6.601169388886774E-07         4.740731140984167E-10
         1.000312805175781E+00        -8.982138410829066E-08        -3.806928661198583E-10
         1.000481247901917E+00        -3.994505846094398E-07        -3.262146386351361E-10
         1.000364422798157E+00         6.583400136150885E-08        -4.532204334051215E-10
         1.000845551490784E+00        -7.277114946191432E-07        -3.493553502043056E-10
         1.000688195228577E+00        -6.871561595289677E-07        -3.256299951903685E-10
         1.000487923622131E+00        -6.126062999101123E-07        -3.540967241644211E-10
         1.000584602355957E+00        -1.056549990607891E-06        -2.133950516292060E-10
         1.000435233116150E+00        -8.074165975813230E-07        -1.092981261052728E-10
         1.000204086303711E+00        -5.801768452329270E-07        -1.247475595045344E-10
         1.000028848648071E+00        -9.669370228948537E-07         6.773975269602772E-10
         1.000194072723389E+00        -4.772890065396496E-07        -2.003922028315230E-10
         1.000651836395264E+00        -1.267719085262797E-06         6.861944346070459E-10
         9.977090358734131E-01         2.842524736479390E-06        -4.753855642469773E-10
         1.001010537147522E+00        -7.550279406132177E-07        -2.746399496711405E-10
         9.996941089630127E-01         6.440707807087165E-07         1.124688328579815E-10
         1.002939701080322E+00        -3.011278749909252E-06         3.717162411209785E-10
         1.003717184066772E+00        -3.577468987714383E-06         5.493214771945532E-10
         0.000000000000000E+00         0.000000000000000E+00         0.000000000000000E+00
         0.000000000000000E+00         0.000000000000000E+00         0.000000000000000E+00
         0.000000000000000E+00         0.000000000000000E+00         0.000000000000000E+00
         9.991518259048462E-01         1.102143443176828E-07        -7.012043723442218E-10
         9.994349479675293E-01         3.226734008876520E-07        -9.735806605348785E-10
         9.991170167922974E-01         1.769630557646451E-06        -2.084791450585044E-09
         9.987294077873230E-01         1.949487341335043E-06        -1.779934977186315E-09
         9.986268877983093E-01         5.835071306137252E-07         2.911287599882684E-10
         9.990677833557129E-01        -1.130694116113773E-07         1.793939718996995E-10
         9.991675019264221E-01        -1.386115826562673E-07         6.107618577555485E-11
         9.994841814041138E-01        -4.055238207456568E-07         9.015055368877256E-11
         9.994332194328308E-01        -2.620464272240497E-07         1.205290173222906E-10
         9.997983574867249E-01        -6.919870543242723E-07         2.784722730186928E-10
         1.000187158584595E+00        -7.771107561893587E-07         2.309271801559376E-10
         1.000699162483215E+00        -1.133070895775745E-06         3.202400011836914E-10
         1.000740289688110E+00        -8.769419537202339E-07         3.397639669611152E-10
         1.000886082649231E+00        -1.046414467964496E-06         1.725264792140635E-10
         1.001210808753967E+00        -1.271658447876689E-06         2.454018932507296E-10
         1.000959038734436E+00        -5.261608180262556E-07         2.237001972549280E-10
         1.000576376914978E+00         5.946063552642045E-08         2.264028270415608E-10
         1.000190258026123E+00         3.357853017860180E-07         2.073784720335592E-11
         9.998027682304382E-01         4.919032789985067E-07         7.743759106171311E-11
         9.998381137847900E-01         5.340543793863617E-07        -3.264536210800806E-11
         9.999991655349731E-01         5.977294676995371E-07        -8.845907339960490E-11
         1.000357270240784E+00        -2.480860814557673E-07         7.328655737826040E-11
         1.000292062759399E+00        -2.059017845112976E-07         1.461312876260834E-10
         1.000369191169739E+00         4.745378490156327E-08         4.832189856585067E-11
         1.000526428222656E+00         2.284451454670489E-07        -4.666951287229937E-12
         1.001027345657349E+00        -3.521311384702130E-07         6.036069560844126E-11
         1.000897884368896E+00        -4.807819209418085E-07         1.203959015816380E-10
         1.000854730606079E+00        -4.372342630176718E-07         7.928822182146078E-11
         1.000739574432373E+00         5.173524275647878E-09        -6.910139127569437E-11
         1.000597357749939E+00         1.655888723917087E-07        -1.338063687628122E-10
         1.000661134719849E+00        -1.843533397050123E-07        -1.526409033891785E-11
         1.000690340995789E+00        -1.590943696783143E-07        -4.540407633202292E-11
         1.000330686569214E+00         1.979996540057982E-07        -1.202605515171484E-10
         9.999191164970398E-01         4.067800603024807E-07        -5.368332861577230E-11
         9.995166063308716E-01         8.311239980685059E-07        -1.126823911956620E-10
         9.996188282966614E-01         4.338359929079161E-07        -1.712164021672180E-10
         9.999964237213135E-01        -8.942924267785202E-08        -1.380574821130409E-11
         1.000314950942993E+00        -8.368912176592858E-07         2.182629771363409E-10
         1.000024318695068E+00        -4.661083607970795E-07         5.112154449760098E-11
         1.000348329544067E+00        -8.606601227256760E-07         6.997317655854651E-12
         1.000254273414612E+00        -8.012755756681145E-07        -9.631359598749611E-11
         9.998276829719543E-01         2.123713649382353E-08        -6.386820759762823E-12
         9.996818900108337E-01         3.988678258792788E-07        -1.955779010964775E-10
         9.994564056396484E-01         8.024292696973134E-07        -1.583246589387244E-10
         9.997023344039917E-01         2.948647477296618E-07         4.742018236414403E-11
         9.997769594192505E-01         3.645156994025456E-07        -1.394298426715679E-10
         9.997841715812683E-01         1.893495067406548E-07        -2.754507455460242E-10
         9.996451735496521E-01         6.096077527217858E-07        -2.424067058193202E-10
         9.995501637458801E-01         7.889913149483618E-07        -1.500486263017464E-10
         9.998218417167664E-01         4.300918021726829E-07        -7.836985921327866E-11
         9.995162487030029E-01         1.038880327541847E-06        -2.520676722905790E-10
         9.995393753051758E-01         6.164495403027104E-07        -2.634802098722133E-11
         9.997492432594299E-01         2.982496596359852E-07        -7.762651632603479E-11
         9.998465776443481E-01        -7.134937618502590E-08        -3.888640451310543E-11
         1.000160336494446E+00        -7.882051704655169E-07         7.410929508955277E-11
         9.999965429306030E-01        -2.073109897082759E-07        -2.768392459717717E-11
         9.996924996376038E-01         1.810253706935328E-07        -5.989700402331266E-11
         9.995213150978088E-01         1.884002358565340E-07         9.539703749172901E-11
         9.991660118103027E-01         8.183351951629447E-07        -1.836135549160289E-10
         9.991406798362732E-01         7.656159937141638E-07        -4.027752437130161E-11
         9.987301826477051E-01         1.558765916342963E-06        -1.989552411707507E-10
         9.988868236541748E-01         8.125301746986224E-07         6.961384160092399E-12
         9.991573691368103E-01         2.844083724085067E-07         8.576261228965265E-12
         9.996255040168762E-01        -6.147104727460828E-07         1.373870045506820E-10
         9.998162388801575E-01        -9.211093470185006E-07         1.497103552239309E-10
         1.000138044357300E+00        -9.617665455152746E-07         1.804384697212669E-10
         1.000378608703613E+00        -7.513082209698041E-07         7.159622200658688E-11
         1.000432252883911E+00        -3.086458377765666E-07         7.917411865010493E-11
         1.000298142433167E+00         2.146519051393625E-07        -9.737633616113683E-11
         9.999905228614807E-01         4.665979531637277E-07        -8.121137096139819E-11
         9.995887875556946E-01         7.228586014207394E-07        -7.454880462942626E-11
         9.995318651199341E-01         1.997440364220893E-07         6.949964215241522E-11
         9.992016553878784E-01         6.488190820164164E-07        -2.219792544222443E-10
         9.992657303810120E-01         3.367368890394573E-07        -1.481049449747474E-10
         9.993780255317688E-01         1.457009233263307E-07        -7.741618457401955E-11
         9.992898702621460E-01         3.890962432251399E-07        -1.188504988869354E-10
         9.997329711914062E-01        -1.635881474726375E-08         3.654510721817772E-12
         9.997152090072632E-01         2.915564323302533E-07        -4.288085511672257E-11
         9.999718666076660E-01        -2.696175158689584E-07         1.186305498279694E-10
         9.993681907653809E-01         6.613834671043151E-07        -3.589141484017233E-11
         9.997470378875732E-01         2.945896824257943E-07         5.206805125945735E-11
         9.999151825904846E-01         5.363609147934767E-07        -1.202140470502044E-10
         1.000281572341919E+00         7.677606106426538E-08         2.472775283146600E-11
         1.000427126884460E+00        -4.176191055194067E-07         3.079526633698038E-10
         1.000510096549988E+00        -6.551908313667809E-07         2.242599300705805E-10
         9.999462962150574E-01         4.171263867647212E-07        -2.295892087555984E-10
         9.997898340225220E-01         4.060751166434784E-07        -7.152678449529049E-11
         9.997382760047913E-01         6.031396537764522E-07        -2.369545670788398E-10
         1.000062704086304E+00        -4.134177444825582E-08         2.364515180874882E-11
         9.999726414680481E-01        -7.532845813784661E-08         7.523811434984040E-11
         9.998749494552612E-01        -3.235573942106384E-08         1.391410250906056E-11
         9.997891783714294E-01        -3.337929115332372E-07         7.457161624313535E-12
         9.995791912078857E-01         2.987002005738759E-07        -1.189651710475914E-10
         9.993055462837219E-01         7.349092356889741E-07        -6.299241683827006E-11
         9.995128512382507E-01         3.493277915822546E-07         8.358022932607179E-13
         9.991977214813232E-01         9.689166518001002E-07        -1.265424293128703E-10
         9.991788268089294E-01         1.089369447981881E-06        -1.878991406911723E-10
         9.993731379508972E-01         8.329022875841474E-07        -3.331799003358782E-10
         9.994025826454163E-01         5.458617806652910E-07        -2.113142993920292E-10
         9.994270205497742E-01         2.501754465811246E-07         6.259198888358686E-12
         9.993795156478882E-01         4.223960274885030E-07        -5.231524241589014E-11
         9.994418621063232E-01         5.652323693539074E-07        -2.424929146371824E-10
         9.997237324714661E-01         1.163402529869018E-07        -7.434070026235418E-11
         1.000046968460083E+00         1.439048702422951E-08        -3.502732479065962E-11
         1.000422954559326E+00        -4.190180504792806E-07         8.848165949926212E-11
         1.000739097595215E+00        -9.208516758008045E-07         1.685983436194860E-10
         1.000174283981323E+00        -1.520147230316127E-09        -2.360143747104360E-10
         1.000112295150757E+00        -7.070154879329493E-07         4.841724937643122E-11
         9.997722506523132E-01        -3.069415583922819E-07        -2.303557518346100E-11
         9.996348619461060E-01        -4.241922511027951E-07         2.000262039336675E-10
         9.992882013320923E-01        -1.412679750956158E-07         1.648082503802328E-10
         9.993138909339905E-01        -5.169311378949715E-08         3.792574934657900E-11
         9.994456171989441E-01        -3.983221574799245E-07         4.475988676921894E-11
         9.994884729385376E-01        -2.783201864531293E-07        -1.120183806824215E-10
         9.999617338180542E-01        -5.463891739054816E-07        -6.086580545128228E-11
         9.998841881752014E-01        -2.975685617911950E-07        -9.188770404289226E-12
         9.998797774314880E-01        -1.227137005344048E-07         1.146335248947139E-10
         1.000205755233765E+00        -1.668141180743987E-07        -4.313656029597546E-11
         1.000377416610718E+00         1.040631971704897E-07        -1.649179265372780E-10
         1.000706434249878E+00        -1.473722477385309E-07        -6.446658484815515E-11
         1.001049637794495E+00        -3.727908790551737E-07        -7.935630624844592E-11
         1.001085638999939E+00        -1.557143605168676E-07        -3.795951400431541E-11
         1.000901222229004E+00         1.684581718564004E-07        -3.695256448922601E-13
         1.000459671020508E+00         5.533252647182962E-07        -6.010076464280090E-11
         1.000282049179077E+00         6.264870648919896E-07        -1.140716340830572E-10
         1.000127434730530E+00         4.115869955967355E-07        -6.334140156827317E-11
         9.997709393501282E-01         7.650471616216237E-07        -9.505537329479452E-11
         9.998268485069275E-01         7.035134217403538E-07        -1.919794601068503E-10
         9.998567104339600E-01         6.536982937177527E-07        -1.323515602669190E-10
         9.999911189079285E-01         6.309526838776947E-07        -1.378741426583119E-10
         9.999080300331116E-01         1.048690819516196E-06        -2.308954000218577E-10
         9.999924302101135E-01         1.066989057108003E-06        -4.407800513472893E-10
         1.000428438186646E+00        -1.571633845287579E-07        -1.057605461540767E-10
         1.000381946563721E+00        -1.598803294200479E-07        -5.577484654684106E-11
         1.000363111495972E+00        -3.975726201588259E-07        -4.694337280009009E-11
         1.000009655952454E+00         4.186401270089846E-07        -2.168685370174117E-10
         1.000160932540894E+00        -5.108119012220413E-07         2.007388699709622E-10
         9.994816780090332E-01         4.127902286654717E-07         5.160137248050312E-11
         9.993403553962708E-01         6.475240752479294E-07        -2.860444173191645E-11
         9.995453953742981E-01         5.584517452916771E-07        -6.766877336250587E-11
         9.997522830963135E-01        -1.518712622328167E-07         2.657737085964840E-10
         9.998818039894104E-01        -5.709660513275594E-07         1.516538422619007E-10
         9.997527003288269E-01        -2.563081125117606E-07         2.469743506927635E-11
         1.000102162361145E+00        -4.637596475731698E-07         4.127564956490914E-11
         1.000232219696045E+00        -3.472526657333219E-07         3.452466437736668E-11
         1.000304818153381E+00        -3.631835738815425E-07         4.407854983790038E-11
         1.000388741493225E+00        -4.657486272208189E-07         1.705524194095531E-10
         1.000497221946716E+00        -4.438136329554254E-07         2.090643456964525E-11
         1.000421404838562E+00        -3.651167332918703E-07         5.411696091250917E-11
         1.000154614448547E+00         1.578324031470402E-07         5.735228264525105E-11
         9.996942281723022E-01         4.048820017032995E-07        -2.480066499388478E-11
         9.997947216033936E-01         3.818387313003768E-07        -6.794206169891126E-11
         9.997708201408386E-01         1.701127985143103E-07         2.566514362145611E-11
         9.996687173843384E-01         3.002867003942811E-07         1.474297073311703E-11
         9.996566176414490E-01         1.133607252512547E-08         5.681995846051890E-11
         9.994425773620605E-01         3.345378445374081E-07        -8.423053227124555E-11
         9.993814229965210E-01         9.781388143892400E-07        -2.539786159161395E-10
         9.997600913047791E-01         3.707739892888640E-07        -7.412510882875978E-11
         9.997243285179138E-01         1.590770608572711E-07        -1.684078015928847E-10
         9.999590516090393E-01        -4.871937449024699E-07         1.232314597587880E-11
         1.000322222709656E+00        -8.690586241755227E-07         7.665354462282892E-11
         1.000346302986145E+00        -6.976286499593698E-07         1.356369599969653E-10
         1.000276565551758E+00        -9.105900176109571E-07         1.694900886306527E-10
         9.999486207962036E-01        -1.087647305553219E-07         2.722553953116158E-11
         1.000007867813110E+00        -7.798306000950106E-08         2.007999044817410E-10
         9.999138712882996E-01         2.544306312302069E-07         1.673305799476665E-10
         9.994529485702515E-01         1.255484903595061E-06         2.495576315042491E-11
         9.997151494026184E-01         9.718968385641347E-07         5.040347653140209E-11
         9.994613528251648E-01         1.402898078595172E-06        -6.989529788281601E-11
         9.994305968284607E-01         1.181126094706997E-06        -2.726958589494011E-11
         9.997788071632385E-01         5.349900789042294E-07         1.261850693379252E-11
         9.997894167900085E-01         4.445538195341214E-07         5.307580763780351E-11
         9.992710351943970E-01         1.240602500729437E-06        -1.506820085372951E-10
         9.990741014480591E-01         1.265039145437186E-06         8.363599743321792E-12
         9.986462593078613E-01         1.749339958223572E-06        -1.440665226004612E-10
         9.983664155006409E-01         1.887818484647141E-06        -3.349269212665762E-12
         9.982158541679382E-01         1.991653107324964E-06        -2.021501160909267E-10
         9.985525012016296E-01         1.685240590632020E-06        -1.278806782689657E-10
         9.979449510574341E-01         2.133112275259919E-06        -1.980571401327680E-10
         9.988545179367065E-01         1.488255634285451E-06        -1.551603706628768E-10
         9.992588758468628E-01         8.000124580576085E-07         2.295979162000861E-12
         0.000000000000000E+00         0.000000000000000E+00         0.000000000000000E+00
         0.000000000000000E+00         0.000000000000000E+00         0.000000000000000E+00
         0.000000000000000E+00         0.000000000000000E+00         0.000000000000000E+00
         0.000000000000000E+00         0.000000000000000E+00         0.000000000000000E+00
         1.001357793807983E+00        -3.935353561246302E-06         1.812459071715011E-09
         1.001019120216370E+00        -2.547759322624188E-06         1.017156470162206E-09
         1.001526236534119E+00        -5.046635124017484E-06         3.351162680687025E-09
         1.000841736793518E+00        -1.346540784652461E-06        -4.745769333069916E-10
         1.000672101974487E+00        -8.233815833591507E-07        -2.656613817819675E-10
         1.000956773757935E+00        -7.772600838507060E-07        -4.586456214816792E-10
         1.000807285308838E+00        -6.263391014726949E-07         1.837117818981326E-10
         1.000949859619141E+00        -6.957866958146042E-07         1.821754969100198E-10
         1.001151680946350E+00        -3.814266165136360E-07        -4.637019102027296E-10
         1.001318335533142E+00        -9.232742286258144E-07        -3.795648240156879E-10
         1.000922441482544E+00        -6.684024924652476E-07         2.639981844243522E-10
         1.001063108444214E+00        -6.296524475146725E-07        -3.820886940175683E-10
         1.001290917396545E+00        -1.126618485614017E-06        -3.077211263580182E-10
         1.001272916793823E+00        -1.105855062633054E-06        -2.961813294621862E-10
         1.000465393066406E+00        -4.936066488880897E-07         1.536947791258569E-10
         1.000413179397583E+00        -5.478671596392815E-07         1.742142818894621E-10
         9.999977946281433E-01         1.628953896215535E-07        -1.136862999573385E-11
         9.996344447135925E-01         1.313550370696248E-07         2.366553307486807E-11
         9.995627403259277E-01         1.053537701523055E-09         9.577467985355526E-11
         9.993498921394348E-01        -4.189055502479277E-08         2.359825668207804E-10
         9.992503523826599E-01         2.630825406413351E-07         1.857956427597784E-10
         9.995380640029907E-01         3.824862631063297E-07        -4.930041375139638E-10
         9.998621344566345E-01         4.314489956414036E-07        -5.224170540607531E-10
         1.000129222869873E+00         7.232906540366457E-08         2.358068185159823E-10
         1.000324010848999E+00        -1.347898432868533E-07         3.602259879276204E-10
         1.000622987747192E+00        -5.979019306323607E-07         4.304288037104698E-10
         1.000172972679138E+00        -2.981049078698561E-07         2.943879306993580E-10
         9.999403357505798E-01        -7.080038813001011E-07         4.409108356195901E-10
         9.994553923606873E-01        -2.877685005842068E-07         3.004645698911901E-10
         9.996983408927917E-01        -5.425044378171151E-07         3.382969737675268E-10
         9.997430443763733E-01        -4.732023057840706E-07         3.134928705517126E-10
         9.997979998588562E-01        -2.705471047192987E-07         2.882792338176898E-10
         1.000104308128357E+00        -4.275495371075522E-07         3.977069784610876E-10
         1.000295281410217E+00        -1.382677652372877E-07         3.167753281907437E-10
         1.000337004661560E+00         2.827872833677247E-07        -4.003600506674587E-10
         1.000751733779907E+00        -3.682154385842296E-07        -2.697551071406679E-10
         1.000671744346619E+00        -2.158725749268342E-07        -2.526427678173349E-10
         1.000735759735107E+00        -2.096079469993128E-07        -3.962317696171169E-10
         1.000156998634338E+00         1.040640640326274E-07         2.165531781672669E-10
         9.999848008155823E-01         2.667619014573575E-07         1.970123092442932E-10
         1.001016378402710E+00        -6.156990366434911E-07        -3.037431139940594E-10
         1.001170635223389E+00        -7.967217356963374E-07        -2.902307005836491E-10
         1.000945568084717E+00        -6.514616046615629E-08        -4.013160914695391E-10
         1.000809192657471E+00        -4.017721835225530E-07         3.787795910259462E-10
         1.000618934631348E+00        -6.059980250938679E-07         4.891680949192789E-10
         1.000278592109680E+00        -3.065216560571571E-07         3.974495732528283E-10
         1.000227689743042E+00        -3.882959447309986E-07         3.713094831603314E-10
         1.000342845916748E+00        -4.434210723047727E-07        -2.134826621036368E-10
         1.000290036201477E+00        -7.324295125954450E-08        -3.813147297915265E-10
         9.999845027923584E-01         7.579581051686546E-08        -4.021578348112342E-10
         1.000116467475891E+00         4.913895281788427E-07        -4.959176957974876E-10
         9.999845027923584E-01         4.194129417101067E-07         9.341877271751287E-11
         1.000180602073669E+00         7.269558182088076E-07        -5.530345070781095E-10
         1.000100135803223E+00         3.241288197841641E-07         6.747596231759800E-11
         9.997063279151917E-01         5.845060400133661E-07         5.461033361631173E-11
         1.000109076499939E+00        -4.978270595756840E-08        -2.558759037984970E-10
         1.000168800354004E+00         1.230300341603652E-07        -5.399438118836031E-10
         9.998244643211365E-01         8.432006666225789E-07        -7.061475848502141E-10
         9.996520876884460E-01         8.420955737165059E-07        -4.970440170559698E-10
         9.995344281196594E-01         1.025383653541212E-06        -5.437451600087684E-10
         9.990950226783752E-01         9.125691917688528E-07         6.940781976938482E-11
         9.989478588104248E-01         4.495360599321430E-07         1.380538461326353E-10
         9.986916780471802E-01         4.712743759682780E-07         1.360936502381449E-10
         9.989275932312012E-01         3.396719421289163E-07         1.569110952281960E-10
         9.990490078926086E-01         3.681539624267316E-07         1.152164197382177E-10
         9.991654753684998E-01         6.682830075988022E-07         9.235608111612947E-11
         9.996780753135681E-01         2.698888295071811E-07        -5.772470834664034E-10
         9.998676180839539E-01         5.124614688156726E-08        -5.376666334377944E-10
         1.000066399574280E+00        -4.351713869255036E-07         2.287485062479888E-10
         1.000160694122314E+00        -1.105310687421479E-07         2.034189899857708E-10
         1.000218391418457E+00        -1.929548432144657E-07         2.524848941032332E-10
         9.997873306274414E-01         3.569855948626355E-07         1.178017267067233E-10
         9.997932314872742E-01        -2.233055340639112E-07         2.776656127245758E-10
         9.997105598449707E-01         5.825820181826202E-08         2.021586231748529E-10
         9.998848438262939E-01         1.435648044889604E-07         9.295543501597336E-11
         1.000210881233215E+00        -1.661392445839738E-07         1.507417940471711E-10
         1.000258684158325E+00        -2.675090797765733E-07         1.997536719366977E-10
         1.000283837318420E+00        -5.121202661939606E-07         2.200409021657634E-10
         9.998340606689453E-01         1.660026924810154E-07         7.426582959713102E-11
         9.997068047523499E-01         3.045874450435804E-07        -5.734248631483752E-10
         9.996612071990967E-01         4.091785399396031E-07        -5.908702416235201E-10
         9.994060993194580E-01         5.765261903434293E-07         4.454288327071509E-11
         9.999644160270691E-01         9.056437733079292E-08         3.586150126855259E-11
         9.999538660049438E-01         3.331173559217859E-07         7.325840628569225E-11
         1.000270366668701E+00         3.466504665539105E-07        -5.570548466948821E-10
         9.996391534805298E-01         6.081132823965163E-07        -4.937182607189783E-11
         9.993432760238647E-01         3.866249755901663E-07         4.889106827721257E-11
         9.994079470634460E-01         7.020924499556713E-07        -2.461252902874467E-11
         9.996808767318726E-01         5.207166395848617E-07        -8.497470782575789E-11
         9.996773600578308E-01         4.374476247903658E-07         3.427720954296554E-11
         9.996636509895325E-01         3.471877221272734E-07         6.953294884315397E-11
         9.997959733009338E-01         1.887459433191907E-07         1.200501226206185E-10
         9.999760389328003E-01         7.611725294509597E-08         1.271241584221983E-10
         9.996609091758728E-01         4.706201650606090E-07         3.111042673475950E-12
         9.995096921920776E-01         3.405316206794851E-08         1.168896784919937E-10
         9.997788071632385E-01         1.666688547174999E-07         9.061171951652014E-11
         1.000357985496521E+00        -2.163268959520792E-07        -3.475550403031491E-10
         1.000613331794739E+00        -2.521167346003494E-07        -4.907873552006947E-10
         1.000428676605225E+00        -6.905741400942134E-08         1.762027884710804E-10
         1.000311613082886E+00         2.530679807932756E-07         2.778874005904264E-11
         1.000787615776062E+00        -3.199073717041756E-07        -3.658575664644559E-10
         1.000738739967346E+00        -2.774304164177011E-07        -4.539688902571726E-10
         1.000639200210571E+00        -4.244348303927836E-07        -4.609448656101023E-10
         0.000000000000000E+00         0.000000000000000E+00         0.000000000000000E+00
         9.995869398117065E-01        -6.583908884749690E-08         1.821110762190159E-10
         9.996152520179749E-01        -1.552778599034355E-07         1.616960731976036E-10
         9.991623759269714E-01         1.781621250529497E-07         8.841380405577581E-11
         9.989820122718811E-01         4.443683678800880E-07        -2.160731489564416E-11
         9.989566206932068E-01         6.626640356444113E-07        -7.438348548216567E-11
         9.992797970771790E-01         1.071013912223862E-06        -6.554115028478691E-10
         9.994891881942749E-01         8.412241072619508E-07        -1.122551704368924E-10
         9.993711709976196E-01         6.883318519612658E-07        -3.368270592996048E-11
         9.994508624076843E-01         3.880354881857784E-07         4.248276036511456E-11
         9.996519088745117E-01         1.957506015060062E-07        -2.366610900306210E-11
         9.995335936546326E-01         2.800209983888635E-07         7.950112790311437E-11
         9.997483491897583E-01        -5.414121062585764E-08         1.502120094976078E-10
         9.998115897178650E-01        -2.033769845866118E-07         1.132768462364098E-10
         9.997729659080505E-01        -9.530763378506890E-08         1.406338240306226E-10
         9.998280405998230E-01        -3.778732207138091E-07         1.476597455418727E-10
         9.996251463890076E-01         3.152025556119042E-07        -6.783931055798220E-11
         9.997027516365051E-01         7.561039865322527E-07        -6.904971039389807E-10
         9.998197555541992E-01         7.850749739191087E-07        -6.799446006233723E-10
         1.000014901161194E+00         7.759886102576274E-07        -6.715618616759400E-10
         1.000226020812988E+00        -9.960127300701060E-08         1.679277272792490E-10
         1.000386476516724E+00        -7.264835062414932E-07         3.505335188780379E-10
         1.000516533851624E+00        -5.725459573113767E-07         3.686361216281853E-10
         1.000401496887207E+00        -1.293087876774734E-07         2.158278694652793E-10
         1.000158190727234E+00        -2.119869151329112E-07         1.949327643746557E-10
         9.999304413795471E-01        -1.880284514754749E-07         1.906403646056987E-10
         9.999628067016602E-01        -3.361445237715088E-07         1.619565453969685E-10
         1.000082492828369E+00        -1.550566963715028E-07         6.134092539467062E-11
         9.999944567680359E-01        -7.719546601947513E-08         7.692785991553208E-11
         9.999365210533142E-01        -1.456750737816037E-07         7.808940993836444E-11
         9.996896386146545E-01         4.849691777053522E-07        -7.651147770904032E-11
         9.997696280479431E-01         2.612239313748432E-07        -2.999956533189518E-11
         9.999197721481323E-01         6.069529945307295E-08         7.878324381760393E-11
         9.999083280563354E-01         2.264683729436001E-07        -2.062991617812759E-11
         9.998251199722290E-01         2.629523123687250E-07        -4.743567344478450E-11
         9.994602799415588E-01         4.449606194611988E-07        -5.173832889893148E-11
         9.994378685951233E-01         1.115339927082459E-07         2.392064497869217E-11
         9.990409016609192E-01         7.868321176829340E-07        -2.404218768514710E-10
         9.992511868476868E-01         2.451655802815367E-07        -7.124786177703513E-11
         9.996749758720398E-01        -2.929667743956088E-07         1.593799675569940E-10
         9.996088147163391E-01        -3.318376968763914E-07         5.569827238316449E-11
         9.997885823249817E-01        -2.933679184025095E-07         1.159735640854365E-10
         9.999995231628418E-01        -6.507300298608243E-08        -2.273337247615803E-11
         1.000398516654968E+00        -5.134259026817745E-07         1.796908594142721E-10
         1.000168800354004E+00        -3.607546927852923E-09        -3.231832162997605E-11
         1.000102043151855E+00        -5.213840026385697E-08        -2.427872486387983E-11
         1.000308513641357E+00        -2.683100888134504E-07         6.867674484656305E-11
         1.000593662261963E+00        -5.280451205180725E-07         1.273631894394001E-10
         1.001029610633850E+00        -1.010589699035336E-06         2.076148836183123E-10
         1.000732302665710E+00        -8.677931759848434E-07         2.527780762484610E-10
         1.000541448593140E+00        -1.102678425013437E-06         3.712489204943381E-10
         1.000352621078491E+00        -1.129399265664688E-06         3.835447792699398E-10
         1.000620245933533E+00        -1.443814994672721E-06         4.228052352672762E-10
         1.000649690628052E+00        -1.567551407788415E-06         4.911739348578692E-10
         1.000875353813171E+00        -1.739982394610706E-06         5.547191039845245E-10
         1.000927567481995E+00        -1.454132984690659E-06         3.891159616742357E-10
         1.000709414482117E+00        -7.674359494558303E-07         2.964733736288139E-10
         1.000731348991394E+00        -8.030188496377377E-07         3.470829734730785E-10
         1.000496029853821E+00        -5.731786814067164E-07         2.903959017697133E-10
         1.000443458557129E+00        -1.818294492750283E-07        -4.522099084081077E-10
         1.000116229057312E+00        -3.412769160604512E-07         2.189484288317445E-10
         1.000278592109680E+00        -4.981781671631325E-07         2.961071110529900E-10
         1.000364780426025E+00        -7.529608865297632E-07         3.814261406720476E-10
         1.000330567359924E+00        -4.482079702938790E-07         1.751584710607546E-10
         1.000235199928284E+00        -4.737617587124987E-07         2.282305316958499E-10
         1.000388264656067E+00        -4.700260660683853E-07         2.318706476822641E-10
         1.000445246696472E+00        -3.648190727290057E-07         2.593079362345208E-10
         1.000226974487305E+00        -3.787764626395074E-07         1.910473029775872E-10
         1.000584244728088E+00        -1.245455109710747E-06         4.457550439873614E-10
         1.000638365745544E+00        -1.227565576300549E-06         4.759428406941879E-10
         1.000758290290833E+00        -1.386702138006513E-06         4.550297083572019E-10
         1.001204252243042E+00        -1.849062755354680E-06         6.041291356062573E-10
         1.001278281211853E+00        -1.303947328779032E-06        -1.500905233431382E-10
         9.982529878616333E-01         1.844022335717455E-06        -3.735956266570639E-10
         9.992566108703613E-01         6.213213055161759E-07        -1.329461124521814E-10
         1.000043988227844E+00        -3.040698288714339E-07         1.244382374920860E-10
         1.001645207405090E+00        -2.336470515729161E-06         1.150265854787946E-10
         1.000292420387268E+00        -1.273594989470439E-06         4.914789686338850E-10
         0.000000000000000E+00         0.000000000000000E+00         0.000000000000000E+00
         0.000000000000000E+00         0.000000000000000E+00         0.000000000000000E+00
         0.000000000000000E+00         0.000000000000000E+00         0.000000000000000E+00
         0.000000000000000E+00         0.000000000000000E+00         0.000000000000000E+00
         9.985328316688538E-01         4.607584742188919E-06        -3.114680957594373E-09
         9.994890689849854E-01         2.402533255008166E-06        -2.048566427603760E-09
         9.989288449287415E-01         3.911670773959486E-06        -2.617255745462899E-09
         9.994838237762451E-01         2.156286882382119E-06        -1.472920452272319E-09
         9.996793866157532E-01         4.526532393356320E-07         4.509932358121027E-11
         9.987128376960754E-01         2.086707809212385E-06        -3.984184093752674E-10
         9.994987249374390E-01         7.213700996544503E-07        -7.900312348763094E-11
         9.997279644012451E-01         5.596402843366377E-07        -1.109449199176993E-10
         9.997900128364563E-01         1.448933062420110E-07         9.844453724427993E-11
         9.990770220756531E-01         1.583531457072240E-06        -2.493494022370868E-10
         9.994670152664185E-01         9.024765290632786E-07        -2.169083662684201E-11
         9.997444748878479E-01         6.036491981831205E-07        -1.209901206999930E-10
         1.000049233436584E+00        -4.617383453364710E-08        -2.698653973898235E-11
         9.996799230575562E-01         7.838299893592193E-07        -3.082238353435685E-10
         9.996168017387390E-01         1.091760395866004E-06        -4.328632452477166E-10
         9.997656941413879E-01         9.788767556528910E-07        -2.486398309464732E-10
         1.000107288360596E+00         4.225817633596307E-07        -5.414505649392609E-11
         1.000150203704834E+00         6.960744940442964E-07        -2.207890398286949E-10
         1.000643014907837E+00        -5.581566711043706E-07        -2.558384060158403E-12
         1.000509738922119E+00        -1.081937853086856E-06         3.195146647261282E-10
         1.000095844268799E+00        -2.583630021035788E-07         6.523350609688450E-11
         1.000370502471924E+00        -4.799267685484665E-07         1.813133670980349E-10
         1.000196933746338E+00         3.622957649440650E-07        -2.249352093475210E-10
         9.998919367790222E-01         1.041431687553995E-06        -2.307768698361912E-10
         9.998695254325867E-01         1.190722514365916E-06        -3.387669311738506E-10
         9.995955228805542E-01         1.666748403295060E-06        -5.086736587500695E-10
         9.998482465744019E-01         1.041728864947800E-06        -1.774276836563615E-10
         1.000200152397156E+00         1.078090804185194E-06        -4.207984793946906E-10
         1.000792264938354E+00        -3.425107308885345E-07        -1.333464068331569E-11
         1.000233888626099E+00         2.468613615747017E-07        -3.721499844400178E-11
         1.000547051429749E+00        -6.448725571317482E-07         7.587849792933810E-11
         1.000426530838013E+00        -5.799951736662479E-07         2.404750565343505E-10
         1.000164747238159E+00         1.183759010814356E-07        -1.233517316068244E-10
         1.000028848648071E+00         4.619940341399342E-07        -2.325460102259314E-10
         9.996596574783325E-01         8.490080745104933E-07        -3.339467036234112E-10
         9.999021291732788E-01         2.396976412910590E-07        -1.282372263933240E-10
         9.996929168701172E-01         7.968836257532530E-07        -3.125173730911257E-10
         1.000457525253296E+00        -1.367941081298341E-06         3.832209272136566E-10
         1.000444769859314E+00        -8.143687182382564E-07         1.094618284902538E-10
         1.000861763954163E+00        -1.433963007002603E-06         3.684691718408573E-10
         1.000662207603455E+00        -1.146884756053623E-06         3.609553489436479E-10
         1.000118851661682E+00        -3.011823253018520E-07         5.612811257438288E-11
         1.000186681747437E+00        -1.276163459351665E-07        -1.347440492516228E-10
         1.000294446945190E+00         2.126885902953290E-07        -2.213930150318788E-10
         1.000460863113403E+00         5.231689215179358E-08        -2.017880307292330E-10
         1.000434756278992E+00         1.179558779540457E-07        -8.797498146639882E-11
         1.000220775604248E+00        -3.018412826349959E-07         2.174660174159015E-10
         1.000294923782349E+00        -3.008668443271745E-07         1.320578230101788E-10
         1.000714182853699E+00        -9.919252761392272E-07         4.983870538488588E-10
         1.000542402267456E+00        -2.255950164453679E-07         1.545305827743704E-10
         1.000268578529358E+00         4.640453710180736E-07        -8.555881003680099E-11
         1.000313401222229E+00         6.916448000993114E-07        -2.405886601053453E-10
         1.000152468681335E+00         7.133493227229337E-07        -2.226699935548027E-10
         9.999318718910217E-01         1.075077534551383E-06        -3.298555595332431E-10
         9.999349117279053E-01         9.884277005767217E-07        -2.242219188097749E-10
         1.000001668930054E+00         1.700572624940833E-07        -9.859960937996792E-12
         9.998168945312500E-01         3.656982414668164E-07        -1.717317954508246E-10
         9.996709227561951E-01         1.198647652245199E-07         2.025717961429141E-11
         9.997919201850891E-01        -2.001860224254415E-07        -3.484991462077147E-11
         9.997103214263916E-01         2.408378350082785E-07        -2.457367920261078E-10
         9.999341368675232E-01         2.521907447317062E-07        -3.488586086675127E-10
         1.000142574310303E+00        -9.339503037608665E-08        -2.005336730004359E-10
         1.000203609466553E+00         2.837475960859592E-07        -2.572486390572948E-10
         9.999369382858276E-01         4.787693228536227E-07        -1.635823837498052E-10
         1.000173211097717E+00        -4.707195273567777E-07         1.117827427843388E-10
         9.996657371520996E-01         1.037832817019080E-06        -5.389094170915598E-10
         1.000227928161621E+00        -1.069903703410091E-07        -5.829209337449015E-11
         9.992834329605103E-01         1.686488417362852E-06        -3.711236595815848E-10
         9.997781515121460E-01         9.349218998977449E-08         4.262795325060686E-11
         9.988470077514648E-01         1.578468982188497E-06        -3.278755877911266E-10
         9.989882111549377E-01         8.392047448069206E-07         2.114437271105718E-11
         9.989477992057800E-01         1.043616521201329E-06        -3.022932459906258E-10
         9.989266991615295E-01         8.262699111583061E-07        -1.678104183389095E-10
         9.989789128303528E-01         9.409013159711321E-07        -1.948419064978779E-10
         9.998766183853149E-01        -6.647774597468015E-08         3.554090008406341E-11
         1.000057816505432E+00         5.437905201688409E-07        -2.101877838445176E-10
         1.000502824783325E+00        -6.365426088450477E-07         2.076298438735691E-10
         1.000162482261658E+00         3.736700762146938E-07        -1.367759377979283E-10
         1.000728130340576E+00        -6.657148219346709E-07         9.246384213845715E-11
         1.000347495079041E+00         1.814868824112637E-07        -2.374032359586664E-10
         1.000433444976807E+00        -2.189613041991834E-07         7.323949086091019E-11
         9.999830126762390E-01         1.763509089869331E-07         2.294271855829422E-10
         9.998713135719299E-01        -7.353109054974993E-08         3.644518853374024E-10
         1.000008940696716E+00         5.100032396399001E-08         1.631240836852399E-10
         1.000166058540344E+00         2.121922193509818E-07        -2.627521030612590E-12
         1.000563263893127E+00        -6.434442525460327E-07         2.746728192115633E-11
         9.999250173568726E-01         2.889351264911966E-07        -1.487309025938188E-10
         9.998174309730530E-01         3.516819617743749E-07        -2.137909432819995E-10
         1.000114083290100E+00        -4.051920541314757E-07         1.647795094816829E-10
         9.996263980865479E-01         4.951419185772465E-08         5.031762853602295E-11
         9.996848702430725E-01        -2.086911194965069E-07         1.405677241272940E-10
         9.998673200607300E-01         6.827240639495358E-08         9.413311796713231E-11
         1.000443816184998E+00        -8.258641628344776E-07         2.097902962461262E-10
         1.000391364097595E+00        -5.414232191469637E-07         1.298406659966389E-10
         1.000586271286011E+00        -2.882106855395250E-07         3.967022890738470E-11
         1.000207304954529E+00         5.122396942169871E-07        -3.914166213370152E-11
         1.000377535820007E+00         2.576930135944622E-08         1.043988506754800E-11
         1.000350475311279E+00         4.209355974893469E-09        -7.162713477892879E-11
         1.000085473060608E+00         5.233177375885134E-07        -1.961941303862957E-10
         1.000207424163818E+00         2.882001410853263E-07        -8.798822087596747E-11
         0.000000000000000E+00         0.000000000000000E+00         0.000000000000000E+00
         0.000000000000000E+00         0.000000000000000E+00         0.000000000000000E+00
         9.995197653770447E-01         3.920820859093510E-07        -1.227881728585456E-12
         9.995394349098206E-01         4.801278237209772E-07        -4.059814984191945E-11
         9.994444251060486E-01         4.993283369003620E-07        -1.523356024657474E-10
         9.994745850563049E-01         5.621338914352236E-07        -3.043620910858635E-10
         9.996156096458435E-01        -2.464923909428762E-07        -1.636061078280626E-11
         9.996425509452820E-01         4.453765143352939E-07        -3.239012946743003E-10
         1.000056862831116E+00        -3.475254004570161E-07         1.227164377060053E-11
         9.997462034225464E-01         4.534537083600299E-07        -1.065561458513109E-10
         0.000000000000000E+00         0.000000000000000E+00         0.000000000000000E+00
         9.993164539337158E-01         9.947641501639737E-07        -2.198544124532020E-10
         9.997138381004333E-01        -6.296374532865912E-09         1.268080085381484E-10
         1.000233530998230E+00        -1.070198663910560E-06         2.650771546708341E-10
         9.996653795242310E-01        -5.839368100168940E-09         1.858264514487118E-10
         0.000000000000000E+00         0.000000000000000E+00         0.000000000000000E+00
         0.000000000000000E+00         0.000000000000000E+00         0.000000000000000E+00
         9.991128444671631E-01         2.188540122460836E-07         7.694160586435572E-11
         9.999905228614807E-01        -1.301204520132160E-06         4.505492645634490E-10
         9.991043806076050E-01         6.041574920345738E-07        -7.360681508750133E-11
         9.993312358856201E-01        -2.025105771963354E-07         1.656505765890159E-10
         9.992092847824097E-01         6.589263534806378E-07        -2.803515475324758E-10
         9.998323917388916E-01        -3.603813070185424E-07         3.182745386687280E-11
         9.999091029167175E-01        -3.760215179227089E-07        -2.330685297535773E-11
         9.996576309204102E-01        -2.650841679496807E-07         9.855487259624596E-11
         9.995561838150024E-01        -3.943561637242965E-07         9.496162189925883E-11
         9.990941882133484E-01         6.037367370481661E-07        -3.041876125986498E-11
         1.000020146369934E+00        -1.274741407542024E-06         4.415644239141869E-10
         9.999671578407288E-01        -8.654419048070849E-07         3.669087256241710E-10
         1.000542879104614E+00        -1.436553361600090E-06         5.281777792909281E-10
         1.000414729118347E+00        -6.609853926420328E-07         4.035533573976124E-10
         1.000098228454590E+00         2.587503615814057E-07         1.070179014850403E-10
         9.996827244758606E-01         7.886333719397953E-07        -4.882230730807180E-11
         9.996513724327087E-01         1.021906541609496E-06        -3.969942707904295E-10
         9.998782873153687E-01         6.719676548527787E-07        -3.799101588874976E-10
         9.999163746833801E-01         7.986391210579313E-07        -4.136989084635445E-10
         9.997677803039551E-01         8.745944910515391E-07        -3.948121551911044E-10
         9.996954202651978E-01         9.442728128306044E-07        -4.482355597801302E-10
         9.995878934860229E-01         1.264220031771401E-06        -6.645245465008998E-10
         9.995439648628235E-01         1.570499080116861E-06        -6.165091770427011E-10
         9.997910857200623E-01         9.721288733999245E-07        -3.529920800104946E-10
         9.999118447303772E-01         5.005861680729140E-07        -2.592087933184217E-10
         9.999243021011353E-01         1.206688153843061E-07        -1.940100718966775E-10
         9.998543262481689E-01         3.473350886906701E-07        -2.917552310854887E-10
         9.998176693916321E-01         6.107380272624141E-07        -4.101569084369316E-10
         9.997819066047668E-01         7.412671720885555E-07        -4.433869382758360E-10
         9.999957084655762E-01         8.960919473111062E-08        -2.793733300254786E-10
         1.000298023223877E+00        -4.676911942169681E-07        -2.934042592217523E-11
         1.000433802604675E+00        -7.311003287213680E-07         1.015007453086803E-10
         1.000173568725586E+00        -7.111971171980258E-07         1.632612101065689E-10
         9.996703267097473E-01         4.038190581923118E-07        -8.384181543474867E-11
         9.997417330741882E-01         8.744569868213148E-07        -2.852879876780179E-10
         9.992619752883911E-01         1.116752173402347E-06        -2.263716297745688E-10
         9.992062449455261E-01         8.680175369590870E-07        -1.319876985483859E-10
         9.997925162315369E-01         1.857406886074386E-07         6.084493325841933E-11
         1.000044345855713E+00        -2.431294490179425E-07         4.293851385561709E-11
         1.000208258628845E+00        -5.365109814192692E-07         2.666148690710912E-10
         1.000195980072021E+00        -1.017558474813995E-06         4.690567378951016E-10
         9.998715519905090E-01        -5.907465379095811E-07         3.571006546021493E-10
         9.993513822555542E-01         8.828093882584653E-07        -1.446819192230109E-10
         9.993227124214172E-01         1.451634489058051E-06        -3.316221741656022E-10
         9.993470311164856E-01         1.346611952612875E-06        -3.318719465905673E-10
         9.994674921035767E-01         1.120974047807977E-06        -4.362604999474939E-10
         9.993178844451904E-01         1.890194880616036E-06        -7.078316821562680E-10
         9.994075894355774E-01         2.301220092704170E-06        -7.468804463783840E-10
         9.996594190597534E-01         2.053889602393610E-06        -8.163483777856584E-10
         9.999472498893738E-01         1.571312736814434E-06        -5.923783130690197E-10
         1.000344395637512E+00         1.073678504326381E-06        -3.687864458257195E-10
         1.000695824623108E+00         5.471158601721982E-07        -3.074169530048465E-10
         1.000129938125610E+00         1.353110064883367E-06        -6.610128555628592E-10
         9.993302822113037E-01         2.351689772694954E-06        -1.001506433340182E-09
         9.991142749786377E-01         2.713302592383116E-06        -1.151543305155656E-09
         9.989990592002869E-01         2.541379444664926E-06        -9.710325876710613E-10
         9.992114901542664E-01         2.085663027173723E-06        -8.801230300115037E-10
         9.988902211189270E-01         2.026439233304700E-06        -6.773143157445816E-10
         9.988021850585938E-01         1.825631670726580E-06        -6.689467313414355E-10
         9.990008473396301E-01         1.290898353545344E-06        -4.584971846632868E-10
         9.984995126724243E-01         1.719804913591361E-06        -7.242731969725469E-10
         9.982751011848450E-01         1.999128244278836E-06        -6.365272753328099E-10
         9.997436404228210E-01         4.961626700605848E-07        -1.344166028482974E-10
         1.001157641410828E+00         7.449171501860974E-09        -8.953603830574863E-11
         1.000556230545044E+00         1.085791382138268E-06        -5.590434781765907E-10
         0.000000000000000E+00         0.000000000000000E+00         0.000000000000000E+00
         0.000000000000000E+00         0.000000000000000E+00         0.000000000000000E+00
         0.000000000000000E+00         0.000000000000000E+00         0.000000000000000E+00
         1.000093221664429E+00        -2.177238684453187E-06         1.126661097750059E-09
         1.000279068946838E+00        -2.244735696876887E-06         1.248572911727308E-09
         1.000381708145142E+00        -2.110701416313532E-06         1.421129880441185E-09
         1.000649929046631E+00        -2.155195261366316E-06         1.404732330456682E-09
         1.000410556793213E+00        -1.259912323803292E-06         5.150915249885202E-10
         1.000262618064880E+00        -1.032068098538730E-06         4.090044136706439E-10
         1.000685453414917E+00        -1.502011059528741E-06         4.808886622242881E-10
         1.000781178474426E+00        -1.393193542753579E-06         5.022139926147418E-10
         1.000827074050903E+00        -1.465059312977246E-06         5.000522218523429E-10
         1.000590085983276E+00        -1.545376676403976E-06         5.667688540711424E-10
         1.000240683555603E+00        -1.061299713001063E-06         4.262848685154808E-10
         1.000500559806824E+00        -1.124820755649125E-06         3.594836373022048E-10
         1.000869512557983E+00        -1.254203084499750E-06         4.536051811943054E-10
         1.000921487808228E+00        -1.189932959277940E-06         4.064752145982453E-10
         1.000555157661438E+00        -6.580125386790314E-07         1.863026954929126E-10
         1.000560879707336E+00        -9.267864697903860E-07         3.200885667631326E-10
         1.000500798225403E+00        -7.734687983429467E-07         3.104490275962490E-10
         1.000671386718750E+00        -5.850417323927104E-07         1.702613466880720E-10
         1.000832438468933E+00        -9.984883035940584E-07         3.017850136455280E-10
         1.001096248626709E+00        -1.499223799328320E-06         4.116069707293946E-10
         1.001133084297180E+00        -1.337349772256857E-06         3.805882275997874E-10
         1.001089334487915E+00        -1.119233274948783E-06         3.107462342999412E-10
         1.001010417938232E+00        -1.372502879348758E-06         4.662319419423966E-10
         1.000729441642761E+00        -1.062127012119163E-06         3.148042659883998E-10
         1.000711798667908E+00        -1.005425929179182E-06         3.310223206653973E-10
         1.000560641288757E+00        -1.035108880387270E-06         3.704241358093441E-10
         1.000587463378906E+00        -1.004530304271611E-06         2.598292969668847E-10
         9.999763965606689E-01         8.456211730845098E-08        -1.927122697531480E-11
         1.000030517578125E+00        -1.873129065188550E-07         8.556565872508415E-11
         9.997004866600037E-01         3.130693642106053E-07        -1.177493519355366E-10
         9.996791481971741E-01        -3.433333972679975E-08         5.347437076475003E-11
         1.000220060348511E+00        -7.281698231054179E-07         2.475477878238763E-10
         1.000088691711426E+00        -3.661013465716678E-07         2.138594440426189E-10
         1.000491857528687E+00        -8.428611977251421E-07         2.740450366633951E-10
         1.000594735145569E+00        -8.742622981117165E-07         3.183022179165107E-10
         1.001015186309814E+00        -1.559485212965228E-06         3.574677220896660E-10
         1.000941157341003E+00        -9.466392043577798E-07         3.159746631009597E-10
         1.000806450843811E+00        -6.903591724949365E-07         3.058766018249059E-10
         9.999829530715942E-01        -1.046617867928035E-07         1.599372162486290E-10
         9.997377395629883E-01         1.144741830216844E-07         1.362042562069732E-10
         9.997615814208984E-01        -6.665383978088357E-08         2.230937101721508E-10
         9.996807575225830E-01         2.323279773008835E-07         2.747783077461374E-11
         9.997009038925171E-01         9.604929829265529E-08         7.414627939406060E-11
         9.995653033256531E-01         4.625665326329909E-07        -3.723131525301682E-11
         9.995523691177368E-01         1.058999146152928E-06        -2.315853481205110E-10
         9.996177554130554E-01         9.964222726921435E-07        -2.905789220353228E-10
         9.997149109840393E-01         7.539603643635928E-07        -2.601388271461502E-10
         9.998243451118469E-01         8.331566618835495E-07        -3.111019220014555E-10
         1.000315427780151E+00        -3.041026985783901E-09         1.127204718454067E-10
         1.000757098197937E+00        -4.881305244452960E-07         1.196727578145484E-10
         1.000625967979431E+00         6.314103018212336E-08        -7.937472207286689E-11
         1.000612735748291E+00        -3.206925214271905E-07         9.360563019145118E-11
         1.000247597694397E+00         1.905781488176217E-08         4.856522475837899E-11
         9.998677372932434E-01         3.472902676548983E-07        -8.800728375224498E-12
         9.998059272766113E-01         2.061741071202050E-07         3.811132312514509E-11
         9.999541044235229E-01        -1.019322652950905E-07         1.698062107591269E-10
         9.999984502792358E-01        -2.534356440264673E-07         8.981633492499697E-11
         1.000195741653442E+00        -7.691749601690390E-07         2.908420171365833E-10
         1.000098228454590E+00        -5.656679604726378E-07         1.070946040182541E-10
         1.000424146652222E+00        -6.004269152981578E-07         9.870756295660144E-11
         1.000638127326965E+00        -9.160370950667129E-07         2.007446153751147E-10
         1.000510811805725E+00        -2.915405730163911E-07         3.994707342691584E-12
         1.000557541847229E+00        -5.238970288701239E-07         8.458689304546851E-11
         1.000223398208618E+00        -4.429899149727134E-07         5.994660323693779E-11
         9.996925592422485E-01         5.014525186197716E-07        -2.581263813805634E-10
         9.995304346084595E-01         7.252286877701408E-07        -3.874601750553097E-10
         9.994997978210449E-01         6.883499850118824E-07        -3.371470325141956E-10
         9.997400641441345E-01         2.696505987387354E-07        -2.210740479569040E-10
         9.998344182968140E-01         8.882044255642541E-08        -9.373611609131416E-11
         9.996742010116577E-01         1.098626754014731E-07        -1.534922466905897E-10
         9.994338154792786E-01         3.268122839017451E-07        -1.011542308249069E-10
         9.999048113822937E-01         2.918967254572635E-07        -1.735834670446579E-10
         1.000105142593384E+00        -1.959338078449946E-07         2.293343119574853E-11
         1.000004291534424E+00         8.913646354358207E-08        -9.715928062092871E-11
         9.999297261238098E-01        -5.003576575290936E-08        -7.031061843854047E-11
         9.999343156814575E-01         5.178693385232691E-08        -7.581640870668593E-11
         1.000362277030945E+00        -1.911014351207996E-07         8.600601481001391E-11
         1.000710248947144E+00        -4.248160792030831E-07         6.987373873945657E-11
         1.000548362731934E+00        -8.259431893975488E-08        -6.542860003788675E-11
         1.000408172607422E+00         9.058246774884537E-08        -1.669312882368601E-10
         1.000386714935303E+00         4.167300460267143E-08        -1.185270909198621E-10
         1.000202417373657E+00        -2.355265706910359E-07         4.116753812843932E-11
         1.000165343284607E+00        -1.124984834177667E-07         4.265248224055718E-11
         9.999275207519531E-01         3.181736758506304E-07        -3.961090483395324E-11
         9.999284744262695E-01         5.527718371922674E-07        -2.231279327968849E-10
         1.000183820724487E+00         2.933311691322160E-07        -1.100113333762920E-10
         1.000054359436035E+00         5.213259441916307E-07        -1.917334069290177E-10
         1.000434994697571E+00         6.097628357792928E-08        -5.293505564440970E-11
         9.999601840972900E-01         3.002167545673728E-07         7.194683043776351E-11
         9.995443820953369E-01         4.064232257405820E-07        -1.353944408845342E-12
         1.000043392181396E+00        -1.499993658171661E-07        -7.624720299581611E-12
         1.000374436378479E+00        -1.499861070897168E-07        -1.074660152533546E-10
         1.000229358673096E+00        -2.022548812874447E-07         2.428841572310603E-10
         1.000010371208191E+00         8.026675146766138E-08         8.842532955855020E-11
         1.000178575515747E+00        -5.519837031897623E-07         1.638116448043903E-10
         1.000382065773010E+00        -9.652336530052708E-07         2.196230836082336E-10
         1.000736832618713E+00        -1.149784111476038E-06         2.917115438094697E-10
         1.001300334930420E+00        -1.553144443278143E-06         2.175244984137237E-10
         1.001108646392822E+00        -1.290968612011056E-06         3.139633553139731E-10
         1.000987887382507E+00        -1.118178488468402E-06         2.843174307098906E-10
         1.001031398773193E+00        -1.078527702702559E-06         1.705835334098182E-10
         1.000580787658691E+00        -8.610364830019535E-07         3.440442930546794E-10
         1.000377535820007E+00        -9.422774382983334E-07         2.471104709744765E-10
         9.999810457229614E-01        -6.315057134997915E-07         1.329164417418482E-10
         9.999123811721802E-01        -2.153594635956324E-07         4.955708413079130E-11
         9.996141195297241E-01         2.618764938233653E-07        -1.507478447626553E-10
         9.995638728141785E-01         4.910830853077641E-07        -3.311933505223408E-10
         9.998794198036194E-01         4.708197991476482E-07        -1.877255989546356E-10
         1.000547766685486E+00        -7.395565262413584E-07         3.026593142774203E-10
         1.000560402870178E+00        -1.093244009098271E-06         4.623679494830668E-10
         1.000165104866028E+00        -7.944373692225781E-07         4.408192144644829E-10
         9.999157786369324E-01        -4.849836727771617E-07         4.859158631020932E-10
         9.996732473373413E-01        -8.220048641760513E-08         1.729163895403119E-10
         9.996627569198608E-01        -4.939269047099515E-07         2.556615752435931E-10
         9.998125433921814E-01        -8.044964943110244E-07         3.852928531777877E-10
         9.997388720512390E-01        -6.475997338384332E-07         2.065030230147258E-10
         9.996106028556824E-01        -4.183164890037006E-07         2.979515245637998E-10
         9.996002316474915E-01        -2.279068525012917E-07         7.103680144115998E-11
         9.999619722366333E-01         9.164072878320439E-08        -9.335802964027806E-11
         9.999171495437622E-01         7.429957236126938E-07        -4.270489240010278E-10
         9.999831914901733E-01         6.331632675937726E-07        -3.154068395350151E-10
         9.998510479927063E-01         6.401317023119191E-07        -2.190577025329432E-10
         1.000485301017761E+00        -1.954906423407010E-07        -7.091184583973842E-11
         1.000001788139343E+00         5.314018949320598E-07        -2.707947199809269E-10
         9.995875954627991E-01         5.393748665483145E-07        -1.703404362007888E-10
         9.987892508506775E-01         1.034047386383463E-06        -4.231901495899137E-10
         9.984665513038635E-01         1.019746832753299E-06        -1.847108160868416E-10
         9.985803961753845E-01         1.058132738762652E-06        -3.368088030697436E-10
         9.990613460540771E-01         6.362519684444123E-07        -1.546188177492525E-10
         9.994059205055237E-01         5.459093017634586E-07        -1.479196626297252E-10
         9.997802972793579E-01         2.105637975091668E-07        -2.317347980174134E-10
         9.997264146804810E-01         2.873332505259896E-07        -8.422179620382053E-11
         1.000180602073669E+00        -7.380953093161224E-07         1.826165052509765E-10
         9.998835325241089E-01        -2.849776308266883E-07         7.776690402749864E-11
         9.995430111885071E-01         3.077878716339910E-07        -3.173350818230780E-11
         9.994584918022156E-01         6.716023221997602E-07        -2.317702418874745E-10
         9.997891783714294E-01         4.711165786375204E-07        -8.313868690712489E-12
         9.996337294578552E-01         7.782273883094604E-07        -2.112882230287383E-10
         9.999092817306519E-01         7.293082262549433E-07        -2.146518518486573E-10
         9.995033144950867E-01         6.538995762639388E-07        -2.037489794937120E-11
         9.996002912521362E-01         2.597667219106370E-07        -5.763417521009728E-11
         9.995623230934143E-01         4.302506795283989E-07         2.473768932753639E-11
         9.996516108512878E-01         2.792327506995207E-07         7.760998094186178E-11
         9.992643594741821E-01         4.908810069537139E-07         1.697173651615813E-10
         9.992677569389343E-01         7.195495754785952E-07        -9.105166620670957E-11
         9.995275139808655E-01         5.890408374398248E-07        -8.198264289660528E-11
         9.994870424270630E-01         1.119522039516596E-06        -3.438840878722260E-10
         9.995872974395752E-01         1.147906687037903E-06        -3.398550330047101E-10
         1.001154661178589E+00        -2.582087063274230E-06         6.225502335865940E-10
         1.000792980194092E+00        -1.480280843679793E-06         7.156261694341026E-10
         1.000539660453796E+00        -1.498702431490528E-06         7.657625089585451E-10
         1.000512003898621E+00        -1.328373173237196E-06         5.812530456950071E-10
         1.000380039215088E+00        -1.503420548942813E-06         4.917422025130236E-10
         9.995048046112061E-01         8.493622090099961E-07        -7.803006157880432E-11
         9.996332526206970E-01         5.978301373943395E-07        -3.016974040384590E-12
         1.000486135482788E+00        -9.370859288537758E-07         2.114541874931319E-10
         1.000004768371582E+00         2.263701475158086E-07        -1.500513741037324E-10
         1.000290036201477E+00        -4.591822460042749E-07         3.601534001584916E-11
         1.000796675682068E+00        -1.818852183532726E-06         3.717051666463078E-10
         1.000402927398682E+00        -1.307419893237238E-06         2.319556074992235E-10
         9.997863769531250E-01         7.767882692633066E-08        -2.259459841447153E-10
         9.996994733810425E-01         7.021215537861281E-07        -2.955577449448299E-10
         1.000110507011414E+00        -4.635288775034496E-08        -1.019155870807253E-10
         1.000637531280518E+00        -8.182829560610116E-07         2.197844406470750E-10
         1.000314593315125E+00        -4.603379011314246E-07         5.563818156195666E-11
         1.000196695327759E+00         2.759202573088260E-07         3.341130323797348E-12
         1.000737190246582E+00        -5.468929202834261E-07         1.114455749906540E-10
         1.000655412673950E+00        -5.143940029483929E-07         3.527828723592918E-11
         1.000981211662292E+00        -3.946623792216997E-07        -1.720058262488777E-10
         1.000716567039490E+00        -1.552135131532850E-07        -2.326021042442505E-10
         1.000904083251953E+00        -5.355228154257929E-07        -6.066980251517862E-12
         1.001285314559937E+00        -1.280678702642035E-06         2.601938942081716E-10
         1.001179218292236E+00        -1.069555082722218E-06         9.171362280735451E-11
         1.000998497009277E+00        -5.663168849423528E-07         6.090478382042575E-12
         1.000492215156555E+00        -1.707536938511112E-07        -1.086078102452426E-11
         1.000030994415283E+00         6.470434641414613E-07        -2.905151674781337E-10
         9.997743964195251E-01         1.009790821626666E-06        -3.635089174114370E-10
         9.997863769531250E-01         6.166710591060109E-07        -2.341696558882944E-10
         9.995019435882568E-01         1.060224235516216E-06        -3.237415890922080E-10
         9.995437264442444E-01         7.391240046672465E-07        -1.999192339452449E-10
         9.993482232093811E-01         9.246761010217597E-07        -2.407292976069897E-10
         9.992374181747437E-01         6.487044856839930E-07        -1.678123612292026E-10
         9.990702271461487E-01         2.605640645469975E-07         3.368277531889952E-11
         9.985988736152649E-01         1.010364485409809E-06        -2.008805066733288E-10
