         1.000257611274719E+00         4.237312793975434E-07        -2.610836546956818E-10
         1.000949263572693E+00        -5.588592699723449E-08        -6.107532535271076E-11
         1.000932574272156E+00        -9.853486915289977E-08         6.007897651594263E-11
         1.000964403152466E+00        -1.103722695461329E-07        -2.831203370703972E-12
         1.001224756240845E+00        -8.308858241434791E-07         1.829662810148847E-10
         1.000910997390747E+00        -2.191699195464025E-07         6.566191340651173E-11
         1.001228809356689E+00        -6.496900937236205E-07         1.203214056166857E-10
         1.001169562339783E+00        -5.677250669577916E-07         1.669835381079565E-10
         1.001049280166626E+00        -4.229422927437554E-07        -1.010887554220297E-11
         1.000717759132385E+00         1.992012670370968E-07        -2.414960245666897E-11
         1.000673532485962E+00         3.825873307050642E-07        -1.900815199684658E-10
         1.000543475151062E+00         4.182690247489518E-07        -1.023953213885598E-10
         1.000682473182678E+00        -4.401882947036029E-08        -3.793444378064059E-11
         1.000833392143250E+00        -3.529347054609389E-07         8.746238455703548E-11
         1.000633716583252E+00        -1.995669833831926E-07         1.030018154102308E-10
         1.000675201416016E+00        -2.743311426911532E-07         1.038377162032589E-10
         1.000559091567993E+00         3.711481326718058E-07        -1.476381239484681E-10
         1.000778079032898E+00         2.249506962925807E-07        -1.080154854449233E-10
         1.001054644584656E+00        -1.975817554011883E-07         5.884231990549438E-11
         1.001291513442993E+00        -5.745278599533776E-07         7.736421919757319E-11
         1.000972509384155E+00         3.414405469470694E-08        -1.455470536844763E-13
         1.000782012939453E+00         4.176731636107434E-07        -1.053896483971251E-10
         1.000642180442810E+00         7.343294896600128E-07        -1.042473607437699E-10
         1.000618934631348E+00         8.140790441757417E-07        -1.257474263605118E-10
         1.000205993652344E+00         1.333189061369922E-06        -2.194008724698548E-10
         1.000612854957581E+00         4.346868536231341E-07        -4.121843838467143E-11
         1.000403285026550E+00         7.188834274529654E-07        -7.889418979223350E-11
         1.000339865684509E+00         5.746202873524453E-07        -3.851444857483344E-11
         1.000423550605774E+00         3.195127078470250E-07         4.624813379483506E-11
         1.000346541404724E+00         3.710918008437147E-07        -2.205589226880744E-12
         1.000350475311279E+00         3.225532907435991E-07        -3.830766953649700E-11
         1.000468969345093E+00        -1.644805109890513E-07         6.436359084593946E-11
         1.000685572624207E+00        -8.788697982708982E-07         2.914550267796301E-10
         1.000252723693848E+00        -3.391158713839104E-07         2.075782462584996E-10
         1.000413417816162E+00        -7.105134613993869E-07         2.414500821501520E-10
         9.999018907546997E-01         6.337999138850137E-07        -9.940991779755493E-11
         9.998533129692078E-01         4.874325441051042E-07        -1.204361697176859E-11
         9.998545050621033E-01         5.131315674589132E-07         4.702455438931885E-11
         9.996348023414612E-01         6.474776910181390E-07         5.047210219211173E-11
         9.996187686920166E-01         7.285078709173831E-07        -6.434346805361812E-11
         9.995572566986084E-01         5.934046498623502E-07        -5.274771591734506E-11
         9.997879862785339E-01        -9.375408183132095E-08        -4.465895708793965E-11
         9.998724460601807E-01        -6.511700689770805E-07         1.982584652004959E-10
         9.995771646499634E-01        -2.781309547117417E-07         5.672344538520946E-11
         9.993938207626343E-01         6.134768804066937E-10         3.749972554700776E-11
         9.996632337570190E-01        -6.982020295254188E-07         1.091246051854178E-10
         9.996600151062012E-01        -3.143061064747599E-07         6.870782155027344E-12
         9.998057484626770E-01        -6.006180797157867E-07         1.013989725517916E-10
         9.999567270278931E-01        -7.081329727043340E-07         3.908845122579940E-11
         9.995044469833374E-01        -1.753332554699227E-07         5.943667780172746E-11
         9.994853138923645E-01         1.482305407307649E-07        -1.012290390400850E-10
         9.996981620788574E-01        -2.910291243551910E-07         4.818295068487188E-11
         9.999702572822571E-01        -3.591090944610187E-07        -7.321133282944814E-11
         9.998748898506165E-01        -2.272457777507952E-07        -9.819927856979938E-12
         9.998332262039185E-01        -1.200207151441646E-07        -7.335607815628364E-11
         9.994706511497498E-01         1.517703225317746E-07        -8.937732498548456E-11
         9.997545480728149E-01        -3.623262898599933E-07         2.766141135590594E-11
         9.996185302734375E-01         1.278471586374508E-07        -4.026185981831354E-11
         9.994642734527588E-01         7.698565127611801E-07        -2.345085792221369E-10
         9.991448521614075E-01         1.206491674565768E-06        -2.864362080856608E-10
         9.988823533058167E-01         1.723051127555664E-06        -3.337029541583547E-10
         9.992366433143616E-01         9.844598025665618E-07        -1.217360101612996E-10
         9.995514750480652E-01         4.314353816425864E-07        -3.833408590558918E-11
         9.998658895492554E-01        -2.551701356878766E-07         1.138597965910648E-10
         1.000425934791565E+00        -1.252916149496741E-06         2.628103845658813E-10
         1.000092506408691E+00        -6.810240051891014E-07         1.661505377725803E-10
         1.000054001808167E+00        -4.586171939990891E-07         8.903207338040176E-11
         9.997280240058899E-01         1.719448192716300E-07        -4.311986531724266E-12
         9.995518922805786E-01         3.425276986490644E-07        -3.812124574342768E-11
         9.995827674865723E-01         3.510117210225872E-07        -6.677231684237839E-11
         9.999133348464966E-01        -2.383100081715384E-07         1.164595364588905E-10
         1.000093936920166E+00        -2.076190099842279E-07         8.280011398742460E-11
         1.000140070915222E+00        -4.975517526872864E-07         1.686532580258415E-10
         1.000099301338196E+00        -2.338637585808101E-07         5.151361975874735E-11
         9.992525577545166E-01         7.017281404841924E-07        -1.242241448595749E-10
         9.993233084678650E-01         5.453231324281660E-07        -1.356530027196712E-10
         9.992545843124390E-01         5.004402510166983E-07        -9.787240462522107E-11
         9.992583990097046E-01         6.044971314622671E-07        -6.731463997322606E-11
         9.996498227119446E-01        -8.544770224716558E-08         3.669084133739453E-11
         9.996300935745239E-01        -5.547961450247385E-07         1.856891446161413E-10
         9.994760751724243E-01        -1.838671437326411E-08         4.066718836681638E-11
         9.996994733810425E-01        -5.005805405744468E-07         7.508911548104180E-11
         9.997150301933289E-01        -3.139696502785227E-07         8.090213221567666E-11
         9.997902512550354E-01        -4.399583417580288E-07         5.008955403229542E-11
         9.997637867927551E-01        -3.867244231514633E-07         5.970197253235554E-11
         9.998891949653625E-01        -5.439979418042640E-07         9.107336412794709E-11
         9.997158646583557E-01         9.871421013940562E-09        -7.067740837030101E-11
         9.996118545532227E-01         1.290556355115768E-07        -6.546576475363608E-11
         9.996262788772583E-01         2.312590368092060E-07        -5.641027575609137E-11
         9.999012351036072E-01         1.799659643531015E-09        -1.601765074743522E-11
         9.996711015701294E-01         2.850546536592447E-07        -1.909585545245562E-10
         9.996216893196106E-01         4.029283502404724E-07        -1.594511883640237E-10
         9.995657205581665E-01         7.458240816049511E-07        -1.538052463168071E-10
         9.994980096817017E-01         4.617055253675062E-07        -2.067187671039861E-10
         9.997454285621643E-01        -8.582193800066307E-08        -4.391503480305481E-11
         9.993054866790771E-01         5.927139454797725E-07        -2.117525044198487E-10
         9.994968175888062E-01         1.192506573488572E-07        -1.005630648198697E-10
         9.997653365135193E-01        -9.892389130072843E-08        -7.052215755809499E-11
         9.997276663780212E-01        -3.044200127533259E-07         3.810618487420925E-11
         9.997232556343079E-01        -2.655902164860890E-07         9.247067521422903E-12
         9.993658065795898E-01         3.440273417254502E-07        -1.266618337991687E-10
         9.989705085754395E-01         9.016670219352818E-07        -1.820279343922593E-10
         9.990357160568237E-01         1.065868900695932E-06        -1.685779571491963E-10
         9.992855191230774E-01         6.668682317467756E-07        -8.684638425071611E-11
         9.991002082824707E-01         9.611268296794151E-07        -1.570161500819012E-10
         9.994350075721741E-01         6.171800350784906E-07         1.163934157388802E-10
         9.999968409538269E-01        -5.074665523352451E-07         2.835969514780601E-10
         9.999601840972900E-01        -1.734640306949586E-07         1.879643107827178E-10
         1.000080466270447E+00        -3.421197050101910E-07         1.745061734004238E-10
         1.000050306320190E+00        -4.501655155308981E-07         1.893099010885635E-10
         1.000270247459412E+00        -4.765179824062216E-07         9.275860635149513E-11
         1.000316500663757E+00        -4.648632341286429E-07         1.942934528542661E-11
         1.000309586524963E+00        -4.128971795580583E-07        -3.176717916497651E-11
         1.000198602676392E+00         4.070265191558065E-08        -4.735240671793761E-11
         1.000413179397583E+00        -6.908524596838106E-07         1.264678917145545E-10
         9.998871088027954E-01         5.540249858881907E-08         9.314141471983284E-12
         1.000043272972107E+00        -1.220247725086665E-07         4.338287021288245E-11
         9.999673962593079E-01        -1.053641582871023E-07         7.774839799745692E-11
         1.000069618225098E+00        -1.081902567534598E-07         4.772678779962902E-11
         9.999150633811951E-01         2.492067778803175E-07        -3.387746680405535E-11
         1.000093817710876E+00        -1.096806983014176E-07        -1.695032135484720E-11
         1.000204563140869E+00        -4.693936830335588E-07         5.016729393014785E-11
         1.000228404998779E+00        -4.024803388347209E-07         8.240048920971077E-11
         1.000082850456238E+00         7.432088011682936E-08        -8.738547385700457E-11
         1.000131964683533E+00         2.688965494712647E-08        -2.686030911580595E-11
         1.000277400016785E+00         1.012191361837722E-07        -6.570608640510400E-11
         1.000307798385620E+00        -1.156481355124583E-09         1.242473138263200E-11
         1.000375628471375E+00        -1.900225896633856E-07         3.022570735367047E-11
         1.000150442123413E+00         3.634536085428408E-07        -4.712491855074497E-11
         1.000072717666626E+00         4.820064987143269E-07        -8.540254614608500E-11
         1.000085949897766E+00         4.242315014835185E-07        -5.637612945919024E-11
         1.000276088714600E+00        -2.665556309011663E-08         3.160302575189178E-11
         1.000290393829346E+00        -1.466775234604256E-08         9.256685695735456E-12
         1.000268816947937E+00        -1.199755104153155E-07         1.017494508787076E-11
         1.000282526016235E+00        -1.872166848215784E-07         1.967270617242445E-11
         1.000315308570862E+00        -4.584098007853754E-07         9.210992385488836E-11
         1.000211596488953E+00        -6.157526968308957E-07         1.607121657976052E-10
         1.000105977058411E+00        -3.179694942900824E-07         8.152878372413852E-11
         1.000501632690430E+00        -7.099574759195093E-07         1.836655133535814E-10
         1.000288724899292E+00        -4.479339565932605E-07         7.555592262953326E-11
         1.000044941902161E+00        -4.594359381826507E-08        -4.292655206988849E-12
         1.000007748603821E+00         2.502108316093654E-07        -1.315321740413822E-10
         1.000107169151306E+00        -1.129956714862601E-07         5.149350737476688E-11
         1.000312685966492E+00        -4.726359463802510E-07         5.091358584730088E-11
         1.000308036804199E+00        -5.460506713461655E-07         1.263269350237906E-10
         1.000225186347961E+00        -3.529725631779002E-07         1.570322066823948E-10
         1.000200033187866E+00        -3.700141917306610E-07         5.885934795113457E-11
         1.000170111656189E+00        -6.360818360917619E-07         1.829655316143430E-10
         1.000215291976929E+00        -6.941449441910663E-07         2.443459878875842E-10
         1.000183939933777E+00        -7.306454676836438E-07         2.557733747021729E-10
         1.000251531600952E+00        -7.719369250480668E-07         1.907835278647241E-10
         1.000111341476440E+00        -1.559530886652283E-07         7.018237380140846E-11
         1.000313043594360E+00        -2.519717838822544E-07         3.640562504236833E-11
         9.999914765357971E-01         2.616114898046362E-07        -9.082559010442637E-11
         9.996011257171631E-01         8.298123930217116E-07        -1.994675119521006E-10
         9.997822046279907E-01         3.623346458425658E-07        -8.280701124796508E-11
         9.996768236160278E-01         6.080899197513645E-07        -3.163952086437938E-11
         9.995641708374023E-01         6.376946544150996E-07         1.100832203171365E-10
         9.993697404861450E-01         6.244181349757127E-07         1.327650211990772E-10
         9.993418455123901E-01         6.916075108165387E-07         7.864184303763011E-11
         9.992086291313171E-01         8.773005220064078E-07         2.075316030136776E-10
         9.995219111442566E-01         4.889092792836891E-07         1.845440883441185E-10
         9.998126626014709E-01         1.497123349736285E-07         1.584442022029009E-10
         1.000197291374207E+00        -2.101300680124041E-07         6.949957970237008E-11
         1.000348091125488E+00        -4.370880617443618E-07         2.060179388196914E-10
         1.000290393829346E+00        -4.956061161465186E-07         1.777987479467669E-10
         1.000346779823303E+00        -6.676167458863347E-07         2.494783823969726E-10
         1.000217556953430E+00        -3.568262059161498E-07         1.974614499689054E-10
         1.000323057174683E+00        -6.320494776446139E-07         1.479503186629927E-10
         1.000382781028748E+00        -9.579034667694941E-07         2.255268055639803E-10
         1.000355958938599E+00        -1.138312086368387E-06         3.512391766324896E-10
         1.000118017196655E+00        -7.590871291540680E-07         1.987382203250121E-10
         1.000097274780273E+00        -6.509765171358595E-07         2.347326777396574E-10
         9.998673796653748E-01        -5.128097200213233E-07         2.451899516753286E-10
         9.998101592063904E-01        -8.166049383362406E-07         4.018190780108455E-10
         9.995312094688416E-01        -4.099211139418912E-07         2.635799078998247E-10
         9.999545216560364E-01        -1.178368847831734E-06         4.801878894511447E-10
         9.990498423576355E-01         7.451407100234064E-07        -6.707600447297679E-11
         9.996844530105591E-01        -2.924983562024863E-07         1.735111082590279E-10
         1.000609874725342E+00        -1.175580905510287E-06         3.841100215673521E-10
         1.001124739646912E+00        -1.701532255538041E-06         5.420968118841074E-10
         1.002417445182800E+00        -2.856092351066764E-06         7.973531834792880E-10
         0.000000000000000E+00         0.000000000000000E+00         0.000000000000000E+00
         0.000000000000000E+00         0.000000000000000E+00         0.000000000000000E+00
         0.000000000000000E+00         0.000000000000000E+00         0.000000000000000E+00
         9.994220137596130E-01         5.383303118833282E-07        -4.608727843802285E-10
         9.995712041854858E-01         9.291479159401206E-07        -8.377387117342039E-10
         9.993455410003662E-01         2.189301540056476E-06        -1.742809563332059E-09
         9.988523721694946E-01         3.845931587420637E-06        -2.865026438314544E-09
         9.995788931846619E-01         1.206115712193423E-06        -4.591379498819492E-10
         1.000314712524414E+00         1.532661997316609E-07        -1.844468744405248E-10
         1.000503420829773E+00        -2.118915460869175E-07        -9.182771210092255E-11
         1.000728607177734E+00        -5.999113454890903E-07        -7.972012633361558E-11
         1.000561475753784E+00        -2.684195408164669E-07        -1.749838607345566E-10
         1.000534892082214E+00        -2.630597748520813E-07        -1.191516607601528E-10
         1.000574469566345E+00        -2.055308385706667E-07        -2.649414715394371E-11
         1.000616788864136E+00        -4.465572658318706E-07         7.056491502233087E-11
         1.000309109687805E+00        -2.218112911123171E-07        -5.447230860822216E-11
         1.000372171401978E+00        -4.999913016945357E-07        -2.193380546633428E-11
         1.000450849533081E+00        -3.626061868544639E-07        -3.040842230794816E-11
         1.000542640686035E+00        -1.997420895349933E-08        -1.258567416950740E-10
         1.000658392906189E+00        -3.584317482818733E-07        -5.694102481190733E-11
         1.000537991523743E+00        -7.917077482488821E-08        -1.006425429106450E-10
         1.000535488128662E+00        -1.575827326405488E-07         8.657816824575448E-11
         1.000334262847900E+00         2.787483879274077E-07        -5.312603135187999E-11
         1.000403642654419E+00         2.278186030935103E-07        -1.935948068521043E-10
         1.000717639923096E+00        -7.739351417512808E-07         9.762594899154209E-11
         1.000488758087158E+00        -4.152739734308852E-07         5.389336893424357E-11
         1.000406265258789E+00        -9.086930674584437E-08        -8.305894166893424E-11
         1.000305652618408E+00         2.105485208403479E-07        -1.477801908622567E-10
         1.000477194786072E+00         1.683837957955348E-08        -1.021605716688967E-10
         1.000467419624329E+00         9.808523770971078E-08        -6.391549789430684E-11
         1.000310063362122E+00         1.596039389539783E-08        -6.634134837616920E-15
         9.999469518661499E-01         5.531141482606472E-07        -1.032596577688061E-10
         9.996783733367920E-01         9.610128017811803E-07        -1.535637450533756E-10
         9.999186396598816E-01         5.595899779109459E-07        -1.020493411996171E-10
         1.000404357910156E+00        -4.741412595876682E-08         3.617989935422727E-11
         1.000422477722168E+00         4.610735260257570E-08         1.728828712133090E-11
         1.000099420547485E+00         6.309027185125160E-07        -1.430600082841238E-10
         9.997577071189880E-01         1.133179580392607E-06        -3.162593520400492E-10
         9.998490810394287E-01         7.037034492896055E-07        -2.256230063890641E-10
         9.998503923416138E-01         4.555042210085958E-07        -1.219709749866738E-10
         9.997287988662720E-01        -2.274109931477142E-07         2.314851088591752E-10
         9.992398619651794E-01         2.174737971927243E-07         5.426612631476146E-11
         9.992082118988037E-01         1.290167830347855E-07         4.135339293220852E-11
         9.992167949676514E-01         1.327672407569480E-07         1.505356776732025E-11
         9.990484118461609E-01         8.032404252844572E-07        -2.018472056164455E-10
         9.994605183601379E-01         3.085678201841802E-07        -1.372309765823587E-10
         9.993698000907898E-01         4.964477398061717E-07        -2.557357936527893E-10
         9.993978142738342E-01         5.520199124475766E-07        -2.404528243182824E-10
         9.993475675582886E-01         5.886399208065995E-07        -3.390321634544335E-10
         9.997529983520508E-01        -3.270974673341698E-07        -1.249096381883419E-10
         9.995115995407104E-01         2.002799135425448E-07        -2.398042042717208E-10
         9.994744658470154E-01         4.294342375033011E-07        -3.610491072780775E-10
         9.995011687278748E-01         2.164115926461818E-07        -2.352813777140028E-10
         9.991475343704224E-01         1.098087523132563E-06        -4.359373695361768E-10
         9.992763996124268E-01         8.610516033513704E-07        -2.345274807691311E-10
         9.993717074394226E-01         7.829921742086299E-07        -2.215699568264284E-10
         9.997306466102600E-01         4.462090146262199E-07        -1.250217845916168E-10
         1.000117182731628E+00        -6.242849082127577E-08         2.960212630576109E-11
         1.000103712081909E+00        -2.386176163327036E-07         8.915609223114629E-11
         9.998456835746765E-01         5.046959472565504E-07        -1.806457206043888E-10
         9.998505115509033E-01         4.909355766358203E-07        -9.645342163855375E-11
         9.999840855598450E-01         4.409202745137009E-07        -2.091008893811974E-10
         1.000050902366638E+00         3.994927055828157E-07        -1.464514759463853E-10
         9.997703433036804E-01         1.237883680005325E-06        -3.711083940149962E-10
         9.997781515121460E-01         8.706762741894636E-07        -7.284593067646838E-11
         9.998914003372192E-01         6.480941578956845E-07        -5.333567268395178E-11
         1.000111937522888E+00        -2.413888466890057E-07         2.224018608165679E-10
         1.000359773635864E+00        -9.128381748269021E-07         2.756601613640441E-10
         1.000147461891174E+00        -7.515369020438811E-07         2.778016150450924E-10
         1.000133633613586E+00        -6.463799877565179E-07         1.735543653236249E-10
         1.000247001647949E+00        -7.705522762080363E-07         1.604433252921922E-10
         1.000006556510925E+00        -2.872246795959654E-07         1.043110389731261E-10
         9.998487830162048E-01        -3.189811081938387E-07         1.623155221341932E-10
         9.997741580009460E-01        -4.585331936368675E-08         1.525625042964052E-10
         9.997872114181519E-01        -3.866294662202563E-07         2.731329329375143E-10
         9.994437098503113E-01         2.261555067661902E-07         9.604268075280586E-11
         9.997088313102722E-01        -2.469727178322501E-08         1.064607360601322E-10
         9.998725652694702E-01        -3.326759667743318E-08         9.949071427817202E-11
         9.999116659164429E-01        -1.539198564159960E-07         6.394749313409775E-11
         9.998548030853271E-01         1.840231966809824E-08         4.292006680617355E-11
         9.999438524246216E-01        -1.559515254712096E-07         7.225635367813510E-11
         9.999320507049561E-01        -3.980230758315884E-07         1.574696623096727E-10
         9.997614026069641E-01        -2.827227660873177E-07         1.025776893981423E-10
         9.996905922889709E-01        -4.264122110964053E-10        -8.953048025173160E-11
         9.998160600662231E-01        -3.108195301138039E-07         4.484979054808491E-11
         1.000033855438232E+00        -8.268469287031621E-07         1.795878307175869E-10
         9.997419118881226E-01        -2.874760696158773E-07         2.189898783144795E-11
         9.997049570083618E-01        -2.655229138781579E-07         1.021991102856390E-10
         9.994789361953735E-01         6.651847428429392E-08        -1.347417455388467E-10
         9.991223812103271E-01         8.544860179426905E-07        -3.601177134271438E-10
         9.995071887969971E-01         7.196800311248808E-07        -4.434895783944626E-10
         1.000088214874268E+00        -1.261278583797321E-07        -2.371479401741539E-10
         9.998393058776855E-01         4.589713569203013E-07        -2.601237281130153E-10
         9.997537136077881E-01         4.424573205596971E-07        -1.798877297121138E-10
         9.994897842407227E-01         5.630806754197692E-07        -2.104643265221640E-10
         9.993289709091187E-01         8.509424560543266E-07        -3.744567989016900E-10
         9.990524649620056E-01         1.173260670839227E-06        -3.489765976194548E-10
         9.994237422943115E-01         4.627823386726959E-07        -9.703746833844562E-11
         9.992168545722961E-01         1.092130673896463E-06        -3.821991889640941E-10
         9.993855953216553E-01         1.160064357463853E-06        -3.490178146492440E-10
         9.994780421257019E-01         9.808661616261816E-07        -2.693997802616366E-10
         9.994301795959473E-01         1.240240635524970E-06        -3.081074284594365E-10
         9.995680451393127E-01         9.656962447479600E-07        -1.551895972840001E-10
         9.994671344757080E-01         1.034792603604728E-06        -2.808287213884597E-10
         9.996131062507629E-01         5.635597517539281E-07        -1.469166455159154E-10
         9.997934103012085E-01         2.961738516660262E-07        -3.012718199912889E-11
         9.998012781143188E-01         3.662209451249510E-07        -1.445400743538272E-10
         1.000107169151306E+00        -9.012099155825126E-08        -3.328038886141194E-11
         1.000519752502441E+00        -5.915487122365448E-07         8.917307170452915E-11
         1.000458240509033E+00        -5.811965593238710E-07         1.644828023783518E-10
         1.000567674636841E+00        -9.847005912888562E-07         3.340284160380236E-10
         1.000369548797607E+00        -4.541025759863260E-07         1.554062295516800E-10
         1.000634908676147E+00        -1.106245804294304E-06         3.983196272816514E-10
         1.000651478767395E+00        -1.231437636306509E-06         4.345221404911115E-10
         1.000409126281738E+00        -6.977048769840621E-07         2.619419126048683E-10
         1.000373840332031E+00        -7.439797968800121E-07         2.601672488555806E-10
         1.000087738037109E+00        -6.052495109543088E-07         2.846008984036530E-10
         1.000182747840881E+00        -7.757916478112747E-07         2.299379020520576E-10
         9.998621344566345E-01        -9.303408177174788E-08         1.230052448786267E-10
         9.997969865798950E-01        -2.020097156218981E-07         1.550356232282724E-10
         9.997220635414124E-01         1.267970475282709E-07        -5.245682013765851E-11
         1.000063538551331E+00        -4.663665151838359E-07         2.269640031471454E-10
         1.000098705291748E+00        -5.225434165367915E-07         1.080655703811217E-10
         1.000217914581299E+00        -7.272889206433319E-07         1.490218365374218E-10
         9.999188184738159E-01        -5.403850877883087E-08        -1.462027859888693E-10
         9.995178580284119E-01         8.050541282500490E-07        -3.537510562257040E-10
         9.995691776275635E-01         4.185029638392734E-07        -2.447221314483272E-10
         9.996531009674072E-01         1.525839792293482E-07        -2.208554172877797E-10
         9.998628497123718E-01        -3.935035692848032E-07        -2.766949343258052E-11
         9.996131658554077E-01         1.513879936965168E-07        -1.801453569649780E-10
         9.995527267456055E-01         3.362892186942190E-07        -1.827576701085576E-10
         9.995182156562805E-01         7.053311605886847E-07        -2.324595238523131E-10
         9.996183514595032E-01         8.995430675895477E-07        -2.834068257850930E-10
         9.995163083076477E-01         8.702335776433756E-07        -2.959316958150993E-10
         9.994593262672424E-01         1.146488557424163E-06        -3.493880462723808E-10
         9.996599555015564E-01         7.476696168851049E-07        -2.670143550709270E-10
         9.997390508651733E-01         7.730084234935930E-07        -2.324951065002523E-10
         1.000080823898315E+00         4.273412912425556E-08        -2.064210347790807E-12
         1.000233292579651E+00        -3.240094486045564E-07        -2.266488385860299E-11
         1.000357866287231E+00        -5.086691317046643E-07         5.995426377580770E-11
         9.999493360519409E-01        -1.406395444547570E-08        -2.412997406053830E-11
         9.997797012329102E-01         6.408547505998285E-07        -1.737477245411512E-10
         1.000052094459534E+00         7.131036738883267E-08        -7.303140731051982E-11
         1.000147700309753E+00         3.190960029542111E-08        -7.286629633007635E-11
         1.000539064407349E+00        -7.911004331617733E-07         1.314647418704240E-10
         1.000531196594238E+00        -6.688158009637846E-07         1.816767708495703E-10
         1.000647068023682E+00        -8.616279387752002E-07         2.638061158410920E-10
         1.000272512435913E+00        -2.483046159795776E-07         7.429205861608779E-11
         1.000154614448547E+00        -2.286517002403343E-07         1.790814024849041E-10
         9.999480247497559E-01         7.178076089076058E-07         3.304932065864574E-12
         1.000410795211792E+00        -3.675437199035514E-07         1.696250223615081E-10
         1.000689625740051E+00        -8.419228265665879E-07         3.471374854235876E-10
         1.000357985496521E+00        -5.788602663869824E-08         1.205089916744839E-10
         1.000134110450745E+00         3.552808607309998E-07         3.789224489736398E-11
         1.000150442123413E+00         3.426331147693418E-07         1.099610680288521E-10
         1.000150561332703E+00         1.611960129821455E-07         1.035169588936569E-10
         9.999966621398926E-01         1.964078677474390E-07         2.998713499735572E-10
         9.998289942741394E-01         3.959537195896701E-07        -3.179598598301858E-11
         9.996575713157654E-01         8.218493690037576E-07        -2.100755958078793E-10
         9.995301961898804E-01         4.501169996729004E-07         2.129038334519606E-10
         9.996498823165894E-01         2.740023319347529E-07         8.775489883372511E-12
         9.998171329498291E-01        -2.620664076857793E-07         1.722836595607902E-10
         1.000046610832214E+00        -7.474799303963664E-07         2.152573674862879E-10
         1.000396847724915E+00        -1.312157678512449E-06         1.500446988877968E-10
         1.000232219696045E+00        -7.957523280310852E-07         1.538502381048801E-10
         1.000354290008545E+00        -9.828969496084028E-07         2.582728475530871E-10
         1.000237703323364E+00        -5.341022983884613E-07         1.179371739157276E-10
         1.000628709793091E+00        -6.573799282705295E-07         3.018934061072009E-11
         1.000568389892578E+00        -2.485939774032886E-07         3.760235872674045E-11
         9.999698400497437E-01         9.831993565967423E-07        -2.973287172025607E-10
         1.000041484832764E+00         5.319906790646201E-07         3.958023839234492E-11
         9.999219775199890E-01         7.595961619699665E-07        -2.871295978756905E-10
         1.000024914741516E+00         7.939359534248069E-07        -3.939430170962765E-10
         1.000087141990662E+00         5.769562676505302E-07        -2.193771692082791E-10
         1.000004172325134E+00         5.760026624557213E-07        -2.377749663828865E-10
         9.999258518218994E-01         5.980562605145678E-07        -1.593338655458965E-10
         9.993960261344910E-01         1.234438173014496E-06        -2.791840092442044E-10
         9.992582201957703E-01         1.415865199305699E-06        -2.761370576642719E-10
         9.992215037345886E-01         1.722774072732136E-06        -4.383023388676577E-10
         9.993863105773926E-01         1.591591967553541E-06        -4.278391529943804E-10
         9.995528459548950E-01         1.147373495768989E-06        -2.555135547588350E-10
         9.992025494575500E-01         5.867260028935561E-07         7.586629241496112E-11
         9.994979500770569E-01         1.768860613537981E-08         2.597133341719626E-10
         9.993147253990173E-01         5.522049946193874E-07         1.602126070698873E-10
         0.000000000000000E+00         0.000000000000000E+00         0.000000000000000E+00
         0.000000000000000E+00         0.000000000000000E+00         0.000000000000000E+00
         0.000000000000000E+00         0.000000000000000E+00         0.000000000000000E+00
         0.000000000000000E+00         0.000000000000000E+00         0.000000000000000E+00
         1.001537919044495E+00        -6.954132913961075E-06         4.303650324999353E-09
         1.001705765724182E+00        -6.708191449433798E-06         4.266038633460312E-09
         1.001622796058655E+00        -5.789876013295725E-06         3.629205380661915E-09
         1.000483155250549E+00        -8.969009286374785E-07         3.783090160580649E-11
         1.000232219696045E+00        -4.500783177263656E-07         4.133148337470693E-11
         9.999892711639404E-01        -2.314966280891895E-07         1.374268338016904E-10
         1.000053048133850E+00        -3.090281097684056E-07         1.169526420152778E-10
         1.000047445297241E+00        -5.016709678784537E-07         3.952865534895267E-10
         9.998949766159058E-01        -1.606780131169216E-07        -8.750702940041322E-11
         1.000029206275940E+00        -4.768936605614726E-07        -1.717855024896409E-10
         9.998685121536255E-01        -4.358967373718770E-07        -3.892364208724075E-11
         9.998790621757507E-01        -3.560616335107625E-07         4.175504039749534E-11
         1.000241875648499E+00        -1.075587647392240E-06         4.393444635875099E-11
         1.000353574752808E+00        -1.236767047885223E-06         1.317171788306482E-10
         1.000338673591614E+00        -8.624716087979323E-07         1.254755188639933E-10
         1.000447988510132E+00        -9.440739177080104E-07         4.595736569079634E-10
         1.000243544578552E+00        -2.175651587776883E-07         9.617396462546779E-11
         1.000068664550781E+00         1.392570396774317E-07         1.231703194298772E-11
         9.999282360076904E-01         2.928140077074204E-07        -1.179698977393784E-10
         9.997580647468567E-01         3.691737333610945E-07         1.103793653700613E-10
         9.995779991149902E-01         5.383113261814287E-07        -3.328265441027156E-11
         9.995207190513611E-01         6.914368668731186E-07        -2.988327085784448E-10
         9.997743964195251E-01         6.230595204215206E-07        -2.799995790780940E-10
         9.998614788055420E-01         7.212564128167287E-07        -9.998148836620757E-11
         1.000084519386292E+00         3.951809048885480E-07        -1.878936936594577E-11
         1.000317096710205E+00         2.659636955115730E-08         1.375652109586456E-11
         1.000301718711853E+00        -1.603834576258123E-08         1.039646355116552E-10
         1.000531196594238E+00        -2.555091782596719E-07         1.287179252074111E-10
         1.000477433204651E+00        -3.480860186755308E-07         2.030320356283255E-10
         1.000409483909607E+00        -2.988937239933875E-07         1.599097521065573E-10
         1.000263571739197E+00        -2.321928889159608E-07         1.408694966231749E-10
         1.000439643859863E+00        -6.743302378708904E-07         2.141454236159746E-10
         1.000448584556580E+00        -8.298186457977863E-07         1.367340268787487E-10
         1.000403404235840E+00        -6.293480510066729E-07         1.179875919188333E-10
         1.000163912773132E+00        -7.520118572301726E-08         4.218376689624215E-11
         1.000516772270203E+00        -4.857321300733020E-07         9.970396730452080E-11
         1.000522971153259E+00        -3.551205054463935E-07        -1.001298141622975E-10
         1.000497341156006E+00        -2.621066244046233E-07        -2.058697240459040E-10
         1.000284910202026E+00         1.508082618784101E-07        -2.862509118628509E-10
         1.000217914581299E+00         7.487074782375203E-08        -1.800187360290195E-10
         1.000507354736328E+00        -4.925954613099748E-07        -2.161507778319915E-10
         1.000534534454346E+00        -6.209944558577263E-07        -4.744341378093431E-11
         1.000289916992188E+00        -1.734580763468330E-07        -8.530501999226558E-11
         1.000340461730957E+00        -2.100905618362958E-07         1.842773295068767E-10
         1.000295042991638E+00        -5.475407860444648E-08         2.360652784361150E-10
         1.000346660614014E+00        -2.654146840086469E-07         1.452838266358114E-10
         1.000327825546265E+00        -1.958169093541073E-07         7.025138804017672E-11
         1.000550866127014E+00        -5.911439870942559E-07        -9.338345201281850E-12
         1.000276446342468E+00         4.687507626499610E-08        -1.668458288195396E-10
         9.999818801879883E-01        -7.173584037900582E-08        -2.284281271081046E-11
         9.997858405113220E-01         3.987033210250956E-07        -1.377027658566732E-10
         9.996668100357056E-01         4.402166098316229E-07        -1.142786976160437E-10
         9.995738863945007E-01         7.308827889573877E-07        -2.094189543999647E-10
         9.997253417968750E-01         3.777003030336346E-07        -1.213286554557769E-10
         9.996232390403748E-01         5.667792493113666E-07        -1.857970444163470E-10
         9.999704957008362E-01         1.904435151800499E-07        -1.257109694119407E-10
         1.000189423561096E+00         2.650321384578547E-08        -9.365409836536998E-11
         1.000139594078064E+00         5.883281346541480E-07        -3.598070730248537E-10
         1.000132441520691E+00         3.792407028413436E-07        -1.819494693799939E-10
         9.998595118522644E-01         5.715476731893432E-07        -4.858444896393976E-11
         9.995636343955994E-01         6.763680175936315E-07         7.554779718477178E-11
         9.992880821228027E-01         7.519953442169935E-07         2.319456016142141E-10
         9.992052912712097E-01         5.949307251285063E-07         2.292582929053211E-10
         9.992587566375732E-01         6.063982027626480E-07         1.534830179616975E-10
         9.993557929992676E-01         6.480950673903862E-07        -1.807872879178163E-10
         9.994961619377136E-01         6.391011311279726E-07        -2.287040001824892E-10
         1.000049471855164E+00        -3.447973710990482E-07        -1.375763947208952E-10
         9.997754693031311E-01        -7.832257864492931E-08        -1.719083209117400E-11
         9.997733831405640E-01        -1.304798615819891E-07        -1.970525825845115E-11
         9.996139407157898E-01         5.737129882277259E-08         1.021130818790184E-10
         9.996531009674072E-01         4.727810676286026E-08         1.881244188206566E-10
         9.995825290679932E-01         3.529912362409959E-07        -5.306271047555988E-11
         9.996634721755981E-01         6.962313392477881E-08        -1.750860914584429E-11
         9.996504783630371E-01         1.035280945416162E-07        -7.871055369979008E-12
         9.995645880699158E-01         3.323159205592674E-07        -1.028372664801935E-10
         1.000010848045349E+00        -1.509128537691140E-07        -1.165722986889994E-11
         9.999647736549377E-01        -6.842145694463397E-08        -5.282330562544901E-13
         9.997703433036804E-01         2.373583214421160E-07        -1.096671781164460E-10
         9.994828104972839E-01         5.075388571640360E-07        -1.516316933125594E-10
         9.994308948516846E-01         1.733513386170671E-07        -1.548579597887567E-10
         9.994026422500610E-01         3.771004060126870E-07        -1.667901233792790E-10
         9.994665384292603E-01         4.432498599271639E-07        -1.965221180233456E-10
         9.997248053550720E-01         2.250107939971713E-07        -1.951477035522231E-10
         9.998144507408142E-01         2.901313962411223E-07        -2.886895444920157E-10
         9.999963045120239E-01        -4.154633970188115E-08        -1.445363412289069E-10
         9.998406767845154E-01         1.805544940225445E-07        -1.445293745794274E-10
         9.998570680618286E-01         9.801766509554000E-08        -2.609341735737569E-11
         9.995970129966736E-01         5.298269343256834E-07        -1.746184308260013E-10
         9.998912215232849E-01         1.495218810987353E-07         1.194261269737984E-11
         9.997568726539612E-01         3.321585495541513E-07         5.429528788375437E-12
         9.997888803482056E-01         2.595785133507889E-07         9.743885559521104E-11
         9.998895525932312E-01         1.352619989347659E-07        -3.276431860196882E-12
         1.000018000602722E+00        -1.668559548306803E-07         1.007101971262081E-10
         9.996603727340698E-01         2.716810456604435E-07         3.721644173393379E-11
         9.994422793388367E-01         6.131745635684638E-07         3.036219886620728E-11
         1.000106215476990E+00        -1.245143579353680E-07         8.337356499632520E-11
         1.000405311584473E+00        -3.457977868492890E-07        -1.364399131870142E-11
         1.000488400459290E+00        -4.775740194418177E-07        -4.452088350759276E-11
         1.000361084938049E+00        -3.994560699993599E-07         1.040311673611294E-11
         1.000138282775879E+00        -2.105204259805760E-07        -1.036441626967033E-10
         1.000127315521240E+00        -2.894120427754387E-07        -6.234292942997044E-11
         1.000127553939819E+00        -4.372027717636229E-07        -8.219446651080986E-11
         1.000236392021179E+00        -8.522681582689984E-07        -5.192210550397647E-11
         0.000000000000000E+00         0.000000000000000E+00         0.000000000000000E+00
         9.997671842575073E-01        -5.549522938963491E-07         4.447373719296266E-11
         9.999589323997498E-01        -4.523408563272824E-07         6.877076685896100E-11
         9.998407363891602E-01        -1.179325153088939E-07        -2.861096776163308E-11
         9.996430277824402E-01         8.498164305592582E-08        -3.537247231233387E-11
         9.994053244590759E-01         6.570995196852891E-07        -2.321822456519129E-10
         9.994689822196960E-01         6.527413347612310E-07        -2.469456028553196E-10
         9.995108246803284E-01         5.754702669946710E-07        -2.064911852617257E-10
         9.996542334556580E-01         6.499838036688743E-07        -2.646504404513195E-10
         9.997469782829285E-01         4.723826236840978E-07        -1.083660175482670E-10
         9.997041821479797E-01         5.072071758149832E-07        -9.059475392092509E-11
         9.996695518493652E-01         4.265357063104602E-07         6.549238928954537E-11
         1.000187754631042E+00        -3.723972668012721E-07         7.812806651630311E-11
         1.000183939933777E+00        -6.151482807581488E-07         1.775068980691685E-10
         1.000047206878662E+00        -8.748519775281238E-08        -2.708399129969230E-11
         1.000324964523315E+00        -6.606992428714875E-07         1.725764253723838E-10
         1.000053286552429E+00        -1.752288909528943E-07         6.816658348895999E-11
         1.000032305717468E+00        -4.834158318089976E-08        -3.421030125849711E-11
         9.998117089271545E-01         5.285591555548308E-07        -1.880288841293876E-10
         9.997774958610535E-01         6.412429911506479E-07        -1.651525027845935E-10
         1.000065207481384E+00        -1.112379166556821E-07        -1.856339214290070E-11
         1.000006318092346E+00        -2.000361547516150E-07         6.782340661315445E-11
         9.999793171882629E-01        -3.088528046646388E-07         2.046356695206697E-10
         9.996417760848999E-01         2.266835821274071E-07         2.844959545722503E-10
         9.995263218879700E-01         2.050828413757699E-07         2.792966413700526E-10
         9.994034767150879E-01         3.977025073709228E-07         2.246927088833672E-10
         9.996819496154785E-01        -2.496896733816811E-08         1.102000227182209E-10
         1.000015020370483E+00        -4.518248886142828E-07         9.303174203223463E-11
         9.999821782112122E-01        -3.775669910055512E-08        -1.076024252338881E-11
         1.000258803367615E+00        -5.058200258645229E-07         6.013217701550388E-11
         9.998763203620911E-01         2.959880873731890E-07        -8.991334066177359E-11
         9.998953342437744E-01         2.256543751855133E-07        -9.597090483426385E-11
         1.000038027763367E+00        -4.823911226026212E-08         3.865169295735882E-11
         9.998894929885864E-01         3.966625286011549E-07        -3.051153080191327E-11
         9.998655915260315E-01         3.976406333094928E-07        -1.140833885693304E-10
         9.998921751976013E-01         3.435035011989385E-07        -3.262844508467033E-11
         9.998056888580322E-01         1.810287244552455E-07         5.032768993218362E-11
         9.996954202651978E-01         4.304876028982108E-07        -1.498994262050246E-10
         9.997921586036682E-01         2.490368444796331E-07        -2.817339027003096E-12
         9.998893141746521E-01         2.094691637921642E-07        -8.809619700400617E-11
         1.000111818313599E+00         2.260518527918975E-08         2.201918161692795E-11
         1.000118851661682E+00         1.271646876688237E-08        -8.174071142175166E-11
         9.999908804893494E-01         1.876203015171996E-07        -1.117326578481403E-10
         9.998478889465332E-01         4.780842459695123E-07        -1.352932071929658E-10
         9.997752308845520E-01         4.569375278151711E-07         3.685312124912521E-11
         9.997695088386536E-01         5.622854359899065E-07        -7.911680338645866E-11
         1.000116705894470E+00        -1.167519982914200E-07        -3.601701228928000E-11
         1.000023961067200E+00        -1.177830881715636E-07         1.381129516309088E-10
         1.000157713890076E+00        -6.837824457761599E-07         3.534240122782251E-10
         1.000430941581726E+00        -1.136390551437216E-06         1.952529388171698E-10
         1.000743985176086E+00        -1.396644847773132E-06         1.870118643276797E-10
         1.000777244567871E+00        -1.247686554961547E-06         2.004046095738232E-10
         1.000789046287537E+00        -1.270863208446826E-06         2.979376467759920E-10
         1.000663757324219E+00        -1.025742562887899E-06         1.916972691695662E-10
         1.000624775886536E+00        -8.937805091591144E-07         3.102618439942972E-10
         1.000672101974487E+00        -9.428935641153657E-07         1.833201784817717E-10
         1.000441908836365E+00        -4.248680056662124E-07        -1.290997031500041E-10
         1.000377058982849E+00        -4.591094580064237E-07        -1.345961397891671E-10
         1.000421285629272E+00        -4.870412340096664E-07        -2.003884419510271E-10
         1.000365257263184E+00        -4.555891166546644E-07        -1.960491075037041E-10
         1.000343918800354E+00        -5.800044959869410E-07        -9.370161591082393E-11
         1.000381708145142E+00        -6.634835472141276E-07        -1.081579478756645E-10
         1.000340938568115E+00        -3.335323413011793E-07        -2.181977654114320E-10
         1.000516653060913E+00        -6.712907065775653E-07        -1.194748328048334E-10
         1.000226855278015E+00        -2.405441001940289E-08        -3.420102256956881E-10
         1.000558018684387E+00        -7.657060905330582E-07        -1.816854722225258E-10
         1.000177741050720E+00        -3.061944084947754E-07        -2.267483006912485E-10
         1.000017642974854E+00        -3.069314402637247E-07        -2.689953260137656E-10
         1.000039815902710E+00        -3.780966437716415E-07        -1.753568262818916E-10
         9.999389052391052E-01         7.401005142071426E-09        -2.440335156173035E-10
         1.000428438186646E+00        -9.234546496372786E-07        -1.773782370984023E-10
         1.000622510910034E+00        -1.240133542523836E-06        -1.032944216272647E-10
         1.000498175621033E+00        -1.009733864520967E-06        -2.114874664282951E-10
         1.000154614448547E+00        -1.190007310469809E-06        -2.049076880394907E-10
         1.001332044601440E+00        -2.635076498336275E-06         6.916064249073983E-11
         1.000737667083740E+00        -1.994158537854673E-06         3.539202264590813E-11
         1.001046895980835E+00        -2.434265297779348E-06         1.460229992478190E-10
         1.001585364341736E+00        -2.782362116704462E-06         2.317549346875225E-10
         0.000000000000000E+00         0.000000000000000E+00         0.000000000000000E+00
         0.000000000000000E+00         0.000000000000000E+00         0.000000000000000E+00
         0.000000000000000E+00         0.000000000000000E+00         0.000000000000000E+00
         0.000000000000000E+00         0.000000000000000E+00         0.000000000000000E+00
         9.987994432449341E-01         5.847877559972403E-07         1.983399416927156E-10
         9.999458789825439E-01        -1.547260580991860E-06         1.154019879656687E-09
         9.995057582855225E-01        -2.676252677247248E-07         7.226310105856726E-10
         9.998003244400024E-01        -8.319502171616477E-07         8.001595497297842E-10
         9.993817806243896E-01         7.853534356172531E-08         7.075217078877927E-10
         9.990277886390686E-01         1.454738935535715E-06         2.646415864226981E-10
         9.997005462646484E-01         3.852432826079166E-07         4.732224612169489E-10
         9.996786713600159E-01         2.880620684209134E-07         6.015788978075420E-10
         9.999011754989624E-01        -2.096630993264625E-07         6.507311911541080E-10
         9.992052316665649E-01         1.644685767132614E-06         1.453384912419864E-10
         9.995761513710022E-01         8.639643169772171E-07         5.539603220583444E-10
         1.000002503395081E+00         2.682450030988548E-07         5.497059474279808E-10
         1.000257134437561E+00        -1.211407294476885E-07         5.496550437023018E-10
         9.999111890792847E-01         7.843271987439948E-07         1.011110778437185E-10
         9.999009966850281E-01         8.249951406469336E-07         1.145440894911864E-10
         9.998232722282410E-01         9.641089491196908E-07         6.987630959964797E-12
         1.000147223472595E+00         1.200872219442317E-07         3.392473524321815E-10
         1.000295519828796E+00         1.585833189210462E-07         2.072424037935505E-10
         1.000797271728516E+00        -9.837588095251704E-07         4.974579637107013E-10
         1.000546336174011E+00        -8.845779575494817E-07         5.627336929769911E-10
         1.000169157981873E+00        -4.547839864699199E-07         4.196013814183885E-10
         1.000263810157776E+00        -5.318840408108372E-07         3.548145388609925E-10
         1.000041007995605E+00         2.265132650336454E-07         7.519823652657465E-11
         1.000020027160645E+00         2.861534369458241E-07         8.583547067564368E-12
         9.997698664665222E-01         7.465535531991918E-07        -1.366323443274808E-10
         9.994631409645081E-01         1.227908228429442E-06        -2.742067406469317E-10
         9.994946122169495E-01         8.905666391001432E-07        -1.132748825294350E-10
         9.994686841964722E-01         9.824694870985695E-07        -1.650505287997817E-10
         9.999909400939941E-01        -1.845059642846536E-07         1.478801525678364E-10
         9.999456405639648E-01        -1.406178000706859E-07        -3.496856276763438E-11
         1.000280499458313E+00        -7.574895448669849E-07         8.015776931102891E-11
         1.000210165977478E+00        -8.849274308886379E-07         3.910911039461951E-10
         9.999447464942932E-01        -8.541550755580829E-08         6.377488120934416E-11
         9.998972415924072E-01         1.911686666744572E-07        -4.696798939357594E-12
         9.997456073760986E-01         6.898536639710073E-07        -1.707896879477033E-10
         1.000015377998352E+00         3.630906917351240E-07        -2.148249772515598E-10
         9.998750090599060E-01         7.145126801333390E-07        -2.794287579099830E-10
         1.000618577003479E+00        -1.065439846570371E-06         2.294206630226725E-10
         1.000505685806274E+00        -6.528146627715614E-07         1.688743762884304E-11
         1.000666737556458E+00        -1.225004552907194E-06         2.972341817120139E-10
         1.000898361206055E+00        -1.579030140419491E-06         4.397896768981724E-10
         1.000421762466431E+00        -4.104045387975930E-07         1.220053502670737E-10
         1.000083446502686E+00         4.157676016802725E-07        -2.700573376035464E-10
         1.000091552734375E+00         4.468176939553814E-07        -2.261209969267597E-10
         1.000099062919617E+00         3.665566339350335E-07        -1.519667169880279E-10
         1.000090956687927E+00         4.103183925963094E-07        -1.200932547851252E-10
         1.000224590301514E+00        -1.737925430234100E-07         2.675602239765595E-10
         1.000287652015686E+00        -8.430752274080078E-08         7.569399967932711E-11
         1.000374674797058E+00        -6.871881623737863E-07         5.882438980364668E-10
         1.000253200531006E+00        -2.290008183081227E-07         1.169108282406128E-10
         1.000040888786316E+00         1.900351662698085E-07         6.666694279955365E-11
         1.000117421150208E+00         1.809607397262880E-07        -1.340836053298489E-10
         9.998624324798584E-01         5.865499588253442E-07        -1.884794681439317E-10
         9.996532201766968E-01         9.379526773045654E-07        -3.365777934138947E-10
         9.996835589408875E-01         5.689243494089169E-07        -8.886746200031936E-11
         9.999402165412903E-01         2.237879783706376E-07        -1.267652927072760E-10
         1.000098347663879E+00         5.540437797435516E-08        -1.174861319341858E-10
         1.000029563903809E+00         1.269999359010399E-07        -8.870124079685127E-11
         1.000154614448547E+00        -2.444908488996589E-07        -5.106036773949718E-11
         9.999637603759766E-01         2.070298279477356E-07        -1.923748660370705E-10
         9.998980760574341E-01         1.499464872267708E-07        -1.632194102096918E-10
         9.997727274894714E-01         2.314082649945703E-07        -2.586678926608244E-10
         9.996785521507263E-01         2.115406090297256E-07        -1.351470046984105E-10
         9.995328783988953E-01         4.447491050996177E-07        -2.937940168923348E-10
         9.998288154602051E-01        -2.351751362539289E-07        -6.507627076102196E-11
         9.992707371711731E-01         1.240700157723040E-06        -5.258740665148309E-10
         9.997679591178894E-01         1.128250772808315E-07        -1.699104468233514E-10
         9.992486238479614E-01         1.423836238245713E-06        -3.598494557888188E-10
         9.998596906661987E-01         7.375825816779980E-08         1.908700628105997E-11
         9.992535114288330E-01         1.571563643665286E-06        -3.719405061719527E-10
         9.998404383659363E-01         3.534974553076609E-07         1.127238996589952E-10
         9.998278021812439E-01         4.249453411375725E-07         1.048890210797460E-10
         9.998648762702942E-01         7.072675316521781E-07        -7.661168227590665E-11
         9.997351169586182E-01         7.377914812423114E-07        -6.142170799749991E-11
         1.000043272972107E+00         2.002342469609175E-08         1.510396946402537E-10
         9.997939467430115E-01         6.621005468332442E-07        -2.530686771251567E-10
         1.000069022178650E+00        -1.371104616509911E-07         7.199359164378194E-11
         9.996681213378906E-01         7.320626878026815E-07        -2.835622847641162E-10
         1.000457167625427E+00        -9.918169325828785E-07         1.617765921224645E-10
         9.999030828475952E-01         1.355639227540451E-07        -2.035871610184259E-10
         1.000184535980225E+00        -6.964720000723901E-07         2.461337245129869E-10
         9.999321699142456E-01         1.343216524674062E-07         4.881824805513801E-11
         9.999365210533142E-01        -4.914874125461210E-07         3.378539670251257E-10
         9.997230768203735E-01        -2.068418751832724E-07         2.007676247473000E-10
         9.997819662094116E-01         2.184683722816771E-07        -8.228381170871657E-11
         1.000442385673523E+00        -8.644394711154746E-07         1.137156410702111E-10
         9.999818205833435E-01         2.917023778081784E-07        -1.759435791504060E-10
         9.998152852058411E-01         6.057701398276549E-07        -2.131001208827144E-10
         1.000364065170288E+00        -4.476863182389934E-07         2.587491332306513E-10
         9.999755620956421E-01         1.549148720414451E-07         2.315345554171344E-10
         1.000267505645752E+00        -4.485785893848515E-07         4.024864608265233E-10
         9.998660683631897E-01         3.530996082190541E-07         1.309437419605430E-10
         1.000368714332581E+00        -4.550038568140735E-07         3.365485390371958E-10
         1.000222206115723E+00        -3.002044479671895E-07         1.202903471275718E-10
         1.000104546546936E+00         2.996912273900421E-09         3.859395875799310E-12
         9.999183416366577E-01         5.141338874636858E-07        -1.508026481467084E-10
         1.000050783157349E+00         8.221945790864993E-08        -8.402518264505332E-11
         1.000003695487976E+00         1.583593842724440E-07        -2.040749930154462E-10
         9.996690154075623E-01         6.011369464431482E-07        -2.551205635636933E-10
         9.998678565025330E-01         1.328712784243180E-07        -9.396134564854108E-11
         0.000000000000000E+00         0.000000000000000E+00         0.000000000000000E+00
         0.000000000000000E+00         0.000000000000000E+00         0.000000000000000E+00
         9.995073080062866E-01         2.994603107708826E-07        -1.130215782074728E-10
         9.997905492782593E-01         6.888397052762230E-08         7.434323295862910E-11
         9.996228814125061E-01         5.019016384721908E-07        -1.984041819724780E-10
         9.996929764747620E-01         3.995067174855649E-07        -4.510043449812429E-10
         9.997321367263794E-01        -2.551967668296129E-07        -6.415552811223080E-11
         9.994129538536072E-01         4.019516097741871E-07        -2.730187742550072E-10
         9.997566938400269E-01        -4.486644513690408E-07         1.547859583561628E-11
         9.991230964660645E-01         9.692430467111990E-07        -2.082695405025703E-10
         0.000000000000000E+00         0.000000000000000E+00         0.000000000000000E+00
         9.991089105606079E-01         6.838412218712620E-07        -9.722924548816181E-11
         9.994171857833862E-01         2.864316854811477E-07         9.509922016537331E-11
         9.997283816337585E-01        -3.243481501158385E-07         2.863879411396653E-10
         9.995443224906921E-01         7.234698529146044E-08         2.538994292589081E-10
         0.000000000000000E+00         0.000000000000000E+00         0.000000000000000E+00
         0.000000000000000E+00         0.000000000000000E+00         0.000000000000000E+00
         9.994843006134033E-01         1.135939697860522E-07         2.099043300285430E-10
         1.000259041786194E+00        -1.112544282477756E-06         3.752355648423134E-10
         9.995403289794922E-01         3.470140086392348E-07        -1.890678169580440E-10
         9.997556805610657E-01        -1.639149473930956E-07         1.594375881319721E-10
         9.995838403701782E-01         7.187142045950168E-07        -2.969191836843521E-10
         1.000215291976929E+00        -5.238122753326024E-07         8.865353590126190E-11
         1.000293612480164E+00        -4.751332483010628E-07        -4.191473210179986E-11
         1.000231027603149E+00        -2.582200124834344E-07        -2.240737803638204E-11
         1.000272035598755E+00        -3.029716424407525E-07        -6.384778122869861E-11
         9.996665120124817E-01         9.144180239673005E-07        -2.809972254880222E-10
         1.000594139099121E+00        -1.194133346871240E-06         5.914602141388059E-10
         1.000288605690002E+00        -8.101416710815101E-07         4.824672883430026E-10
         1.000303268432617E+00        -1.048926833391306E-06         4.992765645361885E-10
         9.998601078987122E-01        -2.287361411390521E-07         3.518311753047954E-10
         9.996272921562195E-01         2.414770960967871E-07         1.705636465398896E-10
         9.993347525596619E-01         5.780158289780957E-07        -2.745062337161652E-11
         9.994246959686279E-01         4.813981036022597E-07        -9.318947002956435E-11
         9.998565316200256E-01        -4.698447497730740E-08        -2.118235031822735E-10
         9.999530911445618E-01         5.689729576374702E-08        -2.165623375072201E-10
         9.998228549957275E-01         2.608214799693087E-07        -2.681473376675569E-10
         9.995983242988586E-01         8.378378879569937E-07        -4.828653588084819E-10
         9.994809627532959E-01         1.143878762377426E-06        -4.986517310179295E-10
         9.993534088134766E-01         1.430076508768252E-06        -5.521516577289276E-10
         9.996892213821411E-01         3.931042158455966E-07        -2.679772792557600E-10
         1.000062584877014E+00        -4.179762527201092E-07        -4.835297787164627E-11
         1.000347375869751E+00        -7.204789085335506E-07        -9.377599391457991E-11
         9.998850822448730E-01         9.072957141142979E-08        -2.196259146769464E-10
         9.996619820594788E-01         5.346054763322172E-07        -2.507919150129823E-10
         9.997404217720032E-01         4.932020374326385E-07        -3.589633867928654E-10
         9.998313188552856E-01         1.560201781103387E-07        -2.483739602876511E-10
         1.000113248825073E+00        -4.894063181382080E-07        -5.333731026291311E-11
         1.000282526016235E+00        -8.967155622485734E-07         1.953165545964808E-10
         1.000206232070923E+00        -6.415775715140626E-07         1.925743453590201E-10
         9.994702339172363E-01         7.372892127932573E-07        -1.776705310652105E-10
         9.995870590209961E-01         7.464182658623031E-07        -2.438712565222545E-10
         9.993684887886047E-01         1.196666858049866E-06        -2.045283942209153E-10
         9.994304776191711E-01         8.470101420243736E-07        -5.407186851047463E-11
         9.997932314872742E-01         2.909887086843810E-07        -2.110800423338333E-11
         1.000068783760071E+00        -1.447773030349708E-07         1.926654807915540E-10
         1.000112056732178E+00        -1.662362478782597E-07         3.016058791605047E-10
         1.000414133071899E+00        -8.960073500929866E-07         3.389558078659149E-10
         1.000081181526184E+00        -4.571278395815170E-07         2.904780027623843E-10
         9.997672438621521E-01         3.639866008597892E-07        -1.002596963783908E-10
         9.994630813598633E-01         8.438975100943935E-07        -1.392775339503771E-10
         9.994649291038513E-01         6.980208695495094E-07        -7.131198409560113E-11
         9.996094703674316E-01         4.739441976653325E-07        -1.423650607124127E-11
         9.993869066238403E-01         1.341199777016300E-06        -2.138238752724675E-10
         9.994643926620483E-01         1.628696963962284E-06        -2.136331805902003E-10
         9.995563626289368E-01         1.528264988337469E-06        -1.906274998964008E-10
         9.997178316116333E-01         1.023875370265159E-06         5.281851345184663E-11
         9.999257326126099E-01         5.726310519094113E-07         3.755269983862775E-10
         1.000022649765015E+00         3.441119531544246E-07         2.651344421789048E-10
         9.995809197425842E-01         1.455125811844482E-06        -9.775410515777683E-12
         9.994722604751587E-01         1.907952082547126E-06        -2.074449917399690E-10
         9.995895624160767E-01         1.569256937727914E-06        -5.564337185459678E-11
         9.995914101600647E-01         1.287473651245818E-06         3.085065189423197E-11
         9.995741844177246E-01         1.227106508849829E-06         4.906876229122947E-13
         9.993576407432556E-01         1.533671252218483E-06        -2.850630538911436E-12
         9.993786215782166E-01         1.403823489454226E-06         3.190466987823548E-11
         9.995841383934021E-01         6.755353183507395E-07         3.375890123002989E-10
         9.945867657661438E-01         6.393623152689543E-06        -1.322543741189008E-09
         9.944313764572144E-01         6.645018402196001E-06        -1.311726394170876E-09
         9.952515363693237E-01         6.093713182053762E-06        -1.123327098007110E-09
         9.946274757385254E-01         7.214683591882931E-06        -1.225189616427258E-09
         9.941228628158569E-01         7.982785064086784E-06        -1.525775172872557E-09
         0.000000000000000E+00         0.000000000000000E+00         0.000000000000000E+00
         0.000000000000000E+00         0.000000000000000E+00         0.000000000000000E+00
         0.000000000000000E+00         0.000000000000000E+00         0.000000000000000E+00
         9.994181990623474E-01         6.467430466727819E-07        -1.656903947377941E-09
         9.994964003562927E-01         1.089740862880717E-06        -1.854936981793287E-09
         9.996592998504639E-01         1.525828110970906E-06        -2.106527619005760E-09
         9.999306201934814E-01         7.113731612662377E-07        -1.344507616352075E-09
         1.000718235969543E+00        -1.336710852228862E-06        -3.244507718047629E-10
         1.000986099243164E+00        -1.889754116746190E-06        -2.800254750301434E-10
         1.001229405403137E+00        -2.410924707874074E-06        -7.694650472345188E-11
         1.001232624053955E+00        -2.084621883113869E-06        -1.511692437894396E-10
         1.000738024711609E+00        -1.354111532236857E-06        -3.479992682908772E-10
         1.000652909278870E+00        -1.608871343705687E-06        -2.211772570648307E-10
         1.000664114952087E+00        -1.481382696510991E-06        -3.095655121132523E-10
         1.000798344612122E+00        -1.545856548545999E-06        -3.081866151166679E-10
         1.000774741172791E+00        -1.340370317848283E-06        -2.120684738926570E-10
         1.000625014305115E+00        -1.047717432811623E-06        -3.214473687229713E-10
         1.000467419624329E+00        -9.073784212887404E-07        -2.744181826219716E-10
         1.000515580177307E+00        -1.002296244223544E-06        -2.202675819518163E-10
         1.000704169273376E+00        -1.350489242213371E-06        -2.153083961120572E-11
         1.000221490859985E+00        -7.351100634878094E-07        -7.106581490813613E-13
         1.000381946563721E+00        -9.094520123653638E-07        -4.006193640715416E-11
         1.000472903251648E+00        -8.677125720168988E-07         9.036607573342792E-11
         1.000652194023132E+00        -1.003164470603224E-06         2.060370624112906E-10
         1.000498175621033E+00        -6.278343676058284E-07        -4.061270764132985E-11
         1.000526189804077E+00        -7.613229513481201E-07         1.068678132098988E-10
         1.000287413597107E+00        -5.347407139311144E-08        -9.181984339523552E-11
         1.000277280807495E+00         1.326144456470502E-07        -1.014782494146438E-10
         1.000543475151062E+00        -4.352279745489795E-07        -1.612191456723533E-11
         1.000589489936829E+00        -5.891492946830112E-07         5.075307535351570E-11
         1.000415563583374E+00        -2.928162246007560E-07        -3.654624172733101E-11
         1.000245451927185E+00         3.343567698266270E-07        -6.590340773104941E-11
         1.000016093254089E+00         4.877258561464259E-07         1.453451942134976E-10
         1.000096201896667E+00         1.925124593071814E-08         1.024278509231813E-10
         1.000255227088928E+00        -1.792775634612553E-07         1.665582671783739E-10
         1.000295042991638E+00        -2.923787576492032E-07         1.816129330256544E-10
         1.000397443771362E+00        -5.172035457690072E-07         1.179903397208193E-10
         1.000435233116150E+00        -7.257984293573827E-07         2.891397399285012E-10
         1.000621438026428E+00        -1.002129579319444E-06         2.494834616673103E-10
         1.000534772872925E+00        -7.617346682309289E-07         1.716896763648279E-10
         1.000153422355652E+00        -2.741874993716920E-07         1.695314860716834E-10
         9.997443556785583E-01         2.465184820721333E-07        -4.044884566178908E-11
         9.998287558555603E-01         2.565630836670607E-07        -5.672632068937089E-12
         9.999321699142456E-01         8.440670029585817E-08        -2.799923140561766E-11
         9.998692870140076E-01        -6.377641881272211E-08        -6.732876062232052E-11
         9.997669458389282E-01         1.210230919923561E-07        -3.512754323531375E-11
         9.998232126235962E-01         3.175317715431447E-07        -3.768855019736783E-11
         9.995145797729492E-01         9.130654916589265E-07        -1.832957674530178E-10
         9.994474649429321E-01         7.403176596199046E-07        -1.199602084334117E-10
         9.996463656425476E-01         6.333480655484891E-07         5.842391674615310E-12
         9.998129010200500E-01         3.151486964725336E-07        -8.643651072670622E-11
         9.995474815368652E-01         2.987077607485844E-07         2.230860027957471E-12
         9.999222755432129E-01        -3.454025261362403E-07         9.346290408274172E-11
         1.000027179718018E+00        -7.317002115314608E-08        -1.067567770296485E-10
         1.000114321708679E+00        -4.294346638289426E-07         8.959299968580581E-11
         1.000049591064453E+00        -3.617182926518581E-07        -1.813057516619754E-11
         1.000153779983521E+00        -5.127951681060949E-07         1.345317884871022E-10
         9.999309182167053E-01        -2.392929445704794E-07         8.230887499349748E-11
         1.000120162963867E+00        -3.813061653090699E-07         8.026250497561449E-11
         1.000269889831543E+00        -2.952382089915773E-07         6.997900869887275E-11
         1.000380039215088E+00        -4.612884652033244E-07        -4.003999215518306E-11
         1.000285267829895E+00        -6.014591917846701E-07         1.754390660524408E-10
         1.000149369239807E+00        -5.453965457036247E-08        -1.314781703648515E-11
         1.000450491905212E+00        -7.216070798676810E-07         2.068794441312249E-10
         1.000347256660461E+00        -6.418418934117653E-07         1.138288074908900E-10
         1.000404834747314E+00        -2.978670181619236E-07         7.574900429130338E-11
         1.000099658966064E+00         3.597741908833996E-07        -1.561246409931272E-10
         9.999500513076782E-01         4.108722748696891E-07        -8.473818868814931E-11
         9.999572634696960E-01         1.844208270540548E-07        -8.647545179929494E-11
         9.999207854270935E-01         4.203526771107136E-07        -3.282435989682142E-10
         9.997885823249817E-01         4.562147921660653E-07        -2.222355910408425E-10
         9.999923110008240E-01         1.880441260482257E-07        -8.407573248714328E-11
         9.999284744262695E-01         2.337597067025854E-07        -4.976022024982818E-11
         9.997632503509521E-01         3.804237564963842E-07        -1.942263294640867E-10
         9.997186064720154E-01         5.482918368215906E-07        -9.084834967643118E-11
         9.997187256813049E-01         2.167895303273326E-07        -2.942416926429714E-12
         9.996157288551331E-01         8.341599766481522E-08         1.083979694199710E-11
         9.997525811195374E-01         3.554947980433099E-08         3.999151357292341E-11
         9.997197389602661E-01         4.576413630275056E-07        -1.455371934078187E-10
         1.000055432319641E+00        -8.944175533542875E-08         4.446364457177943E-11
         1.000082969665527E+00         1.793212334177952E-07        -1.566078239312318E-10
         9.999487996101379E-01        -9.325735561560577E-08        -2.614286565005841E-11
         9.997884631156921E-01         4.286014814169903E-07        -1.782779202041951E-10
         9.996506571769714E-01         6.749438057340740E-07        -2.169778662297617E-10
         9.998425841331482E-01         2.046690212864632E-07        -7.078607144883620E-11
         9.999103546142578E-01        -1.803154248136707E-08         1.457813592065094E-10
         9.995861649513245E-01         5.637225513055455E-07         1.971036875381138E-11
         9.995033740997314E-01         6.242952395041357E-07        -3.486171420985507E-11
         9.997169971466064E-01         5.846463295711146E-07        -5.215640072608885E-11
         9.997707009315491E-01         5.705953185497492E-07        -1.311791647529148E-10
         1.000219583511353E+00        -1.891267515929940E-07         1.098250657083355E-11
         1.000126719474792E+00        -1.843044650229331E-08        -1.527564741365950E-10
         1.000274658203125E+00        -5.849960302839463E-07         4.972712866480045E-11
         1.000379800796509E+00        -4.638426958081254E-07        -5.152702917121665E-11
         1.000217676162720E+00         3.883329924292411E-08        -1.648504388551686E-10
         1.000232815742493E+00         3.818257425791671E-07        -1.493564716348317E-10
         1.000316619873047E+00        -6.077167569173980E-08        -5.576959033470885E-11
         1.000507950782776E+00        -4.550017820292851E-07        -1.401070318790554E-11
         1.000614047050476E+00        -9.397789995091443E-07         3.811415349996849E-10
         1.000455617904663E+00        -7.725919886070187E-07         3.505546408710813E-10
         1.000787854194641E+00        -1.452747824259859E-06         4.758579086328041E-10
         1.000476002693176E+00        -6.662154987679969E-07         2.064749066166272E-10
         1.000373005867004E+00        -5.884572260583809E-07         2.995993730880997E-10
         1.000579833984375E+00        -7.851036798456335E-07         2.096483403546401E-10
         1.000237703323364E+00        -5.254191250969598E-07         2.040001501057986E-10
         1.000519514083862E+00        -8.491147696076951E-07         2.199163212646127E-10
         1.000083327293396E+00        -1.557747992819714E-07         1.498721841075579E-10
         1.000371098518372E+00        -6.064441890885064E-07         1.935655108420420E-10
         1.000122189521790E+00        -2.573443680375931E-07         9.423804098185329E-11
         9.997271895408630E-01         3.664430607841496E-07        -3.799472889087774E-11
         9.995340704917908E-01         7.790908966853749E-07        -2.273961297039051E-10
         9.996517896652222E-01         2.811422064041835E-07        -1.702753493759701E-10
         9.996771812438965E-01        -1.153507582785096E-07         1.024194756782393E-10
         9.994245767593384E-01         2.390755753367557E-07        -5.495688973344848E-11
         9.994024634361267E-01         9.867071781854975E-08         1.064876242740098E-10
         9.994884133338928E-01         4.467275260822134E-08         1.069782392011664E-12
         9.994165301322937E-01         2.328878707658077E-07        -1.099178872920881E-10
         9.997949004173279E-01        -4.819090122509806E-07         1.562081852757302E-10
         9.995177388191223E-01         1.346819367142871E-08         3.245077817570774E-11
         9.995489120483398E-01        -7.928574774496155E-08         2.796193832033111E-11
         9.993934631347656E-01        -1.432166740755747E-08        -2.734139824267512E-11
         9.994296431541443E-01         2.226037025820915E-07        -1.051566264620440E-10
         9.989947676658630E-01         1.040153506437491E-06        -4.327273539495025E-10
         9.992087483406067E-01         6.401903078767646E-07        -1.720519282599753E-10
         9.993579387664795E-01         4.740811050396587E-07        -8.006681428973650E-11
         9.996536374092102E-01         1.884982481215047E-07        -3.297936576607263E-12
         9.994623661041260E-01         4.056639966165676E-07        -1.237532437636801E-10
         9.996062517166138E-01         3.955642853270547E-07        -2.227002193766481E-10
         9.994950294494629E-01         4.236618735831144E-07        -2.084340616770319E-10
         9.994302392005920E-01         6.660968665528344E-07        -1.817545419724453E-10
         9.993525147438049E-01         6.957492928449938E-07        -2.404469123806763E-10
         9.992107152938843E-01         1.187500970445399E-06        -1.868957627548795E-10
         9.992214441299438E-01         1.102962414734066E-06        -2.546257371616178E-10
         9.995736479759216E-01         3.651007034477516E-07        -1.277983274761141E-10
         9.994140267372131E-01         6.687477025479893E-07        -6.600534008249781E-11
         1.000000715255737E+00        -1.023526010612841E-07         5.155752214047737E-11
         9.996603131294250E-01         3.343983223658142E-07         3.431068623660494E-11
         9.998636245727539E-01        -2.951413868856889E-08        -6.675916763843048E-12
         9.996707439422607E-01         4.117263756597822E-07        -6.069104940831238E-11
         9.999319314956665E-01         3.975729043759202E-07        -2.205441523850382E-10
         9.996995925903320E-01         7.574963660772482E-07        -2.861093861827868E-10
         9.997747540473938E-01         5.117121304465400E-07        -1.038040903234005E-10
         9.996514320373535E-01         1.713602131303560E-07         8.282291519279283E-11
         9.994842410087585E-01         6.376486680892413E-07        -4.201954409421838E-11
         9.993470311164856E-01         8.389008030462719E-07        -1.631012824798717E-10
         9.997344613075256E-01         1.732186802883007E-07         5.348538278937554E-11
         9.995546340942383E-01         4.932650767841551E-07        -5.790540963390711E-11
         9.998956918716431E-01         9.856956495468694E-08        -5.892378251992625E-11
         1.000126957893372E+00        -5.174183570488822E-07         1.284517631150450E-10
         9.998345971107483E-01         1.518106955700205E-07         3.336004736342879E-11
         9.998447299003601E-01         2.254856497074798E-07         1.135075974184607E-11
         1.001384854316711E+00        -3.341746378282551E-06         3.067774367870868E-10
         1.000495672225952E+00        -2.327543143110233E-06         5.102097633269409E-10
         1.000376582145691E+00        -2.136750026693335E-06         4.302186107363326E-10
         1.000015616416931E+00        -8.818611263450293E-07         1.390356857422503E-10
         1.000434517860413E+00        -1.881556386251759E-06         2.678627875063455E-10
         9.995903968811035E-01         1.751873135447113E-08         9.593728589329942E-11
         9.996240735054016E-01         2.653758883752744E-07        -6.930595680687546E-11
         1.000238776206970E+00        -6.871189270896139E-07         1.024345816502681E-10
         9.999573230743408E-01        -6.093659266070972E-08         1.054426337909753E-10
         1.000114798545837E+00        -2.767384046364896E-07         1.667299111274279E-11
         1.000618934631348E+00        -1.191274463963055E-06         3.147720140095345E-10
         1.000495553016663E+00        -1.191376213682815E-06         3.035673656892612E-10
         1.000148177146912E+00        -4.894299650004541E-07         8.537212603521027E-11
         9.999764561653137E-01         1.830121902912651E-07        -4.668736924839934E-11
         1.000401258468628E+00        -3.847267748824379E-07         8.473374085715690E-11
         1.000416398048401E+00        -2.852596878710756E-07         1.369819813135109E-10
         9.998522996902466E-01         6.465324418059026E-07        -1.680964673012042E-10
         1.000142812728882E+00         4.083687770162214E-07        -1.114543787122946E-11
         1.000407576560974E+00         4.896260747955239E-07        -1.709118679915633E-10
         1.000627279281616E+00        -3.213053503259289E-07         1.056070075139415E-11
         1.000626325607300E+00         1.304116192812899E-08        -1.765862282787634E-11
         1.000271201133728E+00         6.118617079664546E-07        -1.617420503086109E-10
         1.000570297241211E+00         3.752800239453791E-07        -8.172426624319939E-11
         1.000742793083191E+00         2.414612367829250E-07        -1.809207124392476E-11
         1.000828742980957E+00        -9.759763486272277E-08         6.920557876766154E-11
         1.000677943229675E+00         4.297740190395416E-07        -9.382745448649477E-12
         1.000637769699097E+00         4.516129195053509E-07        -4.588009139272486E-11
         1.000232219696045E+00         1.199066332446819E-06        -2.627404682709056E-10
         1.000416278839111E+00         7.005945121818513E-07        -1.889421535894442E-10
         1.000561714172363E+00         2.513121728497936E-07        -7.220779529859556E-11
         1.000494718551636E+00         5.446663635666482E-07        -1.515826353326588E-10
         1.000653624534607E+00        -1.421200757079077E-08         5.826420595989035E-11
         1.000525116920471E+00         1.606326236469613E-07         1.900503643348372E-10
         1.000770926475525E+00        -1.494513512945161E-09         7.679970374929734E-12
         1.001010537147522E+00        -4.184666124729119E-07         2.066895682384384E-10
         1.000722289085388E+00         9.197131589644414E-08         7.085015907293268E-11
