         1.000645518302917E+00         6.968274988139456E-07        -3.126562064803551E-10
         1.001443743705750E+00        -1.447559725420433E-07         2.203260317246158E-11
         1.001546263694763E+00        -4.244526223828871E-07         1.397102433742248E-10
         1.001409888267517E+00        -1.852870070706558E-07         6.452698791958866E-11
         1.001559734344482E+00        -6.591151304746745E-07         2.417285538403036E-10
         1.001779675483704E+00        -8.728464990781504E-07         2.677820742924553E-10
         1.001680731773376E+00        -1.013333303490072E-06         3.784032809317495E-10
         1.001128554344177E+00        -3.071271521548624E-07         1.599210902591963E-10
         1.001229524612427E+00        -6.523943056890857E-07         2.843090762816303E-10
         1.000746130943298E+00         8.380724381140681E-08         2.108413270363041E-11
         1.000657558441162E+00         1.721532356668831E-07         1.065819481282926E-11
         1.000791311264038E+00         3.816909099896293E-08        -2.198452878077184E-11
         1.000587821006775E+00        -1.942573035762507E-08         6.790230877573578E-11
         1.000621557235718E+00        -7.398354995302725E-08         8.059500289370192E-11
         1.000748157501221E+00        -3.157134926823346E-07         1.739449001503246E-10
         1.000281214714050E+00         2.533849965402624E-07        -2.244148443464322E-11
         1.000053048133850E+00         7.140175171116425E-07        -2.021607464763875E-10
         1.000063776969910E+00         5.860382543687592E-07        -1.602876720241397E-10
         1.000295639038086E+00         2.372249241489044E-07        -3.214946364682447E-11
         1.000469326972961E+00         4.271806020028635E-08         6.672766506010674E-12
         1.000460147857666E+00        -8.150212948976332E-08         3.762807773699528E-11
         1.000394225120544E+00        -1.890732335141365E-07         1.134885310727363E-10
         1.000357389450073E+00        -2.113588521979182E-07         8.103005766368909E-11
         1.000522851943970E+00        -3.771664580654033E-07         1.344506173062143E-10
         1.000517129898071E+00        -3.451098109508166E-07         1.017727707663951E-10
         1.000336885452271E+00        -2.848045426162571E-07         8.587396765902255E-11
         1.000207901000977E+00        -8.873504953044176E-08         5.066726552205303E-11
         1.000297307968140E+00        -2.854345950709103E-07         8.677520507704983E-11
         1.000296950340271E+00        -2.832804000263422E-07         8.867211132024266E-11
         1.000278353691101E+00        -3.328395621338132E-07         1.267642935065538E-10
         1.000259280204773E+00        -4.263885955424485E-07         1.792790638166508E-10
         1.000460267066956E+00        -5.739453854403109E-07         2.038984814323186E-10
         1.000486254692078E+00        -6.067515414542868E-07         2.008332666836310E-10
         1.000593543052673E+00        -5.969548624307208E-07         2.276071692230985E-10
         1.000621795654297E+00        -4.668980011501844E-07         1.626088014239357E-10
         1.000640630722046E+00        -3.748305061890278E-07         1.205638783252638E-10
         1.000673174858093E+00        -4.680802305756515E-07         1.585093722944464E-10
         1.000189304351807E+00        -1.602637240694094E-07         3.305399357000915E-11
         1.000017404556274E+00        -3.274560640420532E-07         1.329099746927298E-10
         9.997349977493286E-01         1.096172610459689E-07        -1.664088832009636E-11
         9.996957778930664E-01         2.709712987325474E-07        -7.996608236693348E-11
         9.995927214622498E-01         1.730953727019369E-07        -4.788789156884299E-11
         9.997952580451965E-01        -9.346350537953185E-08         3.483053082065091E-11
         9.995585680007935E-01        -1.005207739268599E-08         5.629862201428359E-11
         9.992652535438538E-01         4.196970166958636E-07        -5.808948461138996E-11
         9.990355968475342E-01         7.029976814010297E-07        -1.882879546721838E-10
         9.991136789321899E-01         6.313018729997566E-07        -1.550325978705303E-10
         9.988940954208374E-01         8.421660595558933E-07        -2.372755325552589E-10
         9.992982745170593E-01         2.270409424909303E-07        -2.040561296323684E-11
         9.990228414535522E-01         6.524430773424683E-07        -1.878547595257629E-10
         9.991134405136108E-01         6.299330834735883E-07        -2.031368684374257E-10
         9.990019202232361E-01         6.462310579991026E-07        -2.085848993527151E-10
         9.992766976356506E-01         3.186438277680281E-07        -1.127704457593026E-10
         9.991603493690491E-01         4.344166768532887E-07        -1.312413649978694E-10
         9.993110299110413E-01         2.777271390641545E-07        -7.011890373886942E-11
         9.988366365432739E-01         7.510507202823646E-07        -2.250821889981935E-10
         9.986866116523743E-01         8.816014087642543E-07        -2.483335481695548E-10
         9.985658526420593E-01         1.129289557866286E-06        -3.564868122918341E-10
         9.988110065460205E-01         1.095622565117083E-06        -3.720082297764549E-10
         9.988509416580200E-01         1.064854018295591E-06        -3.661095593354702E-10
         9.992646574974060E-01         6.540448111991282E-07        -2.377784080742629E-10
         9.992086887359619E-01         7.163467330428830E-07        -2.625017703206112E-10
         9.992287755012512E-01         6.438822879317740E-07        -2.198820153731518E-10
         9.990535378456116E-01         6.363036391121568E-07        -2.028818502086693E-10
         9.993178248405457E-01         2.784134167654884E-08         3.288729011341474E-11
         9.990289807319641E-01         3.942857347283280E-07        -9.174885157170465E-11
         9.990674257278442E-01         4.738331540465879E-07        -1.160870080618714E-10
         9.991089701652527E-01         2.429321455110767E-07        -1.329437167990610E-11
         9.991527199745178E-01         1.689622877165675E-07         1.631318452717523E-12
         9.991879463195801E-01         2.077944571965418E-07        -2.313442666601606E-11
         9.994580745697021E-01        -9.448587690030763E-08         6.823876186334843E-11
         9.998438358306885E-01        -4.513404121553322E-07         1.790673859192182E-10
         9.998187422752380E-01        -3.644267962954473E-07         1.540261113097685E-10
         9.996976852416992E-01         1.819753521203893E-07        -5.022399857113058E-11
         9.997970461845398E-01         1.468233818968656E-07        -4.402882919363194E-11
         1.000016212463379E+00         1.079689369021253E-07        -2.331611639871944E-11
         1.000007152557373E+00         4.518713225820647E-08         2.288816532136639E-11
         1.000244855880737E+00        -3.615507466747658E-07         1.813094951952365E-10
         1.000204563140869E+00        -3.671275976557808E-07         1.962022627699511E-10
         1.000060319900513E+00        -1.670420459731758E-07         1.087525347553964E-10
         1.000190258026123E+00        -2.366765272654447E-07         9.432470082781919E-11
         1.000081896781921E+00        -6.747873015910955E-08         3.647850251031759E-12
         9.999345541000366E-01         1.931169890667661E-07        -8.377170485074359E-11
         9.999202489852905E-01         1.382083638645781E-07        -7.266395818383842E-11
         1.000229001045227E+00        -3.077225869674294E-07         9.185864568994617E-11
         1.000311136245728E+00        -3.611349086440896E-07         1.103698799020947E-10
         1.000313282012939E+00        -3.108109183358465E-07         7.904677606918042E-11
         1.000312685966492E+00        -2.166656543067802E-07         3.802285569731723E-11
         1.000297665596008E+00        -2.179835689730680E-07         4.733794606304187E-11
         1.000409245491028E+00        -7.044771166420105E-08        -3.099431822306542E-11
         1.000192880630493E+00         1.976929269176253E-07        -8.548958069232171E-11
         1.000183343887329E+00         2.368546603292998E-07        -1.011592684618812E-10
         1.000108003616333E+00         3.643441175427142E-07        -1.423461210015020E-10
         9.997248649597168E-01         8.389263825847593E-07        -3.104602408487978E-10
         9.996209144592285E-01         9.406565482095175E-07        -3.502336476390866E-10
         9.995416998863220E-01         7.774146411065885E-07        -3.087514410804459E-10
         9.996274709701538E-01         3.976680602590932E-07        -1.694437645749503E-10
         9.999801516532898E-01         7.027832538142320E-08        -6.279320813318279E-11
         1.000071883201599E+00        -2.355569961309811E-07         9.034326065027187E-11
         1.000162839889526E+00        -2.993086241076526E-07         1.048578446294357E-10
         1.000101327896118E+00        -2.806440022595780E-07         9.532553219004924E-11
         9.997057318687439E-01         3.486774744487775E-07        -1.340306893249377E-10
         1.000001907348633E+00         5.533602731588871E-08        -4.927124680476069E-11
         1.000155687332153E+00        -9.509872711532807E-08         5.881328952496434E-13
         1.000135540962219E+00        -5.808946212937371E-08        -1.914125975777115E-11
         1.000412225723267E+00        -4.209816779621178E-07         1.329083093581929E-10
         1.000426888465881E+00        -6.138179173831304E-07         2.310597962962291E-10
         1.000415325164795E+00        -5.800309850201302E-07         2.350069860934667E-10
         1.000280499458313E+00        -2.538828312026453E-07         1.024172899266595E-10
         1.000228643417358E+00        -3.244046808958956E-07         1.245309688702179E-10
         1.000362753868103E+00        -5.369401492316683E-07         1.914772923550245E-10
         1.000305414199829E+00        -2.597174102447752E-07         8.430112163893000E-11
         9.999495148658752E-01         2.953050284304481E-07        -1.190715581689261E-10
         1.000016808509827E+00         8.189706335315350E-08        -3.180503430066928E-11
         1.000126242637634E+00        -2.744640141827404E-07         1.043261588229427E-10
         9.997953772544861E-01        -4.512675744194894E-08         2.344908815732349E-11
         9.998396635055542E-01        -8.158317399420412E-08         5.194530916519113E-11
         1.000008225440979E+00        -3.317894936571975E-07         1.313348180209672E-10
         1.000055670738220E+00        -5.445588726615824E-07         2.092972739564658E-10
         9.998838901519775E-01        -1.954859953912091E-07         9.563876773865942E-11
         1.000020265579224E+00        -3.778041275381838E-07         1.316578235321941E-10
         9.997776746749878E-01         5.439107386706610E-09         2.001950168140088E-11
         9.997413754463196E-01         2.849162115126092E-07        -9.572156262072085E-11
         9.998235106468201E-01         2.189935770502416E-07        -8.778963667133155E-11
         9.999300837516785E-01        -4.557152877282533E-08        -2.512780348379318E-12
         1.000072598457336E+00        -1.135681682029599E-08        -1.993496166752262E-11
         1.000113487243652E+00        -8.451688415789249E-08         4.234491663562823E-12
         1.000266432762146E+00        -3.939373414141301E-07         1.073557492903277E-10
         1.000150203704834E+00        -4.595150571162776E-08        -3.611065656564105E-12
         1.000257730484009E+00        -2.714518529955967E-07         8.986579536074402E-11
         1.000273466110229E+00        -2.692417524485791E-07         7.884597141849525E-11
         1.000153064727783E+00        -1.491882883897233E-08        -8.379785580714394E-12
         1.000153779983521E+00        -3.794405856183403E-08         1.594590887284142E-12
         9.999756217002869E-01         1.047908071427628E-07        -5.928732504933976E-11
         9.999172091484070E-01         2.982172304655251E-07        -1.409844324617993E-10
         9.999285936355591E-01         3.187278991845233E-07        -1.333530091907065E-10
         1.000012159347534E+00        -1.033483272294689E-07         1.335712009747914E-11
         1.000032424926758E+00        -3.433728750223963E-07         1.142129030240469E-10
         1.000290036201477E+00        -5.035079198023595E-07         1.643273017659652E-10
         1.000286102294922E+00        -5.177190587346558E-07         1.546971023502763E-10
         1.000072360038757E+00        -2.293568002187385E-07         4.541446385619707E-11
         9.999418258666992E-01         5.142507575328636E-08        -3.684288638061695E-11
         9.999375939369202E-01         1.117506585046613E-07        -4.318837995564984E-11
         1.000037908554077E+00         3.904119694198016E-08        -2.512698209222730E-11
         1.000096440315247E+00        -2.461577963686068E-08         5.546822224623826E-13
         1.000036835670471E+00         8.908714477229296E-08        -1.839896637823024E-11
         1.000024795532227E+00        -2.726933523433672E-08         3.683176680313593E-11
         9.999215602874756E-01        -8.746044244389850E-08         6.332478985626722E-11
         1.000224590301514E+00        -6.580015110557724E-07         2.689141964662412E-10
         1.000204324722290E+00        -6.054493724150234E-07         2.362881279527329E-10
         9.998940825462341E-01        -2.584804974503641E-07         1.205254368530362E-10
         9.996974468231201E-01        -5.674051806181524E-08         4.302428552316329E-11
         9.999670982360840E-01        -2.849673137461650E-07         1.202116184373381E-10
         9.999284148216248E-01         2.131694643026094E-08         1.818166797673548E-11
         9.998648166656494E-01         7.886308139859466E-08        -6.990191845496208E-12
         9.997004270553589E-01         3.476334597962705E-07        -1.137349867064152E-10
         9.998213052749634E-01         2.694296767913329E-07        -7.742759905449148E-11
         9.998803138732910E-01         2.611717775380384E-07        -9.068683304302994E-11
         9.999744296073914E-01        -3.139007276331540E-08         8.736323296731907E-12
         9.998359680175781E-01         6.447594103065057E-08        -2.692561971995300E-11
         9.996629357337952E-01         4.087561933374673E-07        -1.637282254218775E-10
         9.998257160186768E-01         5.999122532074352E-09        -2.457594197591284E-11
         9.997715353965759E-01        -1.096655832810711E-08        -1.657783979536198E-11
         9.996033906936646E-01         1.391509130144186E-07        -7.092275378095536E-11
         9.995955824851990E-01         1.765006487630671E-07        -9.259846361908686E-11
         9.993382096290588E-01         2.637806346683647E-07        -1.153247983221029E-10
         9.994394183158875E-01        -4.027003512874217E-07         1.360148799145477E-10
         9.991742968559265E-01        -5.378363354680005E-08         7.889076544809193E-12
         9.993378520011902E-01        -3.642938963821507E-07         1.158940929335550E-10
         9.992127418518066E-01        -3.467518752131582E-07         1.170039481968033E-10
         9.990860819816589E-01        -2.570574224591837E-07         6.424950155237141E-11
         9.992178082466125E-01        -5.667864115821430E-07         1.642998098683179E-10
         9.990777969360352E-01        -4.226557450692781E-07         1.134037447281244E-10
         9.991250634193420E-01        -5.674689873558236E-07         1.623296219666059E-10
         9.989629387855530E-01        -5.851480295859801E-07         1.781666897349155E-10
         9.986912608146667E-01        -6.125447384874860E-07         2.050564301692148E-10
         9.987305998802185E-01        -9.747698186401976E-07         3.303984030811336E-10
         9.987641572952271E-01        -1.008341428132553E-06         3.358060218783265E-10
         9.987246990203857E-01        -9.362292985315435E-07         3.023928329959347E-10
         9.986097216606140E-01        -8.356283274224552E-07         2.663958498239083E-10
         9.983921051025391E-01        -7.104521273504361E-07         2.123715509005919E-10
         9.983121752738953E-01        -6.956223046472587E-07         1.923001202719377E-10
         0.000000000000000E+00         0.000000000000000E+00         0.000000000000000E+00
         0.000000000000000E+00         0.000000000000000E+00         0.000000000000000E+00
         0.000000000000000E+00         0.000000000000000E+00         0.000000000000000E+00
         0.000000000000000E+00         0.000000000000000E+00         0.000000000000000E+00
         0.000000000000000E+00         0.000000000000000E+00         0.000000000000000E+00
         0.000000000000000E+00         0.000000000000000E+00         0.000000000000000E+00
         0.000000000000000E+00         0.000000000000000E+00         0.000000000000000E+00
         1.001680016517639E+00        -6.568002675066964E-08         8.170742554769461E-11
         1.001573681831360E+00         1.646272522748404E-07        -4.181959899901555E-12
         1.001675844192505E+00         1.567835639093573E-09         3.606747539519617E-11
         1.001569509506226E+00         1.808683833814939E-07        -4.512473034123943E-11
         1.001493573188782E+00         3.618187065512757E-07        -1.342076727528507E-10
         1.001775741577148E+00         3.393322245415220E-08        -1.458709368573619E-11
         1.001743674278259E+00        -4.940629949601316E-08         1.948109555616195E-11
         1.001530528068542E+00         1.538000020673280E-07        -6.302544597325266E-11
         1.001308441162109E+00         2.631051074786228E-07        -8.828856395970419E-11
         1.001137137413025E+00         3.794309577642707E-07        -1.190209181212154E-10
         1.001244544982910E+00         2.780643910682556E-07        -9.284808338838602E-11
         1.001297831535339E+00         1.736529924301067E-07        -4.937140973826359E-11
         1.001137256622314E+00         2.425001639494440E-07        -6.147390235744510E-11
         1.000953555107117E+00         2.594250645415741E-07        -7.827934828119609E-11
         1.000715970993042E+00         3.424779606575612E-07        -7.672623647536625E-11
         1.000853300094604E+00         3.224989768568776E-07        -8.014390540100891E-11
         1.000907301902771E+00         2.835852797034022E-07        -7.339068242018243E-11
         1.000772476196289E+00         4.264816766408330E-07        -1.378663710971395E-10
         1.000599861145020E+00         3.654876365999371E-07        -1.195490373362418E-10
         1.000595688819885E+00         1.005861278713382E-07        -3.184637623054876E-11
         1.000467896461487E+00         2.539804881962482E-07        -9.910856857420214E-11
         1.000502347946167E+00         1.257895121398178E-07        -6.180631006991177E-11
         1.000351667404175E+00         1.179975441800707E-07        -4.317075169568696E-11
         1.000344991683960E+00        -3.995691599811835E-08         1.206493412120313E-11
         1.000172257423401E+00        -1.052084019903532E-08         1.421546799544593E-13
         1.000313758850098E+00        -1.709577190922573E-07         3.383520547073360E-11
         1.000330328941345E+00        -1.264439646320170E-07         1.954862660635825E-11
         1.000291585922241E+00        -2.109063643729314E-07         8.260004485949324E-11
         1.000119805335999E+00         2.263716503136948E-08        -1.201126698102684E-11
         9.999627470970154E-01        -1.426247830949023E-08        -7.054727895611235E-12
         9.995879530906677E-01         4.659315493427130E-07        -1.758543866081652E-10
         9.999262690544128E-01        -3.253133940006592E-08         1.562733623061696E-11
         1.000061750411987E+00        -7.292766213140567E-08         7.682843944367690E-12
         1.000002861022949E+00        -9.641652809477819E-08         3.346651775149034E-11
         9.998586773872375E-01         2.743285065776035E-08        -1.840959849841450E-11
         9.997602701187134E-01        -8.507356596965110E-08         1.870381974300450E-11
         9.997329711914062E-01        -1.096644908216149E-07         1.910625303802593E-11
         9.998155236244202E-01         5.767530009137545E-09        -1.195664747766223E-11
         9.996719956398010E-01         5.280156756271026E-07        -2.120239400715818E-10
         9.997013807296753E-01         4.702895921582240E-07        -1.838018487410054E-10
         9.995009303092957E-01         8.162954259205435E-07        -2.950181210437108E-10
         9.996039867401123E-01         6.165633976706886E-07        -2.400291354565098E-10
         9.995029568672180E-01         7.207721637314535E-07        -2.891098471735631E-10
         9.996841549873352E-01         4.949990852765040E-07        -2.107997942868423E-10
         9.996553659439087E-01         4.899293912785652E-07        -2.031280005310165E-10
         9.994906187057495E-01         5.947885597379354E-07        -2.308458563193838E-10
         9.992917776107788E-01         7.817780556251819E-07        -2.822350408937524E-10
         9.993228316307068E-01         7.279619467226439E-07        -2.638023688383839E-10
         9.993592500686646E-01         6.218878638719616E-07        -2.223488615449298E-10
         9.995306730270386E-01         5.486782583830063E-07        -2.174370822283223E-10
         9.996315836906433E-01         5.190671572563588E-07        -2.057210651829067E-10
         9.996612071990967E-01         4.967899940311327E-07        -2.069810017824025E-10
         9.998021721839905E-01         3.320276675822242E-07        -1.558185386274502E-10
         9.997994899749756E-01         2.114835382371894E-07        -9.921836269244366E-11
         9.998561143875122E-01         1.391233350744869E-08         8.439331698750774E-12
         9.997892975807190E-01         2.850764531103778E-07        -8.458707345671002E-11
         9.998475313186646E-01         2.461580947965558E-07        -6.260717638761903E-11
         9.998806118965149E-01         5.215144938119920E-08        -3.487298123883154E-12
         9.998511075973511E-01        -1.415441364116532E-08         3.224088357400845E-11
         9.997954964637756E-01         1.467180421599323E-08         1.093379119881943E-11
         9.998700022697449E-01        -1.433404150930073E-07         8.342650181791811E-11
         9.999316930770874E-01        -2.162263967875333E-07         1.088732992649000E-10
         9.997836947441101E-01        -1.510203162524704E-07         9.087010310881993E-11
         9.998254179954529E-01        -5.467078167953332E-08         3.794093164644075E-11
         9.996855854988098E-01         1.401610632001393E-07        -4.469337747114999E-11
         9.995701313018799E-01         1.301243770512883E-07        -3.568643644480396E-11
         9.995169639587402E-01         9.617958340868427E-08        -1.876660112032358E-11
         9.994904398918152E-01         6.150269626914451E-08        -4.049079593750754E-13
         9.995699524879456E-01         7.887222608360389E-08        -6.442664110539731E-12
         9.994961619377136E-01         4.320152413583855E-07        -1.466047283571470E-10
         9.995852112770081E-01         3.051523265185097E-07        -1.090649029422686E-10
         9.996079802513123E-01         2.842478465936438E-07        -1.234962410112672E-10
         9.995958805084229E-01         2.072790010743120E-07        -9.409464873932905E-11
         9.995470046997070E-01         3.274321329627128E-07        -1.451004177921433E-10
         9.996467232704163E-01         3.922468039263549E-08        -2.556093531280723E-11
         9.997354745864868E-01        -2.055223973229658E-07         5.470523339878852E-11
         9.996137619018555E-01         6.296289711826830E-09        -1.652763689796721E-11
         9.997370243072510E-01        -1.076526645604758E-09        -4.901983766819606E-12
         9.999012947082520E-01        -2.004429688895470E-07         6.716022876718242E-11
         9.999314546585083E-01        -1.213953737533302E-07         3.380417126774837E-11
         9.999542236328125E-01        -6.640059524443132E-08         1.810848346273097E-11
         9.998523592948914E-01         1.838647705199037E-07        -7.367204069019806E-11
         9.998237490653992E-01         3.053170019029494E-07        -1.355577178285827E-10
         9.998124241828918E-01         3.131453638616222E-07        -1.264942178780259E-10
         1.000018119812012E+00         6.233556604229307E-08        -3.267769735360027E-11
         1.000197887420654E+00        -1.465798220579018E-07         4.408121090371253E-11
         1.000225663185120E+00        -8.026306375086278E-08         3.782728991152950E-11
         1.000278949737549E+00        -1.460080767401450E-07         4.885943039045770E-11
         1.000020503997803E+00        -8.417144314876168E-09        -1.140251955356053E-12
         1.000032067298889E+00        -1.932025952555705E-07         6.273365854569946E-11
         9.999331235885620E-01        -3.139668436347165E-08         2.730704985048904E-12
         9.998833537101746E-01         5.979403283618012E-08        -2.874447728451468E-11
         9.998614788055420E-01        -9.784072574348102E-08         4.454801805220399E-11
         9.998894333839417E-01         1.133156768418075E-08         5.794671600195533E-12
         9.998845458030701E-01         2.111551111738663E-07        -6.565799293145602E-11
         9.998015761375427E-01         1.111062619685299E-08         4.328359198835230E-11
         9.997608661651611E-01         1.317179680881964E-07        -7.789776636235590E-12
         9.996914267539978E-01         2.201103939114546E-07        -4.165941203115864E-11
         9.997403621673584E-01         1.564976628287695E-07        -3.220399294456833E-11
         9.996802806854248E-01         1.338224251412612E-07        -1.807269091325114E-11
         9.996300339698792E-01         3.372224171016569E-07        -1.067344337912779E-10
         9.999653697013855E-01        -5.009713532899696E-08         2.523759673467296E-11
         1.000063776969910E+00        -7.193959561391239E-08         2.974236829045296E-11
         1.000014066696167E+00         1.853991591360682E-07        -6.186332696112018E-11
         1.000191688537598E+00        -5.910882094894987E-08         2.204410612383079E-11
         1.000201582908630E+00        -5.274540271216210E-08         6.351583755476176E-12
         1.000112295150757E+00         3.256059599721084E-08        -4.539056630559202E-11
         9.998724460601807E-01         1.817063406406305E-07        -8.829866005033438E-11
         9.999652504920959E-01        -9.878255013973103E-08         1.515579155231261E-11
         9.999906420707703E-01        -1.895061103596163E-07         6.152844900242371E-11
         9.999769330024719E-01        -1.463859575778770E-07         5.530150989918603E-11
         1.000076413154602E+00        -1.840967343014199E-07         7.377960742349643E-11
         1.000100374221802E+00        -1.334982187017886E-07         5.834522448511237E-11
         1.000087738037109E+00        -4.014427545939725E-08         1.461462548202341E-11
         9.999467730522156E-01         2.563667464983155E-07        -9.724906990804527E-11
         9.999639391899109E-01         2.406478074590268E-07        -9.776630199853642E-11
         1.000062346458435E+00         1.477845756880924E-07        -8.201676837682470E-11
         1.000052094459534E+00         2.438394801629329E-07        -1.114325992590537E-10
         9.999926090240479E-01         5.281586368255375E-07        -2.139094734676661E-10
         1.000031948089600E+00         2.915076606768707E-07        -1.004820046612842E-10
         9.999382495880127E-01         1.687824919827108E-07        -4.172072062824661E-11
         9.999404549598694E-01         1.697145677326262E-07        -6.561096804746924E-11
         9.998716711997986E-01         2.884340801756480E-07        -1.183885905975401E-10
         1.000131964683533E+00         1.178010577973509E-07        -5.450776982551808E-11
         1.000218510627747E+00         1.251528232160126E-07        -5.114468223932356E-11
         1.000296473503113E+00        -4.317090684935465E-08         2.637637157298922E-11
         1.000321269035339E+00        -1.085389769173162E-07         4.102993986232484E-11
         1.000394225120544E+00        -1.658582959862542E-07         6.180891909401964E-11
         1.000334978103638E+00         1.903369239997232E-09         7.531365288360181E-12
         1.000288486480713E+00         7.573260063509224E-08        -2.531143523942792E-11
         1.000090718269348E+00         2.544296648920863E-07        -9.357862401637718E-11
         1.000125050544739E+00         7.211519204020078E-08        -1.175067682046560E-11
         1.000094532966614E+00         1.408501333344248E-07        -3.296461714707988E-11
         1.000079393386841E+00         2.717229108384345E-07        -8.319916283694440E-11
         1.000250339508057E+00        -7.049857941865412E-08         3.756080169114995E-11
         1.000099658966064E+00        -2.479991394466197E-07         9.952960677850342E-11
         1.000036001205444E+00        -2.406432315638085E-07         9.144872359367895E-11
         9.999269247055054E-01        -2.423424518838146E-07         9.867130029705962E-11
         9.999074935913086E-01        -2.755353989414289E-07         1.051008863273140E-10
         9.996055364608765E-01         1.044072988065636E-07        -2.726655880247453E-11
         9.997882843017578E-01        -2.806887664519309E-07         1.174289138150542E-10
         9.997027516365051E-01        -1.027664993102917E-07         5.067848918294260E-11
         9.997795820236206E-01         5.614903653139436E-09         9.431176326013535E-12
         9.998162984848022E-01        -1.449594435598556E-07         6.480828373955916E-11
         9.997910857200623E-01        -1.703697734001253E-07         5.392298066397849E-11
         9.996189475059509E-01        -6.266701291224308E-08         3.538443843487116E-11
         9.997978806495667E-01        -1.755590517404926E-07         1.055591378196219E-10
         9.999901056289673E-01        -2.646181087584409E-07         1.479381200875096E-10
         9.999014139175415E-01        -1.538576839266170E-07         9.445354914872084E-11
         9.999118447303772E-01        -2.661072073806281E-07         1.240097191601564E-10
         1.000056505203247E+00        -4.088873026830697E-07         1.797262616509698E-10
         9.997988939285278E-01        -2.979106739076087E-08         3.837569845233091E-11
         9.997465014457703E-01        -2.348506811244988E-08         1.316771865156330E-11
         9.996713995933533E-01        -5.385223289522401E-08         2.658771987296138E-11
         9.996147155761719E-01        -1.327474876688939E-07         8.229252695945988E-11
         9.994161725044250E-01         1.035558057083108E-07        -3.286319133488647E-11
         9.992070794105530E-01         1.443181218974132E-07        -4.872478809314629E-11
         9.992116689682007E-01        -7.241355604037381E-08         3.355366332002951E-11
         9.990128874778748E-01         3.096839051863753E-08        -2.903358803374445E-11
         9.988740682601929E-01         5.184679352510102E-08        -1.759419172853161E-11
         9.989973902702332E-01        -2.598323192160024E-07         1.177869746182836E-10
         9.988965392112732E-01        -8.625179503951586E-08         4.539158285354894E-11
         9.988154768943787E-01         5.669629032922785E-08        -2.199273228808973E-11
         9.988590478897095E-01        -3.364787346527010E-07         1.345033112665206E-10
         9.987440109252930E-01        -4.883177098236047E-07         1.749719535926175E-10
         9.985932111740112E-01        -2.552880289385939E-07         7.234826626678625E-11
         9.987400770187378E-01        -6.754911510142847E-07         2.247610153549573E-10
         9.983838200569153E-01        -2.856140213225444E-07         7.769956900105512E-11
         9.981924891471863E-01        -2.590850272099487E-07         6.020811627038825E-11
         9.979369640350342E-01        -2.497453692740237E-07         5.520992343854836E-11
         9.978737831115723E-01        -5.942110874457285E-07         1.820886913472819E-10
         9.975339174270630E-01        -2.860577978935908E-07         6.186567230725970E-11
         9.975178241729736E-01        -4.583488930620661E-07         1.380212055757113E-10
         9.972321391105652E-01        -1.129516462583524E-07         1.591584850024752E-11
         9.971044659614563E-01        -1.858226141848718E-07         5.268070701891503E-11
         9.971468448638916E-01        -6.109759738137654E-07         1.996252330105364E-10
         9.967898726463318E-01        -3.565372139746614E-07         1.056946474786713E-10
         0.000000000000000E+00         0.000000000000000E+00         0.000000000000000E+00
         0.000000000000000E+00         0.000000000000000E+00         0.000000000000000E+00
         0.000000000000000E+00         0.000000000000000E+00         0.000000000000000E+00
         0.000000000000000E+00         0.000000000000000E+00         0.000000000000000E+00
         0.000000000000000E+00         0.000000000000000E+00         0.000000000000000E+00
         0.000000000000000E+00         0.000000000000000E+00         0.000000000000000E+00
         0.000000000000000E+00         0.000000000000000E+00         0.000000000000000E+00
         1.003216624259949E+00         3.033990765288763E-07        -1.150296385921123E-10
         1.003174662590027E+00         2.597720936137193E-07        -1.150691417151073E-10
         1.003079056739807E+00         1.999704153377024E-07        -7.400634965959441E-11
         1.002862334251404E+00         3.956091632062453E-07        -1.476702510272432E-10
         1.002715110778809E+00         4.450841970538022E-07        -1.555222617355412E-10
         1.002622961997986E+00         3.639610781647207E-07        -1.137914970583687E-10
         1.002429485321045E+00         3.524352507611184E-07        -1.134574795225163E-10
         1.002228617668152E+00         4.170164800143539E-07        -1.375462244102010E-10
         1.002140045166016E+00         3.623248403528123E-07        -1.229746582342983E-10
         1.002108216285706E+00         1.528133282135968E-07        -3.775515663995144E-11
         1.002082347869873E+00        -3.142271509659622E-08         8.113652978647412E-12
         1.001865983009338E+00         6.328695434376641E-08        -2.213288927133128E-11
         1.001632928848267E+00         2.842580784090387E-07        -1.056537773935773E-10
         1.001573204994202E+00         2.352538359673417E-07        -7.921749367589825E-11
         1.001332879066467E+00         3.869437819048471E-07        -1.376345842851734E-10
         1.001131296157837E+00         3.684176022034080E-07        -1.302300350891628E-10
         1.001203298568726E+00         8.213525148903500E-08        -2.876799666540197E-11
         1.001072168350220E+00         4.505413997435426E-08        -8.606336997230013E-12
         1.000896811485291E+00         2.177002471626110E-07        -6.773456101560882E-11
         1.000851392745972E+00         1.099604958199052E-07        -2.971700663323418E-11
         1.000789046287537E+00        -1.117254697646786E-07         5.918657924874893E-11
         1.000700473785400E+00        -1.552231054802178E-07         7.025011128369840E-11
         1.000598192214966E+00        -2.158704575094816E-07         8.984653993016067E-11
         1.000501751899719E+00        -2.460371320012200E-07         1.070559196847398E-10
         1.000453710556030E+00        -3.936053474262735E-07         1.758010959029832E-10
         1.000150322914124E+00        -5.157810889500070E-08         4.791516836077925E-11
         1.000198483467102E+00        -9.730202066293714E-08         6.402474383992995E-11
         1.000047326087952E+00         9.366922881781647E-08        -6.135546064267583E-12
         1.000040054321289E+00         9.444185877782729E-08        -2.588786823798372E-11
         1.000131249427795E+00        -1.164958831623153E-07         5.125189855847978E-11
         1.000058174133301E+00        -6.572081900912963E-08         3.891493377539135E-11
         9.998360872268677E-01         1.633105881637675E-07        -4.545709642034268E-11
         9.998582601547241E-01         1.123050452633834E-07        -2.763327067167864E-11
         9.997289776802063E-01         5.919443424318160E-07        -1.949759381725258E-10
         9.997825622558594E-01         5.131590796736418E-07        -1.559890411284570E-10
         9.997876286506653E-01         5.179765594220953E-07        -1.638283397831231E-10
         9.998876452445984E-01         3.757415640848194E-07        -1.147098666054447E-10
         1.000013470649719E+00         2.607089015782549E-07        -8.389489797311356E-11
         1.000113487243652E+00         2.809610464282741E-07        -9.851792992510155E-11
         1.000196814537048E+00         1.260906401512329E-07        -2.493548770243770E-11
         1.000201106071472E+00         5.399670044425875E-08        -1.396989815494187E-11
         9.999825358390808E-01         2.162000924954555E-07        -8.397676304339186E-11
         9.998798370361328E-01         1.302330758790049E-07        -5.844722622549980E-11
         9.998703598976135E-01        -4.655894869642907E-08         1.167333851109786E-11
         9.998207092285156E-01         1.728736798156660E-08        -7.485423413923498E-13
         9.999424219131470E-01        -1.257595414472235E-07         6.079585446183700E-11
         1.000077009201050E+00        -1.963015137107504E-07         8.604326279249008E-11
         1.000059366226196E+00        -8.892772029867047E-08         4.073092904621767E-11
         1.000164389610291E+00        -1.420241773075759E-07         5.738437502955662E-11
         1.000146746635437E+00        -1.403090692519982E-07         4.689696547766076E-11
         1.000031709671021E+00        -6.769422356001087E-08         3.055778199922976E-11
         9.999844431877136E-01        -1.148202812828458E-07         4.499945902014524E-11
         9.999923110008240E-01        -3.182117040978483E-07         1.321512899110644E-10
         1.000052690505981E+00        -2.926944659975561E-07         1.254445436416063E-10
         1.000112533569336E+00        -8.825718111893366E-08         3.226439948544879E-11
         1.000170826911926E+00        -4.266649682449497E-07         1.547562494819132E-10
         9.998757839202881E-01        -1.336683226327295E-07         4.491661209637954E-11
         9.996939301490784E-01        -1.204270905219573E-08         1.684496465925722E-11
         9.997725486755371E-01         9.366721798187427E-08        -2.108831685665447E-11
         9.998487234115601E-01         1.372288664924781E-07        -5.579169765068670E-11
         9.997275471687317E-01         4.133901256864192E-07        -1.623751411106156E-10
         9.995809793472290E-01         4.533152662133944E-07        -1.668142429744890E-10
         9.996159076690674E-01         4.525578560787835E-07        -1.611447364435747E-10
         9.996563792228699E-01         3.822822804977477E-07        -1.212267647376919E-10
         9.997563958168030E-01         2.547022859289427E-07        -8.313483929045518E-11
         9.996935129165649E-01         4.063243466134736E-07        -1.320492465373135E-10
         9.996243119239807E-01         6.408370154531440E-07        -2.235673035588803E-10
         9.995912313461304E-01         6.274260044847324E-07        -2.133918042268590E-10
         9.996889829635620E-01         5.530078510673775E-07        -1.960361872832550E-10
         9.998125433921814E-01         4.070278976087138E-07        -1.321909803841947E-10
         9.997649788856506E-01         3.864282973609079E-07        -1.272953131792320E-10
         9.996907711029053E-01         3.205310292742070E-07        -1.086107800918334E-10
         9.996932148933411E-01         1.167687599945566E-07        -4.971615133464447E-11
         9.996501207351685E-01         2.086545975998888E-07        -9.447533727557911E-11
         9.997308254241943E-01         6.339406155575489E-08        -4.501255271294191E-11
         9.999389052391052E-01         4.989018975720683E-09        -1.191785385656896E-11
         9.998296499252319E-01         1.668537237264900E-07        -6.088655968294887E-11
         1.000009775161743E+00         1.429524054685771E-08        -6.716799859363132E-12
         1.000004887580872E+00         2.261444080886577E-07        -1.020779780147585E-10
         1.000078320503235E+00         8.969749387688353E-08        -5.044716380742109E-11
         9.999507665634155E-01         2.579265299118561E-07        -1.065475069284005E-10
         9.999331831932068E-01         1.335898787147016E-07        -6.523689227710960E-11
         1.000019073486328E+00         7.722758255113149E-08        -3.034367895837775E-11
         9.998277425765991E-01         4.215896183268342E-07        -1.510517960712221E-10
         9.999626874923706E-01         2.514244279439026E-08         1.372533944138388E-11
         9.998599886894226E-01         1.592917868720178E-07        -4.766733188721339E-11
         9.997763037681580E-01         7.261935053293200E-08        -4.746176108377798E-12
         9.996346235275269E-01         1.776740106151919E-07        -4.748928333908609E-11
         9.997001886367798E-01        -1.062280503560942E-07         4.112010384971221E-11
         9.995687007904053E-01         1.294450413524828E-07        -4.581492477062632E-11
         9.995727539062500E-01         2.367808775716185E-07        -9.578382531572061E-11
         9.995922446250916E-01         1.740362165492115E-07        -7.101262633479877E-11
         9.994517564773560E-01         3.272039919011149E-07        -1.302822572046836E-10
         9.994724392890930E-01         1.379677883051045E-07        -5.929791380143712E-11
         9.994531273841858E-01         2.350680290419405E-07        -9.635574282906845E-11
         9.995205402374268E-01         1.167762704312736E-07        -2.187842441936372E-11
         9.997636675834656E-01         2.120773423541777E-08         2.013269932710227E-11
         9.997074604034424E-01         2.564846113273234E-07        -8.028695069883796E-11
         9.998338222503662E-01        -2.751141892076703E-08         3.758975075651705E-11
         9.998549222946167E-01         5.017070492385756E-08         8.330384992927264E-12
         0.000000000000000E+00         0.000000000000000E+00         0.000000000000000E+00
         9.995659589767456E-01         2.802960636927310E-07        -9.790237370799204E-11
         9.999034404754639E-01        -6.608920521955497E-09         1.298181701026024E-11
         9.999319911003113E-01        -1.111044767299063E-08         1.527206204381126E-12
         9.999385476112366E-01         9.223250430068219E-08        -3.630186776182320E-11
         9.999904632568359E-01         9.513658483228937E-08        -3.346031784978720E-11
         9.999482631683350E-01         4.654125618230864E-08        -9.437343267970633E-12
         9.999325871467590E-01        -3.703036455249276E-08         3.686885172160537E-11
         9.999635815620422E-01        -8.431114650875315E-08         4.951075660564186E-11
         9.999369382858276E-01        -2.764849682534987E-08         2.069412002869697E-11
         9.999883770942688E-01         4.310422951903092E-08        -4.422117533264824E-11
         1.000030040740967E+00         7.583556538293124E-08        -4.586330967781826E-11
         1.000209450721741E+00         1.607552135851620E-08        -2.627651395081809E-11
         1.000255703926086E+00        -2.296147840752383E-07         7.671136642573018E-11
         1.000159740447998E+00        -1.222885686047448E-07         4.168824313532937E-11
         1.000032067298889E+00        -1.842581021094247E-08         1.918719003124458E-11
         9.999548196792603E-01         4.453105617585607E-08        -1.149782092452201E-11
         1.000004410743713E+00         2.333963351475177E-07        -8.154581870867261E-11
         1.000112414360046E+00         2.696433121229802E-08         8.441340508535955E-12
         9.999209046363831E-01         1.776301132849767E-07        -6.969228666386940E-11
         9.998804330825806E-01        -4.050489010865022E-08         1.628171729384231E-11
         9.998281598091125E-01        -3.355929223403109E-08         1.431367524507010E-11
         1.000094175338745E+00        -2.339137665785529E-07         8.088047592780256E-11
         1.000026941299438E+00        -2.132585876779558E-07         8.215728791727273E-11
         1.000168800354004E+00        -4.754237181714416E-07         1.810149113934401E-10
         1.000061035156250E+00        -3.275659423707111E-07         1.214164602192369E-10
         1.000133395195007E+00        -5.380403536037193E-07         2.023917838878120E-10
         9.998245835304260E-01         2.936915244333704E-08        -1.718024507380012E-11
         9.999780654907227E-01        -2.177072389031309E-07         7.462420958948002E-11
         9.999237060546875E-01        -6.823271547773402E-08         8.752119688704152E-12
         9.998682737350464E-01         2.632052442663735E-08        -2.752087099877620E-11
         9.997142553329468E-01         2.947825805676985E-07        -1.399660526368862E-10
         9.998265504837036E-01         5.525138391249129E-08        -3.278579838172924E-11
         9.997652769088745E-01        -2.071329241459807E-08        -1.395497953304847E-11
         9.997591972351074E-01        -4.692330790589949E-08         1.337797494310733E-11
         9.997702836990356E-01        -7.929588718980085E-08         3.551147917391084E-11
         9.996447563171387E-01         1.151041004732178E-07        -2.844113659861147E-11
         9.998799562454224E-01        -6.427780618878387E-08         3.926455341418666E-11
         1.000059604644775E+00         1.695303453175256E-09        -6.399429055246875E-13
         1.000137329101562E+00         1.288554041245504E-09        -5.472878226997491E-12
         1.000189781188965E+00        -1.686553048330097E-07         5.876796965731401E-11
         1.000436305999756E+00        -2.886282857161859E-07         9.305666653913747E-11
         1.000548601150513E+00        -4.361775154393399E-07         1.552274003779885E-10
         1.000590205192566E+00        -4.671775002407230E-07         1.572702523766623E-10
         1.000435948371887E+00        -4.157038233643107E-07         1.478613065319934E-10
         1.000318884849548E+00        -2.848865392479638E-07         1.006068561792972E-10
         1.000264406204224E+00        -2.447181088882644E-07         7.627941334131805E-11
         1.000187873840332E+00        -5.448890760817449E-08         8.215684534594592E-13
         1.000240921974182E+00        -2.388242990036815E-07         7.890511855013216E-11
         1.000172019004822E+00        -2.027549328431633E-07         6.194769697209779E-11
         1.000364542007446E+00        -4.528697843397822E-07         1.481701428218685E-10
         1.000454783439636E+00        -6.490576538453752E-07         2.439205781801235E-10
         1.000486135482788E+00        -4.784905058841105E-07         1.580992420313621E-10
         1.000399470329285E+00        -5.156517772775260E-07         1.920667236365858E-10
         1.000164151191711E+00        -3.647615187674091E-07         1.197376781059134E-10
         9.999737143516541E-01        -4.387842125197494E-07         1.557088347148294E-10
         9.997577071189880E-01        -3.698326906942384E-07         1.300109464530408E-10
         9.994122982025146E-01        -3.010858335983357E-07         1.223339762823628E-10
         9.991024136543274E-01         7.063602680545955E-08        -2.495903830834756E-11
         9.988906383514404E-01         1.451017652698283E-07        -4.410691950562651E-11
         9.985088706016541E-01         3.936966663786734E-07        -1.419571543648246E-10
         9.983896613121033E-01         2.938905367955158E-07        -1.019987497241637E-10
         9.982395768165588E-01         3.011151079590491E-07        -1.210322536637776E-10
         9.980612993240356E-01         3.230924505714938E-07        -1.398180737854915E-10
         9.979078769683838E-01         3.397699970264512E-07        -1.483650008404780E-10
         9.977109432220459E-01         3.008223359302065E-07        -1.253616377372424E-10
         9.974057674407959E-01         5.426797429208818E-07        -2.040020097293649E-10
         9.972169399261475E-01         6.594977435270266E-07        -2.603161020076072E-10
         9.970483779907227E-01         6.339978426694870E-07        -2.383867825361818E-10
         9.969341754913330E-01         5.596290861831221E-07        -2.081794597819098E-10
         9.967617392539978E-01         5.302994168232544E-07        -2.031740053975994E-10
         9.966799616813660E-01         3.301079516404570E-07        -1.406943173076769E-10
         9.964330196380615E-01         4.746236470509757E-07        -1.853580067212590E-10
         9.965546727180481E-01         2.075165639325860E-07        -1.023092929819391E-10
         9.963506460189819E-01         5.476340447785333E-07        -2.364319018344219E-10
         9.965218901634216E-01         1.726259739598390E-07        -1.060469281832788E-10
         9.963207840919495E-01         1.218864866814329E-07        -7.286570652409452E-11
         9.960212111473083E-01         1.298891874057517E-07        -8.775111887127096E-11
         0.000000000000000E+00         0.000000000000000E+00         0.000000000000000E+00
         0.000000000000000E+00         0.000000000000000E+00         0.000000000000000E+00
         0.000000000000000E+00         0.000000000000000E+00         0.000000000000000E+00
         0.000000000000000E+00         0.000000000000000E+00         0.000000000000000E+00
         0.000000000000000E+00         0.000000000000000E+00         0.000000000000000E+00
         0.000000000000000E+00         0.000000000000000E+00         0.000000000000000E+00
         0.000000000000000E+00         0.000000000000000E+00         0.000000000000000E+00
         0.000000000000000E+00         0.000000000000000E+00         0.000000000000000E+00
         1.003859162330627E+00        -4.228682541906892E-07         1.781594038963163E-10
         1.003827810287476E+00        -4.558048942726600E-07         2.011332628226725E-10
         1.003762483596802E+00        -4.972307579009794E-07         2.166741369657998E-10
         1.003629565238953E+00        -5.418841624305060E-07         2.351854266890996E-10
         1.003553867340088E+00        -7.603141511935974E-07         3.194947639784118E-10
         1.003376126289368E+00        -6.701596930724918E-07         2.635638096659676E-10
         1.003301382064819E+00        -9.089058607969491E-07         3.534610937272475E-10
         1.003100156784058E+00        -7.015444793978531E-07         2.576222568606568E-10
         1.002970457077026E+00        -4.984958081877267E-07         1.651518227729909E-10
         1.003053426742554E+00        -6.052961794011935E-07         2.174043722824592E-10
         1.002832055091858E+00        -5.028006739848934E-07         1.729668491767811E-10
         1.002517342567444E+00        -4.866879521614464E-07         1.541175659314220E-10
         1.002135872840881E+00        -4.019869663807185E-07         1.316043107824072E-10
         1.002049207687378E+00        -4.896422751698992E-07         1.756033929378731E-10
         1.001851201057434E+00        -2.587233609574469E-07         1.142657773955946E-10
         1.001692533493042E+00        -2.600530457641526E-08         2.894785279539125E-11
         1.001586079597473E+00        -2.378531860358635E-08         3.380765112304118E-11
         1.001452445983887E+00         3.040364404682805E-08         1.273329879036833E-11
         1.001226186752319E+00         3.965671879768706E-08         1.831121192175100E-11
         1.001026988029480E+00         1.271611864694933E-07        -1.589458599460247E-11
         1.000916838645935E+00         4.299290878861939E-08         2.493707670914169E-11
         1.000605225563049E+00         2.936670568942645E-07        -7.185097655737493E-11
         1.000470042228699E+00         1.858906841789576E-07        -1.891287300381794E-11
         1.000313878059387E+00         2.169760335846149E-07        -3.856627864284867E-11
         1.000120639801025E+00         1.265038349629322E-07        -2.929828948894375E-11
         9.999486207962036E-01         1.043906294739827E-07        -2.101325016767852E-11
         1.000102400779724E+00        -5.852349005408541E-08         4.288195493140634E-11
         1.000002622604370E+00        -7.949444835730901E-08         6.546262143469761E-11
         9.999239444732666E-01         7.219275488523635E-08         6.344505650013321E-12
         1.000050306320190E+00         9.653459898117944E-08        -1.460649136364456E-11
         1.000034213066101E+00         2.933928442416800E-07        -9.610642143220716E-11
         1.000119805335999E+00         1.155210611614166E-07        -2.901039651559412E-11
         1.000209331512451E+00         6.569402444256411E-08        -3.089756922536324E-11
         1.000252604484558E+00        -7.687936687261754E-08         2.667218702845364E-11
         1.000168800354004E+00         1.477766460311614E-07        -6.297657534348744E-11
         1.000083446502686E+00         6.723170287159519E-08        -3.719370991750459E-11
         1.000165939331055E+00        -1.229482649023339E-07         2.700611262396180E-11
         1.000153779983521E+00        -1.279321395486477E-07         2.234752660701389E-11
         1.000194430351257E+00        -1.950017747276434E-07         5.329162458544978E-11
         1.000110149383545E+00        -1.194033814044815E-07         2.539033913673272E-11
         1.000184178352356E+00        -2.358418385028926E-07         6.157265669548551E-11
         1.000225067138672E+00        -2.315052256562922E-07         6.521715806284689E-11
         1.000247597694397E+00        -1.997600946879174E-07         4.529952801757275E-11
         1.000043153762817E+00         5.514255718708228E-08        -4.250437155017828E-11
         9.999511837959290E-01        -5.101981415123191E-08        -1.541231205159921E-11
         9.999005198478699E-01        -1.234673430161592E-08        -2.640476899629096E-11
         9.998969435691833E-01         6.765829851929084E-08        -3.257063715955688E-11
         9.999827742576599E-01        -5.677727177300085E-09        -1.381908389802566E-11
         9.999690055847168E-01         7.970014337388420E-08        -2.491867823195548E-11
         9.999351501464844E-01         1.558059352646524E-07        -4.200637754303571E-11
         9.999077916145325E-01         5.723812890323643E-08        -7.718127352507320E-12
         9.999927878379822E-01        -8.067736700922978E-08         4.751509602440862E-11
         1.000006794929504E+00        -9.531692768405264E-08         6.597657836726611E-11
         1.000093936920166E+00        -1.301826699773301E-07         1.008973321559026E-10
         1.000038862228394E+00         9.609281903522060E-08        -1.082802337376565E-11
         1.000105738639832E+00         3.809680038102670E-08         6.953305986545644E-12
         1.000185012817383E+00         6.461418422532006E-08        -2.347726700546726E-11
         1.000149965286255E+00         1.352739076310172E-07        -4.957278337824889E-11
         1.000076889991760E+00         2.527730487145163E-07        -8.775071641542453E-11
         1.000089406967163E+00         2.726578713918570E-07        -8.560634839893666E-11
         1.000210881233215E+00         8.721608679707060E-08        -1.174714752555372E-11
         9.999974370002747E-01         3.502463812310452E-07        -9.551834323495711E-11
         1.000142693519592E+00         1.636336008914441E-07        -3.930273120844596E-11
         1.000197052955627E+00         2.185258125564360E-07        -4.503140915712578E-11
         1.000045657157898E+00         3.535130588261381E-07        -1.144598860136625E-10
         1.000070333480835E+00         2.618207588511723E-07        -8.085665470503045E-11
         1.000048279762268E+00         2.768329068203457E-07        -1.011207159673511E-10
         9.999785423278809E-01         3.107472537067224E-07        -1.236573482499281E-10
         9.999718666076660E-01         2.093868545216537E-07        -9.154211416673164E-11
         1.000005364418030E+00         2.142163566531963E-07        -1.043793870780796E-10
         1.000023365020752E+00         2.484692629423080E-07        -1.150209233413690E-10
         9.999318718910217E-01         3.791955123233492E-07        -1.598138982261688E-10
         9.999008774757385E-01         3.605061920097796E-07        -1.469136062803855E-10
         9.999755620956421E-01         3.109124691036413E-07        -1.138616353979494E-10
         9.999720454216003E-01         3.503698451368109E-07        -1.354944351161791E-10
         1.000007390975952E+00         3.404931305794889E-07        -1.199085830627666E-10
         9.999915957450867E-01         1.816786152630812E-07        -4.544377721349413E-11
         9.997692704200745E-01         3.840866895643558E-07        -1.124217177683740E-10
         9.996931552886963E-01         3.243337403091573E-07        -8.257493994134890E-11
         9.997359514236450E-01         1.893077836712109E-07        -4.884028598217682E-11
         9.997282624244690E-01         3.699349235830596E-07        -1.191054477267528E-10
         9.998428225517273E-01         4.025947077934688E-07        -1.429440316114139E-10
         9.999970793724060E-01         2.527974061194982E-07        -9.328676026099103E-11
         9.999856948852539E-01         2.090295936341136E-07        -7.996540929422480E-11
         1.000021219253540E+00        -1.876707322878701E-08         2.481951276445127E-11
         9.998802542686462E-01         7.591312822796681E-08        -7.504190845109004E-12
         1.000038027763367E+00        -1.323090970117846E-07         7.223185938265431E-11
         1.000077486038208E+00        -1.286171311676299E-07         6.039269778712608E-11
         1.000205039978027E+00        -2.776819201244507E-07         1.065591642701591E-10
         1.000291824340820E+00        -4.502947206219687E-07         1.699891616357974E-10
         1.000191092491150E+00        -1.307253114646301E-07         5.782938711229590E-11
         1.000308275222778E+00        -1.844042571974569E-07         7.633261384087930E-11
         9.999809861183167E-01        -1.529745929929049E-07         6.334079094560963E-11
         1.000142931938171E+00        -5.719173827856139E-07         2.096123830064300E-10
         1.000127792358398E+00        -7.511036983487429E-07         2.760103534615865E-10
         1.000122308731079E+00        -7.701801791881735E-07         2.683656075141982E-10
         0.000000000000000E+00         0.000000000000000E+00         0.000000000000000E+00
         0.000000000000000E+00         0.000000000000000E+00         0.000000000000000E+00
         9.995718598365784E-01        -3.155412287014769E-07         1.111654587826472E-10
         9.997234344482422E-01        -9.532772793363620E-08         1.891426945621610E-11
         9.998208880424500E-01        -1.752276830302435E-07         6.316189932187299E-11
         9.996492266654968E-01         2.336295636951036E-07        -7.501023413514218E-11
         9.999368786811829E-01        -2.166860753050059E-07         9.000214462595579E-11
         9.998238682746887E-01        -9.912852760862734E-08         4.896865204995215E-11
         9.999213218688965E-01        -2.522602926546824E-07         1.001323052252090E-10
         1.000013709068298E+00        -3.622517681378667E-07         1.629886919873869E-10
         0.000000000000000E+00         0.000000000000000E+00         0.000000000000000E+00
         9.993643760681152E-01        -5.279956027948174E-08         4.458598767964617E-11
         9.995900988578796E-01        -5.146896242536059E-08         4.455712881989982E-11
         9.994906783103943E-01         1.989109961186841E-07        -5.454781765168448E-11
         9.995328783988953E-01         1.298101182101163E-07        -3.781908813893509E-11
         0.000000000000000E+00         0.000000000000000E+00         0.000000000000000E+00
         0.000000000000000E+00         0.000000000000000E+00         0.000000000000000E+00
         9.991304278373718E-01         5.418743285190430E-07        -1.917891262470661E-10
         9.993119239807129E-01         6.286006737354910E-07        -2.266136167605737E-10
         9.994038343429565E-01         5.041518420512148E-07        -1.935298865607393E-10
         9.993381500244141E-01         5.080301548332500E-07        -2.007891353184021E-10
         9.993688464164734E-01         4.107722588742035E-07        -1.644551855806142E-10
         9.994662404060364E-01         4.746382558096229E-07        -1.993684523027284E-10
         9.996716976165771E-01         4.425914141847898E-07        -1.693950535397448E-10
         9.995383620262146E-01         5.869397909918916E-07        -2.302900509176808E-10
         9.996097683906555E-01         5.299528993418789E-07        -1.982544822753951E-10
         9.998124241828918E-01         2.217195742559852E-07        -8.361528136546781E-11
         9.998782873153687E-01        -7.994623274498736E-08         3.311247109838433E-11
         9.997490644454956E-01         1.184703890544370E-07        -2.846349891894029E-11
         9.997503757476807E-01         2.410292552212923E-07        -8.323153971590003E-11
         9.997903704643250E-01         2.449976932439313E-07        -9.662887157091404E-11
         9.996215701103210E-01         7.045867960187024E-07        -2.767605589149014E-10
         9.996870756149292E-01         7.316578489735548E-07        -3.029118345043713E-10
         9.997537136077881E-01         5.794209982923348E-07        -2.423637679438428E-10
         9.997887611389160E-01         6.097944833527436E-07        -2.645516028465522E-10
         9.998546242713928E-01         5.089825663162628E-07        -2.201829552017642E-10
         9.998471736907959E-01         5.165422294339805E-07        -2.195176124208942E-10
         9.999163150787354E-01         2.423125238237844E-07        -1.082241102290382E-10
         9.998537898063660E-01         3.407976407743263E-07        -1.381871839178928E-10
         9.998893737792969E-01         3.999303146429156E-07        -1.693026968618838E-10
         9.997819662094116E-01         5.261588285065955E-07        -2.170042617821721E-10
         9.999408721923828E-01         3.944187767501717E-07        -1.544462752134379E-10
         9.999479055404663E-01         2.989965537381067E-07        -1.043407998890800E-10
         9.998713731765747E-01         2.356144506165947E-07        -5.904625399733021E-11
         9.999839663505554E-01        -3.892429933927133E-09         2.459252072817275E-11
         9.998778104782104E-01         1.246382481667752E-07        -1.842362200299430E-11
         9.999541044235229E-01        -9.268097400649822E-09         3.975838755443384E-12
         1.000043272972107E+00         1.353312045759836E-10         3.430660432384575E-13
         1.000092625617981E+00        -1.812726964089961E-07         8.336889512072787E-11
         9.998708367347717E-01        -2.199119997214893E-08         2.336915383427396E-11
         9.997563362121582E-01         2.276516397614614E-08         1.933276108645465E-11
         9.996352791786194E-01        -1.216452716334970E-07         8.048268995697327E-11
         9.996045231819153E-01        -1.673380864986029E-07         1.064585780641281E-10
         9.996890425682068E-01        -1.453579159260698E-07         9.540319229062177E-11
         9.996459484100342E-01        -1.045342941097260E-07         7.556073822190257E-11
         9.996654391288757E-01        -8.838682674650045E-08         7.419703740296768E-11
         9.998455047607422E-01        -2.613848550936382E-07         1.395723397967785E-10
         9.996715784072876E-01        -1.208071154223944E-07         7.609977925593370E-11
         9.995641112327576E-01        -5.075640885365829E-08         2.758321696050281E-11
         9.994437098503113E-01        -6.316089695701521E-08         2.534615226035264E-11
         9.991811513900757E-01         3.690110617071696E-08        -2.839001256305096E-11
         9.989374279975891E-01         1.688134148025711E-07        -7.585657796349565E-11
         9.987099170684814E-01         3.245502853133075E-07        -1.482988454259981E-10
         9.985466599464417E-01         4.058553031427437E-07        -2.004860860660429E-10
         9.985158443450928E-01         3.579097835881839E-07        -1.908228991487348E-10
         9.984124898910522E-01         3.089608924256027E-07        -1.588087855664000E-10
         9.982476830482483E-01         4.951145911036292E-07        -2.410051047618822E-10
         9.980379343032837E-01         7.448670089615916E-07        -3.515940871778866E-10
         9.982438683509827E-01         4.171194802893297E-07        -2.359564210685505E-10
         9.982494115829468E-01         3.813707962763146E-07        -1.892369316802700E-10
         9.978697896003723E-01         5.703414558411168E-07        -2.525571696221363E-10
         9.976705908775330E-01         4.933416448693606E-07        -2.045198177480501E-10
         9.974292516708374E-01         6.225076845112198E-07        -2.356156381111418E-10
         9.973228573799133E-01         5.580212132372253E-07        -2.040290852933779E-10
         9.971816539764404E-01         4.691639219345234E-07        -1.786081144095064E-10
         9.969883561134338E-01         3.634725658230309E-07        -1.420498302318052E-10
         9.967885017395020E-01         5.385774102251162E-07        -2.044896613151437E-10
         9.965727925300598E-01         5.841802703798749E-07        -2.182451441790079E-10
         9.963527917861938E-01         6.882308980493690E-07        -2.561842959991623E-10
         9.962102174758911E-01         6.223608011168835E-07        -2.493079076515414E-10
         9.960092902183533E-01         5.410870471678209E-07        -2.327420478565045E-10
         9.957898259162903E-01         6.074147904655547E-07        -2.746732563618792E-10
         0.000000000000000E+00         0.000000000000000E+00         0.000000000000000E+00
         0.000000000000000E+00         0.000000000000000E+00         0.000000000000000E+00
         0.000000000000000E+00         0.000000000000000E+00         0.000000000000000E+00
         0.000000000000000E+00         0.000000000000000E+00         0.000000000000000E+00
         0.000000000000000E+00         0.000000000000000E+00         0.000000000000000E+00
         0.000000000000000E+00         0.000000000000000E+00         0.000000000000000E+00
         0.000000000000000E+00         0.000000000000000E+00         0.000000000000000E+00
         1.004208087921143E+00        -5.008762968827796E-07         1.565550605819865E-10
         1.004011869430542E+00        -4.047747950153280E-07         1.129740190286554E-10
         1.003927111625671E+00        -5.708581056751427E-07         1.678916450309487E-10
         1.003806471824646E+00        -5.381982077778957E-07         1.707779473392179E-10
         1.003619790077209E+00        -4.383342400160473E-07         1.196688859117501E-10
         1.003280758857727E+00        -2.662678468823287E-07         6.912605904352276E-11
         1.003140568733215E+00        -3.775981838316511E-07         1.051979753308174E-10
         1.002997279167175E+00        -4.177625783086114E-07         1.022878934331395E-10
         1.002833247184753E+00        -3.830638775070838E-07         9.403466200152977E-11
         1.002508997917175E+00        -3.111164801339328E-07         8.448251820336594E-11
         1.002480268478394E+00        -3.687338789859496E-07         9.923742383399770E-11
         1.002213120460510E+00        -8.658893335677931E-08         1.263754834286701E-12
         1.002180457115173E+00        -3.415319724808796E-07         1.127021045932430E-10
         1.002107501029968E+00        -5.653980679198867E-07         2.085416145325425E-10
         1.001949667930603E+00        -5.351891445570800E-07         2.015377725816947E-10
         1.001959323883057E+00        -6.380147965501237E-07         2.189560061038875E-10
         1.001970648765564E+00        -7.023891157587059E-07         2.401758514292140E-10
         1.001751065254211E+00        -6.193598096615460E-07         2.031317336559368E-10
         1.001337885856628E+00        -2.838918646830280E-07         9.004671314150059E-11
         1.001346826553345E+00        -5.900442943129747E-07         1.989609171859641E-10
         1.001256823539734E+00        -4.045244850203744E-07         1.119419279493883E-10
         1.001002430915833E+00        -2.405231498414651E-07         5.697482069466631E-11
         1.000793695449829E+00        -2.426205014671723E-07         7.167592214196716E-11
         1.000540971755981E+00        -1.583775173230606E-07         4.980224566075719E-11
         1.000497817993164E+00        -2.583459774996300E-07         9.315691967826112E-11
         1.000217914581299E+00        -1.577228658788954E-08         1.753100442591915E-11
         1.000205516815186E+00        -5.933358693255286E-08         4.967247099751937E-11
         1.000140666961670E+00        -3.021762324806332E-07         1.570900493019778E-10
         1.000155448913574E+00        -4.011506860024383E-07         2.065884685542585E-10
         1.000082612037659E+00        -2.786739514704095E-07         1.553628198314172E-10
         1.000122666358948E+00        -3.646876791663090E-07         1.643788577476712E-10
         1.000018835067749E+00        -2.752755676738161E-07         1.103502983434979E-10
         9.999802112579346E-01        -2.174429170054282E-07         1.103436370053501E-10
         9.998117089271545E-01        -3.557554251187867E-08         3.500142883861024E-11
         9.997476339340210E-01        -6.926691753506020E-08         5.234996117153834E-11
         9.999570250511169E-01        -3.299204820450541E-07         1.486275685858018E-10
         9.999552369117737E-01        -2.716984397466149E-07         1.437083230193537E-10
         9.996862411499023E-01         1.686282757873414E-07        -3.382173360821916E-11
         9.996895790100098E-01         7.180219085967110E-08         6.018718076011842E-12
         9.998345971107483E-01         6.396543739128902E-08        -1.819749732845377E-11
         9.999074935913086E-01         2.243661043621614E-07        -9.264940897812934E-11
         9.997354149818420E-01         5.003679461879074E-07        -1.978461283691502E-10
         9.999592900276184E-01         4.429298314789776E-07        -1.906081265046211E-10
         1.000130414962769E+00         1.231517501310009E-07        -5.871612224206402E-11
         1.000237941741943E+00        -2.012116198102376E-07         4.306274434262569E-11
         1.000245571136475E+00        -3.934186167953158E-07         9.969753494987188E-11
         1.000311732292175E+00        -4.480558288832981E-07         1.135509741789775E-10
         1.000326156616211E+00        -5.896615107303660E-07         1.744461797237307E-10
         1.000282526016235E+00        -5.516119472304126E-07         1.578487479614310E-10
         1.000431180000305E+00        -6.649721626672545E-07         2.138280663643854E-10
         1.000366806983948E+00        -4.869142458119313E-07         1.645701075414507E-10
         1.000169634819031E+00        -3.314513321583945E-07         1.180738007366955E-10
         1.000463962554932E+00        -5.805184741802805E-07         2.004849758430183E-10
         1.000334620475769E+00        -4.490867979711766E-07         1.666468629757389E-10
         1.000176668167114E+00        -1.531451516711968E-07         5.600644253922482E-11
         1.000453948974609E+00        -1.883696256754774E-07         7.236472532312632E-11
         1.000487327575684E+00        -2.861058305825281E-07         1.239459646029673E-10
         1.000252366065979E+00        -2.123728570779804E-08         1.422921589583348E-11
         1.000214219093323E+00         1.555915929429830E-07        -7.325581807826609E-11
         1.000148057937622E+00         3.393071494883770E-07        -1.327395554584498E-10
         9.998225569725037E-01         6.103929308665101E-07        -2.217840355811518E-10
         9.996809959411621E-01         7.509771648983588E-07        -2.860940373494714E-10
         9.996067285537720E-01         8.724338158572209E-07        -3.268046666615732E-10
         9.995654821395874E-01         8.259282253675337E-07        -2.760952022562435E-10
         9.996786117553711E-01         5.946805572420999E-07        -1.780326441824798E-10
         9.997195601463318E-01         5.894160608477250E-07        -1.796708615220410E-10
         9.997730255126953E-01         2.759479968972300E-07        -4.909039494349621E-11
         9.997916817665100E-01         2.299239270087128E-07        -2.410444760458930E-11
         9.996504187583923E-01         4.952758558829373E-07        -1.252905418303030E-10
         9.995532631874084E-01         5.525619712898333E-07        -1.581808156680964E-10
         9.997920393943787E-01         3.327166098188172E-07        -8.736356083005603E-11
         9.998988509178162E-01         2.717220581871516E-07        -8.097668369178024E-11
         9.999289512634277E-01         1.359177446147442E-07        -2.476121391259412E-11
         1.000324606895447E+00        -2.343519014402773E-07         1.119493525658655E-10
         1.000145435333252E+00        -3.068530762817545E-09         8.327216520498393E-12
         9.998217225074768E-01         3.555884404704557E-07        -1.320825254724767E-10
         9.999470114707947E-01         1.774772471208053E-07        -6.811826103181318E-11
         9.998742938041687E-01         1.085405330059075E-07        -3.969138212545076E-11
         1.000065326690674E+00        -3.003633537446149E-07         1.327453008626023E-10
         1.000054597854614E+00        -8.714888366512241E-08         5.759137611249798E-11
         9.998451471328735E-01         2.324064496406208E-07        -8.581762384052283E-11
         1.000107526779175E+00        -1.294949925068067E-08        -7.636069727923189E-12
         1.000062108039856E+00         3.132138033379306E-07        -1.639893637550571E-10
         1.000139236450195E+00        -2.192284220825513E-08        -6.131567042294561E-12
         1.000207304954529E+00        -1.119692925044546E-07         2.417849427616137E-11
         1.000259876251221E+00        -1.973122181198050E-07         5.872828612307757E-11
         1.000265240669250E+00        -1.514787300038734E-07         3.825065958418250E-11
         1.000370621681213E+00        -9.242009468835022E-08        -6.344598891400155E-12
         1.000538825988770E+00        -4.872092631558189E-07         1.212111661041959E-10
         1.000404596328735E+00        -2.848350959538948E-07         5.116750426137351E-11
         1.000130057334900E+00        -1.353580216800765E-07         5.208635606157586E-12
         1.000072956085205E+00        -1.547167585158604E-07         3.404820869690184E-11
         9.999335408210754E-01         6.284196718553403E-09        -1.765326253233557E-11
         9.998621344566345E-01        -1.258034387774387E-07         1.275774451359180E-11
         9.999938607215881E-01        -2.147806128505181E-07         3.796674780121023E-11
         9.998907446861267E-01        -2.248754640277184E-07         7.719729716582080E-11
         9.998468160629272E-01        -5.906789368737009E-08         6.803850018111124E-12
         9.998947978019714E-01        -1.664864583972303E-07         4.853262930426538E-11
         9.998095631599426E-01        -1.753070506538279E-07         6.652412648522343E-11
         9.998787641525269E-01        -2.312873164100893E-07         1.130973856233730E-10
         9.998260736465454E-01        -2.461504777784285E-07         1.285499207082097E-10
         9.997650980949402E-01         1.981145629770253E-07        -5.983669115749990E-11
         9.993661046028137E-01         5.649304739563377E-07        -1.947855349238026E-10
         9.994874596595764E-01         6.987075380493479E-07        -2.827589551390730E-10
         9.996839761734009E-01         1.956368294031563E-07        -7.812585994804166E-11
         9.998139739036560E-01        -3.545381161984551E-07         1.205212735166938E-10
         9.997781515121460E-01        -3.707322093760013E-07         1.587373010814019E-10
         9.998195171356201E-01        -4.472423711376905E-07         2.062473386521546E-10
         9.999716877937317E-01        -3.192213000602351E-07         1.410109529143000E-10
         9.999469518661499E-01        -3.003638653353846E-07         1.321362186335051E-10
         9.999554753303528E-01        -1.104806983676099E-07         2.198217129156799E-11
         9.998888969421387E-01         5.249868806345148E-08        -4.547886719996619E-11
         9.999389052391052E-01         4.294315569808305E-09        -1.206528973951571E-11
         9.996790289878845E-01         3.847717664484662E-07        -1.455021242380283E-10
         9.997951388359070E-01         3.132373933567578E-07        -1.524084886073140E-10
         9.997265338897705E-01         4.305814229610405E-07        -2.043043650923337E-10
         9.996958971023560E-01         3.400345178761199E-07        -1.782471115152617E-10
         9.998951554298401E-01         7.167304261201934E-08        -6.481312708750409E-11
         9.998636245727539E-01        -2.492310358093164E-08        -4.514302126557013E-11
         9.998202323913574E-01        -1.066005808070258E-07        -1.911867365811393E-11
         9.995619654655457E-01         1.640978126715709E-07        -9.923606381079253E-11
         9.996194243431091E-01         1.970415581808993E-07        -5.384074783232329E-11
         9.995802044868469E-01         3.196137754457595E-07        -1.007783856366018E-10
         9.998205304145813E-01        -1.691620639121538E-07         7.110870225979227E-11
         9.998291730880737E-01        -2.472708615641750E-07         7.479183244951670E-11
         1.000011205673218E+00        -4.230571164498542E-07         1.457348686173532E-10
         9.999887347221375E-01        -3.314913215035631E-07         9.770537157116621E-11
         1.000111818313599E+00        -1.367913853300706E-07         2.571290576292018E-11
         1.000108003616333E+00        -2.604217854695889E-07         6.586588913171099E-11
         9.999938011169434E-01        -1.087642260699795E-07         3.598896528012041E-11
         9.998194575309753E-01        -1.111149714461135E-07         7.255260281446851E-11
         1.000026822090149E+00        -1.020527733430754E-07         7.649492844707950E-11
         9.998357295989990E-01         3.444882565872831E-07        -1.138921804089144E-10
         1.000175118446350E+00        -5.345416553836912E-08         1.951410387446284E-12
         9.997453689575195E-01         2.404048018433969E-07        -8.728517214562359E-11
         9.998228549957275E-01         4.137394427061736E-08         4.361091696103436E-11
         9.997199177742004E-01         7.103447074996438E-08         1.435195712273796E-11
         9.999457001686096E-01        -9.970190717467631E-08         7.026804832444000E-11
         9.999753832817078E-01        -1.894287748882562E-07         1.164424806576747E-10
         1.000301361083984E+00        -6.842550419605686E-07         2.981455637929287E-10
         1.000191807746887E+00        -5.599143833023845E-07         2.506594376505689E-10
         1.000195384025574E+00        -4.063944913923478E-07         1.709164337837521E-10
         1.000017523765564E+00        -4.005461917699904E-08         5.193965396665945E-11
         1.000062584877014E+00        -1.550222350488184E-07         1.080052783319907E-10
         9.992942214012146E-01         1.263508352167264E-06        -4.513061313549116E-10
         9.988843798637390E-01         1.746454358908522E-06        -6.092126803025621E-10
         9.988856315612793E-01         1.933387238750583E-06        -6.717186251670171E-10
         9.995550513267517E-01         7.367219154730265E-07        -2.607103144480760E-10
         9.998990893363953E-01         6.838952515408891E-09         1.260636733890763E-11
         9.995326995849609E-01         6.502723408630118E-07        -1.773284297179600E-10
         1.000477790832520E+00        -9.047934099726263E-07         3.507872881058915E-10
         1.000085234642029E+00        -7.688055347898626E-07         2.672105037238026E-10
         1.000048637390137E+00        -6.891239081596723E-07         2.026330492288508E-10
         1.000360488891602E+00        -1.032212821883149E-06         3.144408899924400E-10
         1.000388383865356E+00        -9.603455737305922E-07         2.727293668680630E-10
         1.000322699546814E+00        -9.018088462653395E-07         2.534646104113136E-10
         9.997982978820801E-01        -9.728092464911242E-08        -1.148061073291684E-11
         9.998479485511780E-01        -2.930433851133785E-08        -5.659616178488314E-11
         1.000237941741943E+00        -6.003489829708997E-07         1.656443454622902E-10
         1.000035881996155E+00        -8.234457737898992E-08         3.566277698499598E-12
         9.999916553497314E-01         8.552505903480778E-08        -8.348037539018804E-11
         9.992560148239136E-01         1.377430066895613E-06        -5.201435948620770E-10
         9.999110102653503E-01         3.952472127366491E-07        -2.084384748135548E-10
         9.991907477378845E-01         1.518987573945196E-06        -6.067568114609401E-10
         9.997482895851135E-01         5.893588195249322E-07        -2.698199996764572E-10
         1.000063300132751E+00         1.982359947305667E-07        -1.190540860340761E-10
         1.000153541564941E+00        -2.421414002640176E-08        -6.107313960113103E-11
         1.000326275825500E+00        -2.099954343748323E-07         4.036039905064293E-11
         1.000461220741272E+00        -3.563145014595648E-07         9.513966003904528E-11
         1.000239968299866E+00         1.383275076705104E-07        -9.346756701944514E-11
         1.000399827957153E+00         1.150504758129500E-08        -2.422452863304336E-11
         1.000275611877441E+00         2.914139258791693E-07        -1.425003864907737E-10
         1.000121951103210E+00         5.615199256681080E-07        -2.102954199667550E-10
         1.000360608100891E+00         3.620017423600075E-07        -1.206694605349057E-10
         1.000211834907532E+00         3.077651342664467E-07        -5.083395510085964E-11
         1.000247120857239E+00         7.724453610080673E-08         8.541033852393909E-11
         1.000494122505188E+00        -2.616150140966056E-07         2.183872249705843E-10
         1.000483989715576E+00        -3.111834416813508E-07         2.224555678553841E-10
         1.000553369522095E+00        -3.091047915404488E-07         2.106186891559503E-10
         1.000481247901917E+00        -2.412384674244095E-07         2.050891678706535E-10
