      761.990
      761.982
      761.977
      761.969
      761.966
      761.961
      761.970
      761.966
      761.948
      761.944
      761.936
      761.924
      761.919
      761.920
      761.912
      761.906
      761.902
      761.898
      761.893
      761.888
      761.880
      761.876
      761.871
      761.867
      761.860
      761.858
      761.849
      761.847
      761.843
      761.826
      761.832
      761.823
      761.820
      761.816
      761.806
      761.813
      761.798
      761.792
      761.787
      761.785
      761.776
      761.774
      761.765
      761.761
      761.756
      761.750
      761.745
      761.742
      761.739
      761.734
      761.727
      761.723
      761.716
      761.719
      761.707
      761.701
      761.695
      761.690
      761.690
      761.687
      761.674
      761.669
      761.663
      761.655
      761.662
      761.653
      761.646
      761.640
      761.633
      761.627
      761.614
      761.607
      761.599
      761.597
      761.593
      761.586
      761.586
      761.579
      761.572
      761.571
      761.563
      761.557
      761.552
      761.546
      761.543
      761.539
      761.530
      761.524
      761.522
      761.512
      761.503
      761.502
      761.496
      761.496
      761.488
      761.480
      761.478
      761.466
      761.452
      761.443
      761.437
      761.437
      761.440
      761.437
      761.432
      761.428
      761.424
      761.421
      761.411
      761.409
      761.403
      761.407
      761.380
      761.384
      761.375
      761.377
      761.375
      761.362
      761.352
      761.351
      761.349
      761.344
      761.343
      761.334
      761.330
      761.327
      761.324
      761.316
      761.307
      761.309
      761.305
      761.302
      761.293
      761.290
      761.284
      761.276
      761.271
      761.275
      761.269
      761.265
      761.259
      761.252
      761.248
      761.248
      761.240
      761.236
      761.230
      761.231
      761.224
      761.219
      761.218
      761.206
      761.202
      761.197
      761.198
      761.188
      761.178
      761.179
      761.182
      761.170
      761.167
      761.158
      761.173
      761.154
      761.144
      761.123
      761.118
      761.117
      761.129
      761.108
      761.103
      761.104
      761.091
      761.096
      761.090
      761.084
      761.077
      761.071
      761.065
      761.059
      761.053
      761.047
      761.041
      761.035
      761.029
      762.543
      762.538
      762.531
      762.527
      762.522
      762.517
      762.510
      762.503
      762.499
      762.492
      762.488
      762.480
      762.478
      762.472
      762.465
      762.460
      762.455
      762.451
      762.446
      762.440
      762.437
      762.434
      762.422
      762.422
      762.414
      762.411
      762.407
      762.399
      762.397
      762.393
      762.384
      762.383
      762.375
      762.371
      762.366
      762.363
      762.355
      762.355
      762.351
      762.344
      762.340
      762.338
      762.331
      762.324
      762.318
      762.312
      762.311
      762.306
      762.303
      762.301
      762.293
      762.289
      762.285
      762.280
      762.276
      762.271
      762.267
      762.263
      762.256
      762.250
      762.248
      762.240
      762.236
      762.233
      762.233
      762.225
      762.221
      762.217
      762.211
      762.208
      762.200
      762.188
      762.181
      762.179
      762.171
      762.169
      762.163
      762.157
      762.154
      762.152
      762.146
      762.143
      762.139
      762.131
      762.127
      762.125
      762.119
      762.115
      762.112
      762.109
      762.103
      762.099
      762.093
      762.086
      762.083
      762.076
      762.075
      762.071
      762.064
      762.059
      762.054
      762.052
      762.048
      762.041
      762.039
      762.033
      762.027
      762.022
      762.015
      762.010
      762.007
      762.003
      761.998
      761.993
      761.987
      761.984
      761.979
      761.976
      761.971
      761.967
      761.964
      761.962
      761.955
      761.949
      761.941
      761.939
      761.933
      761.928
      761.924
      761.918
      761.913
      761.907
      761.904
      761.898
      761.893
      761.890
      761.886
      761.878
      761.874
      761.872
      761.868
      761.862
      761.858
      761.855
      761.846
      761.844
      761.837
      761.834
      761.830
      761.822
      761.817
      761.809
      761.807
      761.804
      761.797
      761.793
      761.790
      761.779
      761.776
      761.770
      761.765
      761.763
      761.757
      761.751
      761.745
      761.740
      761.733
      761.728
      761.721
      761.720
      761.715
      761.710
      761.708
      761.700
      761.693
      761.689
      761.687
      761.680
      761.674
      761.668
      761.662
      761.656
      761.650
      761.644
      761.638
      762.320
      762.316
      762.311
      762.308
      762.303
      762.299
      762.295
      762.292
      762.289
      762.283
      762.277
      762.277
      762.273
      762.269
      762.265
      762.262
      762.258
      762.253
      762.249
      762.246
      762.241
      762.238
      762.229
      762.231
      762.225
      762.222
      762.218
      762.213
      762.211
      762.208
      762.202
      762.194
      762.191
      762.187
      762.182
      762.178
      762.174
      762.172
      762.168
      762.164
      762.162
      762.156
      762.152
      762.146
      762.146
      762.144
      762.138
      762.131
      762.126
      762.121
      762.122
      762.115
      762.113
      762.104
      762.100
      762.100
      762.095
      762.091
      762.089
      762.082
      762.078
      762.073
      762.071
      762.069
      762.061
      762.056
      762.055
      762.051
      762.049
      762.044
      762.040
      762.041
      762.036
      762.032
      762.031
      762.026
      762.021
      762.016
      762.014
      762.006
      762.002
      761.995
      761.992
      761.990
      761.986
      761.983
      761.976
      761.976
      761.970
      761.967
      761.961
      761.956
      761.951
      761.950
      761.945
      761.941
      761.938
      761.931
      761.928
      761.927
      761.920
      761.914
      761.908
      761.903
      761.900
      761.895
      761.896
      761.888
      761.881
      761.875
      761.871
      761.867
      761.860
      761.861
      761.856
      761.854
      761.846
      761.842
      761.839
      761.839
      761.829
      761.822
      761.819
      761.818
      761.815
      761.810
      761.803
      761.800
      761.796
      761.793
      761.785
      761.776
      761.773
      761.769
      761.761
      761.761
      761.756
      761.752
      761.746
      761.741
      761.737
      761.732
      761.727
      761.722
      761.720
      761.716
      761.707
      761.704
      761.699
      761.698
      761.694
      761.686
      761.680
      761.679
      761.670
      761.669
      761.665
      761.656
      761.651
      761.649
      761.642
      761.638
      761.639
      761.632
      761.627
      761.622
      761.616
      761.612
      761.608
      761.604
      761.596
      761.595
      761.589
      761.585
      761.584
      761.576
      761.571
      761.566
      761.561
      761.556
      761.551
      761.546
      761.541
      761.536
      761.531
      761.324
      761.325
      761.325
      761.325
      761.325
      761.326
      761.326
      761.326
      761.326
      761.327
      761.327
      761.327
      761.328
      761.328
      761.328
      761.328
      761.329
      761.329
      761.329
      761.329
      761.330
      761.330
      761.330
      761.331
      761.331
      761.331
      761.331
      761.332
      761.332
      761.332
      761.333
      761.333
      761.333
      761.333
      761.334
      761.334
      761.334
      761.334
      761.335
      761.335
      761.335
      761.336
      761.336
      761.336
      761.336
      761.337
      761.337
      761.337
      761.338
      761.338
      761.338
      761.338
      761.339
      761.339
      761.339
      761.339
      761.340
      761.340
      761.340
      761.341
      761.341
      761.341
      761.341
      761.342
      761.342
      761.342
      761.343
      761.343
      761.343
      761.343
      761.344
      761.344
      761.344
      761.344
      761.345
      761.345
      761.345
      761.346
      761.346
      761.346
      761.346
      761.347
      761.347
      761.347
      761.347
      761.348
      761.348
      761.348
      761.349
      761.349
      761.349
      761.349
      761.350
      761.350
      761.350
      761.351
      761.351
      761.351
      761.351
      761.352
      761.352
      761.352
      761.352
      761.353
      761.353
      761.353
      761.354
      761.354
      761.354
      761.354
      761.355
      761.355
      761.355
      761.356
      761.356
      761.356
      761.356
      761.357
      761.357
      761.357
      761.357
      761.358
      761.358
      761.358
      761.359
      761.359
      761.359
      761.359
      761.360
      761.360
      761.360
      761.361
      761.361
      761.361
      761.361
      761.362
      761.362
      761.362
      761.362
      761.363
      761.363
      761.363
      761.364
      761.364
      761.364
      761.364
      761.365
      761.365
      761.365
      761.365
      761.366
      761.366
      761.366
      761.367
      761.367
      761.367
      761.367
      761.368
      761.368
      761.368
      761.369
      761.369
      761.369
      761.369
      761.370
      761.370
      761.370
      761.370
      761.371
      761.371
      761.371
      761.372
      761.372
      761.372
      761.372
      761.373
      761.373
      761.373
      761.374
      761.374
      761.374
      761.374
      761.375
      761.375
      761.375
      762.091
      762.087
      762.081
      762.077
      762.074
      762.071
      762.065
      762.062
      762.062
      762.060
      762.056
      762.054
      762.048
      762.042
      762.042
      762.039
      762.035
      762.031
      762.027
      762.025
      762.018
      762.014
      762.010
      762.006
      762.003
      762.000
      761.997
      761.993
      761.990
      761.988
      761.982
      761.977
      761.974
      761.967
      761.965
      761.963
      761.959
      761.958
      761.952
      761.948
      761.947
      761.942
      761.939
      761.934
      761.929
      761.924
      761.920
      761.917
      761.913
      761.910
      761.907
      761.903
      761.899
      761.898
      761.892
      761.886
      761.881
      761.880
      761.874
      761.871
      761.868
      761.865
      761.860
      761.857
      761.855
      761.849
      761.848
      761.843
      761.836
      761.833
      761.830
      761.831
      761.825
      761.822
      761.819
      761.814
      761.810
      761.805
      761.801
      761.798
      761.794
      761.789
      761.788
      761.783
      761.779
      761.775
      761.770
      761.764
      761.762
      761.758
      761.755
      761.750
      761.744
      761.742
      761.736
      761.732
      761.730
      761.724
      761.721
      761.718
      761.711
      761.705
      761.703
      761.698
      761.694
      761.690
      761.688
      761.682
      761.677
      761.674
      761.670
      761.669
      761.663
      761.663
      761.657
      761.651
      761.648
      761.641
      761.639
      761.635
      761.631
      761.629
      761.626
      761.620
      761.614
      761.611
      761.607
      761.604
      761.601
      761.596
      761.593
      761.588
      761.587
      761.578
      761.571
      761.567
      761.565
      761.559
      761.552
      761.547
      761.541
      761.538
      761.535
      761.529
      761.525
      761.523
      761.516
      761.512
      761.493
      761.517
      761.504
      761.478
      761.476
      761.482
      761.479
      761.469
      761.468
      761.462
      761.457
      761.450
      761.448
      761.442
      761.438
      761.433
      761.434
      761.425
      761.419
      761.419
      761.407
      761.404
      761.401
      761.398
      761.392
      761.388
      761.385
      761.382
      761.375
      761.368
      761.361
      761.358
      761.353
      761.350
      761.343
      761.338
      761.331