         1.000542283058167E+00         5.305087711349188E-07        -2.325960951621298E-10
         1.001414418220520E+00        -5.569649488279538E-07         5.823773321228520E-12
         1.001291275024414E+00        -5.701622285414487E-07         1.516947123469947E-10
         1.001074075698853E+00        -1.877911728342951E-07        -9.561449548778356E-11
         1.001159071922302E+00        -5.843884309797431E-07         2.105573311192432E-12
         1.000939607620239E+00        -3.735625568879186E-07         9.735430517299193E-11
         1.001093268394470E+00        -6.346776331156434E-07         1.886608230750042E-10
         1.001096010208130E+00        -5.276732508718851E-07         1.507257513244653E-10
         1.000988721847534E+00        -1.241623976966366E-07        -7.229264409325253E-11
         1.000712156295776E+00         2.363375415370683E-07        -3.766596062826366E-11
         1.000698328018188E+00         3.744013667983381E-07        -8.016406982669366E-11
         1.000477790832520E+00         5.740128017350798E-07        -1.801625792996475E-10
         1.000688314437866E+00        -1.215866802795063E-07        -3.733409414952149E-11
         1.000889539718628E+00        -3.767753469219315E-07         9.088990671202168E-11
         1.000757455825806E+00        -1.313901378807714E-07         4.477783421830139E-11
         1.000577211380005E+00         1.221875862711386E-07        -8.329868739220814E-11
         1.000169873237610E+00         7.263308248184330E-07        -2.358724049411620E-10
         1.000260353088379E+00         5.250092840469733E-07        -1.975630631312342E-10
         1.000312089920044E+00         8.642940088066098E-07        -3.031770390293786E-10
         1.000586509704590E+00         4.111392399863689E-07        -1.020065767964873E-10
         1.000375390052795E+00         5.727595180360368E-07        -1.574938096604583E-10
         1.000362157821655E+00         2.712681634875480E-07         6.000894225977049E-11
         1.000371336936951E+00         3.059709285935241E-07         1.194937482296154E-10
         1.000590801239014E+00         8.946927465558474E-08         1.840113339479643E-10
         1.000398874282837E+00         4.907212769467151E-07         1.807416195875877E-11
         1.000758767127991E+00        -1.810325898077281E-07         1.788579839789861E-10
         1.000825643539429E+00         2.328523329708787E-08         6.905984811789168E-11
         1.000747442245483E+00        -4.428479627449633E-08         7.028367471351160E-11
         1.000771045684814E+00        -5.858224199073447E-07         3.037119999937943E-10
         1.000216007232666E+00        -4.400458220032988E-09         2.927543207853489E-10
         1.000287652015686E+00         1.541686458494951E-07         1.294303414445253E-10
         1.000758051872253E+00        -3.432758717281104E-07         2.272335791753122E-10
         1.001015067100525E+00        -8.918948992686637E-07         3.092725797682050E-10
         1.000530004501343E+00        -3.896851978879567E-07         2.993056080757839E-10
         1.000693202018738E+00        -7.230988785522641E-07         2.771968488080034E-10
         9.999807476997375E-01         6.280718594098289E-07        -6.206751779203046E-11
         1.000299334526062E+00        -1.770854538563071E-07         1.143993441643509E-10
         1.000567555427551E+00        -4.818414254259551E-07         1.752894496220847E-10
         1.000459671020508E+00        -4.559437911666464E-07         1.952493167145519E-10
         1.000261425971985E+00        -7.161810344769037E-08        -2.702531254339391E-11
         1.000071287155151E+00        -2.621185712925467E-09        -5.512474851587790E-11
         1.000141620635986E+00        -4.943217959407775E-07         1.534309762574182E-10
         1.000004291534424E+00        -7.028217510196555E-07         2.311295183021755E-10
         9.993222355842590E-01        -2.955454014852421E-08         7.183029865354129E-11
         9.989293813705444E-01         2.511847583264171E-07        -1.128513602011161E-10
         9.990702271461487E-01        -3.330816866764508E-07        -2.077735206107434E-11
         9.992247223854065E-01        -4.812232532458438E-07         5.390165310620310E-12
         9.991932511329651E-01        -1.711359374212407E-07        -1.036927349540306E-10
         9.995529651641846E-01        -2.980867463975301E-07        -4.504812842198724E-11
         9.995164871215820E-01        -1.336950390395941E-07         4.060072417155780E-11
         9.991821050643921E-01         5.484288294610451E-07        -1.052107706511762E-10
         9.993187189102173E-01         1.462904180016267E-07        -9.530536776436449E-11
         9.993167519569397E-01         3.644421440185397E-07        -1.240052643902700E-10
         9.995900392532349E-01        -3.402014101538953E-07         9.686104696093878E-11
         9.992046952247620E-01         2.732191717313981E-07        -9.583228655074549E-11
         9.991162419319153E-01         1.762434607144314E-07        -9.954487928398592E-11
         9.992260336875916E-01         2.253866284718242E-07        -1.799492083121024E-10
         9.991050362586975E-01         5.658047257384169E-07        -1.340791228043869E-10
         9.991975426673889E-01         1.207754849019693E-06        -3.168096340822046E-10
         9.994562268257141E-01         7.159881079132902E-07        -1.778849290090534E-10
         9.996395707130432E-01         8.153969019986107E-07        -1.359358042796188E-10
         9.998160004615784E-01         7.642958621545404E-07        -2.222713541000232E-10
         1.000052809715271E+00         6.347219141389360E-07        -2.360827922043285E-10
         1.000262856483459E+00         2.451450882290374E-07        -1.008470876251444E-10
         1.000506877899170E+00        -1.204730324388947E-07        -5.223208324189876E-11
         1.000270485877991E+00        -1.642880143037928E-08        -7.542084318190589E-11
         1.000388264656067E+00        -6.179141109896591E-07         7.755962538880112E-11
         1.000075697898865E+00         4.613594484226269E-08         3.700011824703253E-11
         9.999966621398926E-01         2.821570035393961E-07        -5.338303583901638E-12
         1.000099539756775E+00         3.895320048741269E-07        -9.122289729157629E-11
         1.000241756439209E+00         1.392388497833963E-07        -7.039183819168571E-11
         1.000609040260315E+00        -7.579014322800504E-07         1.570942820272592E-10
         1.000312566757202E+00        -7.182269996519608E-07         2.010519112305431E-10
         9.999992251396179E-01        -1.445475827921427E-08        -1.100847885071587E-10
         9.993163347244263E-01         4.778300990437856E-07        -1.972646629377905E-10
         9.990633726119995E-01         4.881849235971458E-07        -1.505149477276646E-10
         9.989997744560242E-01         3.579473570880509E-07        -2.780053097450885E-11
         9.990945458412170E-01         4.267050428552466E-07         5.378289133495251E-11
         9.994220137596130E-01        -2.344693150746480E-08         6.071110281169467E-11
         9.993621706962585E-01        -1.369600255429759E-07         6.734569152344605E-11
         9.992594718933105E-01        -5.746250408833475E-08         1.644407943146575E-10
         9.991844296455383E-01         6.246777672913595E-08        -1.080639397410543E-10
         9.989691972732544E-01         2.389519693224429E-07        -1.512628078348399E-10
         9.988223910331726E-01         2.668156753315998E-07        -9.524479815947728E-11
         9.990659356117249E-01        -3.735760003564792E-07        -1.247270689508362E-11
         9.990791678428650E-01        -2.493117392532440E-07         7.896468895429720E-11
         9.992443919181824E-01        -1.647080836164605E-07         2.973319724111634E-12
         9.994471669197083E-01        -1.926703276922126E-07         2.606525065229626E-11
         9.994046688079834E-01         1.507083879914717E-07        -9.710903609017052E-11
         9.995818138122559E-01        -6.807259467223048E-08         4.186572529624177E-12
         9.994098544120789E-01         3.606218683671614E-07        -2.013446874504776E-11
         9.993040561676025E-01         8.910602105061116E-07        -2.762039486015055E-10
         9.993057250976562E-01         8.865150107340014E-07        -1.752961109602325E-10
         9.994016289710999E-01         7.055958803903195E-07        -3.116484292853272E-10
         9.998669028282166E-01         3.774307515413966E-07        -2.881221927708566E-10
         9.997975826263428E-01         5.907349418521335E-07        -1.818251382790237E-10
         9.997721910476685E-01         7.102499353095482E-07        -2.394850429077167E-10
         1.000085115432739E+00         2.825137528361665E-07        -1.266898946861161E-10
         9.998669028282166E-01         1.554813877646666E-07         6.917755951407756E-11
         9.996371865272522E-01         5.550742798732244E-07        -9.712115139892674E-11
         9.994428157806396E-01         6.189460464156582E-07        -4.932354177866749E-11
         9.993547201156616E-01         6.170760684653942E-07        -2.694422376187111E-12
         9.996207952499390E-01         3.868024123221403E-07        -2.209011619458412E-11
         9.997574090957642E-01         1.600242285348941E-07         6.505432997849780E-11
         9.999613165855408E-01        -3.410718250052014E-07         1.539978561337918E-11
         1.000127077102661E+00        -7.421550094477425E-07         1.250727438284471E-10
         1.000261783599854E+00        -1.129698034674220E-06         2.707299662230156E-10
         1.000308632850647E+00        -1.002753833745373E-06         1.669198529397065E-10
         1.000223517417908E+00        -8.616485729362466E-07         1.697819940194023E-10
         9.999665617942810E-01        -5.050447953180992E-07         1.015239142754254E-10
         1.000155210494995E+00        -1.031063447953784E-06         3.583639773818703E-10
         9.999147057533264E-01        -2.974650783471589E-07         4.320136956503795E-11
         9.999673962593079E-01        -1.579289232722658E-07         5.025422786242295E-12
         9.999045729637146E-01         2.277959794128037E-07         1.276670262562174E-11
         1.000205755233765E+00         6.220702886139406E-08         6.280279768455799E-11
         1.000114083290100E+00        -5.837291894295049E-08         1.011087186197912E-10
         1.000154137611389E+00        -2.178516211870374E-08         6.573262767428645E-11
         1.000313043594360E+00        -6.703231747451355E-07         2.612186855710519E-10
         1.000514507293701E+00        -8.694904636286083E-07         2.289965439494779E-10
         1.000331759452820E+00        -1.463206018570418E-07         2.112038322010790E-10
         1.000280737876892E+00         8.388305161588505E-08         5.429268146173172E-11
         1.000274062156677E+00        -2.712600633003603E-07         1.232435820064381E-10
         1.000196099281311E+00        -2.399352183601877E-07        -3.768893183653255E-11
         9.998854398727417E-01         1.710179020619762E-07        -1.538665722611299E-10
         1.000107645988464E+00        -2.870509661079268E-07        -6.909480800010304E-12
         1.000130057334900E+00        -9.550535651214886E-08        -9.423872793234978E-11
         1.000011324882507E+00         3.365865808291346E-08        -5.934910202176624E-11
         1.000363349914551E+00        -4.833091793443600E-07         1.694470813662363E-10
         1.000278472900391E+00         1.903713808815155E-07         2.368538741873150E-12
         1.000445246696472E+00         1.445965125412840E-07         6.357559617642394E-11
         1.000675320625305E+00         1.280799182268311E-07         2.524029422967811E-11
         1.000768303871155E+00        -3.578399798698229E-08        -1.793610919509359E-11
         1.000468134880066E+00         4.460038383058418E-08        -3.127784836687297E-11
         1.000404596328735E+00        -2.579980673544924E-07        -4.861856056637137E-11
         1.000302553176880E+00        -4.459919296095904E-07         5.310095765875822E-11
         1.000023365020752E+00        -3.675859261420555E-07        -2.322437207824546E-11
         9.998934864997864E-01        -3.675787354495696E-07        -1.097448729114880E-10
         9.998999238014221E-01        -4.975642582394357E-07         9.933748268409204E-11
         9.999548196792603E-01        -4.948778951074928E-07         1.895215512304205E-10
         9.998308420181274E-01        -3.146257938624331E-07         1.225025914042277E-10
         9.995514154434204E-01        -9.321208693791050E-09         2.710022657670397E-11
         9.993398785591125E-01         4.223059022478992E-07        -8.548736718516636E-11
         9.997148513793945E-01        -2.404457575266861E-07        -5.688801166248147E-11
         9.997651576995850E-01        -2.439936963583023E-07        -5.079882348102416E-11
         9.999107718467712E-01        -4.776844093612453E-07         6.189542628431965E-11
         9.999253153800964E-01        -2.077564857927428E-07         5.531768793032299E-11
         9.996721148490906E-01         3.157091441607918E-07        -4.931921624568014E-12
         1.000001788139343E+00        -3.294344708137942E-07         1.537626276304493E-10
         1.000262618064880E+00        -6.040395419404376E-07         2.761418871344290E-10
         1.000186085700989E+00        -6.996012302806776E-07         2.355337036519245E-10
         1.000021696090698E+00        -5.751941216658452E-07         2.684051869650261E-10
         9.999943971633911E-01        -2.649738348736719E-07         1.987854325591343E-10
         9.997963309288025E-01         4.635040085076980E-08         1.125244897259847E-10
         9.994544982910156E-01         5.462082413032476E-07         1.285482137403093E-11
         9.994149208068848E-01         9.601027386452188E-07        -6.971787036569310E-11
         9.998244047164917E-01         4.650642040360253E-07        -4.775709688820129E-11
         9.998787045478821E-01         4.196511440568429E-07        -8.764823589135773E-11
         1.000257730484009E+00        -8.835708342758153E-08         9.066588452233404E-11
         1.000547051429749E+00        -3.315454364383186E-07         1.859172815699139E-10
         1.000460028648376E+00         1.339398920663371E-07         1.553988882019297E-11
         1.000510215759277E+00         1.478184508130198E-08         9.393446437355735E-11
         1.000584244728088E+00        -1.746442812589066E-08         1.254113340953822E-10
         1.000778317451477E+00        -2.284864422108512E-07         1.363840013146600E-10
         1.000979423522949E+00        -6.177782552185818E-07         2.091876394327841E-10
         1.000951766967773E+00        -8.161838422893197E-07         1.546627825810276E-10
         1.000552892684937E+00        -3.966551673784124E-07         2.260156367617228E-10
         1.000778436660767E+00        -7.189070743152115E-07         2.651630859329401E-10
         1.000399947166443E+00         1.428621914101313E-07         1.431070956181557E-10
         1.000634074211121E+00        -1.968686689224342E-07        -3.573794038480571E-11
         1.000277280807495E+00        -2.877455926864059E-07         2.070721788482999E-10
         1.000163197517395E+00        -3.605051119848213E-07         2.643465446539039E-10
         1.000170826911926E+00        -6.868141326776822E-07         3.073104548612093E-10
         1.000024914741516E+00        -4.851301582675660E-07         3.809543513977331E-10
         9.998631477355957E-01        -4.300352145492070E-07         3.538355441978780E-10
         9.997843503952026E-01        -9.248793162441871E-07         4.760397631642377E-10
         9.993199706077576E-01        -6.363969191625074E-07         4.730488778470487E-10
         9.996211528778076E-01        -9.484802490078437E-07         4.077602699936733E-10
         9.974914193153381E-01         1.895755417535838E-06        -2.876800464512996E-10
         9.969428777694702E-01         2.714058609853964E-06        -4.290008626117725E-10
         9.994993805885315E-01        -1.557735487267564E-07         2.452262559682339E-10
         9.994460344314575E-01         3.099581746823787E-08         2.448161950940886E-10
         1.001845240592957E+00        -2.535082330723526E-06         8.854594835128182E-10
         0.000000000000000E+00         0.000000000000000E+00         0.000000000000000E+00
         0.000000000000000E+00         0.000000000000000E+00         0.000000000000000E+00
         0.000000000000000E+00         0.000000000000000E+00         0.000000000000000E+00
         9.989871978759766E-01         1.179324272015947E-06        -1.466486154733104E-09
         9.990849494934082E-01         1.860592874436406E-06        -2.116940400753720E-09
         9.988758563995361E-01         2.912627678597346E-06        -2.951578093046692E-09
         9.988497495651245E-01         2.505625161575153E-06        -2.213146776952613E-09
         9.990926980972290E-01         9.678242349764332E-07        -1.912641295342965E-10
         9.995148777961731E-01         1.063374028831277E-07        -1.598200599639554E-10
         9.996162056922913E-01         1.367888700087860E-07        -3.192348330127714E-10
         9.996848702430725E-01         3.498857381600828E-07        -2.919759434227842E-10
         9.996177554130554E-01         5.975686576675798E-07        -3.640284740313859E-10
         1.000098943710327E+00        -1.164507268391901E-09        -2.317720459998895E-10
         1.000547051429749E+00        -3.762397113860061E-07        -1.738825472497041E-10
         1.000896930694580E+00        -7.512741149184876E-07        -8.002026818942909E-11
         1.000847220420837E+00        -5.649422405440419E-07        -3.537369841488669E-10
         1.001042366027832E+00        -1.044846385411802E-06        -2.698597734163144E-10
         1.001059889793396E+00        -1.036162757372949E-06        -1.320141079785841E-10
         1.000915169715881E+00        -4.794335950464301E-07        -1.477089284218636E-10
         1.000711202621460E+00        -1.837002550075795E-08        -1.536857446859941E-10
         1.000536203384399E+00         5.551535764425353E-08        -6.255654327880222E-11
         1.000314831733704E+00         4.130483262088092E-07        -2.271407922860291E-10
         1.000436186790466E+00         4.714503916147805E-07        -4.828920943666937E-11
         1.000609517097473E+00         7.009587648099114E-07        -2.233875306956179E-10
         1.000951886177063E+00        -1.244388272425567E-07        -1.137598071299095E-10
         1.000960946083069E+00        -2.609500526773445E-08        -2.025095646729369E-10
         1.000643134117126E+00         1.189528830991549E-07        -6.880929159791549E-11
         1.000326633453369E+00         2.342519138665011E-07        -5.107986256192021E-11
         1.000460743904114E+00        -7.520843325892201E-08         1.220447180816375E-11
         1.000237345695496E+00         3.641327737113897E-07        -1.572834779084431E-10
         1.000433206558228E+00         6.382774131452607E-08        -8.849270621835714E-11
         1.000350475311279E+00         3.882804122667949E-08        -5.880924913714836E-11
         1.000168919563293E+00         5.541302243727841E-07        -1.125091617093510E-10
         1.000358700752258E+00         9.046969751125289E-08         1.188647513750141E-10
         1.000309467315674E+00         5.809580372329037E-08        -1.239803138625151E-11
         1.000439643859863E+00        -1.522788579677581E-07         5.203324923708230E-11
         1.000262737274170E+00         3.056686637137318E-07        -1.978820059200803E-11
         9.998028874397278E-01         6.570589334842225E-07        -4.462999067533779E-11
         9.997598528862000E-01         2.424476406304166E-07         1.594001874938300E-10
         9.998627901077271E-01         1.438808965303906E-07        -8.980219345922080E-11
         1.000104784965515E+00        -2.819378721596877E-07        -2.879022541202314E-12
         1.000054121017456E+00        -4.358450098607136E-07         8.996358519253178E-11
         1.000228762626648E+00        -7.100202310539316E-07         2.623940127677304E-11
         1.000136733055115E+00        -6.969933679101814E-07         3.621924982155633E-11
         9.997320771217346E-01         3.849047800486005E-07        -2.096832568687645E-10
         9.997018575668335E-01         2.289557414769661E-07        -8.992431105303567E-11
         9.994408488273621E-01         4.045429307097947E-07        -1.974912594571165E-10
         9.990865588188171E-01         6.106395744609472E-07        -2.302424223499244E-10
         9.991592764854431E-01         3.276931863638310E-07        -8.953041780168647E-11
         9.993222355842590E-01         6.765888116433416E-08        -1.564733065340107E-10
         9.990918636322021E-01         5.305571448843693E-07        -2.420534328528845E-10
         9.991856217384338E-01         4.117533194403222E-07        -2.425866799105059E-11
         9.993017315864563E-01         6.120478701632237E-07        -2.811606780728226E-10
         9.992024898529053E-01         9.828193014982389E-07        -1.260089949051135E-10
         9.992624521255493E-01         6.978305577831634E-07        -1.134401392266504E-10
         9.992799758911133E-01         4.990994852960284E-07        -1.242873720608273E-10
         9.993409514427185E-01         5.380252332543023E-07        -2.697793377581803E-10
         9.998059272766113E-01        -1.528432704844818E-07        -1.306178221138765E-10
         9.997866153717041E-01         3.336200204984152E-09        -1.323317566637172E-10
         9.996867179870605E-01         3.229010872018989E-07        -2.698165475767400E-11
         9.997650384902954E-01         3.464021460786171E-07        -7.333597618064402E-11
         9.998006224632263E-01         1.074623412478104E-08         1.371178344478086E-11
         9.996364712715149E-01         1.711297414885848E-07         9.234854547734983E-11
         9.993299245834351E-01         9.872055670712143E-07        -1.750652262044738E-10
         9.992387890815735E-01         9.133410685535637E-07         3.724193262805153E-12
         9.994056820869446E-01         7.173327958298614E-07        -6.292480425607039E-12
         9.999225735664368E-01        -2.582281126706221E-07         9.563276559543255E-11
         1.000167727470398E+00        -4.990011461813992E-07         1.400141946827915E-10
         1.000193119049072E+00        -5.972074745841383E-07         1.827079598726300E-10
         1.000220656394958E+00        -3.499924972061308E-08        -8.857752031854460E-11
         1.000222563743591E+00        -2.412366129078691E-08        -2.690185747777907E-11
         1.000270605087280E+00        -8.373717008680615E-08         1.232817736784853E-10
         1.000038743019104E+00         2.731705706082721E-07         1.705201257973243E-11
         9.998928904533386E-01         3.781744908337714E-07        -3.749878879633073E-11
         9.999126791954041E-01        -2.624550532459580E-08         3.526442679535613E-11
         9.999689459800720E-01        -1.349121419025323E-07         6.918161876701134E-11
         9.998099803924561E-01         7.600820595143887E-08         1.352051665071130E-10
         9.997538328170776E-01         1.987746287568370E-07        -2.153118829062439E-11
         9.996441602706909E-01         2.345982466067653E-07        -1.677249727993768E-10
         9.996602535247803E-01         7.843671312457445E-08        -1.307839253561482E-10
         9.998459815979004E-01        -1.064465777744772E-07         1.797099101474853E-11
         1.000217199325562E+00        -5.869432584404422E-07         8.217976299462748E-11
         9.998035430908203E-01         3.565027668628318E-07        -1.817464234665778E-10
         9.999017119407654E-01         1.263165643194952E-07         1.237163409911757E-11
         9.998177289962769E-01         3.497497971238772E-07        -1.392706089342610E-10
         9.997386932373047E-01         8.850075516875222E-08        -3.782230431625955E-11
         9.995620846748352E-01        -1.616994751429957E-07         1.531735988047345E-10
         9.995282888412476E-01        -3.365136080901721E-07         7.413882008311390E-11
         9.993419051170349E-01         1.543884877719393E-07        -1.617912331886018E-10
         9.990954399108887E-01         7.331669280574715E-07        -4.023386901419457E-10
         9.994091987609863E-01        -7.388776168681943E-08         2.385005387628425E-11
         9.996217489242554E-01         3.068560374686058E-07        -2.332319060105448E-10
         9.996265172958374E-01         2.378314150064398E-07        -2.017444961088799E-10
         9.994706511497498E-01         2.997543049332307E-07        -1.016026290878713E-10
         9.996352791786194E-01        -9.989269500465525E-08        -1.557709690402920E-11
         9.995830655097961E-01        -4.666566510991288E-08         1.792552044299622E-11
         9.991887211799622E-01         7.991127404238796E-07        -1.694489548675904E-10
         9.992986917495728E-01         3.722290671248629E-07        -8.907539289504385E-11
         9.990736246109009E-01         1.261110242012364E-06        -1.789906001192776E-10
         9.995872378349304E-01         1.038430468724982E-06        -7.327804335544030E-11
         9.997656345367432E-01         9.955055020327563E-07        -2.287545014523218E-10
         9.999605417251587E-01         6.152002356429875E-07        -1.727755993830016E-10
         9.998252391815186E-01         8.411386716034031E-07        -2.492207273885327E-10
         9.997593164443970E-01         7.514395292673726E-07        -1.930909182545903E-10
         9.999077320098877E-01         4.979493155587988E-07        -1.410546957014702E-10
         1.000053644180298E+00         2.536140755182714E-07        -9.831445380026338E-11
         9.999781250953674E-01         7.006903501860506E-07        -1.381894459973054E-10
         1.000532627105713E+00        -2.744231153428700E-07         2.116051778244810E-10
         1.000438451766968E+00        -3.455089370163478E-07         9.305933801329047E-11
         1.000074744224548E+00        -9.326902272732696E-08         8.938409040704087E-11
         9.999802112579346E-01        -6.665206342404417E-07         1.607487198906909E-10
         9.999977946281433E-01        -7.008077886894171E-07         2.755888295347120E-10
         9.999155402183533E-01        -3.751434292098565E-07         1.471577582012884E-10
         1.000075697898865E+00        -4.691733863637637E-07         7.707382648769467E-11
         1.000007867813110E+00        -1.163399687698075E-08         5.054341320476219E-11
         1.000133633613586E+00        -2.203344706686039E-07         1.239430433286337E-11
         1.000148296356201E+00        -5.383895995692001E-07         1.402838817332608E-10
         1.000276923179626E+00        -5.693651132787636E-07         7.240295168964295E-11
         1.000350594520569E+00        -5.272875114314957E-07         1.991426329395196E-10
         1.000287413597107E+00        -1.100340867310479E-07         1.851472447578217E-11
         1.000317454338074E+00         1.510272795712808E-07        -1.897225709868167E-10
         1.000343203544617E+00        -1.057895602230019E-07         3.755831756713235E-11
         1.000252008438110E+00         8.389655192786449E-08        -1.160366108754474E-10
         1.000506401062012E+00        -5.812937047267042E-07        -1.514454880946481E-11
         1.000321149826050E+00        -1.983556927598329E-07        -1.306985214499790E-10
         1.000166535377502E+00        -1.975882923943573E-07         2.342137421507129E-11
         9.995862245559692E-01         8.746833941586374E-07        -2.019103911843345E-10
         9.999574422836304E-01         1.008438275107437E-07         4.594068875318769E-11
         9.998797178268433E-01         2.213944441109561E-07        -2.382145522505930E-11
         9.996466040611267E-01         7.613253387717123E-07        -3.443919038836896E-10
         9.994791746139526E-01         7.166817681536486E-07        -2.489920492010356E-10
         9.994059801101685E-01         3.582434828786063E-07        -9.278928320144431E-11
         9.991618990898132E-01         8.509530289302347E-07        -2.735210669069232E-10
         9.989718794822693E-01         9.367098527945927E-07        -2.202243387650071E-10
         9.991971254348755E-01         4.070306829362380E-07         1.847317611380905E-11
         9.997406005859375E-01        -6.067831463951734E-07         8.082689378907659E-11
         9.995273351669312E-01        -1.088808332383451E-07        -2.594726083299248E-12
         9.996188282966614E-01        -5.065264829795524E-08         4.071240415105815E-13
         9.997686743736267E-01        -1.116997054850799E-07         4.017130725286755E-11
         9.999257326126099E-01        -4.099299815152335E-07         8.845430637949292E-11
         9.995771050453186E-01         5.332437922334066E-07        -1.649385836244299E-11
         9.996197819709778E-01         7.919682047941023E-07        -2.290477252309131E-10
         9.999485015869141E-01         1.390405515167004E-07         2.224201725575803E-11
         1.000187397003174E+00        -8.279704388769460E-08         1.711112918023616E-10
         1.000516533851624E+00        -7.688640835112892E-07         1.874699284698522E-10
         1.000383734703064E+00        -2.517998041184910E-07         3.271520207515088E-11
         1.000547885894775E+00        -3.945816047234985E-07         1.676956490337389E-10
         1.000203728675842E+00         3.118234985777235E-07        -9.406178613780014E-11
         1.000405669212341E+00        -2.384624053775042E-07         8.959948755160596E-11
         1.000587940216064E+00        -6.474955398516613E-07         5.464964245027737E-11
         1.000515699386597E+00        -6.323278967101942E-07         9.000242912060585E-11
         1.000531673431396E+00        -8.914367413126456E-07         1.944790162244914E-10
         9.999690055847168E-01        -3.382698992027144E-07         1.308352731710372E-10
         9.997460246086121E-01         2.248612958055674E-07         3.745775564722997E-11
         9.995346069335938E-01         8.970417866294156E-07        -2.357549433451567E-10
         9.997874498367310E-01         6.027569838806812E-07         4.007718809595495E-11
         9.999374151229858E-01         6.822800173722499E-07         8.753363485436427E-12
         1.000311017036438E+00         5.542679559766839E-07        -8.190467748470098E-11
         1.000260591506958E+00         8.267347197943309E-07        -1.979029023990719E-10
         9.999684691429138E-01         1.190730472444557E-06        -3.486210486958186E-10
         1.000253677368164E+00         1.497022026342165E-07        -5.299791855373215E-11
         9.999817013740540E-01         2.347536991464949E-07        -1.397135185321474E-10
         1.000139713287354E+00         1.644417224611061E-08        -2.235894802637972E-10
         1.000286936759949E+00        -1.910356104417588E-07        -3.860170239011751E-10
         1.000327348709106E+00        -5.130311819812050E-07         1.416835485740231E-11
         1.000192165374756E+00        -4.810689802070556E-07        -4.447192614165374E-11
         9.994183778762817E-01         3.638767793745501E-07        -1.369000052209302E-10
         9.992133975028992E-01         4.213040369904775E-07         3.433325498902740E-11
         9.991233944892883E-01         1.013484393297404E-06        -1.483693862214253E-10
         9.989717602729797E-01         1.717708755677450E-06        -2.881279936861603E-10
         9.993708729743958E-01         9.755055998539319E-07        -3.139158030740496E-11
         9.995337128639221E-01         9.851798949966906E-07        -2.340634908115646E-10
         9.996750354766846E-01         6.372638949869724E-07         1.904311951184123E-11
         9.997465014457703E-01         6.225292281669681E-07        -1.532068361065342E-10
         9.999287724494934E-01         2.278546276102134E-07        -1.267622118383827E-10
         9.996691346168518E-01         6.816315476498858E-07        -1.080366907046937E-10
         9.994425177574158E-01         1.087094574359071E-06        -1.372556929224444E-10
         9.993831515312195E-01         1.026352720145951E-06        -1.123252116319584E-10
         9.989792704582214E-01         1.756424467203033E-06        -2.520019470875212E-10
         9.988748431205750E-01         1.852192781370832E-06        -1.680702244044596E-10
         9.992059469223022E-01         1.750169758452103E-06        -3.112725355247647E-10
         9.995848536491394E-01         8.593667075729172E-07         4.290967928199940E-11
         9.992858171463013E-01         5.147541060068761E-07         1.169896263197856E-10
         9.987947344779968E-01         1.277345631933713E-06        -1.252328379885981E-10
         0.000000000000000E+00         0.000000000000000E+00         0.000000000000000E+00
         0.000000000000000E+00         0.000000000000000E+00         0.000000000000000E+00
         0.000000000000000E+00         0.000000000000000E+00         0.000000000000000E+00
         0.000000000000000E+00         0.000000000000000E+00         0.000000000000000E+00
         1.001688241958618E+00        -4.662431365431985E-06         2.370703855447687E-09
         1.001680493354797E+00        -4.944909505866235E-06         2.775508933794413E-09
         1.001396894454956E+00        -4.284628175810212E-06         2.469797033555210E-09
         1.000454306602478E+00        -1.300095618717023E-06         1.428211576781635E-10
         1.000395774841309E+00        -1.166434799415583E-06         7.371871862948964E-11
         1.000352144241333E+00        -8.481301279061881E-07         5.675332079291273E-11
         1.000346779823303E+00        -8.308805377055251E-07         1.016639723794288E-11
         1.000328898429871E+00        -8.882958582034917E-07         8.757888164678818E-11
         1.000223755836487E+00        -4.434154163845960E-07        -1.325217019454428E-11
         1.000556111335754E+00        -8.601112426731561E-07         9.423514746309536E-11
         1.000477075576782E+00        -6.982682521083916E-07        -4.942831734189301E-12
         1.000578045845032E+00        -9.245378009836713E-07         2.952520866683628E-11
         1.000699400901794E+00        -1.025952428790333E-06         2.175898176914881E-11
         1.000704765319824E+00        -1.125500602938700E-06         7.806282009692467E-11
         1.000501990318298E+00        -1.012693701341050E-06         1.197585364209885E-10
         1.000488877296448E+00        -7.358825087067089E-07         1.611243083399216E-11
         1.000282883644104E+00        -1.257946280475153E-07        -1.157024268061413E-10
         1.000250220298767E+00        -1.258918302937673E-07        -2.737438574429429E-11
         1.000157356262207E+00         9.630483077671670E-08         1.463449500471725E-11
         1.000022768974304E+00         4.011005501070031E-07        -8.117755773140445E-11
         1.000161886215210E+00         3.308005247504298E-08        -9.857171502647422E-12
         9.999278783798218E-01         4.971908538209391E-07        -1.185681275384098E-10
         9.998490214347839E-01         8.611256134827272E-07        -1.506874347523279E-10
         1.000177264213562E+00         2.259753699718203E-07        -2.241765280353025E-11
         1.000113010406494E+00         2.496820741271222E-07         7.011535883144626E-12
         1.000443100929260E+00        -4.366326891158678E-07         1.944005234566504E-10
         1.000386118888855E+00        -1.929904414055272E-07         5.948468106975469E-11
         1.000913262367249E+00        -9.765300319486414E-07         2.564856660391968E-10
         1.000813603401184E+00        -6.274590305110905E-07         1.636966534546147E-10
         1.000676274299622E+00        -6.443223128371756E-07         1.899299884033923E-10
         1.000607848167419E+00        -7.529784511461912E-07         1.680031253004088E-10
         1.000578165054321E+00        -6.481832315330394E-07         7.044701627600958E-11
         1.000429153442383E+00        -5.417434181254066E-07         8.741875279216771E-11
         1.000264644622803E+00        -2.958129243779695E-07        -4.675989456748297E-11
         1.000124573707581E+00        -2.825015332774683E-09        -4.140825529685976E-11
         1.000421643257141E+00        -4.151895325321675E-07         7.440610627629241E-12
         1.000549674034119E+00        -4.915135605187970E-07         1.282609088382181E-11
         1.000228524208069E+00         6.428240340028424E-08        -1.270068251957301E-12
         1.000339508056641E+00         1.917204883739032E-07         1.066144828670845E-11
         1.000211596488953E+00         3.246473454510124E-07        -4.486895230360055E-12
         1.000139474868774E+00         2.360169588655481E-07        -8.058083367235014E-11
         1.000180125236511E+00         1.167482395203479E-07        -9.470259298982597E-11
         1.000133395195007E+00         4.024328248419806E-08         6.288792186656678E-13
         1.000162601470947E+00         2.706591715195827E-07        -1.954393730185799E-10
         1.000238180160522E+00        -1.696948288554267E-07        -8.335930556935267E-11
         1.000292658805847E+00        -5.041128474658763E-07         1.063064983264361E-10
         1.000397801399231E+00        -7.758470701446640E-07         1.193427995316299E-10
         1.000378489494324E+00        -4.636237918020925E-07         1.006585925722447E-10
         1.000356078147888E+00        -3.594830388919945E-07         1.832781981736531E-10
         9.997085332870483E-01         9.887712337786070E-08        -2.926710263029264E-11
         9.995901584625244E-01         6.547089270725337E-08         5.450460915934485E-11
         9.996375441551208E-01         1.736959802656202E-07         2.980358668192018E-11
         9.993706941604614E-01         4.473532158044691E-07        -1.095604648670978E-10
         9.995430707931519E-01         1.612361586467159E-07        -5.399423096130729E-12
         9.993655085563660E-01         3.669170212106110E-07         2.724154062050399E-11
         9.994647502899170E-01         1.796326500880241E-07        -8.183296401620410E-11
         9.995688199996948E-01         2.810161845445691E-07        -1.083373876720195E-10
         9.992946386337280E-01         7.533175789831148E-07        -1.747710864918872E-10
         9.992658495903015E-01         7.908881798357470E-07        -1.356330325830157E-10
         9.996128082275391E-01         3.232754295368068E-07        -3.833923456486588E-11
         9.997233152389526E-01         2.868438286895980E-08         2.985839700486714E-11
         9.997487068176270E-01         6.254243345438226E-09         3.367511824947655E-11
         9.996458888053894E-01         2.691457723358326E-07        -1.430243978806089E-10
         9.998201727867126E-01        -1.580601605155607E-08         9.310505144632941E-11
         9.997028708457947E-01         3.806439963227604E-07        -4.367410946781725E-11
         9.996271729469299E-01         5.574261763285904E-07        -6.583462941467388E-11
         9.998827576637268E-01         1.864252681116341E-07        -5.899904870210193E-11
         1.000003099441528E+00        -4.472434156355121E-08         1.024191495502258E-10
         1.000237464904785E+00        -3.857064712065039E-07         6.677016578526818E-11
         1.000249862670898E+00        -3.049492818263388E-07         4.972387432355951E-11
         1.000150322914124E+00        -2.090442876578891E-07         4.755186175375847E-11
         9.999132752418518E-01         5.154491304892872E-07        -1.768831053849951E-10
         1.000004053115845E+00         2.512228149953444E-07        -1.402998828226032E-10
         9.998725056648254E-01         2.256855111681944E-07        -5.297895108724582E-11
         9.999206662178040E-01         1.560057967253670E-07         1.572707589159172E-11
         1.000172019004822E+00         8.760150649322895E-08        -4.717076035332113E-11
         1.000205039978027E+00         4.548630627709827E-08        -1.197518126327957E-11
         1.000126242637634E+00        -6.786712702933073E-08        -2.812827401554863E-11
         9.998144507408142E-01         2.035455253235341E-07        -7.893265902003677E-12
         9.996566176414490E-01         3.544487299222965E-07        -3.518173599670327E-11
         9.996982216835022E-01         3.323751229800109E-07        -2.752853153764612E-11
         9.995485544204712E-01         6.768997877770744E-07        -1.596981852314272E-10
         9.996099472045898E-01         4.634349295429274E-07        -1.633151114344145E-10
         9.996463656425476E-01         2.913068044563261E-07        -1.368999913431423E-10
         9.995099902153015E-01         5.711073640668474E-07        -1.903382590429104E-10
         9.995746016502380E-01         7.451434385075117E-07        -2.007132654524568E-10
         9.996436834335327E-01         2.808693011502328E-07        -1.093679938279912E-10
         9.995175600051880E-01         5.429106408882944E-07        -1.289343493082740E-10
         9.997319579124451E-01         6.899662707837706E-08        -7.913027177952614E-11
         9.996083974838257E-01         1.871249963869559E-07        -1.023466311700361E-10
         9.998536705970764E-01        -4.250425789109613E-08        -1.148749324830778E-11
         9.999118447303772E-01        -1.138133782774275E-07        -2.348941180452258E-11
         9.999240636825562E-01        -1.243078884272109E-07        -5.409808018219664E-12
         9.998480677604675E-01         3.070960019613267E-07        -1.040862951384725E-10
         9.997759461402893E-01         2.164322410180830E-07        -7.968365550725665E-11
         9.998322129249573E-01         2.555121909608715E-07        -1.651021402926389E-10
         9.997453689575195E-01         2.047362954726850E-07        -9.208906553981322E-11
         9.996085166931152E-01         2.130769729546955E-07        -9.705221348799142E-11
         9.998573064804077E-01        -6.848106437473689E-08        -7.222313025412319E-11
         9.999476671218872E-01        -1.652600758461631E-07         8.578526777824891E-11
         1.000102996826172E+00        -2.154422240607801E-08        -4.564600780687655E-11
         1.000040411949158E+00         6.352509274165641E-08        -4.023128618441119E-12
         1.000199675559998E+00         3.541709503451784E-08        -7.813628910557924E-11
         0.000000000000000E+00         0.000000000000000E+00         0.000000000000000E+00
         1.000020623207092E+00        -1.336578634436592E-07         1.307998848121272E-10
         1.000206828117371E+00        -1.895797225870410E-07         7.227130005560412E-11
         1.000128269195557E+00         1.245078067313443E-07        -4.410460191506260E-11
         9.999617934226990E-01         1.297985647852329E-07        -8.155295883049973E-11
         9.994871616363525E-01         4.457215823094884E-07        -3.932957431951323E-11
         9.993278384208679E-01         3.898518627920566E-07         5.248582818362379E-11
         9.991441369056702E-01         1.085864596461761E-06        -3.072337384502077E-10
         9.993436932563782E-01         9.277432013732323E-07        -3.084517086193728E-10
         9.994624853134155E-01         4.523075745055394E-07         3.793499195325900E-11
         9.995678663253784E-01        -5.188249274645784E-10         3.178741297960030E-11
         9.997451901435852E-01        -2.077612890616365E-07         1.050799100510424E-10
         9.999616742134094E-01        -1.793952577600066E-07         5.669932925944643E-11
         1.000112771987915E+00        -2.652664932156767E-07         4.137315143259990E-11
         9.999820590019226E-01        -1.807195815217710E-07         7.329349627216430E-11
         1.000134944915771E+00        -5.264458877718425E-07         1.197600629776474E-10
         9.998559951782227E-01         8.909719895200396E-08        -1.419927370127638E-10
         9.995453953742981E-01         6.186607492963958E-07        -1.133162799704657E-10
         9.994385242462158E-01         7.832479695935035E-07        -2.166090917743446E-10
         9.995019435882568E-01         9.149550237452786E-07        -4.490808280799286E-10
         9.996755123138428E-01         1.417950130644385E-07        -3.395417627616304E-12
         9.998080730438232E-01        -2.458618837408721E-07         7.351533271027222E-11
         9.998630881309509E-01        -3.260919356762315E-07         9.386879468165077E-11
         9.998661279678345E-01        -6.246463613024389E-07         1.668928467646325E-10
         9.999139308929443E-01        -5.628428993986745E-07         2.369175411409685E-10
         9.996885061264038E-01        -1.613827151913938E-07         9.674918505231389E-11
         9.999801516532898E-01        -4.747961384055088E-07         1.524593229440541E-10
         9.997758269309998E-01        -2.979093380872655E-07         1.026540241699792E-10
         9.997409582138062E-01        -3.284540923687018E-07         5.582165285566987E-11
         1.000016808509827E+00        -4.507094786276866E-07         6.344096775690033E-11
         9.997750520706177E-01         3.831337096471543E-07        -1.311657171765290E-10
         9.999502897262573E-01         2.415150959222956E-07        -3.984558169523034E-11
         1.000234603881836E+00         3.355091564571921E-07        -7.389814454805688E-11
         1.000197649002075E+00         2.955969193862984E-07        -9.437009507173855E-11
         1.000067591667175E+00         1.836981766700774E-07         1.734867111080618E-11
         9.999400377273560E-01         2.700897141494352E-07         9.550658874868390E-12
         9.999698400497437E-01         1.588125400076024E-07        -4.296338632081564E-11
         9.999586343765259E-01         3.063158544591715E-07        -6.300492072508490E-11
         9.999263882637024E-01         2.894221893257054E-07        -4.792485505666910E-11
         1.000186324119568E+00         1.702890557453429E-07        -5.750518117242365E-11
         1.000457167625427E+00        -3.898571776517201E-08        -3.923105243441860E-11
         1.000813007354736E+00        -4.937117523695633E-07         1.393774956559568E-10
         1.000597953796387E+00         7.651963507271375E-09         1.733919952062735E-11
         1.000742793083191E+00        -3.354770683472452E-07         1.102100008476548E-10
         1.000705003738403E+00        -4.965937137058063E-07         1.083666212320367E-10
         1.000493764877319E+00        -2.325963350813254E-07         3.565205075606315E-11
         1.000333786010742E+00        -1.424790099235906E-07        -7.118916567350198E-12
         1.000516772270203E+00        -6.376017154252622E-07         1.738437727105691E-10
         1.000527381896973E+00        -5.826262281516392E-07         1.763834495127625E-10
         1.000356435775757E+00        -5.854451501363656E-07         9.564321556965183E-11
         1.000171542167664E+00        -6.504729412881716E-07         1.994467785371157E-10
         1.000204086303711E+00        -8.709535563866666E-07         2.153467820731336E-10
         1.000403165817261E+00        -1.080414222087711E-06         3.132756554169447E-10
         1.000591635704041E+00        -1.439506263523072E-06         4.409337062138974E-10
         1.000570893287659E+00        -1.304809757129988E-06         4.265928443825118E-10
         1.000604629516602E+00        -1.062481828739692E-06         3.518899893695249E-10
         1.000499248504639E+00        -8.609431461081840E-07         3.952506377746801E-10
         1.000350713729858E+00        -7.414587912535353E-07         3.487800881440961E-10
         1.000007987022400E+00        -3.790302969264303E-07         2.259429310313976E-10
         1.000135660171509E+00        -6.314596134870953E-07         2.644148788810696E-10
         1.000051617622375E+00        -5.409727918959106E-07         2.670291487927301E-10
         1.000186324119568E+00        -6.618381007683638E-07         2.598808945819542E-10
         1.000434041023254E+00        -7.393588248305605E-07         3.196599651644760E-10
         1.000309348106384E+00        -5.477798481479113E-07         2.938064513902106E-10
         1.000177621841431E+00        -2.958508957817685E-07         2.322414344169133E-10
         1.000416755676270E+00        -8.159989306477655E-07         4.196167302517040E-10
         1.000133514404297E+00        -3.537453210356034E-07         3.165660511506019E-10
         1.000006079673767E+00        -5.315080784384918E-07         4.110068674290090E-10
         1.000194907188416E+00        -1.103184558814974E-06         5.031904337648996E-10
         1.000123500823975E+00        -9.162133665086003E-07         4.524471908240457E-10
         1.000300884246826E+00        -1.135079401137773E-06         5.466877506243861E-10
         1.000651955604553E+00        -1.882783521978126E-06         7.845607497003471E-10
         1.000447273254395E+00        -1.530106601421721E-06         6.702542409975365E-10
         9.988489151000977E-01         1.348781495380535E-07         1.364472423937002E-10
         9.968854188919067E-01         2.206813178418088E-06        -4.313002732736493E-10
         9.973132014274597E-01         1.485968368797330E-06        -1.425655010711679E-10
         9.988174438476562E-01        -8.144529317632987E-08         1.752269718213739E-10
         9.993672370910645E-01        -4.112479814466496E-07         1.519900039159694E-10
         0.000000000000000E+00         0.000000000000000E+00         0.000000000000000E+00
         0.000000000000000E+00         0.000000000000000E+00         0.000000000000000E+00
         0.000000000000000E+00         0.000000000000000E+00         0.000000000000000E+00
         0.000000000000000E+00         0.000000000000000E+00         0.000000000000000E+00
         9.982347488403320E-01         4.707352672994602E-06        -3.253986191609215E-09
         9.989320635795593E-01         3.248779421483050E-06        -2.807027277285101E-09
         9.986197352409363E-01         3.994056442024885E-06        -2.882774685630807E-09
         9.991087913513184E-01         2.295524609507993E-06        -1.777385350010263E-09
         9.992884397506714E-01         9.949985724233557E-07        -3.462647946150810E-10
         9.988383650779724E-01         2.211304035881767E-06        -6.499868421272481E-10
         9.996656775474548E-01         7.677392090954527E-07        -2.996782544339993E-10
         9.997363090515137E-01         6.568834578501992E-07        -2.882623861832911E-10
         9.996198415756226E-01         5.762516366303316E-07        -4.094514657881909E-11
         9.991393685340881E-01         2.030594487223425E-06        -4.924906593650746E-10
         9.993300437927246E-01         1.490270165049878E-06        -3.160302575189178E-10
         9.998621344566345E-01         5.646260206049192E-07        -1.576509062184428E-10
         1.000072240829468E+00         4.216777540477779E-07        -9.945103074393558E-11
         9.999724626541138E-01         8.982568715509842E-07        -4.775529971468018E-10
         9.996449351310730E-01         1.293055106543761E-06        -5.064135222276889E-10
         9.995238184928894E-01         1.143891040555900E-06        -5.029909266873744E-10
         9.997563362121582E-01         7.326189006562345E-07        -4.673105236108199E-10
         1.000077128410339E+00         3.493110796171095E-07        -2.800298048999394E-10
         1.000627636909485E+00        -6.849185183455120E-07         1.697741947026543E-11
         1.000851035118103E+00        -9.794422339837183E-07         1.285464235056821E-10
         1.000643134117126E+00        -3.271520085945667E-07         2.484798478086248E-11
         1.000640869140625E+00        -1.238525300095716E-07        -1.424177581421660E-10
         1.000271081924438E+00         4.760000535952713E-07        -2.884401328895336E-10
         1.000178575515747E+00         6.704780162181123E-07        -3.094217104759878E-10
         1.000068306922913E+00         1.131393219111487E-06        -3.635254319789283E-10
         1.000100255012512E+00         1.382912500957900E-06        -4.531497954651797E-10
         1.000140428543091E+00         1.156677626568126E-06        -3.426821881813424E-10
         1.000043511390686E+00         1.221569959852786E-06        -4.060594083199476E-10
         1.000554680824280E+00        -9.044417481618439E-08         1.479796146730550E-11
         1.000243186950684E+00         4.571094081029514E-08        -3.043699320359750E-11
         1.000406384468079E+00        -6.243815278139664E-07         1.787167913658294E-10
         1.000275254249573E+00        -6.148338229650108E-07         2.410140143016548E-10
         9.998630881309509E-01         1.050595272999999E-07         6.210106734405585E-11
         9.999646544456482E-01         5.616010412268224E-08        -6.464800222927281E-11
         9.996600747108459E-01         8.132578273034596E-07        -3.098233614107215E-10
         9.997978806495667E-01         2.055183188076626E-07        -8.575407051125694E-11
         9.994959235191345E-01         9.112093835028645E-07        -3.299824025138065E-10
         1.000572562217712E+00        -1.585623408573156E-06         4.034838296806953E-10
         1.000340223312378E+00        -1.192863692267565E-06         2.166674756276521E-10
         1.000678539276123E+00        -1.629373514333565E-06         4.048648638566021E-10
         1.000627994537354E+00        -1.670155484134739E-06         4.822281463034983E-10
         1.000237941741943E+00        -6.913098218319647E-07         1.718505754366717E-10
         1.000118255615234E+00        -1.253256129984948E-07        -7.564810756977014E-12
         9.998720884323120E-01         2.073834792781781E-07        -1.047558567668361E-10
         9.997273683547974E-01         1.825671205324397E-07         4.139567161276503E-11
         9.998686909675598E-01        -2.902971374396657E-08        -2.430611614756550E-11
         1.000084996223450E+00        -1.549104098330645E-07         9.364160141744904E-11
         1.000468492507935E+00        -4.939552695759630E-07         1.485885303686985E-10
         1.000567197799683E+00        -7.986842547325068E-07         4.288201460589391E-10
         1.000422358512878E+00        -3.599598414893990E-07         9.386932203758747E-11
         1.000047802925110E+00         3.851841370305920E-07        -1.427577361878818E-10
         1.000302672386169E+00         1.401353273422501E-07        -8.102647025554077E-11
         1.000022530555725E+00         7.190725455075153E-07        -2.473140303660415E-10
         9.998876452445984E-01         1.137161689257482E-06        -4.031639189161496E-10
         1.000042200088501E+00         7.900736136434716E-07        -2.894489370408593E-10
         1.000134110450745E+00         2.878192901789589E-07        -7.020672238011727E-11
         1.000079393386841E+00         1.316526692107800E-07        -1.656041796749275E-11
         9.999555349349976E-01         3.167347415455879E-07        -1.991659059896733E-10
         1.000215888023376E+00        -4.318140156556183E-07         3.914988472297765E-11
         9.997988939285278E-01         2.592988721517031E-07        -8.927445588335914E-11
         9.998610019683838E-01         9.793265753899050E-09        -1.478280553524058E-10
         1.000018000602722E+00         8.875564283528092E-09        -2.150085942620450E-10
         1.000041961669922E+00         1.803009155310065E-07        -1.083378387001233E-10
         9.999953508377075E-01         3.416924130306143E-07        -2.086274486501338E-10
         1.000069975852966E+00        -5.869652142109771E-08        -1.335177107764096E-10
         9.996244311332703E-01         1.077560682460899E-06        -4.561768740529715E-10
         1.000093579292297E+00         6.685380782300854E-08        -2.215669488159211E-11
         9.995006918907166E-01         1.648799752729246E-06        -4.317707025247586E-10
         9.999493956565857E-01         1.928963797581673E-07         2.208824442795354E-11
         9.990308284759521E-01         1.658686642258544E-06        -3.097971601473404E-10
         9.993233680725098E-01         9.186749139189487E-07        -4.328130909225791E-11
         9.992252588272095E-01         1.069019049282360E-06        -6.186273715513835E-11
         9.995028972625732E-01         4.223425378313550E-07        -9.308526172091547E-11
         9.995723366737366E-01         4.300862030959252E-07        -1.564462448477855E-10
         1.000042438507080E+00        -1.562097224905301E-07         6.382890743727998E-11
         1.000109076499939E+00         3.412447711070854E-07        -1.518527664723379E-10
         1.000432729721069E+00        -3.064290581278328E-07         3.109792154690205E-12
         1.000148653984070E+00         1.718045155030268E-07        -1.004411484539780E-10
         1.000595927238464E+00        -7.718194865447003E-07         1.712241876061782E-10
         1.000062227249146E+00         5.406592862300386E-08        -9.660915817333304E-11
         9.999821782112122E-01        -3.700930051309115E-07         1.795221749034681E-10
         9.995625615119934E-01         3.140413014079968E-07         1.750060860117308E-11
         9.995893836021423E-01        -6.600325619388059E-09         1.137425570396644E-10
         9.997200369834900E-01        -2.774730489818467E-08         2.793272037282524E-11
         9.996883869171143E-01         3.962022674386390E-07        -1.432829688230441E-10
         1.000313282012939E+00        -8.097005093077314E-07         2.693261169639527E-10
         1.000007152557373E+00         3.032264999092149E-07        -1.638082308685895E-10
         9.999428391456604E-01         2.891999031362502E-07        -1.654630599201568E-10
         1.000148177146912E+00        -1.760760568458863E-07        -1.857009858385883E-11
         9.998099207878113E-01         2.094808451147401E-07        -5.600014549300703E-11
         9.998332262039185E-01         5.101359334958033E-08         4.386475557782710E-12
         9.997121691703796E-01         5.139970085110690E-07        -1.956459716456749E-10
         1.000253796577454E+00        -4.749269351123075E-07         1.063994309324912E-10
         1.000086545944214E+00        -2.354504573531813E-07         8.412891217002283E-11
         9.999623894691467E-01        -2.116595965162560E-07         1.447074265970016E-10
         9.997578859329224E-01         6.725612138325232E-07        -1.866200527445017E-10
         1.000276446342468E+00        -1.926024495446654E-08        -9.643490173072422E-11
         1.000287771224976E+00        -1.352277223531928E-07        -3.270446066738764E-11
         9.998394846916199E-01         4.502059027799987E-07        -1.942663113707610E-10
         9.997506141662598E-01         1.579153945385769E-07        -1.027524731966878E-10
         0.000000000000000E+00         0.000000000000000E+00         0.000000000000000E+00
         0.000000000000000E+00         0.000000000000000E+00         0.000000000000000E+00
         9.993419647216797E-01         5.416363251242728E-07        -1.500332913462188E-10
         9.994778037071228E-01         3.412091587051691E-07         3.334671774823939E-11
         9.995346665382385E-01         4.573045089273364E-07        -1.588818659969959E-10
         9.997999072074890E-01         1.917708658538686E-08        -2.294892331722309E-10
         9.998145699501038E-01        -2.331178023950997E-07         5.423796481385246E-11
         9.998026490211487E-01         3.424792396344856E-07        -1.300210911159283E-10
         9.998998641967773E-01        -7.796416667815720E-08         5.589638474301495E-11
         9.995576143264771E-01         6.548292503794073E-07        -1.043509098574980E-10
         0.000000000000000E+00         0.000000000000000E+00         0.000000000000000E+00
         9.992515444755554E-01         6.432105124076770E-07         1.199288498371365E-11
         9.997195601463318E-01        -1.146099961601976E-07         1.782775732594999E-10
         1.000149726867676E+00        -6.148985676190932E-07         4.341401127483380E-10
         1.000225186347961E+00        -2.629344635352027E-07         3.826527150696535E-10
         0.000000000000000E+00         0.000000000000000E+00         0.000000000000000E+00
         0.000000000000000E+00         0.000000000000000E+00         0.000000000000000E+00
         9.997749924659729E-01         2.891276835725876E-07         5.535447447635455E-11
         1.000229835510254E+00        -8.816462013783166E-07         3.968771145057559E-10
         9.993816614151001E-01         9.174851243187732E-07        -2.586028335915813E-10
         9.995594620704651E-01        -1.489634815499130E-08         3.689154190467114E-11
         9.994384050369263E-01         5.945063321632915E-07        -2.007373434143034E-10
         9.999777674674988E-01        -6.938730052752362E-07         8.400293655119739E-11
         9.998822808265686E-01        -5.843313601872069E-07         1.293040501060272E-11
         9.998002052307129E-01        -1.948988028743770E-07        -8.062600587166457E-11
         9.999939799308777E-01        -4.250927929660975E-07         5.217128465351273E-11
         9.992957711219788E-01         9.500194551037566E-07        -2.521549635758902E-10
         1.000057578086853E+00        -7.298825721591129E-07         3.770418977033785E-10
         9.997720718383789E-01        -5.423951066063637E-08         2.940439003396023E-10
         1.000088691711426E+00        -7.334421070481767E-07         5.307261297105015E-10
         1.000155806541443E+00        -1.712062385195168E-07         2.076395860806102E-10
         9.999728798866272E-01         4.139230611599487E-07        -1.136542873703128E-10
         9.997382164001465E-01         8.502562423018389E-07        -2.598360970829106E-10
         9.998539090156555E-01         6.284479923124309E-07        -4.084387272840218E-10
         1.000102162361145E+00        -7.229243692563614E-08        -2.649510333352367E-10
         9.999045133590698E-01         2.717562779253058E-07        -3.491900657515146E-10
         9.997488856315613E-01         6.752588319614006E-07        -3.306208085085416E-10
         9.995133280754089E-01         9.156022429124278E-07        -3.796358227781127E-10
         9.994516372680664E-01         1.119971670959785E-06        -6.055976831120802E-10
         9.992013573646545E-01         1.761539920153155E-06        -6.809453556577694E-10
         9.997224211692810E-01         8.371297326448257E-07        -4.717715107460663E-10
         1.000178575515747E+00        -1.236005573446164E-07        -1.923060877206950E-10
         1.000293970108032E+00        -6.041362894393387E-07        -5.750313766816895E-11
         9.997856616973877E-01         1.293169589189347E-07        -1.270611255099752E-10
         9.996181130409241E-01         3.319707388982351E-07        -1.975584418278942E-10
         9.995682239532471E-01         5.229210273682838E-07        -3.661757286277378E-10
         9.997956752777100E-01         2.559972145377287E-08        -1.959706980025899E-10
         1.000257253646851E+00        -6.760616884093906E-07         8.583700417119644E-11
         1.000252008438110E+00        -9.863146033239900E-07         2.928763065401796E-10
         9.999194145202637E-01        -3.642196304554091E-07         1.806364086087697E-10
         9.993664622306824E-01         4.180236032880202E-07        -1.821124848144784E-11
         9.992069005966187E-01         8.112040745800186E-07        -1.996087461986207E-10
         9.991220235824585E-01         1.180778781417757E-06        -1.469623173155910E-10
         9.993348717689514E-01         8.934563879847701E-07        -1.686346479123912E-10
         9.996685981750488E-01        -1.692139584008601E-08         8.496087167131350E-11
         9.997394680976868E-01        -2.467289164087560E-07         1.007763317240062E-10
         9.997053146362305E-01        -2.250335207065746E-08         1.946373062722273E-10
         1.000057697296143E+00        -6.112380219747138E-07         3.683547911137453E-10
         9.999308586120605E-01        -3.067656564326171E-07         3.519029512233374E-10
         9.995446801185608E-01         7.144140568016155E-07        -6.780790512417312E-11
         9.994663000106812E-01         9.722799632072565E-07        -8.985624050383834E-11
         9.996874332427979E-01         7.790459335410560E-07        -2.414757560575964E-10
         9.997550845146179E-01         6.851697094134579E-07        -1.779742325735967E-10
         9.992716312408447E-01         1.639715492274263E-06        -5.493684951396460E-10
         9.992216825485229E-01         1.862450289991102E-06        -6.165762345133885E-10
         9.993028044700623E-01         1.746539282976300E-06        -5.961369731188881E-10
         9.997362494468689E-01         1.180831873170973E-06        -3.895568034817387E-10
         1.000016689300537E+00         7.428644721585442E-07        -2.691858957959425E-10
         1.000269532203674E+00         1.560299693892375E-07        -5.949508941061055E-11
         9.997496604919434E-01         1.358279746455082E-06        -4.868422887049917E-10
         9.994443655014038E-01         1.911545268740156E-06        -6.236457461561429E-10
         9.996502399444580E-01         1.509762569185114E-06        -5.326470930988592E-10
         9.997851252555847E-01         1.232330873790488E-06        -3.885700372574519E-10
         9.997658133506775E-01         1.293535092372622E-06        -4.984215817849247E-10
         9.995653033256531E-01         1.499928998782707E-06        -5.253809054472924E-10
         9.995183348655701E-01         1.404019826622971E-06        -4.338971681949744E-10
         9.998891949653625E-01         7.009087994447327E-07        -2.607886406824633E-10
         9.993231892585754E-01         1.338500169367762E-06        -4.731376956890188E-10
         9.990878701210022E-01         1.622696686354175E-06        -5.859900897853265E-10
         1.000699520111084E+00         2.104665668412053E-07        -2.161527623556481E-10
         1.000321745872498E+00         3.521004430240282E-07        -6.706923905142048E-11
         1.001104593276978E+00        -2.361628759217638E-07        -9.585819985002964E-12
         0.000000000000000E+00         0.000000000000000E+00         0.000000000000000E+00
         0.000000000000000E+00         0.000000000000000E+00         0.000000000000000E+00
         0.000000000000000E+00         0.000000000000000E+00         0.000000000000000E+00
         1.000519156455994E+00        -1.187329985441465E-06        -6.232735855205007E-11
         1.000569462776184E+00        -1.791500153558445E-06         5.563179361622872E-10
         1.000591516494751E+00        -1.293256104872853E-06         4.087887806036861E-10
         1.000866651535034E+00        -2.094787078021909E-06         1.169972119186014E-09
         1.000431299209595E+00        -8.740746011426381E-07         2.387516052915206E-11
         1.000705122947693E+00        -1.438489448446489E-06         4.333808312217968E-11
         1.001129388809204E+00        -1.832147063396405E-06         3.868328227185636E-11
         1.000988006591797E+00        -1.550541242067993E-06         2.639548857263918E-10
         1.000779032707214E+00        -1.115409986596205E-06         3.401647019618537E-11
         1.000678300857544E+00        -1.007684659271035E-06         7.341566243823650E-11
         1.000436663627625E+00        -8.721344215700810E-07         1.280483748547501E-12
         1.000597834587097E+00        -1.237448145730013E-06         4.688563426391568E-11
         1.000651359558105E+00        -1.062802880369418E-06        -1.146819098019058E-10
         1.000449895858765E+00        -7.960679226926004E-07         2.415964650559488E-10
         1.000470399856567E+00        -5.288905526867893E-07         3.764537293005077E-11
         1.000607490539551E+00        -6.059721613382862E-07         2.042575483751641E-11
         1.000560641288757E+00        -6.914131631674536E-07         1.046973549523322E-10
         1.000635504722595E+00        -1.210629079650971E-06         6.380013184426048E-10
         1.000849127769470E+00        -1.317229020969535E-06         4.752510052163927E-10
         1.000858545303345E+00        -1.442379925720161E-06         5.636159872146607E-10
         1.000671625137329E+00        -1.251014055014821E-06         6.118611173278055E-10
         1.000505566596985E+00        -7.032982693999656E-07         2.827020562090610E-10
         1.000566482543945E+00        -7.994868269634026E-07         2.623352923780686E-10
         1.000347375869751E+00        -3.063775011469261E-07         1.282271511193755E-10
         1.000196695327759E+00        -1.020858206857156E-07         2.893967010475507E-10
         1.000108957290649E+00        -2.124103559708601E-08         2.120680298034472E-10
         1.000218987464905E+00        -2.593990018340264E-07        -8.227389602932789E-11
         9.999403357505798E-01         2.226217503675798E-07        -1.867293958346394E-10
         9.996075034141541E-01         7.281631724254112E-07        -4.329953144080120E-14
         9.995594024658203E-01         1.918566994163484E-08         4.816130272367047E-10
         9.994791150093079E-01         3.529986969397214E-08         1.915641395511258E-10
         9.995641112327576E-01        -1.260615931641951E-07         5.496038069097153E-10
         9.998158216476440E-01        -4.785481451108353E-07         4.732317870903557E-10
         1.000033140182495E+00        -6.254887239265372E-07         2.157897610599591E-10
         1.000303506851196E+00        -6.095802405070572E-07         3.975297591107818E-10
         1.000895380973816E+00        -1.320419869443867E-06         3.480428167890182E-10
         1.000646352767944E+00        -8.340662134287413E-07         1.583471131993974E-10
         1.000067114830017E+00        -5.873469035577727E-07         3.579196938829909E-10
         9.995294809341431E-01        -7.763238940583506E-09         2.177873992259549E-10
         9.997411966323853E-01        -1.818469144154733E-07         2.224607442702364E-10
         9.997169375419617E-01        -1.132955702587424E-07         2.110677327360477E-10
         9.998420476913452E-01        -3.661473044758168E-07         1.585902659195781E-10
         9.999991655349731E-01        -3.316856407309388E-07         2.819555422473030E-10
         9.999262690544128E-01         2.601010749003763E-07        -1.249830655636330E-10
         9.997424483299255E-01         6.424700700335961E-07        -2.886676453428549E-10
         9.997408390045166E-01         4.463086895611923E-07         5.475225481332835E-11
         9.998040199279785E-01         4.969168685420300E-07         9.005136220041621E-11
         1.000097990036011E+00        -5.682115400418297E-08         7.209600971780361E-11
         9.998157620429993E-01         2.177085889343289E-07        -5.069310596295118E-11
         1.000265121459961E+00        -3.303879054783465E-07         2.001932231099346E-10
         1.000378966331482E+00        -9.659922284299682E-08        -2.581296114356757E-11
         1.000323891639709E+00        -5.009355845686514E-07         6.979972155818359E-11
         1.000539183616638E+00        -5.087615591037320E-07        -1.811747279978349E-10
         1.000462532043457E+00         6.961123943938219E-08        -3.957234540052923E-10
         1.000202417373657E+00         3.682652902625705E-07        -2.106259056056103E-10
         1.000332474708557E+00        -5.288058702035414E-08        -6.035927313519096E-11
         1.000431776046753E+00         8.594066258638122E-08        -2.437171575664365E-10
         1.000482439994812E+00        -2.723537875226612E-07        -6.336788732630438E-11
         1.000332236289978E+00        -4.232350931943074E-07         7.293600445823500E-11
         1.000339508056641E+00        -2.577323812147370E-07         8.696165315624782E-11
         1.000414848327637E+00        -2.397516141172673E-07        -6.212831464569302E-12
         1.000276088714600E+00        -1.158476692353361E-07         1.924817770448950E-11
         1.000306606292725E+00        -2.935616905119787E-08        -5.622229418134062E-11
         1.000118970870972E+00         2.523807154375390E-07        -1.009897235282331E-10
         9.996983408927917E-01         3.552735847733857E-07         1.592105475234362E-10
         9.996272325515747E-01         6.602265330002410E-07         7.206032992534972E-11
         9.996805787086487E-01         9.686763178251567E-07        -6.643617322943385E-10
         9.999014735221863E-01         1.940492637686475E-07         2.197902276845909E-11
         1.000013589859009E+00         4.205064385587320E-07        -1.983373465463956E-10
         1.000022172927856E+00         4.316649722113652E-07        -2.081238792417395E-10
         9.999437332153320E-01         3.115098650141590E-07         3.341310214621807E-11
         9.999528527259827E-01         5.243936129772919E-07        -2.424362932629265E-10
         9.999230504035950E-01         1.419347057662890E-07        -1.055379811321089E-10
         9.998803138732910E-01         1.105408120594120E-08        -1.698108875736182E-10
         9.999899268150330E-01        -2.948483484033204E-07        -1.060122614693348E-10
         9.997043013572693E-01         1.029830869470061E-07         5.370796515857812E-11
         9.998338818550110E-01         2.044748583784894E-07         7.315954092534938E-11
         9.998316168785095E-01         6.444449951459319E-08        -1.664600401962701E-10
         9.997048974037170E-01         1.080244445006429E-07        -2.272676491443804E-10
         9.996861815452576E-01         6.311188940344437E-07        -3.845802842850077E-10
         9.998115897178650E-01         1.971084202523343E-07        -1.246936581766889E-10
         9.996654391288757E-01         2.300967594237591E-07        -8.403373830123684E-11
         9.997934699058533E-01        -6.928637219516531E-08         2.955636568824360E-10
         9.993737339973450E-01         7.366087402260746E-07        -4.828106317522618E-11
         9.995832443237305E-01         2.364198365967241E-07         1.558097956211313E-10
         9.998146295547485E-01         4.094532641829574E-07        -8.605004903072810E-11
         9.997071623802185E-01         1.975735131054535E-07         1.130428042839249E-10
         9.998452663421631E-01         1.480625826388859E-07        -9.635400116669857E-11
         9.999825954437256E-01         1.352005796206868E-07        -2.560801848350280E-10
         9.998528361320496E-01         1.870307499984847E-07        -1.956249606749338E-10
         1.000265717506409E+00        -2.686619495761988E-07        -2.592938919132592E-10
         1.000416874885559E+00        -4.568739768728847E-07         1.349989217636072E-11
         9.999240040779114E-01         4.764462744333287E-07        -1.591718840066036E-10
         1.000075101852417E+00         1.997604499592853E-07        -1.530546800410093E-10
         1.000513076782227E+00        -5.331074817149783E-07         1.478268202292909E-10
         1.001039266586304E+00        -1.599024471943267E-06         1.098457658166296E-09
         1.001161456108093E+00        -1.763345721883525E-06         9.398203326682619E-10
         1.001472592353821E+00        -2.051517867585062E-06         8.999234690776348E-10
         1.001235604286194E+00        -1.429686562914867E-06         5.513288714453779E-10
         1.001277923583984E+00        -1.802978431442170E-06         7.590204020857527E-10
         1.001006364822388E+00        -1.154122969637683E-06         2.066612853068861E-10
         1.000573039054871E+00        -1.307769252889557E-06         3.018542360511134E-10
         1.000656843185425E+00        -1.421004526491743E-06         3.590398256481109E-10
         1.000165939331055E+00        -7.659039624741126E-07         1.616501654755353E-10
         1.000161886215210E+00        -5.097123789710167E-07        -2.067348375822675E-10
         9.997600317001343E-01         8.305555354581884E-08        -7.735252022245120E-11
         9.996679425239563E-01         3.631967615547183E-07        -3.030451167784776E-10
         9.996444582939148E-01         6.462180408561835E-07        -3.025483752416847E-10
         9.999781847000122E-01        -2.606891200684913E-07        -8.468915152493039E-11
         9.998245239257812E-01        -4.268281372787897E-07         1.029504398397663E-10
         9.995678067207336E-01        -6.919837858276878E-08         1.544072508741223E-11
         9.997824430465698E-01        -1.751446774278520E-07         5.203485212157410E-11
         9.997465014457703E-01         1.734704682121446E-07        -7.635912735448613E-11
         9.999524950981140E-01        -2.448976204050268E-07         3.554561089913477E-10
         1.000065088272095E+00        -2.663956877313467E-07         1.615915179442595E-10
         9.998784661293030E-01        -1.891373386797568E-07         2.779498575744555E-10
         9.996232986450195E-01         4.566549804962960E-08         1.348426786895729E-10
         9.995040297508240E-01        -8.926975425538330E-08         1.107762492846831E-10
         9.995331764221191E-01         1.845425146029811E-07         6.985743927767629E-11
         9.992784261703491E-01         9.450581046621664E-07        -5.372796652025613E-11
         9.994073510169983E-01         7.027219339761359E-07        -1.826141148020266E-11
         9.992691874504089E-01         1.006670458991721E-06        -1.931648729858182E-10
         9.998225569725037E-01         2.625214889917515E-08         3.621247468554856E-10
         9.996448755264282E-01         2.642037770783645E-07         5.557399332389856E-11
         9.995452761650085E-01         6.972407504690636E-07        -3.703570783386567E-10
         9.994199275970459E-01         5.856044822394324E-07        -3.088428957020994E-10
         9.993719458580017E-01         8.791544701125531E-07        -2.971577983679197E-10
         9.991058111190796E-01         1.075035129360913E-06        -1.214457562292992E-10
         9.992759227752686E-01         9.214069223162369E-07        -1.636114438374747E-10
         9.991855025291443E-01         9.841503469942836E-07         8.041408684766882E-12
         9.996549487113953E-01         4.908261530545133E-07        -4.255347810233623E-11
         9.996998906135559E-01         4.357295324552979E-07         3.578039253770982E-11
         9.999467730522156E-01        -2.773079756934749E-07         1.882586725399094E-10
         9.996897578239441E-01         1.518923653520687E-07        -4.631291877776889E-11
         9.997370243072510E-01         6.644507521968990E-08        -7.300512278041182E-11
         9.995347261428833E-01         2.348362357906808E-07        -1.875973265619280E-10
         9.996455907821655E-01         5.337532797966560E-07        -2.782176988791463E-10
         9.992315173149109E-01         1.201134637085488E-06        -6.513855566048221E-10
         9.994495511054993E-01         4.586620150348608E-07        -2.617814298666588E-10
         9.993866682052612E-01         1.738065833478686E-07         8.838627746365901E-12
         9.994701743125916E-01         3.513226261020463E-07         1.132251584157196E-10
         9.995515942573547E-01         6.744227221133769E-07        -3.645633100957113E-11
         9.998366236686707E-01         3.301829281099344E-07         3.196951731121445E-11
         9.997611045837402E-01         4.497270538195153E-07        -5.457311685885813E-11
         9.999642968177795E-01         1.502331770097953E-07        -5.992940171895000E-11
         9.997733235359192E-01         1.308261374788344E-07         4.218453364401853E-11
         9.995635151863098E-01         5.632676334244024E-07         8.661894812522775E-11
         9.995789527893066E-01         4.334003165240574E-07        -1.559234547032773E-10
         1.001124382019043E+00        -2.910565171987400E-06         1.716948250241046E-10
         1.000331282615662E+00        -1.631054487916117E-06         1.960972495496094E-10
         1.000226378440857E+00        -1.421586034666689E-06        -1.812215134899819E-11
         1.000049352645874E+00        -8.310973953484790E-07         9.068113621113483E-11
         1.000260710716248E+00        -1.242514827026753E-06        -1.171970021029978E-10
         9.995691776275635E-01         1.243030141040435E-07        -1.437912705570810E-10
         9.996734261512756E-01         6.082565562337550E-08        -5.626180424322946E-11
         1.000588893890381E+00        -1.428817768100998E-06         1.912900532419215E-10
         1.000122666358948E+00        -1.783183165571245E-07         1.141442843022311E-10
         1.000333547592163E+00        -4.901481247543416E-07         2.645215990693117E-10
         1.000795602798462E+00        -1.035957666317699E-06         3.811084503535511E-10
         1.000670909881592E+00        -8.470187822240405E-07         3.387467389925902E-11
         9.999229907989502E-01         2.549966211518040E-07        -1.053524212313306E-10
         9.998799562454224E-01         5.095718051961740E-07        -3.442306162337871E-10
         1.000391006469727E+00        -5.799835633979455E-08        -1.281025285848614E-10
         1.000681519508362E+00        -3.011579678968701E-07         1.631854894268425E-11
         1.000285029411316E+00        -1.650420102805583E-07         2.450664671194147E-10
         1.000178098678589E+00         4.986088697478408E-07        -1.322167653139417E-10
         1.000284433364868E+00         2.499920128684607E-07        -4.476100046169051E-11
         1.000537514686584E+00        -4.491460288136295E-07        -5.959603643912459E-11
         1.000467419624329E+00        -1.111777692131000E-07        -3.426781428061965E-13
         1.000081062316895E+00         5.316941269484232E-07         1.859072201737533E-10
         1.000411748886108E+00         3.524182830005884E-07        -5.136180022957682E-11
         1.000703811645508E+00        -2.076842378073707E-07         1.666466686867096E-10
         1.000782966613770E+00        -5.418087312136777E-07         2.495854078965465E-10
         1.000642776489258E+00        -2.269695542622685E-08         2.960502398785536E-10
         1.000594019889832E+00         2.293282364007609E-07        -1.693412771119895E-11
         1.000165700912476E+00         9.329118029199890E-07        -2.213814132012715E-10
         1.000130295753479E+00         9.398166866958491E-07        -3.008711613183834E-10
         1.000071763992310E+00         7.947661515572690E-07        -2.600023252252726E-10
         1.000027060508728E+00         6.058909320927341E-07        -2.309118313226222E-10
         1.000179767608643E+00         2.259300373452788E-07        -1.516762132558469E-10
         1.000131845474243E+00         3.416954257318139E-07        -9.046123572442610E-11
         1.000421881675720E+00        -1.176271027247822E-07        -1.775713048823846E-10
         1.000330567359924E+00        -1.532362290390665E-07         2.341962040963708E-11
         9.998037815093994E-01         3.769853265112033E-07        -4.358855984487597E-11
